   0.000000000000000E+00  -8.242458334000000E-31   0.000000000000000E+00   0.000000000000000E+00  -9.936179076900000E-01   0.000000000000000E+00   0.000000000000000E+00   0.000000000000000E+00
   1.445217218700000E-02   2.085991422100000E-01   2.085991422100000E-01   0.000000000000000E+00  -9.936179076900000E-01   0.000000000000000E+00   0.000000000000000E+00   0.000000000000000E+00
   2.890434437300000E-02   4.171982844300000E-01   4.171982844300000E-01   0.000000000000000E+00  -9.936179076900000E-01   0.000000000000000E+00   0.000000000000000E+00   0.000000000000000E+00
   4.335651656000000E-02   6.257974266400000E-01   6.257974266400000E-01   0.000000000000000E+00  -9.936179076900000E-01   0.000000000000000E+00   0.000000000000000E+00   0.000000000000000E+00
   5.780868874600000E-02   8.343965688600000E-01   8.343965688600000E-01   0.000000000000000E+00  -9.936179076900000E-01   0.000000000000000E+00   0.000000000000000E+00   0.000000000000000E+00
   6.996962416900000E-02   1.009924556300000E+00   1.009924556300000E+00   0.000000000000000E+00  -9.936179076900000E-01   0.000000000000000E+00   0.000000000000000E+00   0.000000000000000E+00
   8.213055959200000E-02   1.185452543700000E+00   1.185452543700000E+00   0.000000000000000E+00  -9.936179076900000E-01   0.000000000000000E+00   0.000000000000000E+00   0.000000000000000E+00
   9.429149501500000E-02   1.360980531100000E+00   1.360980531100000E+00   0.000000000000000E+00  -9.936179076900000E-01   0.000000000000000E+00   0.000000000000000E+00   0.000000000000000E+00
   1.064524304400000E-01   1.536508518500000E+00   1.536508518500000E+00   0.000000000000000E+00  -9.936179076900000E-01   0.000000000000000E+00   0.000000000000000E+00   0.000000000000000E+00
   1.175965945400000E-01   1.697360675700000E+00   1.697360675700000E+00   0.000000000000000E+00  -9.936179076900000E-01   0.000000000000000E+00   0.000000000000000E+00   0.000000000000000E+00
   1.287407586400000E-01   1.858212832900000E+00   1.858212832900000E+00   0.000000000000000E+00  -9.936179076900000E-01   0.000000000000000E+00   0.000000000000000E+00   0.000000000000000E+00
   1.398849227400000E-01   2.019064990000000E+00   2.019064990000000E+00   0.000000000000000E+00  -9.936179076900000E-01   0.000000000000000E+00   0.000000000000000E+00   0.000000000000000E+00
   1.510290868400000E-01   2.179917147200000E+00   2.179917147200000E+00   0.000000000000000E+00  -9.936179076900000E-01   0.000000000000000E+00   0.000000000000000E+00   0.000000000000000E+00
   1.616577773700000E-01   2.333329084100000E+00   2.333329084100000E+00   0.000000000000000E+00  -9.936179076900000E-01   0.000000000000000E+00   0.000000000000000E+00   0.000000000000000E+00
   1.722864679100000E-01   2.486741021100000E+00   2.486741021100000E+00   0.000000000000000E+00  -9.936179076900000E-01   0.000000000000000E+00   0.000000000000000E+00   0.000000000000000E+00
   1.829151584400000E-01   2.640152958000000E+00   2.640152958000000E+00   0.000000000000000E+00  -9.936179076900000E-01   0.000000000000000E+00   0.000000000000000E+00   0.000000000000000E+00
   1.935438489700000E-01   2.793564895000000E+00   2.793564895000000E+00   0.000000000000000E+00  -9.936179076900000E-01   0.000000000000000E+00   0.000000000000000E+00   0.000000000000000E+00
   2.047439675300000E-01   2.955224685200000E+00   2.955224685200000E+00   0.000000000000000E+00  -9.936179076900000E-01   0.000000000000000E+00   0.000000000000000E+00   0.000000000000000E+00
   2.159440860900000E-01   3.116884475500000E+00   3.116884475500000E+00   0.000000000000000E+00  -9.936179076900000E-01   0.000000000000000E+00   0.000000000000000E+00   0.000000000000000E+00
   2.271442046500000E-01   3.278544265700000E+00   3.278544265700000E+00   0.000000000000000E+00  -9.936179076900000E-01   0.000000000000000E+00   0.000000000000000E+00   0.000000000000000E+00
   2.383443232100000E-01   3.440204055900000E+00   3.440204055900000E+00   0.000000000000000E+00  -9.936179076900000E-01   0.000000000000000E+00   0.000000000000000E+00   0.000000000000000E+00
   2.460760028900000E-01   3.551801242100000E+00   3.551801242100000E+00   0.000000000000000E+00  -9.936179076900000E-01   0.000000000000000E+00   0.000000000000000E+00   0.000000000000000E+00
   2.538076825800000E-01   3.663398428300000E+00   3.663398428300000E+00   0.000000000000000E+00  -9.936179076900000E-01   0.000000000000000E+00   0.000000000000000E+00   0.000000000000000E+00
   2.615393622600000E-01   3.774995614400000E+00   3.774995614400000E+00   0.000000000000000E+00  -9.936179076900000E-01   0.000000000000000E+00   0.000000000000000E+00   0.000000000000000E+00
   2.692710419500000E-01   3.886592800600000E+00   3.886592800600000E+00   0.000000000000000E+00  -9.936179076900000E-01   0.000000000000000E+00   0.000000000000000E+00   0.000000000000000E+00
   2.791735315800000E-01   4.029522930200000E+00   4.029522930200000E+00   0.000000000000000E+00  -9.936179076900000E-01   0.000000000000000E+00   0.000000000000000E+00   0.000000000000000E+00
   2.890760212100000E-01   4.172453059800000E+00   4.172453059800000E+00   0.000000000000000E+00  -9.936179076900000E-01   0.000000000000000E+00   0.000000000000000E+00   0.000000000000000E+00
   2.989785108500000E-01   4.315383189300000E+00   4.315383189300000E+00   0.000000000000000E+00  -9.936179076900000E-01   0.000000000000000E+00   0.000000000000000E+00   0.000000000000000E+00
   3.088810004800000E-01   4.458313318900000E+00   4.458313318900000E+00   0.000000000000000E+00  -9.936179076900000E-01   0.000000000000000E+00   0.000000000000000E+00   0.000000000000000E+00
   3.172740062000000E-01   4.579455924500000E+00   4.579455924500000E+00   0.000000000000000E+00  -9.936179076900000E-01   0.000000000000000E+00   0.000000000000000E+00   0.000000000000000E+00
   3.256670119300000E-01   4.700598530000000E+00   4.700598530000000E+00   0.000000000000000E+00  -9.936179076900000E-01   0.000000000000000E+00   0.000000000000000E+00   0.000000000000000E+00
   3.340600176500000E-01   4.821741135600000E+00   4.821741135600000E+00   0.000000000000000E+00  -9.936179076900000E-01   0.000000000000000E+00   0.000000000000000E+00   0.000000000000000E+00
   3.424530233800000E-01   4.942883741200000E+00   4.942883741200000E+00   0.000000000000000E+00  -9.936179076900000E-01   0.000000000000000E+00   0.000000000000000E+00   0.000000000000000E+00
   3.511187866700000E-01   5.067963263100000E+00   5.067963263100000E+00   0.000000000000000E+00  -9.936179076900000E-01   0.000000000000000E+00   0.000000000000000E+00   0.000000000000000E+00
   3.597845499500000E-01   5.193042785100000E+00   5.193042785100000E+00   0.000000000000000E+00  -9.936179076900000E-01   0.000000000000000E+00   0.000000000000000E+00   0.000000000000000E+00
   3.684503132400000E-01   5.318122307000000E+00   5.318122307000000E+00   0.000000000000000E+00  -9.936179076900000E-01   0.000000000000000E+00   0.000000000000000E+00   0.000000000000000E+00
   3.771160765300000E-01   5.443201829000000E+00   5.443201829000000E+00   0.000000000000000E+00  -9.936179076900000E-01   0.000000000000000E+00   0.000000000000000E+00   0.000000000000000E+00
   3.847516349300000E-01   5.553411623900000E+00   5.553411623900000E+00   0.000000000000000E+00  -9.936179076900000E-01   0.000000000000000E+00   0.000000000000000E+00   0.000000000000000E+00
   3.923871933300000E-01   5.663621418900000E+00   5.663621418900000E+00   0.000000000000000E+00  -9.936179076900000E-01   0.000000000000000E+00   0.000000000000000E+00   0.000000000000000E+00
   4.000227517400000E-01   5.773831213800000E+00   5.773831213800000E+00   0.000000000000000E+00  -9.936179076900000E-01   0.000000000000000E+00   0.000000000000000E+00   0.000000000000000E+00
   4.076583101400000E-01   5.884041008800000E+00   5.884041008800000E+00   0.000000000000000E+00  -9.936179076900000E-01   0.000000000000000E+00   0.000000000000000E+00   0.000000000000000E+00
   4.150264334400000E-01   5.990390710400000E+00   5.990390710400000E+00   0.000000000000000E+00  -9.936179076900000E-01   0.000000000000000E+00   0.000000000000000E+00   0.000000000000000E+00
   4.223945567400000E-01   6.096740412100000E+00   6.096740412100000E+00   0.000000000000000E+00  -9.936179076900000E-01   0.000000000000000E+00   0.000000000000000E+00   0.000000000000000E+00
   4.297626800400000E-01   6.203090113700000E+00   6.203090113700000E+00   0.000000000000000E+00  -9.936179076900000E-01   0.000000000000000E+00   0.000000000000000E+00   0.000000000000000E+00
   4.371308033400000E-01   6.309439815400000E+00   6.309439815400000E+00   0.000000000000000E+00  -9.936179076900000E-01   0.000000000000000E+00   0.000000000000000E+00   0.000000000000000E+00
   4.422035956900000E-01   6.382659267800000E+00   6.382659267800000E+00   0.000000000000000E+00  -9.936179076900000E-01   0.000000000000000E+00   0.000000000000000E+00   0.000000000000000E+00
   4.472763880500000E-01   6.455878720200000E+00   6.455878720200000E+00   0.000000000000000E+00  -9.936179076900000E-01   0.000000000000000E+00   0.000000000000000E+00   0.000000000000000E+00
   4.523491804000000E-01   6.529098172600000E+00   6.529098172600000E+00   0.000000000000000E+00  -9.936179076900000E-01   0.000000000000000E+00   0.000000000000000E+00   0.000000000000000E+00
   4.574219727600000E-01   6.602317625000000E+00   6.602317625000000E+00   0.000000000000000E+00  -9.936179076900000E-01   0.000000000000000E+00   0.000000000000000E+00   0.000000000000000E+00
   4.617438438800000E-01   6.664698462800000E+00   6.664698462800000E+00   0.000000000000000E+00  -9.936179076900000E-01   0.000000000000000E+00   0.000000000000000E+00   0.000000000000000E+00
   4.660657150000000E-01   6.727079300600000E+00   6.727079300600000E+00   0.000000000000000E+00  -9.936179076900000E-01   0.000000000000000E+00   0.000000000000000E+00   0.000000000000000E+00
   4.703875861200000E-01   6.789460138300000E+00   6.789460138300000E+00   0.000000000000000E+00  -9.936179076900000E-01   0.000000000000000E+00   0.000000000000000E+00   0.000000000000000E+00
   4.747094572400000E-01   6.851840976100000E+00   6.851840976100000E+00   0.000000000000000E+00  -9.936179076900000E-01   0.000000000000000E+00   0.000000000000000E+00   0.000000000000000E+00
   4.781767222200000E-01   6.901886636500000E+00   6.901886636500000E+00   0.000000000000000E+00  -9.936179076900000E-01   0.000000000000000E+00   0.000000000000000E+00   0.000000000000000E+00
   4.816439872000000E-01   6.951932296900000E+00   6.951932296900000E+00   0.000000000000000E+00  -9.936179076900000E-01   0.000000000000000E+00   0.000000000000000E+00   0.000000000000000E+00
   4.851112521800000E-01   7.001977957200000E+00   7.001977957200000E+00   0.000000000000000E+00  -9.936179076900000E-01   0.000000000000000E+00   0.000000000000000E+00   0.000000000000000E+00
   4.885785171700000E-01   7.052023617600000E+00   7.052023617600000E+00   0.000000000000000E+00  -9.936179076900000E-01   0.000000000000000E+00   0.000000000000000E+00   0.000000000000000E+00
   4.915809891900000E-01   7.095360569400000E+00   7.095360569400000E+00   0.000000000000000E+00  -9.936179076900000E-01   0.000000000000000E+00   0.000000000000000E+00   0.000000000000000E+00
   4.945834612200000E-01   7.138697521200000E+00   7.138697521200000E+00   0.000000000000000E+00  -9.936179076900000E-01   0.000000000000000E+00   0.000000000000000E+00   0.000000000000000E+00
   4.975859332500000E-01   7.182034473000000E+00   7.182034473000000E+00   0.000000000000000E+00  -9.936179076900000E-01   0.000000000000000E+00   0.000000000000000E+00   0.000000000000000E+00
   5.005884052800000E-01   7.225371424800000E+00   7.225371424800000E+00   0.000000000000000E+00  -9.936179076900000E-01   0.000000000000000E+00   0.000000000000000E+00   0.000000000000000E+00
   5.033747034800000E-01   7.265588176200000E+00   7.265588176200000E+00   0.000000000000000E+00  -9.936179076900000E-01   0.000000000000000E+00   0.000000000000000E+00   0.000000000000000E+00
   5.061610016900000E-01   7.305804927600000E+00   7.305804927600000E+00   0.000000000000000E+00  -9.936179076900000E-01   0.000000000000000E+00   0.000000000000000E+00   0.000000000000000E+00
   5.089472999000000E-01   7.346021679100000E+00   7.346021679100000E+00   0.000000000000000E+00  -9.936179076900000E-01   0.000000000000000E+00   0.000000000000000E+00   0.000000000000000E+00
   5.117335981100000E-01   7.386238430500000E+00   7.386238430500000E+00   0.000000000000000E+00  -9.936179076900000E-01   0.000000000000000E+00   0.000000000000000E+00   0.000000000000000E+00
   5.146164558500000E-01   7.427848898700000E+00   7.427848898700000E+00   0.000000000000000E+00  -9.936179076900000E-01   0.000000000000000E+00   0.000000000000000E+00   0.000000000000000E+00
   5.174993135900000E-01   7.469459366900000E+00   7.469459366900000E+00   0.000000000000000E+00  -9.936179076900000E-01   0.000000000000000E+00   0.000000000000000E+00   0.000000000000000E+00
   5.203821713300000E-01   7.511069835100000E+00   7.511069835100000E+00   0.000000000000000E+00  -9.936179076900000E-01   0.000000000000000E+00   0.000000000000000E+00   0.000000000000000E+00
   5.232650290700001E-01   7.552680303300000E+00   7.552680303300000E+00   0.000000000000000E+00  -9.936179076900000E-01   0.000000000000000E+00   0.000000000000000E+00   0.000000000000000E+00
   5.260243202300000E-01   7.592507241600000E+00   7.592507241600000E+00   0.000000000000000E+00  -9.936179076900000E-01   0.000000000000000E+00   0.000000000000000E+00   0.000000000000000E+00
   5.287836113900000E-01   7.632334179900000E+00   7.632334179900000E+00   0.000000000000000E+00  -9.936179076900000E-01   0.000000000000000E+00   0.000000000000000E+00   0.000000000000000E+00
   5.315429025600000E-01   7.672161118200000E+00   7.672161118200000E+00   0.000000000000000E+00  -9.936179076900000E-01   0.000000000000000E+00   0.000000000000000E+00   0.000000000000000E+00
   5.343021937200000E-01   7.711988056500000E+00   7.711988056500000E+00   0.000000000000000E+00  -9.936179076900000E-01   0.000000000000000E+00   0.000000000000000E+00   0.000000000000000E+00
   5.368798292900000E-01   7.749193022200000E+00   7.749193022200000E+00   0.000000000000000E+00  -9.936179076900000E-01   0.000000000000000E+00   0.000000000000000E+00   0.000000000000000E+00
   5.394574648700000E-01   7.786397987800000E+00   7.786397987800000E+00   0.000000000000000E+00  -9.936179076900000E-01   0.000000000000000E+00   0.000000000000000E+00   0.000000000000000E+00
   5.420351004400000E-01   7.823602953500000E+00   7.823602953500000E+00   0.000000000000000E+00  -9.936179076900000E-01   0.000000000000000E+00   0.000000000000000E+00   0.000000000000000E+00
   5.446127360200000E-01   7.860807919100000E+00   7.860807919100000E+00   0.000000000000000E+00  -9.936179076900000E-01   0.000000000000000E+00   0.000000000000000E+00   0.000000000000000E+00
   5.466279691400000E-01   7.889895304300000E+00   7.889895304300000E+00   0.000000000000000E+00  -9.936179076900000E-01   0.000000000000000E+00   0.000000000000000E+00   0.000000000000000E+00
   5.486432022500000E-01   7.918982689500000E+00   7.918982689500000E+00   0.000000000000000E+00  -9.936179076900000E-01   0.000000000000000E+00   0.000000000000000E+00   0.000000000000000E+00
   5.506584353700000E-01   7.948070074800000E+00   7.948070074800000E+00   0.000000000000000E+00  -9.936179076900000E-01   0.000000000000000E+00   0.000000000000000E+00   0.000000000000000E+00
   5.526736684900000E-01   7.977157460000000E+00   7.977157460000000E+00   0.000000000000000E+00  -9.936179076900000E-01   0.000000000000000E+00   0.000000000000000E+00   0.000000000000000E+00
   5.543818019500000E-01   8.001812243400000E+00   8.001812243400000E+00   0.000000000000000E+00  -9.936179076900000E-01   0.000000000000000E+00   0.000000000000000E+00   0.000000000000000E+00
   5.560899354100000E-01   8.026467026800001E+00   8.026467026800001E+00   0.000000000000000E+00  -9.936179076900000E-01   0.000000000000000E+00   0.000000000000000E+00   0.000000000000000E+00
   5.577980688700001E-01   8.051121810200000E+00   8.051121810200000E+00   0.000000000000000E+00  -9.936179076900000E-01   0.000000000000000E+00   0.000000000000000E+00   0.000000000000000E+00
   5.595062023400000E-01   8.075776593600001E+00   8.075776593600001E+00   0.000000000000000E+00  -9.936179076900000E-01   0.000000000000000E+00   0.000000000000000E+00   0.000000000000000E+00
   5.610028890200000E-01   8.097379405600000E+00   8.097379405600000E+00   0.000000000000000E+00  -9.936179076900000E-01   0.000000000000000E+00   0.000000000000000E+00   0.000000000000000E+00
   5.624995757000000E-01   8.118982217599999E+00   8.118982217599999E+00   0.000000000000000E+00  -9.936179076900000E-01   0.000000000000000E+00   0.000000000000000E+00   0.000000000000000E+00
   5.639962623900000E-01   8.140585029500000E+00   8.140585029500000E+00   0.000000000000000E+00  -9.936179076900000E-01   0.000000000000000E+00   0.000000000000000E+00   0.000000000000000E+00
   5.654929490700000E-01   8.162187841500000E+00   8.162187841500000E+00   0.000000000000000E+00  -9.936179076900000E-01   0.000000000000000E+00   0.000000000000000E+00   0.000000000000000E+00
   5.669452204300000E-01   8.183149573400000E+00   8.183149573400000E+00   0.000000000000000E+00  -9.936179076900000E-01   0.000000000000000E+00   0.000000000000000E+00   0.000000000000000E+00
   5.683974917800000E-01   8.204111305300000E+00   8.204111305300000E+00   0.000000000000000E+00  -9.936179076900000E-01   0.000000000000000E+00   0.000000000000000E+00   0.000000000000000E+00
   5.698497631300000E-01   8.225073037200000E+00   8.225073037200000E+00   0.000000000000000E+00  -9.936179076900000E-01   0.000000000000000E+00   0.000000000000000E+00   0.000000000000000E+00
   5.713020344900001E-01   8.246034769100000E+00   8.246034769100000E+00   0.000000000000000E+00  -9.936179076900000E-01   0.000000000000000E+00   0.000000000000000E+00   0.000000000000000E+00
   5.727176516900000E-01   8.266467443800000E+00   8.266467443800000E+00   0.000000000000000E+00  -9.936179076900000E-01   0.000000000000000E+00   0.000000000000000E+00   0.000000000000000E+00
   5.741332688800000E-01   8.286900118500000E+00   8.286900118500000E+00   0.000000000000000E+00  -9.936179076900000E-01   0.000000000000000E+00   0.000000000000000E+00   0.000000000000000E+00
   5.755488860800000E-01   8.307332793200001E+00   8.307332793200001E+00   0.000000000000000E+00  -9.936179076900000E-01   0.000000000000000E+00   0.000000000000000E+00   0.000000000000000E+00
   5.769645032800000E-01   8.327765467900001E+00   8.327765467900001E+00   0.000000000000000E+00  -9.936179076900000E-01   0.000000000000000E+00   0.000000000000000E+00   0.000000000000000E+00
   5.781306741000000E-01   8.344597694300001E+00   8.344597694300001E+00   0.000000000000000E+00  -9.936179076900000E-01   0.000000000000000E+00   0.000000000000000E+00   0.000000000000000E+00
   5.792968449200000E-01   8.361429920599999E+00   8.361429920599999E+00   0.000000000000000E+00  -9.936179076900000E-01   0.000000000000000E+00   0.000000000000000E+00   0.000000000000000E+00
   5.804630157400000E-01   8.378262146899999E+00   8.378262146899999E+00   0.000000000000000E+00  -9.936179076900000E-01   0.000000000000000E+00   0.000000000000000E+00   0.000000000000000E+00
   5.816291865700000E-01   8.395094373199999E+00   8.395094373199999E+00   0.000000000000000E+00  -9.936179076900000E-01   0.000000000000000E+00   0.000000000000000E+00   0.000000000000000E+00
   5.827184276500000E-01   8.410816214500000E+00   8.410816214500000E+00   0.000000000000000E+00  -9.936179076900000E-01   0.000000000000000E+00   0.000000000000000E+00   0.000000000000000E+00
   5.838076687400000E-01   8.426538055700000E+00   8.426538055700000E+00   0.000000000000000E+00  -9.936179076900000E-01   0.000000000000000E+00   0.000000000000000E+00   0.000000000000000E+00
   5.848969098300000E-01   8.442259896900000E+00   8.442259896900000E+00   0.000000000000000E+00  -9.936179076900000E-01   0.000000000000000E+00   0.000000000000000E+00   0.000000000000000E+00
   5.859861509099999E-01   8.457981738100001E+00   8.457981738100001E+00   0.000000000000000E+00  -9.936179076900000E-01   0.000000000000000E+00   0.000000000000000E+00   0.000000000000000E+00
   5.872363158300000E-01   8.476026314800000E+00   8.476026314800000E+00   0.000000000000000E+00  -9.936179076900000E-01   0.000000000000000E+00   0.000000000000000E+00   0.000000000000000E+00
   5.884864807500000E-01   8.494070891500000E+00   8.494070891500000E+00   0.000000000000000E+00  -9.936179076900000E-01   0.000000000000000E+00   0.000000000000000E+00   0.000000000000000E+00
   5.897366456599999E-01   8.512115468099999E+00   8.512115468099999E+00   0.000000000000000E+00  -9.936179076900000E-01   0.000000000000000E+00   0.000000000000000E+00   0.000000000000000E+00
   5.909868105800000E-01   8.530160044800001E+00   8.530160044800001E+00   0.000000000000000E+00  -9.936179076900000E-01   0.000000000000000E+00   0.000000000000000E+00   0.000000000000000E+00
   5.921806615300000E-01   8.547391799400000E+00   8.547391799400000E+00   0.000000000000000E+00  -9.936179076900000E-01   0.000000000000000E+00   0.000000000000000E+00   0.000000000000000E+00
   5.933745124799999E-01   8.564623554000001E+00   8.564623554000001E+00   0.000000000000000E+00  -9.936179076900000E-01   0.000000000000000E+00   0.000000000000000E+00   0.000000000000000E+00
   5.945683634300000E-01   8.581855308600000E+00   8.581855308600000E+00   0.000000000000000E+00  -9.936179076900000E-01   0.000000000000000E+00   0.000000000000000E+00   0.000000000000000E+00
   5.957622143800000E-01   8.599087063200001E+00   8.599087063200001E+00   0.000000000000000E+00  -9.936179076900000E-01   0.000000000000000E+00   0.000000000000000E+00   0.000000000000000E+00
   5.970250637700000E-01   8.617314724400000E+00   8.617314724400000E+00   0.000000000000000E+00  -9.936179076900000E-01   0.000000000000000E+00   0.000000000000000E+00   0.000000000000000E+00
   5.982879131600000E-01   8.635542385700001E+00   8.635542385700001E+00   0.000000000000000E+00  -9.936179076900000E-01   0.000000000000000E+00   0.000000000000000E+00   0.000000000000000E+00
   5.995507625399999E-01   8.653770046900000E+00   8.653770046900000E+00   0.000000000000000E+00  -9.936179076900000E-01   0.000000000000000E+00   0.000000000000000E+00   0.000000000000000E+00
   6.008136119300000E-01   8.671997708099999E+00   8.671997708099999E+00   0.000000000000000E+00  -9.936179076900000E-01   0.000000000000000E+00   0.000000000000000E+00   0.000000000000000E+00
   6.022464626900000E-01   8.692679127900000E+00   8.692679127900000E+00   0.000000000000000E+00  -9.936179076900000E-01   0.000000000000000E+00   0.000000000000000E+00   0.000000000000000E+00
   6.036793134500000E-01   8.713360547700001E+00   8.713360547700001E+00   0.000000000000000E+00  -9.936179076900000E-01   0.000000000000000E+00   0.000000000000000E+00   0.000000000000000E+00
   6.051121642200000E-01   8.734041967500000E+00   8.734041967500000E+00   0.000000000000000E+00  -9.936179076900000E-01   0.000000000000000E+00   0.000000000000000E+00   0.000000000000000E+00
   6.065450149800000E-01   8.754723387300000E+00   8.754723387300000E+00   0.000000000000000E+00  -9.936179076900000E-01   0.000000000000000E+00   0.000000000000000E+00   0.000000000000000E+00
   6.080471497800000E-01   8.776404836099999E+00   8.776404836099999E+00   0.000000000000000E+00  -9.936179076900000E-01   0.000000000000000E+00   0.000000000000000E+00   0.000000000000000E+00
   6.095492845900000E-01   8.798086285000000E+00   8.798086285000000E+00   0.000000000000000E+00  -9.936179076900000E-01   0.000000000000000E+00   0.000000000000000E+00   0.000000000000000E+00
   6.110514193900000E-01   8.819767733799999E+00   8.819767733799999E+00   0.000000000000000E+00  -9.936179076900000E-01   0.000000000000000E+00   0.000000000000000E+00   0.000000000000000E+00
   6.125535542000000E-01   8.841449182700000E+00   8.841449182700000E+00   0.000000000000000E+00  -9.936179076900000E-01   0.000000000000000E+00   0.000000000000000E+00   0.000000000000000E+00
   6.141074853000000E-01   8.863878246600001E+00   8.863878246600001E+00   0.000000000000000E+00  -9.936179076900000E-01   0.000000000000000E+00   0.000000000000000E+00   0.000000000000000E+00
   6.156614164000000E-01   8.886307310599999E+00   8.886307310599999E+00   0.000000000000000E+00  -9.936179076900000E-01   0.000000000000000E+00   0.000000000000000E+00   0.000000000000000E+00
   6.172153475000000E-01   8.908736374500000E+00   8.908736374500000E+00   0.000000000000000E+00  -9.936179076900000E-01   0.000000000000000E+00   0.000000000000000E+00   0.000000000000000E+00
   6.187692786000000E-01   8.931165438500001E+00   8.931165438500001E+00   0.000000000000000E+00  -9.936179076900000E-01   0.000000000000000E+00   0.000000000000000E+00   0.000000000000000E+00
   6.203128821700000E-01   8.953445437399999E+00   8.953445437399999E+00   0.000000000000000E+00  -9.936179076900000E-01   0.000000000000000E+00   0.000000000000000E+00   0.000000000000000E+00
   6.218564857400000E-01   8.975725436399999E+00   8.975725436399999E+00   0.000000000000000E+00  -9.936179076900000E-01   0.000000000000000E+00   0.000000000000000E+00   0.000000000000000E+00
   6.234000893100000E-01   8.998005435300000E+00   8.998005435300000E+00   0.000000000000000E+00  -9.936179076900000E-01   0.000000000000000E+00   0.000000000000000E+00   0.000000000000000E+00
   6.249436928800000E-01   9.020285434300000E+00   9.020285434300000E+00   0.000000000000000E+00  -9.936179076900000E-01   0.000000000000000E+00   0.000000000000000E+00   0.000000000000000E+00
   6.268082200500000E-01   9.047197566400000E+00   9.047197566400000E+00   0.000000000000000E+00  -9.936179076900000E-01   0.000000000000000E+00   0.000000000000000E+00   0.000000000000000E+00
   6.286727472100000E-01   9.074109698499999E+00   9.074109698499999E+00   0.000000000000000E+00  -9.936179076900000E-01   0.000000000000000E+00   0.000000000000000E+00   0.000000000000000E+00
   6.305372743800000E-01   9.101021830600001E+00   9.101021830600001E+00   0.000000000000000E+00  -9.936179076900000E-01   0.000000000000000E+00   0.000000000000000E+00   0.000000000000000E+00
   6.324018015400000E-01   9.127933962700000E+00   9.127933962700000E+00   0.000000000000000E+00  -9.936179076900000E-01   0.000000000000000E+00   0.000000000000000E+00   0.000000000000000E+00
   6.342943648900000E-01   9.155250762300000E+00   9.155250762300000E+00   0.000000000000000E+00  -9.936179076900000E-01   0.000000000000000E+00   0.000000000000000E+00   0.000000000000000E+00
   6.361869282400000E-01   9.182567561899999E+00   9.182567561899999E+00   0.000000000000000E+00  -9.936179076900000E-01   0.000000000000000E+00   0.000000000000000E+00   0.000000000000000E+00
   6.380794915900000E-01   9.209884361400000E+00   9.209884361400000E+00   0.000000000000000E+00  -9.936179076900000E-01   0.000000000000000E+00   0.000000000000000E+00   0.000000000000000E+00
   6.399720549400000E-01   9.237201161000000E+00   9.237201161000000E+00   0.000000000000000E+00  -9.936179076900000E-01   0.000000000000000E+00   0.000000000000000E+00   0.000000000000000E+00
   6.418306434900000E-01   9.264027576700000E+00   9.264027576700000E+00   0.000000000000000E+00  -9.936179076900000E-01   0.000000000000000E+00   0.000000000000000E+00   0.000000000000000E+00
   6.436892320399999E-01   9.290853992300001E+00   9.290853992300001E+00   0.000000000000000E+00  -9.936179076900000E-01   0.000000000000000E+00   0.000000000000000E+00   0.000000000000000E+00
   6.455478206000000E-01   9.317680407899999E+00   9.317680407899999E+00   0.000000000000000E+00  -9.936179076900000E-01   0.000000000000000E+00   0.000000000000000E+00   0.000000000000000E+00
   6.474064091500000E-01   9.344506823600000E+00   9.344506823600000E+00   0.000000000000000E+00  -9.936179076900000E-01   0.000000000000000E+00   0.000000000000000E+00   0.000000000000000E+00
   6.486901108599999E-01   9.363035462099999E+00   9.363035462099999E+00   0.000000000000000E+00  -9.936179076900000E-01   0.000000000000000E+00   0.000000000000000E+00   0.000000000000000E+00
   6.499738125600000E-01   9.381564100700000E+00   9.381564100700000E+00   0.000000000000000E+00  -9.936179076900000E-01   0.000000000000000E+00   0.000000000000000E+00   0.000000000000000E+00
   6.512575142700000E-01   9.400092739300000E+00   9.400092739300000E+00   0.000000000000000E+00  -9.936179076900000E-01   0.000000000000000E+00   0.000000000000000E+00   0.000000000000000E+00
   6.525412159800000E-01   9.418621377799999E+00   9.418621377799999E+00   0.000000000000000E+00  -9.936179076900000E-01   0.000000000000000E+00   0.000000000000000E+00   0.000000000000000E+00
   6.535329420800000E-01   9.432935711400001E+00   9.432935711400001E+00   0.000000000000000E+00  -9.936179076900000E-01   0.000000000000000E+00   0.000000000000000E+00   0.000000000000000E+00
   6.545246681800000E-01   9.447250045000001E+00   9.447250045000001E+00   0.000000000000000E+00  -9.936179076900000E-01   0.000000000000000E+00   0.000000000000000E+00   0.000000000000000E+00
   6.555163942800000E-01   9.461564378600000E+00   9.461564378600000E+00   0.000000000000000E+00  -9.936179076900000E-01   0.000000000000000E+00   0.000000000000000E+00   0.000000000000000E+00
   6.565081203699999E-01   9.475878712200000E+00   9.475878712200000E+00   0.000000000000000E+00  -9.936179076900000E-01   0.000000000000000E+00   0.000000000000000E+00   0.000000000000000E+00
   6.575525128300000E-01   9.490953219200000E+00   9.490953219200000E+00   0.000000000000000E+00  -9.936179076900000E-01   0.000000000000000E+00   0.000000000000000E+00   0.000000000000000E+00
   6.585969052900000E-01   9.506027726199999E+00   9.506027726199999E+00   0.000000000000000E+00  -9.936179076900000E-01   0.000000000000000E+00   0.000000000000000E+00   0.000000000000000E+00
   6.596412977500000E-01   9.521102233200001E+00   9.521102233200001E+00   0.000000000000000E+00  -9.936179076900000E-01   0.000000000000000E+00   0.000000000000000E+00   0.000000000000000E+00
   6.606856902100000E-01   9.536176740300000E+00   9.536176740300000E+00   0.000000000000000E+00  -9.936179076900000E-01   0.000000000000000E+00   0.000000000000000E+00   0.000000000000000E+00
   6.621651278000000E-01   9.557530583000000E+00   9.557530583000000E+00   0.000000000000000E+00  -9.936179076900000E-01   0.000000000000000E+00   0.000000000000000E+00   0.000000000000000E+00
   6.636445653900001E-01   9.578884425700000E+00   9.578884425700000E+00   0.000000000000000E+00  -9.936179076900000E-01   0.000000000000000E+00   0.000000000000000E+00   0.000000000000000E+00
   6.651240029800000E-01   9.600238268500000E+00   9.600238268500000E+00   0.000000000000000E+00  -9.936179076900000E-01   0.000000000000000E+00   0.000000000000000E+00   0.000000000000000E+00
   6.666034405700000E-01   9.621592111200000E+00   9.621592111200000E+00   0.000000000000000E+00  -9.936179076900000E-01   0.000000000000000E+00   0.000000000000000E+00   0.000000000000000E+00
   6.676886673700000E-01   9.637256011200000E+00   9.637256011200000E+00   0.000000000000000E+00  -9.936179076900000E-01   0.000000000000000E+00   0.000000000000000E+00   0.000000000000000E+00
   6.687738941700000E-01   9.652919911200000E+00   9.652919911200000E+00   0.000000000000000E+00  -9.936179076900000E-01   0.000000000000000E+00   0.000000000000000E+00   0.000000000000000E+00
   6.698591209800000E-01   9.668583811200000E+00   9.668583811200000E+00   0.000000000000000E+00  -9.936179076900000E-01   0.000000000000000E+00   0.000000000000000E+00   0.000000000000000E+00
   6.709443477800000E-01   9.684247711199999E+00   9.684247711199999E+00   0.000000000000000E+00  -9.936179076900000E-01   0.000000000000000E+00   0.000000000000000E+00   0.000000000000000E+00
   6.718436764400000E-01   9.697228402600000E+00   9.697228402600000E+00   0.000000000000000E+00  -9.936179076900000E-01   0.000000000000000E+00   0.000000000000000E+00   0.000000000000000E+00
   6.727430050900000E-01   9.710209094000000E+00   9.710209094000000E+00   0.000000000000000E+00  -9.936179076900000E-01   0.000000000000000E+00   0.000000000000000E+00   0.000000000000000E+00
   6.736423337500000E-01   9.723189785300001E+00   9.723189785300001E+00   0.000000000000000E+00  -9.936179076900000E-01   0.000000000000000E+00   0.000000000000000E+00   0.000000000000000E+00
   6.745416624100000E-01   9.736170476700000E+00   9.736170476700000E+00   0.000000000000000E+00  -9.936179076900000E-01   0.000000000000000E+00   0.000000000000000E+00   0.000000000000000E+00
   6.753836630900000E-01   9.748323709899999E+00   9.748323709899999E+00   0.000000000000000E+00  -9.936179076900000E-01   0.000000000000000E+00   0.000000000000000E+00   0.000000000000000E+00
   6.762256637600000E-01   9.760476943100000E+00   9.760476943100000E+00   0.000000000000000E+00  -9.936179076900000E-01   0.000000000000000E+00   0.000000000000000E+00   0.000000000000000E+00
   6.770676644400000E-01   9.772630176300000E+00   9.772630176300000E+00   0.000000000000000E+00  -9.936179076900000E-01   0.000000000000000E+00   0.000000000000000E+00   0.000000000000000E+00
   6.779096651099999E-01   9.784783409499999E+00   9.784783409499999E+00   0.000000000000000E+00  -9.936179076900000E-01   0.000000000000000E+00   0.000000000000000E+00   0.000000000000000E+00
   6.785756372900000E-01   9.794395890100001E+00   9.794395890100001E+00   0.000000000000000E+00  -9.936179076900000E-01   0.000000000000000E+00   0.000000000000000E+00   0.000000000000000E+00
   6.792416094700000E-01   9.804008370800000E+00   9.804008370800000E+00   0.000000000000000E+00  -9.936179076900000E-01   0.000000000000000E+00   0.000000000000000E+00   0.000000000000000E+00
   6.799075816500000E-01   9.813620851400000E+00   9.813620851400000E+00   0.000000000000000E+00  -9.936179076900000E-01   0.000000000000000E+00   0.000000000000000E+00   0.000000000000000E+00
   6.805735538400000E-01   9.823233332099999E+00   9.823233332099999E+00   0.000000000000000E+00  -9.936179076900000E-01   0.000000000000000E+00   0.000000000000000E+00   0.000000000000000E+00
   6.811949148799999E-01   9.832201906500000E+00   9.832201906500000E+00   0.000000000000000E+00  -9.936179076900000E-01   0.000000000000000E+00   0.000000000000000E+00   0.000000000000000E+00
   6.818162759300000E-01   9.841170480800001E+00   9.841170480800001E+00   0.000000000000000E+00  -9.936179076900000E-01   0.000000000000000E+00   0.000000000000000E+00   0.000000000000000E+00
   6.824376369700000E-01   9.850139055200000E+00   9.850139055200000E+00   0.000000000000000E+00  -9.936179076900000E-01   0.000000000000000E+00   0.000000000000000E+00   0.000000000000000E+00
   6.830589980200000E-01   9.859107629600000E+00   9.859107629600000E+00   0.000000000000000E+00  -9.936179076900000E-01   0.000000000000000E+00   0.000000000000000E+00   0.000000000000000E+00
   6.836126468900000E-01   9.867098862800001E+00   9.867098862800001E+00   0.000000000000000E+00  -9.936179076900000E-01   0.000000000000000E+00   0.000000000000000E+00   0.000000000000000E+00
   6.841662957500000E-01   9.875090096099999E+00   9.875090096099999E+00   0.000000000000000E+00  -9.936179076900000E-01   0.000000000000000E+00   0.000000000000000E+00   0.000000000000000E+00
   6.847199446200000E-01   9.883081329299999E+00   9.883081329299999E+00   0.000000000000000E+00  -9.936179076900000E-01   0.000000000000000E+00   0.000000000000000E+00   0.000000000000000E+00
   6.852735934900001E-01   9.891072562600000E+00   9.891072562600000E+00   0.000000000000000E+00  -9.936179076900000E-01   0.000000000000000E+00   0.000000000000000E+00   0.000000000000000E+00
   6.858387322300000E-01   9.899229637900000E+00   9.899229637900000E+00   0.000000000000000E+00  -9.936179076900000E-01   0.000000000000000E+00   0.000000000000000E+00   0.000000000000000E+00
   6.864038709700000E-01   9.907386713199999E+00   9.907386713199999E+00   0.000000000000000E+00  -9.936179076900000E-01   0.000000000000000E+00   0.000000000000000E+00   0.000000000000000E+00
   6.869690097100000E-01   9.915543788500001E+00   9.915543788500001E+00   0.000000000000000E+00  -9.936179076900000E-01   0.000000000000000E+00   0.000000000000000E+00   0.000000000000000E+00
   6.875341484600000E-01   9.923700863800001E+00   9.923700863800001E+00   0.000000000000000E+00  -9.936179076900000E-01   0.000000000000000E+00   0.000000000000000E+00   0.000000000000000E+00
   6.881463777600000E-01   9.932537632800001E+00   9.932537632800001E+00   0.000000000000000E+00  -9.936179076900000E-01   0.000000000000000E+00   0.000000000000000E+00   0.000000000000000E+00
   6.887586070600000E-01   9.941374401799999E+00   9.941374401799999E+00   0.000000000000000E+00  -9.936179076900000E-01   0.000000000000000E+00   0.000000000000000E+00   0.000000000000000E+00
   6.893708363700000E-01   9.950211170799999E+00   9.950211170799999E+00   0.000000000000000E+00  -9.936179076900000E-01   0.000000000000000E+00   0.000000000000000E+00   0.000000000000000E+00
   6.899830656700000E-01   9.959047939900000E+00   9.959047939900000E+00   0.000000000000000E+00  -9.936179076900000E-01   0.000000000000000E+00   0.000000000000000E+00   0.000000000000000E+00
   6.906106568700000E-01   9.968106438800000E+00   9.968106438800000E+00   0.000000000000000E+00  -9.936179076900000E-01   0.000000000000000E+00   0.000000000000000E+00   0.000000000000000E+00
   6.912382480700000E-01   9.977164937700000E+00   9.977164937700000E+00   0.000000000000000E+00  -9.936179076900000E-01   0.000000000000000E+00   0.000000000000000E+00   0.000000000000000E+00
   6.918658392800000E-01   9.986223436700000E+00   9.986223436700000E+00   0.000000000000000E+00  -9.936179076900000E-01   0.000000000000000E+00   0.000000000000000E+00   0.000000000000000E+00
   6.924934304800000E-01   9.995281935600000E+00   9.995281935600000E+00   0.000000000000000E+00  -9.936179076900000E-01   0.000000000000000E+00   0.000000000000000E+00   0.000000000000000E+00
   6.930087354600000E-01   1.000271972200000E+01   1.000271972200000E+01   0.000000000000000E+00  -9.936179076900000E-01   0.000000000000000E+00   0.000000000000000E+00   0.000000000000000E+00
   6.935240404400000E-01   1.001015750900000E+01   1.001015750900000E+01   0.000000000000000E+00  -9.936179076900000E-01   0.000000000000000E+00   0.000000000000000E+00   0.000000000000000E+00
   6.940393454100000E-01   1.001759529600000E+01   1.001759529600000E+01   0.000000000000000E+00  -9.936179076900000E-01   0.000000000000000E+00   0.000000000000000E+00   0.000000000000000E+00
   6.945546503900000E-01   1.002503308300000E+01   1.002503308300000E+01   0.000000000000000E+00  -9.936179076900000E-01   0.000000000000000E+00   0.000000000000000E+00   0.000000000000000E+00
   6.949988093500000E-01   1.003144396600000E+01   1.003144396600000E+01   0.000000000000000E+00  -9.936179076900000E-01   0.000000000000000E+00   0.000000000000000E+00   0.000000000000000E+00
   6.954429683000000E-01   1.003785484800000E+01   1.003785484800000E+01   0.000000000000000E+00  -9.936179076900000E-01   0.000000000000000E+00   0.000000000000000E+00   0.000000000000000E+00
   6.958871272500000E-01   1.004426573000000E+01   1.004426573000000E+01   0.000000000000000E+00  -9.936179076900000E-01   0.000000000000000E+00   0.000000000000000E+00   0.000000000000000E+00
   6.963312862100000E-01   1.005067661300000E+01   1.005067661300000E+01   0.000000000000000E+00  -9.936179076900000E-01   0.000000000000000E+00   0.000000000000000E+00   0.000000000000000E+00
   6.968406577000000E-01   1.005802875700000E+01   1.005802875700000E+01   0.000000000000000E+00  -9.936179076900000E-01   0.000000000000000E+00   0.000000000000000E+00   0.000000000000000E+00
   6.973500292000000E-01   1.006538090200000E+01   1.006538090200000E+01   0.000000000000000E+00  -9.936179076900000E-01   0.000000000000000E+00   0.000000000000000E+00   0.000000000000000E+00
   6.978594006900000E-01   1.007273304600000E+01   1.007273304600000E+01   0.000000000000000E+00  -9.936179076900000E-01   0.000000000000000E+00   0.000000000000000E+00   0.000000000000000E+00
   6.983687721900000E-01   1.008008519000000E+01   1.008008519000000E+01   0.000000000000000E+00  -9.936179076900000E-01   0.000000000000000E+00   0.000000000000000E+00   0.000000000000000E+00
   6.989757966800000E-01   1.008884683400000E+01   1.008884683400000E+01   0.000000000000000E+00  -9.936179076900000E-01   0.000000000000000E+00   0.000000000000000E+00   0.000000000000000E+00
   6.995828211700000E-01   1.009760847800000E+01   1.009760847800000E+01   0.000000000000000E+00  -9.936179076900000E-01   0.000000000000000E+00   0.000000000000000E+00   0.000000000000000E+00
   7.001898456500000E-01   1.010637012200000E+01   1.010637012200000E+01   0.000000000000000E+00  -9.936179076900000E-01   0.000000000000000E+00   0.000000000000000E+00   0.000000000000000E+00
   7.007968701400000E-01   1.011513176600000E+01   1.011513176600000E+01   0.000000000000000E+00  -9.936179076900000E-01   0.000000000000000E+00   0.000000000000000E+00   0.000000000000000E+00
   7.013372519600000E-01   1.012293150600000E+01   1.012293150600000E+01   0.000000000000000E+00  -9.936179076900000E-01   0.000000000000000E+00   0.000000000000000E+00   0.000000000000000E+00
   7.018776337700000E-01   1.013073124600000E+01   1.013073124600000E+01   0.000000000000000E+00  -9.936179076900000E-01   0.000000000000000E+00   0.000000000000000E+00   0.000000000000000E+00
   7.024180155900001E-01   1.013853098600000E+01   1.013853098600000E+01   0.000000000000000E+00  -9.936179076900000E-01   0.000000000000000E+00   0.000000000000000E+00   0.000000000000000E+00
   7.029583974000000E-01   1.014633072600000E+01   1.014633072600000E+01   0.000000000000000E+00  -9.936179076900000E-01   0.000000000000000E+00   0.000000000000000E+00   0.000000000000000E+00
   7.034019801500000E-01   1.015273329100000E+01   1.015273329100000E+01   0.000000000000000E+00  -9.936179076900000E-01   0.000000000000000E+00   0.000000000000000E+00   0.000000000000000E+00
   7.038455629000000E-01   1.015913585700000E+01   1.015913585700000E+01   0.000000000000000E+00  -9.936179076900000E-01   0.000000000000000E+00   0.000000000000000E+00   0.000000000000000E+00
   7.042891456400000E-01   1.016553842300000E+01   1.016553842300000E+01   0.000000000000000E+00  -9.936179076900000E-01   0.000000000000000E+00   0.000000000000000E+00   0.000000000000000E+00
   7.047327283900000E-01   1.017194098800000E+01   1.017194098800000E+01   0.000000000000000E+00  -9.936179076900000E-01   0.000000000000000E+00   0.000000000000000E+00   0.000000000000000E+00
   7.051023645900000E-01   1.017727622700000E+01   1.017727622700000E+01   0.000000000000000E+00  -9.936179076900000E-01   0.000000000000000E+00   0.000000000000000E+00   0.000000000000000E+00
   7.054720008000001E-01   1.018261146700000E+01   1.018261146700000E+01   0.000000000000000E+00  -9.936179076900000E-01   0.000000000000000E+00   0.000000000000000E+00   0.000000000000000E+00
   7.058416370100000E-01   1.018794670600000E+01   1.018794670600000E+01   0.000000000000000E+00  -9.936179076900000E-01   0.000000000000000E+00   0.000000000000000E+00   0.000000000000000E+00
   7.062112732200000E-01   1.019328194500000E+01   1.019328194500000E+01   0.000000000000000E+00  -9.936179076900000E-01   0.000000000000000E+00   0.000000000000000E+00   0.000000000000000E+00
   7.066176549600000E-01   1.019914756000000E+01   1.019914756000000E+01   0.000000000000000E+00  -9.936179076900000E-01   0.000000000000000E+00   0.000000000000000E+00   0.000000000000000E+00
   7.070240366900000E-01   1.020501317600000E+01   1.020501317600000E+01   0.000000000000000E+00  -9.936179076900000E-01   0.000000000000000E+00   0.000000000000000E+00   0.000000000000000E+00
   7.074304184300000E-01   1.021087879100000E+01   1.021087879100000E+01   0.000000000000000E+00  -9.936179076900000E-01   0.000000000000000E+00   0.000000000000000E+00   0.000000000000000E+00
   7.078368001699999E-01   1.021674440600000E+01   1.021674440600000E+01   0.000000000000000E+00  -9.936179076900000E-01   0.000000000000000E+00   0.000000000000000E+00   0.000000000000000E+00
   7.081789053200001E-01   1.022168226900000E+01   1.022168226900000E+01   0.000000000000000E+00  -9.936179076900000E-01   0.000000000000000E+00   0.000000000000000E+00   0.000000000000000E+00
   7.085210104700000E-01   1.022662013100000E+01   1.022662013100000E+01   0.000000000000000E+00  -9.936179076900000E-01   0.000000000000000E+00   0.000000000000000E+00   0.000000000000000E+00
   7.088631156300000E-01   1.023155799400000E+01   1.023155799400000E+01   0.000000000000000E+00  -9.936179076900000E-01   0.000000000000000E+00   0.000000000000000E+00   0.000000000000000E+00
   7.092052207800000E-01   1.023649585700000E+01   1.023649585700000E+01   0.000000000000000E+00  -9.936179076900000E-01   0.000000000000000E+00   0.000000000000000E+00   0.000000000000000E+00
   7.095980445800000E-01   1.024216578000000E+01   1.024216578000000E+01   0.000000000000000E+00  -9.936179076900000E-01   0.000000000000000E+00   0.000000000000000E+00   0.000000000000000E+00
   7.099908683800000E-01   1.024783570300000E+01   1.024783570300000E+01   0.000000000000000E+00  -9.936179076900000E-01   0.000000000000000E+00   0.000000000000000E+00   0.000000000000000E+00
   7.103836921800000E-01   1.025350562700000E+01   1.025350562700000E+01   0.000000000000000E+00  -9.936179076900000E-01   0.000000000000000E+00   0.000000000000000E+00   0.000000000000000E+00
   7.107765159900000E-01   1.025917555000000E+01   1.025917555000000E+01   0.000000000000000E+00  -9.936179076900000E-01   0.000000000000000E+00   0.000000000000000E+00   0.000000000000000E+00
   7.113855002300000E-01   1.026796548100000E+01   1.026796548100000E+01   0.000000000000000E+00  -9.936179076900000E-01   0.000000000000000E+00   0.000000000000000E+00   0.000000000000000E+00
   7.119944844800000E-01   1.027675541100000E+01   1.027675541100000E+01   0.000000000000000E+00  -9.936179076900000E-01   0.000000000000000E+00   0.000000000000000E+00   0.000000000000000E+00
   7.126034687200000E-01   1.028554534200000E+01   1.028554534200000E+01   0.000000000000000E+00  -9.936179076900000E-01   0.000000000000000E+00   0.000000000000000E+00   0.000000000000000E+00
   7.132124529700000E-01   1.029433527300000E+01   1.029433527300000E+01   0.000000000000000E+00  -9.936179076900000E-01   0.000000000000000E+00   0.000000000000000E+00   0.000000000000000E+00
   7.139857555800000E-01   1.030549693500000E+01   1.030549693500000E+01   0.000000000000000E+00  -9.936179076900000E-01   0.000000000000000E+00   0.000000000000000E+00   0.000000000000000E+00
   7.147590581800000E-01   1.031665859700000E+01   1.031665859700000E+01   0.000000000000000E+00  -9.936179076900000E-01   0.000000000000000E+00   0.000000000000000E+00   0.000000000000000E+00
   7.155323607900000E-01   1.032782025900000E+01   1.032782025900000E+01   0.000000000000000E+00  -9.936179076900000E-01   0.000000000000000E+00   0.000000000000000E+00   0.000000000000000E+00
   7.163056634000000E-01   1.033898192000000E+01   1.033898192000000E+01   0.000000000000000E+00  -9.936179076900000E-01   0.000000000000000E+00   0.000000000000000E+00   0.000000000000000E+00
   7.172606810800000E-01   1.035276641400000E+01   1.035276641400000E+01   0.000000000000000E+00  -9.936179076900000E-01   0.000000000000000E+00   0.000000000000000E+00   0.000000000000000E+00
   7.182156987600000E-01   1.036655090700000E+01   1.036655090700000E+01   0.000000000000000E+00  -9.936179076900000E-01   0.000000000000000E+00   0.000000000000000E+00   0.000000000000000E+00
   7.191707164400000E-01   1.038033540000000E+01   1.038033540000000E+01   0.000000000000000E+00  -9.936179076900000E-01   0.000000000000000E+00   0.000000000000000E+00   0.000000000000000E+00
   7.201257341200000E-01   1.039411989300000E+01   1.039411989300000E+01   0.000000000000000E+00  -9.936179076900000E-01   0.000000000000000E+00   0.000000000000000E+00   0.000000000000000E+00
   7.232883703500000E-01   1.043976861600000E+01   1.043976861600000E+01   0.000000000000000E+00  -9.936179076900000E-01   0.000000000000000E+00   0.000000000000000E+00   0.000000000000000E+00
   7.264510065799999E-01   1.048541733900000E+01   1.048541733900000E+01   0.000000000000000E+00  -9.936179076900000E-01   0.000000000000000E+00   0.000000000000000E+00   0.000000000000000E+00
   7.296136428100000E-01   1.053106606200000E+01   1.053106606200000E+01   0.000000000000000E+00  -9.936179076900000E-01   0.000000000000000E+00   0.000000000000000E+00   0.000000000000000E+00
   7.327762790400000E-01   1.057671478500000E+01   1.057671478500000E+01   0.000000000000000E+00  -9.936179076900000E-01   0.000000000000000E+00   0.000000000000000E+00   0.000000000000000E+00
   7.372219885800000E-01   1.064088307700000E+01   1.064088307700000E+01   0.000000000000000E+00  -9.936179076900000E-01   0.000000000000000E+00   0.000000000000000E+00   0.000000000000000E+00
   7.416676981200000E-01   1.070505136800000E+01   1.070505136800000E+01   0.000000000000000E+00  -9.936179076900000E-01   0.000000000000000E+00   0.000000000000000E+00   0.000000000000000E+00
   7.461134076500000E-01   1.076921965900000E+01   1.076921965900000E+01   0.000000000000000E+00  -9.936179076900000E-01   0.000000000000000E+00   0.000000000000000E+00   0.000000000000000E+00
   7.505591171900000E-01   1.083338795100000E+01   1.083338795100000E+01   0.000000000000000E+00  -9.936179076900000E-01   0.000000000000000E+00   0.000000000000000E+00   0.000000000000000E+00
   7.559801031800000E-01   1.091163314500000E+01   1.091163314500000E+01   0.000000000000000E+00  -9.936179076900000E-01   0.000000000000000E+00   0.000000000000000E+00   0.000000000000000E+00
   7.614010891600000E-01   1.098987834000000E+01   1.098987834000000E+01   0.000000000000000E+00  -9.936179076900000E-01   0.000000000000000E+00   0.000000000000000E+00   0.000000000000000E+00
   7.668220751400000E-01   1.106812353500000E+01   1.106812353500000E+01   0.000000000000000E+00  -9.936179076900000E-01   0.000000000000000E+00   0.000000000000000E+00   0.000000000000000E+00
   7.722430611300000E-01   1.114636872900000E+01   1.114636872900000E+01   0.000000000000000E+00  -9.936179076900000E-01   0.000000000000000E+00   0.000000000000000E+00   0.000000000000000E+00
   7.768357134400000E-01   1.121265795700000E+01   1.121265795700000E+01   0.000000000000000E+00  -9.936179076900000E-01   0.000000000000000E+00   0.000000000000000E+00   0.000000000000000E+00
   7.814283657600000E-01   1.127894718500000E+01   1.127894718500000E+01   0.000000000000000E+00  -9.936179076900000E-01   0.000000000000000E+00   0.000000000000000E+00   0.000000000000000E+00
   7.860210180800000E-01   1.134523641300000E+01   1.134523641300000E+01   0.000000000000000E+00  -9.936179076900000E-01   0.000000000000000E+00   0.000000000000000E+00   0.000000000000000E+00
   7.906136704000000E-01   1.141152564100000E+01   1.141152564100000E+01   0.000000000000000E+00  -9.936179076900000E-01   0.000000000000000E+00   0.000000000000000E+00   0.000000000000000E+00
   7.944082684000000E-01   1.146629594600000E+01   1.146629594600000E+01   0.000000000000000E+00  -9.936179076900000E-01   0.000000000000000E+00   0.000000000000000E+00   0.000000000000000E+00
   7.982028663900000E-01   1.152106625200000E+01   1.152106625200000E+01   0.000000000000000E+00  -9.936179076900000E-01   0.000000000000000E+00   0.000000000000000E+00   0.000000000000000E+00
   8.019974643900000E-01   1.157583655700000E+01   1.157583655700000E+01   0.000000000000000E+00  -9.936179076900000E-01   0.000000000000000E+00   0.000000000000000E+00   0.000000000000000E+00
   8.057920623900000E-01   1.163060686300000E+01   1.163060686300000E+01   0.000000000000000E+00  -9.936179076900000E-01   0.000000000000000E+00   0.000000000000000E+00   0.000000000000000E+00
   8.102797892500000E-01   1.169538162200000E+01   1.169538162200000E+01   0.000000000000000E+00  -9.936179076900000E-01   0.000000000000000E+00   0.000000000000000E+00   0.000000000000000E+00
   8.147675161100000E-01   1.176015638100000E+01   1.176015638100000E+01   0.000000000000000E+00  -9.936179076900000E-01   0.000000000000000E+00   0.000000000000000E+00   0.000000000000000E+00
   8.192552429700000E-01   1.182493114100000E+01   1.182493114100000E+01   0.000000000000000E+00  -9.936179076900000E-01   0.000000000000000E+00   0.000000000000000E+00   0.000000000000000E+00
   8.237429698299999E-01   1.188970590000000E+01   1.188970590000000E+01   0.000000000000000E+00  -9.936179076900000E-01   0.000000000000000E+00   0.000000000000000E+00   0.000000000000000E+00
   8.296185582600000E-01   1.197451271600000E+01   1.197451271600000E+01   0.000000000000000E+00  -9.936179076900000E-01   0.000000000000000E+00   0.000000000000000E+00   0.000000000000000E+00
   8.354941466900000E-01   1.205931953200000E+01   1.205931953200000E+01   0.000000000000000E+00  -9.936179076900000E-01   0.000000000000000E+00   0.000000000000000E+00   0.000000000000000E+00
   8.413697351200000E-01   1.214412634800000E+01   1.214412634800000E+01   0.000000000000000E+00  -9.936179076900000E-01   0.000000000000000E+00   0.000000000000000E+00   0.000000000000000E+00
   8.472453235500000E-01   1.222893316300000E+01   1.222893316300000E+01   0.000000000000000E+00  -9.936179076900000E-01   0.000000000000000E+00   0.000000000000000E+00   0.000000000000000E+00
   8.528258700700000E-01   1.230948141600000E+01   1.230948141600000E+01   0.000000000000000E+00  -9.936179076900000E-01   0.000000000000000E+00   0.000000000000000E+00   0.000000000000000E+00
   8.584064165900001E-01   1.239002966900000E+01   1.239002966900000E+01   0.000000000000000E+00  -9.936179076900000E-01   0.000000000000000E+00   0.000000000000000E+00   0.000000000000000E+00
   8.639869631100000E-01   1.247057792200000E+01   1.247057792200000E+01   0.000000000000000E+00  -9.936179076900000E-01   0.000000000000000E+00   0.000000000000000E+00   0.000000000000000E+00
   8.695675096300000E-01   1.255112617400000E+01   1.255112617400000E+01   0.000000000000000E+00  -9.936179076900000E-01   0.000000000000000E+00   0.000000000000000E+00   0.000000000000000E+00
   8.753773419500001E-01   1.263498388300000E+01   1.263498388300000E+01   0.000000000000000E+00  -9.936179076900000E-01   0.000000000000000E+00   0.000000000000000E+00   0.000000000000000E+00
   8.811871742700000E-01   1.271884159100000E+01   1.271884159100000E+01   0.000000000000000E+00  -9.936179076900000E-01   0.000000000000000E+00   0.000000000000000E+00   0.000000000000000E+00
   8.869970065900000E-01   1.280269929900000E+01   1.280269929900000E+01   0.000000000000000E+00  -9.936179076900000E-01   0.000000000000000E+00   0.000000000000000E+00   0.000000000000000E+00
   8.928068389000000E-01   1.288655700700000E+01   1.288655700700000E+01   0.000000000000000E+00  -9.936179076900000E-01   0.000000000000000E+00   0.000000000000000E+00   0.000000000000000E+00
   8.988581406500000E-01   1.297390002600000E+01   1.297390002600000E+01   0.000000000000000E+00  -9.936179076900000E-01   0.000000000000000E+00   0.000000000000000E+00   0.000000000000000E+00
   9.049094424000000E-01   1.306124304600000E+01   1.306124304600000E+01   0.000000000000000E+00  -9.936179076900000E-01   0.000000000000000E+00   0.000000000000000E+00   0.000000000000000E+00
   9.109607441399999E-01   1.314858606500000E+01   1.314858606500000E+01   0.000000000000000E+00  -9.936179076900000E-01   0.000000000000000E+00   0.000000000000000E+00   0.000000000000000E+00
   9.170120458900000E-01   1.323592908400000E+01   1.323592908400000E+01   0.000000000000000E+00  -9.936179076900000E-01   0.000000000000000E+00   0.000000000000000E+00   0.000000000000000E+00
   9.241221559100000E-01   1.333855468500000E+01   1.333855468500000E+01   0.000000000000000E+00  -9.936179076900000E-01   0.000000000000000E+00   0.000000000000000E+00   0.000000000000000E+00
   9.312322659400000E-01   1.344118028600000E+01   1.344118028600000E+01   0.000000000000000E+00  -9.936179076900000E-01   0.000000000000000E+00   0.000000000000000E+00   0.000000000000000E+00
   9.383423759600000E-01   1.354380588600000E+01   1.354380588600000E+01   0.000000000000000E+00  -9.936179076900000E-01   0.000000000000000E+00   0.000000000000000E+00   0.000000000000000E+00
   9.454524859900000E-01   1.364643148700000E+01   1.364643148700000E+01   0.000000000000000E+00  -9.936179076900000E-01   0.000000000000000E+00   0.000000000000000E+00   0.000000000000000E+00
   9.522658763700000E-01   1.374477430800000E+01   1.374477430800000E+01   0.000000000000000E+00  -9.936179076900000E-01   0.000000000000000E+00   0.000000000000000E+00   0.000000000000000E+00
   9.590792667500000E-01   1.384311713000000E+01   1.384311713000000E+01   0.000000000000000E+00  -9.936179076900000E-01   0.000000000000000E+00   0.000000000000000E+00   0.000000000000000E+00
   9.658926571400001E-01   1.394145995100000E+01   1.394145995100000E+01   0.000000000000000E+00  -9.936179076900000E-01   0.000000000000000E+00   0.000000000000000E+00   0.000000000000000E+00
   9.727060475200000E-01   1.403980277300000E+01   1.403980277300000E+01   0.000000000000000E+00  -9.936179076900000E-01   0.000000000000000E+00   0.000000000000000E+00   0.000000000000000E+00
   9.795295356400000E-01   1.413829134300000E+01   1.413829134300000E+01   0.000000000000000E+00  -9.936179076900000E-01   0.000000000000000E+00   0.000000000000000E+00   0.000000000000000E+00
   9.863530237600000E-01   1.423677991200000E+01   1.423677991200000E+01   0.000000000000000E+00  -9.936179076900000E-01   0.000000000000000E+00   0.000000000000000E+00   0.000000000000000E+00
   9.931765118800000E-01   1.433526848200000E+01   1.433526848200000E+01   0.000000000000000E+00  -9.936179076900000E-01   0.000000000000000E+00   0.000000000000000E+00   0.000000000000000E+00
   1.000000000000000E+00   1.443375705200000E+01   1.443375705200000E+01   0.000000000000000E+00  -9.936179076900000E-01   0.000000000000000E+00   0.000000000000000E+00   0.000000000000000E+00
