   0.000000000000000E+00  -4.884318546600000E-14   0.000000000000000E+00   0.000000000000000E+00  -9.087085832900001E-02   2.803694016800000E-03   0.000000000000000E+00   2.287206545400000E-02
   3.624355549100000E-03   5.231306746500000E-02   5.334709890800000E-02   2.040451946200000E-04  -9.087058815000000E-02   2.803729612100000E-03   7.640093271900000E-03   2.270395430500000E-02
   7.248711098100000E-03   1.046261349300000E-01   1.067002028900000E-01   8.141490250700000E-04  -9.086977541500001E-02   2.803978312400000E-03   1.521763482300000E-02   2.249892116400000E-02
   1.087306664700000E-02   1.569392024000000E-01   1.600581345100000E-01   1.826782923600000E-03  -9.086841729200000E-02   2.804651632300000E-03   2.272029841700000E-02   2.225727394300000E-02
   1.449742219600000E-02   2.092522698600000E-01   2.134197501000000E-01   3.237779632800000E-03  -9.086651155400000E-02   2.805959073700000E-03   3.013586897600000E-02   2.197936790600000E-02
   1.804059489500000E-02   2.603935637900000E-01   2.655886098000000E-01   4.997645540400000E-03  -9.086411757899999E-02   2.808048993700000E-03   3.728954805500000E-02   2.167302285000000E-02
   2.158376759400000E-02   3.115348577200000E-01   3.177589571300000E-01   7.128573272400000E-03  -9.086119767400000E-02   2.811134053200000E-03   4.433727462600000E-02   2.133282845900000E-02
   2.512694029300000E-02   3.626761516400000E-01   3.699298673900000E-01   9.624925987799999E-03  -9.085775131500000E-02   2.815402590600000E-03   5.126803070800000E-02   2.095924593600000E-02
   2.867011299100000E-02   4.138174455700000E-01   4.221004785800000E-01   1.248050334700000E-02  -9.085377843700000E-02   2.821039917000000E-03   5.807095631500000E-02   2.055277829100000E-02
   3.220868084200000E-02   4.648922742400000E-01   4.742021971400000E-01   1.568415251800000E-02  -9.084928558800000E-02   2.828217624600000E-03   6.472679524900000E-02   2.011456094100000E-02
   3.574724869300000E-02   5.159671029100000E-01   5.263021122100000E-01   1.923207383600000E-02  -9.084426869100000E-02   2.837119839800000E-03   7.123401074700000E-02   1.964466977700000E-02
   3.928581654400000E-02   5.670419315800000E-01   5.783995912100000E-01   2.311644942400000E-02  -9.083872882900000E-02   2.847920415500000E-03   7.758233767400000E-02   1.914372774100000E-02
   4.282438439400000E-02   6.181167602500000E-01   6.304940880500000E-01   2.732893060000000E-02  -9.083266738900000E-02   2.860789076000000E-03   8.376172123200000E-02   1.861239722700000E-02
   4.654162253700000E-02   6.717704725100000E-01   6.852152446100001E-01   3.209776136700000E-02  -9.082573995000000E-02   2.876715870400000E-03   9.006039688200000E-02   1.802227832400000E-02
   5.025886068000000E-02   7.254241847700000E-01   7.399321940200000E-01   3.720798116300000E-02  -9.081824090300000E-02   2.895293415800000E-03   9.615067163900000E-02   1.740025709100000E-02
   5.397609882300000E-02   7.790778970300000E-01   7.946446417000000E-01   4.264808885200000E-02  -9.081017258800000E-02   2.916701809800000E-03   1.020217316500000E-01   1.674723705600000E-02
   5.769333696600000E-02   8.327316092800000E-01   8.493524161300000E-01   4.840598786700000E-02  -9.080153746800000E-02   2.941114819700000E-03   1.076630813200000E-01   1.606416611000000E-02
   6.119863212200000E-02   8.833261879700000E-01   9.009366336800000E-01   5.411533581800000E-02  -9.079287771100000E-02   2.967038722200000E-03   1.127632063700000E-01   1.539340190500000E-02
   6.470392727900000E-02   9.339207666500000E-01   9.525167173600000E-01   6.008491058400000E-02  -9.078371830400001E-02   2.995917560000000E-03   1.176417897400000E-01   1.469766241400000E-02
   6.820922243499999E-02   9.845153453400000E-01   1.004092831100000E+00   6.630318985200000E-02  -9.077406129800000E-02   3.027880089100000E-03   1.222908792400000E-01   1.397784535600000E-02
   7.171451759200000E-02   1.035109924000000E+00   1.055665238200000E+00   7.275823197799999E-02  -9.076390863700000E-02   3.063049129700000E-03   1.267028187600000E-01   1.323487977400000E-02
   7.512763720100001E-02   1.084374063200000E+00   1.105878274200000E+00   7.925927895700000E-02  -9.075354838300000E-02   3.100485688800000E-03   1.307638604300000E-01   1.249012145900000E-02
   7.854075681000000E-02   1.133638202500000E+00   1.156088558300000E+00   8.596134029100000E-02  -9.074272136100001E-02   3.141174942100000E-03   1.345865917500000E-01   1.172523785100000E-02
   8.195387641900000E-02   1.182902341700000E+00   1.206296593800000E+00   9.285232476200000E-02  -9.073142880600001E-02   3.185212946900000E-03   1.381648070600000E-01   1.094116643400000E-02
   8.536699602800001E-02   1.232166480900000E+00   1.256502963900000E+00   9.991981805700000E-02  -9.071967168200000E-02   3.232689724100000E-03   1.414926005000000E-01   1.013886888900000E-02
   8.876638305499999E-02   1.281232407400000E+00   1.306506329100000E+00   1.071216906100000E-01  -9.070750075300001E-02   3.283476755500000E-03   1.445525338600000E-01   9.322660690100000E-03
   9.216577008200000E-02   1.330298333900000E+00   1.356509418000000E+00   1.144731728400000E-01  -9.069486995999999E-02   3.337834692200000E-03   1.473532802800000E-01   8.490344420500000E-03
   9.556515710900000E-02   1.379364260300000E+00   1.406513016600000E+00   1.219611324500000E-01  -9.068177924900001E-02   3.395833725800000E-03   1.498899344400000E-01   7.642935237900000E-03
   9.896454413600000E-02   1.428430186800000E+00   1.456517970200000E+00   1.295721797900000E-01  -9.066822816200000E-02   3.457537541500000E-03   1.521579132400000E-01   6.781467632300000E-03
   1.024441416800000E-01   1.478653852400000E+00   1.507705161500000E+00   1.374760621300000E-01  -9.065387960800000E-02   3.524593755400000E-03   1.541967070700000E-01   5.886212216900000E-03
   1.059237392200000E-01   1.528877518000000E+00   1.558895727800000E+00   1.454797624800000E-01  -9.063904633300000E-02   3.595645285700000E-03   1.559453381400000E-01   4.978477465700000E-03
   1.094033367700000E-01   1.579101183600000E+00   1.610090724400000E+00   1.535681920900000E-01  -9.062372637700000E-02   3.670738480500000E-03   1.573999773100000E-01   4.059427694700000E-03
   1.128829343100000E-01   1.629324849200000E+00   1.661291240000000E+00   1.617260550100000E-01  -9.060791724300001E-02   3.749912057900000E-03   1.585571726500000E-01   3.130242870200000E-03
   1.164293496700000E-01   1.680512946800000E+00   1.713481778200000E+00   1.700959812000000E-01  -9.059129801099999E-02   3.834836710200000E-03   1.594273455500000E-01   2.174023077100000E-03
   1.199757650300000E-01   1.731701044500000E+00   1.765680400800000E+00   1.785053758900000E-01  -9.057416362900000E-02   3.924056583100000E-03   1.599825162600000E-01   1.209793706600000E-03
   1.235221803800000E-01   1.782889142200000E+00   1.817888306100000E+00   1.869375125100000E-01  -9.055650965500001E-02   4.017587602000000E-03   1.602202688600000E-01   2.388444615600000E-04
   1.270685957400000E-01   1.834077239800000E+00   1.870106685700000E+00   1.953755312900000E-01  -9.053833103099999E-02   4.115437096200000E-03   1.601386122000000E-01  -7.375247198800000E-04
   1.308793442200000E-01   1.889080657500000E+00   1.926230192800000E+00   2.044296492800000E-01  -9.051820621100000E-02   4.225391420900000E-03   1.596930850000000E-01  -1.791213950700000E-03
   1.346900926900000E-01   1.944084075200000E+00   1.982368566600000E+00   2.134497979700000E-01  -9.049746127699999E-02   4.340317451100000E-03   1.588755748400000E-01  -2.848018046100000E-03
   1.385008411700000E-01   1.999087492900000E+00   2.038523166200000E+00   2.224147361500000E-01  -9.047608767800000E-02   4.460190662100000E-03   1.576852725300000E-01  -3.906298584200000E-03
   1.423115896500000E-01   2.054090910600000E+00   2.094695276600000E+00   2.313031787100000E-01  -9.045407613100000E-02   4.584974833600000E-03   1.561219470300000E-01  -4.964413213400000E-03
   1.457737094300000E-01   2.104062306500000E+00   2.145744634000000E+00   2.392942377700000E-01  -9.043351688800000E-02   4.702560573900000E-03   1.543785299800000E-01  -5.924199961400000E-03
   1.492358292200000E-01   2.154033702400000E+00   2.196810251800000E+00   2.471886278800000E-01  -9.041241494100000E-02   4.824116067200000E-03   1.523281763000000E-01  -6.881260874700000E-03
   1.526979490000000E-01   2.204005098200000E+00   2.247892865100000E+00   2.549704397100000E-01  -9.039076197900001E-02   4.949589030100000E-03   1.499719557500000E-01  -7.834366435599999E-03
   1.561600687800000E-01   2.253976494100000E+00   2.298993115900000E+00   2.626238265000000E-01  -9.036854934400000E-02   5.078919244800000E-03   1.473113312200000E-01  -8.782291053800000E-03
   1.595645149700000E-01   2.303115443100000E+00   2.349259838300000E+00   2.700091987300000E-01  -9.034615229200001E-02   5.209790393400000E-03   1.443999856200000E-01  -9.708189179900000E-03
   1.629689611500000E-01   2.352254392200000E+00   2.399544546500000E+00   2.772402573900000E-01  -9.032319665700000E-02   5.344253327400000E-03   1.411982166000000E-01  -1.062674398300000E-02
   1.663734073300000E-01   2.401393341300000E+00   2.449847536300000E+00   2.843022352700000E-01  -9.029967352600000E-02   5.482228587100000E-03   1.377085169600000E-01  -1.153680989800000E-02
   1.697778535100000E-01   2.450532290400000E+00   2.500168984400000E+00   2.911805050600000E-01  -9.027557387000000E-02   5.623629490800000E-03   1.339337387200000E-01  -1.243725071700000E-02
   1.732225347900000E-01   2.500251983100000E+00   2.551103990200000E+00   2.979383033600000E-01  -9.025059331900000E-02   5.770092234600000E-03   1.298274758000000E-01  -1.333738681000000E-02
   1.766672160700000E-01   2.549971675900000E+00   2.602057861000000E+00   3.044784118900000E-01  -9.022500382000000E-02   5.919861422700000E-03   1.254363324300000E-01  -1.422536324800000E-02
   1.801118973500000E-01   2.599691368600000E+00   2.653030367900000E+00   3.107862395500000E-01  -9.019879604599999E-02   6.072825187800000E-03   1.207643644500000E-01  -1.510004078800000E-02
   1.835565786400000E-01   2.649411061300000E+00   2.704021133300000E+00   3.168474240500000E-01  -9.017196082100000E-02   6.228864464600000E-03   1.158159881900000E-01  -1.596029559900000E-02
   1.871238211400000E-01   2.700899773000000E+00   2.756844819900000E+00   3.228492508400000E-01  -9.014349992100000E-02   6.393562583300000E-03   1.104053072300000E-01  -1.683477591400000E-02
   1.906910636500000E-01   2.752388484700000E+00   2.809686751900000E+00   3.285560633900000E-01  -9.011434692200000E-02   6.561275662100000E-03   1.047090143700000E-01  -1.769139251200000E-02
   1.942583061600000E-01   2.803877196400000E+00   2.862545980600000E+00   3.339528223900000E-01  -9.008449267000000E-02   6.731847921500000E-03   9.873319971199999E-02  -1.852895861000000E-02
   1.978255486700000E-01   2.855365908100000E+00   2.915421372900000E+00   3.390248420000000E-01  -9.005392854600000E-02   6.905115929500000E-03   9.248434103100001E-02  -1.934631117400000E-02
   2.011993212300000E-01   2.904062121700000E+00   2.965442744000000E+00   3.435100454900000E-01  -9.002436167400001E-02   7.071312800400000E-03   8.632934896600000E-02  -2.009970719300000E-02
   2.045730938000000E-01   2.952758335300000E+00   3.015476127900000E+00   3.476801921000000E-01  -8.999414651900001E-02   7.239617550600000E-03   7.994236547800000E-02  -2.083306384700000E-02
   2.079468663600000E-01   3.001454548800000E+00   3.065520110700000E+00   3.515238333100000E-01  -8.996327757100001E-02   7.409873964000000E-03   7.332978742700000E-02  -2.154546258900000E-02
   2.113206389300000E-01   3.050150762400000E+00   3.115573133800000E+00   3.550298677400000E-01  -8.993175004600000E-02   7.581920333700000E-03   6.649829468399999E-02  -2.223600806500000E-02
   2.146495477100000E-01   3.098199422900000E+00   3.164967762800000E+00   3.581478948700000E-01  -8.989999236700000E-02   7.753270295800000E-03   5.954986525100000E-02  -2.289510121300000E-02
   2.179784564800000E-01   3.146248083400000E+00   3.214367771900000E+00   3.609168163500000E-01  -8.986758659999999E-02   7.926034942900000E-03   5.240201435600000E-02  -2.353125697800000E-02
   2.213073652600000E-01   3.194296744000000E+00   3.263771268200000E+00   3.633270409700000E-01  -8.983453061100000E-02   8.100044221599999E-03   4.506192610400000E-02  -2.414368678900000E-02
   2.246362740400000E-01   3.242345404500000E+00   3.313176236900000E+00   3.653693572500000E-01  -8.980082320799999E-02   8.275123561200000E-03   3.753702350900000E-02  -2.473162733500000E-02
   2.279841672700000E-01   3.290668082100000E+00   3.362862287800000E+00   3.670433458700000E-01  -8.976626637399999E-02   8.452099794700000E-03   2.979054400800000E-02  -2.529747662400000E-02
   2.313320605000000E-01   3.338990759600000E+00   3.412545389500000E+00   3.683277328400000E-01  -8.973105133800000E-02   8.629791140500000E-03   2.187289236700000E-02  -2.583708789400000E-02
   2.346799537300000E-01   3.387313437100000E+00   3.462223154400000E+00   3.692143768200000E-01  -8.969518009900000E-02   8.808007355500001E-03   1.379230125000000E-02  -2.634976629800000E-02
   2.380278469600000E-01   3.435636114700000E+00   3.511893096500000E+00   3.696955673900000E-01  -8.965865583600000E-02   8.986554367000001E-03   5.557214052700000E-03  -2.683484557800000E-02
   2.414440037300000E-01   3.484944091500000E+00   3.562565070000000E+00   3.697610874600000E-01  -8.962071828100000E-02   9.168877735100001E-03  -2.996066349300000E-03  -2.730070561100000E-02
   2.448601604900000E-01   3.534252068300000E+00   3.613223389300000E+00   3.693896389600000E-01  -8.958211141400001E-02   9.351125958500000E-03  -1.169181238800000E-02  -2.773652137500000E-02
   2.482763172600000E-01   3.583560045100000E+00   3.663865151500000E+00   3.685744742000000E-01  -8.954284268100000E-02   9.533081901200001E-03  -2.052043390100000E-02  -2.814168082800000E-02
   2.516924740300000E-01   3.632868021900000E+00   3.714487386400000E+00   3.673093484800000E-01  -8.950292097800000E-02   9.714525224600000E-03  -2.947215261600000E-02  -2.851560531900000E-02
   2.552645284800000E-01   3.684426188100000E+00   3.767395616100000E+00   3.654990371500000E-01  -8.946049036299999E-02   9.903458048400000E-03  -3.895322592300000E-02  -2.887259731900000E-02
   2.588365829400000E-01   3.735984354400000E+00   3.820275673800000E+00   3.631845420200000E-01  -8.941737079000001E-02   1.009132776600000E-02  -4.854642304700000E-02  -2.919426054700000E-02
   2.624086374000000E-01   3.787542520600000E+00   3.873124011500000E+00   3.603605374100000E-01  -8.937357769900001E-02   1.027787304000000E-02  -5.823998187000000E-02  -2.948005412300000E-02
   2.659806918600000E-01   3.839100686900000E+00   3.925937059400000E+00   3.570223295600000E-01  -8.932912836300000E-02   1.046282995200000E-02  -6.802196854100000E-02  -2.972947933800000E-02
   2.696245255400000E-01   3.891694896900000E+00   3.979771297900000E+00   3.530830311900000E-01  -8.928312951200000E-02   1.064959082900000E-02  -7.807908827200000E-02  -2.994597189100000E-02
   2.732683592200000E-01   3.944289106900000E+00   4.033561308900000E+00   3.486008207900000E-01  -8.923648994400001E-02   1.083413722200000E-02  -8.820265127700000E-02  -3.012370737000000E-02
   2.769121928900000E-01   3.996883316900000E+00   4.087303340800000E+00   3.435727820600000E-01  -8.918923390800000E-02   1.101618280700000E-02  -9.837952885900000E-02  -3.026229493300000E-02
   2.805560265700000E-01   4.049477526900000E+00   4.140993691200000E+00   3.379967023700000E-01  -8.914138761199999E-02   1.119543991100000E-02  -1.085964686000000E-01  -3.036139119900000E-02
   2.842038371200000E-01   4.102129138200000E+00   4.194687230600000E+00   3.318640893300000E-01  -8.909292606999999E-02   1.137181035200000E-02  -1.188512988200000E-01  -3.042074348400000E-02
   2.878516476600000E-01   4.154780749400000E+00   4.248321773100000E+00   3.251799289000000E-01  -8.904393131600000E-02   1.154480668000000E-02  -1.291193913100000E-01  -3.043997377000000E-02
   2.914994582100000E-01   4.207432360600000E+00   4.301893867900000E+00   3.179441334600000E-01  -8.899443532300000E-02   1.171413845600000E-02  -1.393871747900000E-01  -3.041888246100000E-02
   2.951472687600000E-01   4.260083971800000E+00   4.355400189800000E+00   3.101573279800000E-01  -8.894447185100000E-02   1.187951538100000E-02  -1.496410188400000E-01  -3.035731880400000E-02
   2.988082359800000E-01   4.312925483200000E+00   4.409030163200000E+00   3.017897895500000E-01  -8.889389387600000E-02   1.204122077700000E-02  -1.599040660200000E-01  -3.025473919100000E-02
   3.024692032000000E-01   4.365766994600000E+00   4.462587633500000E+00   2.928706779700000E-01  -8.884291829400000E-02   1.219835878900000E-02  -1.701254510300000E-01  -3.011123936400000E-02
   3.061301704100000E-01   4.418608506000000E+00   4.516069736000000E+00   2.834027836800000E-01  -8.879158417999999E-02   1.235063867600000E-02  -1.802913166300000E-01  -2.992681641200000E-02
   3.097911376300000E-01   4.471450017400000E+00   4.569473808400000E+00   2.733896132100000E-01  -8.873993206800000E-02   1.249777136200000E-02  -1.903878130500000E-01  -2.970151755600000E-02
   3.132595490600000E-01   4.521512225400000E+00   4.619994789200000E+00   2.634039103900000E-01  -8.869074130300000E-02   1.263215688700000E-02  -1.998767404800000E-01  -2.945044890100000E-02
   3.167279604900000E-01   4.571574433300000E+00   4.670441656100000E+00   2.529367396800000E-01  -8.864133934700000E-02   1.276142263600000E-02  -2.092792699700000E-01  -2.916290260700000E-02
   3.201963719200000E-01   4.621636641300000E+00   4.720812732600000E+00   2.419928430500000E-01  -8.859176372800000E-02   1.288532874800000E-02  -2.185837253500000E-01  -2.883904348800000E-02
   3.236647833600000E-01   4.671698849200000E+00   4.771106558000000E+00   2.305775255200000E-01  -8.854205276000000E-02   1.300363788000000E-02  -2.277784897800000E-01  -2.847907670900000E-02
   3.270924112400000E-01   4.721172397400000E+00   4.820731898100000E+00   2.188390337600000E-01  -8.849283150800000E-02   1.311482766300000E-02  -2.367460747300000E-01  -2.808810939500000E-02
   3.305200391300000E-01   4.770645945600000E+00   4.870279625400000E+00   2.066520586700000E-01  -8.844355432700000E-02   1.322009878200000E-02  -2.455841961700000E-01  -2.766239360800000E-02
   3.339476670200000E-01   4.820119493800000E+00   4.919749015400000E+00   1.940233132700000E-01  -8.839425980100001E-02   1.331923100500000E-02  -2.542818870200000E-01  -2.720224287500000E-02
   3.373752949100000E-01   4.869593042000000E+00   4.969139589500000E+00   1.809600277600000E-01  -8.834498681000000E-02   1.341200754900000E-02  -2.628282856100000E-01  -2.670800867200000E-02
   3.408553630800000E-01   4.919823500600000E+00   5.019204940200000E+00   1.672602830000000E-01  -8.829502217599999E-02   1.349948212000000E-02  -2.713396076000000E-01  -2.617174376500000E-02
   3.443354312500000E-01   4.970053959100000E+00   5.069188854000000E+00   1.531292177400000E-01  -8.824516094300000E-02   1.357996653800000E-02  -2.796727871500000E-01  -2.560119269200000E-02
   3.478154994300000E-01   5.020284417700000E+00   5.119091657300000E+00   1.385759966000000E-01  -8.819544394200000E-02   1.365324643700000E-02  -2.878168659900000E-01  -2.499684178700000E-02
   3.512955676000000E-01   5.070514876200000E+00   5.168913967400000E+00   1.236103061000000E-01  -8.814591176500000E-02   1.371911218700000E-02  -2.957610487000000E-01  -2.435921649400000E-02
   3.548549704200000E-01   5.121890431800000E+00   5.219789757400000E+00   1.078873995900000E-01  -8.809548352400000E-02   1.377859658200000E-02  -3.036684810000000E-01  -2.367322275400000E-02
   3.584143732400000E-01   5.173265987300000E+00   5.270583602600000E+00   9.175513912600000E-02  -8.804533315800001E-02   1.382989758100000E-02  -3.113445286400000E-01  -2.295365559700000E-02
   3.619737760600000E-01   5.224641542900000E+00   5.321297138800000E+00   7.522552988000000E-02  -8.799550235600000E-02   1.387280794600000E-02  -3.187782510400000E-01  -2.220120126000000E-02
   3.655331788800000E-01   5.276017098400000E+00   5.371932336500000E+00   5.831111049500000E-02  -8.794603187900001E-02   1.390712674500000E-02  -3.259589402600000E-01  -2.141658660100000E-02
   3.688782485700000E-01   5.324299021600000E+00   5.419449133200000E+00   4.207612064700000E-02  -8.789990420500000E-02   1.393137417700000E-02  -3.324672509100000E-01  -2.065058895100000E-02
   3.722233182500000E-01   5.372580944700000E+00   5.466900958800000E+00   2.552405555900000E-02  -8.785416173100000E-02   1.394770603200000E-02  -3.387343649100000E-01  -1.985753245900000E-02
   3.755683879400000E-01   5.420862867900000E+00   5.514290256100000E+00   8.666560210400000E-03  -8.780883524300000E-02   1.395597202200000E-02  -3.447520180300000E-01  -1.903811506400000E-02
   3.789134576300000E-01   5.469144791100000E+00   5.561619725200000E+00  -8.484337925300000E-03  -8.776395428400000E-02   1.395602757400000E-02  -3.505121665100000E-01  -1.819306400600000E-02
   3.821686911900000E-01   5.516130041600000E+00   5.607623470500000E+00  -2.544451803400000E-02  -8.772073323200000E-02   1.394806698900000E-02  -3.558629574700000E-01  -1.734681665700000E-02
   3.854239247600000E-01   5.563115292000000E+00   5.653576303600000E+00  -4.265904911900000E-02  -8.767798542700000E-02   1.393207739600000E-02  -3.609555019400000E-01  -1.647773173900000E-02
   3.886791583300000E-01   5.610100542500000E+00   5.699481391800000E+00  -6.011585198900000E-02  -8.763573405100000E-02   1.390794211700000E-02  -3.657830359400000E-01  -1.558655553200000E-02
   3.919343919000000E-01   5.657085793000000E+00   5.745342115300000E+00  -7.780253694600001E-02  -8.759400074600000E-02   1.387555022400000E-02  -3.703390237500000E-01  -1.467405793700000E-02
   3.951580203900000E-01   5.703614863500000E+00   5.790717378800000E+00  -9.553157995400000E-02  -8.755320284699999E-02   1.383523286700000E-02  -3.745769831600000E-01  -1.375018664500000E-02
   3.983816488900000E-01   5.750143934000000E+00   5.836056327300000E+00  -1.134610065800000E-01  -8.751295040000000E-02   1.378661923400000E-02  -3.785365788400000E-01  -1.280697477300000E-02
   4.016052773800000E-01   5.796673004500000E+00   5.881362818600000E+00  -1.315779342000000E-01  -8.747325941000000E-02   1.372961907900000E-02  -3.822121649400000E-01  -1.184523405600000E-02
   4.048289058800000E-01   5.843202075000000E+00   5.926640884200000E+00  -1.498692154200000E-01  -8.743414404500000E-02   1.366414821400000E-02  -3.855983406000000E-01  -1.086579589300000E-02
   4.080506954300000E-01   5.889704602700000E+00   5.971868911600000E+00  -1.683108767100000E-01  -8.739563837200000E-02   1.359017329200000E-02  -3.886882765400000E-01  -9.870083541399999E-03
   4.112724849800000E-01   5.936207130400000E+00   6.017077080700000E+00  -1.868996765000000E-01  -8.735773016400000E-02   1.350758778400000E-02  -3.914791014300000E-01  -8.858409996700000E-03
   4.144942745400000E-01   5.982709658100000E+00   6.062269876000000E+00  -2.056217507800000E-01  -8.732042761700000E-02   1.341632648500000E-02  -3.939661904500000E-01  -7.831658976800000E-03
   4.177160640900000E-01   6.029212185800000E+00   6.107451911900000E+00  -2.244630078500000E-01  -8.728373681000000E-02   1.331633069000000E-02  -3.961451845300000E-01  -6.790730309000000E-03
   4.209983571500000E-01   6.076588006400000E+00   6.153476275900000E+00  -2.437658455200000E-01  -8.724699008300001E-02   1.320542105900000E-02  -3.980440410400000E-01  -5.716620992200000E-03
   4.242806502000000E-01   6.123963826900000E+00   6.199499500100000E+00  -2.631621762100000E-01  -8.721088409500000E-02   1.308534379100000E-02  -3.996148488400000E-01  -4.629729087200000E-03
   4.275629432600000E-01   6.171339647400000E+00   6.245526794800000E+00  -2.826364327200000E-01  -8.717541815300001E-02   1.295605827400000E-02  -4.008538784800000E-01  -3.531051498700000E-03
   4.308452363200000E-01   6.218715468000000E+00   6.291563450300000E+00  -3.021728454400000E-01  -8.714058907900001E-02   1.281753132200000E-02  -4.017577051200000E-01  -2.421598261700000E-03
   4.341896894500000E-01   6.266988492000000E+00   6.338487119200000E+00  -3.221266495900000E-01  -8.710574957200000E-02   1.266684879100000E-02  -4.023306388000000E-01  -1.281108549400000E-03
   4.375341425900000E-01   6.315261516000000E+00   6.385431779500000E+00  -3.421113368800000E-01  -8.707155660400000E-02   1.250652580800000E-02  -4.025493545900000E-01  -1.315853613000000E-04
   4.408785957200000E-01   6.363534540100000E+00   6.432403172300000E+00  -3.621096505500000E-01  -8.703799865600000E-02   1.233655162600000E-02  -4.024112286400000E-01   1.025867986000000E-03
   4.442230488600000E-01   6.411807564100000E+00   6.479407047900000E+00  -3.821041666400000E-01  -8.700506143599999E-02   1.215692386900000E-02  -4.019139798100000E-01   2.190138964400000E-03
   4.476780740300000E-01   6.461676558000000E+00   6.528005138700000E+00  -4.027370752700000E-01  -8.697166897399999E-02   1.196122630600000E-02  -4.010211102000000E-01   3.398871971200000E-03
   4.511330992000000E-01   6.511545552000000E+00   6.576650311600000E+00  -4.233276331600000E-01  -8.693889881800000E-02   1.175524906200000E-02  -3.997411705000000E-01   4.612442091300000E-03
   4.545881243800000E-01   6.561414546000000E+00   6.625348792700000E+00  -4.438561620000000E-01  -8.690672593500000E-02   1.153901816000000E-02  -3.980728144200000E-01   5.829600506300000E-03
   4.580431495500000E-01   6.611283539900000E+00   6.674106719100000E+00  -4.643028579200000E-01  -8.687512220700000E-02   1.131256946900000E-02  -3.960150954900000E-01   7.049093835300000E-03
   4.614455290600000E-01   6.660392659100000E+00   6.722185652400000E+00  -4.843386656700000E-01  -8.684452597099999E-02   1.107963029800000E-02  -3.936076902800000E-01   8.251065320100000E-03
   4.648479085600000E-01   6.709501778300000E+00   6.770333697000000E+00  -5.042567019600001E-01  -8.681441890400000E-02   1.083687985300000E-02  -3.908220275600000E-01   9.452881098699999E-03
   4.682502880700000E-01   6.758610897500000E+00   6.818556316300000E+00  -5.240377974100000E-01  -8.678476572100000E-02   1.058438067500000E-02  -3.876583453900000E-01   1.065333971300000E-02
   4.716526675800000E-01   6.807720016800000E+00   6.866858794300000E+00  -5.436627318700000E-01  -8.675552849700000E-02   1.032220473400000E-02  -3.841172597200000E-01   1.185124097800000E-02
   4.748997124600000E-01   6.854587073700000E+00   6.913035180600000E+00  -5.622283836999999E-01  -8.672797684899999E-02   1.006304886300000E-02  -3.803867981100000E-01   1.299096759700000E-02
   4.781467573400000E-01   6.901454130600000E+00   6.959293157700000E+00  -5.806175226000000E-01  -8.670072993600000E-02   9.795232527599999E-03  -3.763146920700000E-01   1.412623655700000E-02
   4.813938022200000E-01   6.948321187600000E+00   7.005636745900000E+00  -5.988134027999999E-01  -8.667374857200000E-02   9.518842377500000E-03  -3.719024355900000E-01   1.525601458100000E-02
   4.846408471000000E-01   6.995188244500000E+00   7.052069742700000E+00  -6.167992955900000E-01  -8.664699173800000E-02   9.233972908200000E-03  -3.671518321700000E-01   1.637927372500000E-02
   4.878224555400000E-01   7.041110807700000E+00   7.097657147600000E+00  -6.342029557300000E-01  -8.662095073200000E-02   8.946718135599999E-03  -3.621708108300000E-01   1.747258872300000E-02
   4.910040639700000E-01   7.087033370900000E+00   7.143336921800000E+00  -6.513733115900000E-01  -8.659504254100001E-02   8.651524128799999E-03  -3.568692396200000E-01   1.855770964200000E-02
   4.941856724000000E-01   7.132955934000000E+00   7.189111924600000E+00  -6.682947588200000E-01  -8.656922408300000E-02   8.348501611400000E-03  -3.512496692600000E-01   1.963368979200000E-02
   4.973672808400000E-01   7.178878497200000E+00   7.234984751300000E+00  -6.849517659700000E-01  -8.654345102600000E-02   8.037768456500000E-03  -3.453149277900000E-01   2.069959092700000E-02
   5.005536643200000E-01   7.224869982300000E+00   7.281026796200000E+00  -7.013532494800000E-01  -8.651763919400000E-02   7.718966275300000E-03  -3.390585099200000E-01   2.175605848600000E-02
   5.037400478000000E-01   7.270861467400000E+00   7.327171326600000E+00  -7.174585961800000E-01  -8.649178060800000E-02   7.392688320800000E-03  -3.324924769600000E-01   2.280056181700000E-02
   5.069264312900000E-01   7.316852952400000E+00   7.373420080900000E+00  -7.332525146500000E-01  -8.646582772899999E-02   7.059074310000000E-03  -3.256204894900000E-01   2.383218877200000E-02
   5.101128147700000E-01   7.362844437500000E+00   7.419774485500000E+00  -7.487198476400000E-01  -8.643973228600001E-02   6.718270962000000E-03  -3.184464752400000E-01   2.485003885800000E-02
   5.133668856300000E-01   7.409812905800000E+00   7.467223770900000E+00  -7.641630842200000E-01  -8.641288457900000E-02   6.362967743700000E-03  -3.108127049500000E-01   2.587436879000000E-02
   5.166209564899999E-01   7.456781374000000E+00   7.514785217100000E+00  -7.792342538300000E-01  -8.638578471800000E-02   6.000497839400000E-03  -3.028730564000000E-01   2.688247222900000E-02
   5.198750273600000E-01   7.503749842300000E+00   7.562459278900000E+00  -7.939177491300000E-01  -8.635837990700000E-02   5.631039673500000E-03  -2.946325515400000E-01   2.787343237000000E-02
   5.231290982200000E-01   7.550718310500000E+00   7.610246036300000E+00  -8.081981787600000E-01  -8.633061722700000E-02   5.254778950000000E-03  -2.860964859000000E-01   2.884634813100000E-02
   5.264809654400000E-01   7.599098347700000E+00   7.659586462500000E+00  -8.224703623200000E-01  -8.630159017300000E-02   4.860301712600000E-03  -2.770007413500000E-01   2.982870335600000E-02
   5.298328326600000E-01   7.647478384800000E+00   7.709045384700000E+00  -8.362825199900000E-01  -8.627206977100001E-02   4.459030222700000E-03  -2.676036833900000E-01   3.079002677600000E-02
   5.331846998799999E-01   7.695858422000000E+00   7.758621610600000E+00  -8.496186710300000E-01  -8.624199897199999E-02   4.051190914400000E-03  -2.579119764100000E-01   3.172939047300000E-02
   5.365365671100000E-01   7.744238459100000E+00   7.808313508100000E+00  -8.624631602100000E-01  -8.621132140800000E-02   3.637017874200000E-03  -2.479325693200000E-01   3.264588719700000E-02
   5.397154877100000E-01   7.790122226800000E+00   7.855546444800000E+00  -8.741767404300000E-01  -8.618161570900000E-02   3.238582289500000E-03  -2.382088138900000E-01   3.349316299000000E-02
   5.428944083200000E-01   7.836005994500000E+00   7.902879430700000E+00  -8.854215567000000E-01  -8.615126791400000E-02   2.834879139600000E-03  -2.282391710300000E-01   3.431833608000000E-02
   5.460733289200000E-01   7.881889762200000E+00   7.950309979600000E+00  -8.961851669100001E-01  -8.612023267700000E-02   2.426126372700000E-03  -2.180302454600000E-01   3.512068720000000E-02
   5.492522495300000E-01   7.927773529900000E+00   7.997835254800000E+00  -9.064554570900000E-01  -8.608846587800000E-02   2.012547570600000E-03  -2.075888506500000E-01   3.589951575100000E-02
   5.523707286600000E-01   7.972784900200000E+00   8.044545892400000E+00  -9.160397691800000E-01  -8.605655095100000E-02   1.602364103100000E-03  -1.971268729900000E-01   3.664002218800000E-02
   5.554892078000000E-01   8.017796270400000E+00   8.091341302500000E+00  -9.251272351499999E-01  -8.602385194700000E-02   1.187978031900000E-03  -1.864547433200000E-01   3.735661089400000E-02
   5.586076869400000E-01   8.062807640699999E+00   8.138217852700000E+00  -9.337074236400000E-01  -8.599033151900000E-02   7.696153496200000E-04  -1.755794480700000E-01   3.804867506100000E-02
   5.617261660800000E-01   8.107819011000000E+00   8.185171608299999E+00  -9.417702616900000E-01  -8.595595402400000E-02   3.475066633600000E-04  -1.645081460200000E-01   3.871562656300000E-02
   5.648310272700000E-01   8.152633823000000E+00   8.231992828399999E+00  -9.492742982100000E-01  -8.592084164200001E-02  -7.624704885700001E-05  -1.532977333600000E-01   3.935415253400000E-02
   5.679358884500000E-01   8.197448635100001E+00   8.278881933199999E+00  -9.562466758200000E-01  -8.588481470500001E-02  -5.032448799500000E-04  -1.419076735900000E-01   3.996667770500000E-02
   5.710407496400000E-01   8.242263447099999E+00   8.325834197800001E+00  -9.626785852500001E-01  -8.584784384400000E-02  -9.332465855300000E-04  -1.303455089100000E-01   4.055267852200000E-02
   5.741456108300000E-01   8.287078259099999E+00   8.372844637400000E+00  -9.685616167800000E-01  -8.580990186500000E-02  -1.366008062900000E-03  -1.186189290600000E-01   4.111165086900000E-02
   5.772838964800000E-01   8.332375511900000E+00   8.420414934000000E+00  -9.739420497100000E-01  -8.577053917900000E-02  -1.805980080600000E-03  -1.066070184900000E-01   4.164868015300000E-02
   5.804221821400000E-01   8.377672764600000E+00   8.468033668800000E+00  -9.787457265800000E-01  -8.573013567300000E-02  -2.248258938900000E-03  -9.444336490800000E-02   4.215712136300000E-02
   5.835604677900000E-01   8.422970017300001E+00   8.515694961900000E+00  -9.829652727800000E-01  -8.568867073600001E-02  -2.692581703000000E-03  -8.213633329000000E-02   4.263651586700000E-02
   5.866987534500000E-01   8.468267270000000E+00   8.563392716199999E+00  -9.865937724500000E-01  -8.564612646399999E-02  -3.138682201400000E-03  -6.969441866600000E-02   4.308642622300000E-02
   5.899026335200001E-01   8.514511296600000E+00   8.612118485800000E+00  -9.896817104400000E-01  -8.560156388000000E-02  -3.595660999500000E-03  -5.686226391100000E-02   4.351489325400000E-02
   5.931065135900000E-01   8.560755323200000E+00   8.660868788100000E+00  -9.921405675100000E-01  -8.555584769400000E-02  -4.053922554200000E-03  -4.390781023500000E-02   4.391177765400000E-02
   5.963103936700000E-01   8.606999349800001E+00   8.709636539900000E+00  -9.939645204000001E-01  -8.550896819500001E-02  -4.513174594900000E-03  -3.084047558000000E-02   4.427668354900000E-02
   5.995142737400000E-01   8.653243376400001E+00   8.758414495000000E+00  -9.951482791700000E-01  -8.546091898400000E-02  -4.973122281500000E-03  -1.766979166800000E-02   4.460923888700000E-02
   6.029111741400000E-01   8.702273411500000E+00   8.810134025500000E+00  -9.956988619000000E-01  -8.540869416700000E-02  -5.461208532400000E-03  -3.603493504200000E-03   4.492610916600000E-02
   6.063080745500000E-01   8.751303446700000E+00   8.861847759200000E+00  -9.955194651400000E-01  -8.535515173900000E-02  -5.949385957100000E-03   1.055653513300000E-02   4.520583736200000E-02
   6.097049749500000E-01   8.800333481899999E+00   8.913546615100000E+00  -9.946057962600000E-01  -8.530029676799999E-02  -6.437295577500000E-03   2.479856862900000E-02   4.544806911900000E-02
   6.131018753600000E-01   8.849363517000000E+00   8.965221415300000E+00  -9.929542656800000E-01  -8.524413879400000E-02  -6.924576483500000E-03   3.911077490500000E-02   4.565248107600000E-02
   6.164852567100000E-01   8.898198421500000E+00   9.016657467400000E+00  -9.905729830900000E-01  -8.518692303700000E-02  -7.408933252100000E-03   5.342393306800000E-02   4.581819511500000E-02
   6.198686380700000E-01   8.947033326000000E+00   9.068051307599999E+00  -9.874546936100000E-01  -8.512844694500001E-02  -7.891947226200000E-03   6.778299861900000E-02   4.594584221500000E-02
   6.232520194200000E-01   8.995868230499999E+00   9.119393757799999E+00  -9.835979522600000E-01  -8.506873337400001E-02  -8.373258119999999E-03   8.217602318099999E-02   4.603519580900000E-02
   6.266354007800000E-01   9.044703135000001E+00   9.170675662700001E+00  -9.790020166400000E-01  -8.500780965700000E-02  -8.852505113599999E-03   9.659099237300001E-02   4.608606065000000E-02
   6.298550546900000E-01   9.091174837400001E+00   9.219411410999999E+00  -9.739420380100000E-01  -8.494873941500000E-02  -9.306314200600000E-03   1.103177468500000E-01   4.609857409200000E-02
   6.330747086100000E-01   9.137646539800000E+00   9.268076310900000E+00  -9.682131893500000E-01  -8.488863319700000E-02  -9.757616369700000E-03   1.240430012200000E-01   4.607597077000000E-02
   6.362943625200000E-01   9.184118242200000E+00   9.316662679100000E+00  -9.618165979800000E-01  -8.482752571500000E-02  -1.020610103500000E-02   1.377562845100000E-01   4.601816240200000E-02
   6.395140164400001E-01   9.230589944600000E+00   9.365162947500000E+00  -9.547539609800000E-01  -8.476545522499999E-02  -1.065145826700000E-02   1.514471033600000E-01   4.592508700200000E-02
   6.426732248800000E-01   9.276189191800000E+00   9.412661805899999E+00  -9.471786943700000E-01  -8.470365429100001E-02  -1.108511598600000E-02   1.648489059100000E-01   4.579944442900000E-02
   6.458324333200000E-01   9.321788438900001E+00   9.460063738700001E+00  -9.389669974700000E-01  -8.464100899200000E-02  -1.151517421700000E-02   1.782090281400000E-01   4.563980356600000E-02
   6.489916417700000E-01   9.367387686000001E+00   9.507362044100001E+00  -9.301220497500000E-01  -8.457756505800000E-02  -1.194134346600000E-02   1.915175377200000E-01   4.544618047500000E-02
   6.521508502100000E-01   9.412986933199999E+00   9.554550209500000E+00  -9.206475409900000E-01  -8.451337123000000E-02  -1.236333580800000E-02   2.047645106900000E-01   4.521861610500000E-02
   6.552987272400000E-01   9.458422625400001E+00   9.601453307900000E+00  -9.105850038800000E-01  -8.444871311900000E-02  -1.277937581800000E-02   2.178929197400000E-01   4.495817456200000E-02
   6.584466042700000E-01   9.503858317700001E+00   9.648234780399999E+00  -8.999062190700000E-01  -8.438341569299999E-02  -1.319070365500000E-02   2.309406148400000E-01   4.466419028700000E-02
   6.615944812900000E-01   9.549294010000001E+00   9.694888856500000E+00  -8.886163104100000E-01  -8.431753553100001E-02  -1.359704047500000E-02   2.438978463300000E-01   4.433677819300000E-02
   6.647423583199999E-01   9.594729702200000E+00   9.741410025900000E+00  -8.767208774000000E-01  -8.425113177400000E-02  -1.399810987100000E-02   2.567549016400000E-01   4.397607815700000E-02
   6.679718273800000E-01   9.641343074000000E+00   9.788993406199999E+00  -8.638942111400000E-01  -8.418252729700000E-02  -1.440381393200000E-02   2.698309690100000E-01   4.357160857900000E-02
   6.712012964400000E-01   9.687956445899999E+00   9.836426060599999E+00  -8.504436655299999E-01  -8.411350560100000E-02  -1.480339335500000E-02   2.827810400100000E-01   4.313248233500000E-02
   6.744307655100000E-01   9.734569817700001E+00   9.883703000900001E+00  -8.363767912400000E-01  -8.404413811600001E-02  -1.519655907600000E-02   2.955947972100000E-01   4.265893291600000E-02
   6.776602345700000E-01   9.781183189500000E+00   9.930819598599999E+00  -8.217016259400000E-01  -8.397449851000000E-02  -1.558302566700000E-02   3.082619971000000E-01   4.215122179600000E-02
   6.808637018500000E-01   9.827421257999999E+00   9.977394236800000E+00  -8.065520402900000E-01  -8.390522539500000E-02  -1.595948475900000E-02   3.206724034300000E-01   4.161413341800000E-02
   6.840671691300000E-01   9.873659326500000E+00   1.002380314400000E+01  -7.908210579800000E-01  -8.383583484100000E-02  -1.632880420900000E-02   3.329187737200000E-01   4.104402588200000E-02
   6.872706364100000E-01   9.919897394900000E+00   1.007004293700000E+01  -7.745178774500000E-01  -8.376640427000000E-02  -1.669071730700000E-02   3.449913741400000E-01   4.044123620500000E-02
   6.904741036900000E-01   9.966135463400001E+00   1.011611064100000E+01  -7.576521230200000E-01  -8.369701257300000E-02  -1.704496169600000E-02   3.568805747300000E-01   3.980612856500000E-02
   6.937106201600000E-01   1.001285055600000E+01   1.016247623600000E+01  -7.400512911200000E-01  -8.362702617600000E-02  -1.739481020700000E-02   3.686964854900000E-01   3.913204773900000E-02
   6.969471366200000E-01   1.005956564800000E+01   1.020866135300000E+01  -7.218972346600000E-01  -8.355724513200000E-02  -1.773630681900000E-02   3.803057850600000E-01   3.842580977700000E-02
   7.001836530800000E-01   1.010628074000000E+01   1.025466424100000E+01  -7.032011269800000E-01  -8.348775417300000E-02  -1.806919569600000E-02   3.916989156000000E-01   3.768787440800000E-02
   7.034201695500000E-01   1.015299583300000E+01   1.030048361200000E+01  -6.839745332400000E-01  -8.341863873600000E-02  -1.839322630800000E-02   4.028664610700000E-01   3.691872935800000E-02
   7.069143390800000E-01   1.020342982700000E+01   1.034974363000000E+01  -6.626356054600000E-01  -8.334454175200000E-02  -1.873282602400000E-02   4.146591218800000E-01   3.605391347900000E-02
   7.104085086200000E-01   1.025386382100000E+01   1.039878838800000E+01  -6.407078030900000E-01  -8.327109114200000E-02  -1.906151449900000E-02   4.261666005200000E-01   3.515400740700000E-02
   7.139026781600000E-01   1.030429781500000E+01   1.044761812500000E+01  -6.182071083400000E-01  -8.319839542400000E-02  -1.937899876100000E-02   4.373776726200000E-01   3.421973334700000E-02
   7.173968477000000E-01   1.035473181000000E+01   1.049623373600000E+01  -5.951499597900000E-01  -8.312656283300000E-02  -1.968499401000000E-02   4.482813531600000E-01   3.325185037900000E-02
   7.206170976300000E-01   1.040121211500000E+01   1.054084992900000E+01  -5.734221544300000E-01  -8.306121856199999E-02  -1.995658944000000E-02   4.580488064900000E-01   3.233076829600000E-02
   7.238373475600000E-01   1.044769242000000E+01   1.058528727600000E+01  -5.512495753200000E-01  -8.299678238300000E-02  -2.021798182000000E-02   4.675378484100000E-01   3.138246526600000E-02
   7.270575974900000E-01   1.049417272500000E+01   1.062954795900000E+01  -5.286460350800000E-01  -8.293333692800001E-02  -2.046896762200000E-02   4.767404714600000E-01   3.040761655700000E-02
   7.302778474200000E-01   1.054065303000000E+01   1.067363463700000E+01  -5.056256220100001E-01  -8.287096370400000E-02  -2.070934980000000E-02   4.856488730600000E-01   2.940692254500000E-02
   7.334081294800000E-01   1.058583476100000E+01   1.071632579600000E+01  -4.828624184800000E-01  -8.281143693199999E-02  -2.093267186900000E-02   4.940191746300000E-01   2.841010213000000E-02
   7.365384115400000E-01   1.063101649200000E+01   1.075885877500000E+01  -4.597322813300000E-01  -8.275307131500000E-02  -2.114562572300000E-02   5.020975181400000E-01   2.739023323700000E-02
   7.396686936000000E-01   1.067619822200000E+01   1.080123727200000E+01  -4.362488343400000E-01  -8.269593749600000E-02  -2.134804864800000E-02   5.098773328300000E-01   2.634802476400000E-02
   7.427989756600000E-01   1.072137995300000E+01   1.084346538400000E+01  -4.124259051200000E-01  -8.264010435499999E-02  -2.153978413200000E-02   5.173522561400000E-01   2.528420617300000E-02
   7.459135366000000E-01   1.076633476900000E+01   1.088533661200000E+01  -3.883995854300000E-01  -8.258590886000000E-02  -2.171980075200000E-02   5.244809473499999E-01   2.420502538900000E-02
   7.490280975400000E-01   1.081128958500000E+01   1.092706821100000E+01  -3.640650599900000E-01  -8.253313116400000E-02  -2.188894657700000E-02   5.312958738900000E-01   2.310595039500000E-02
   7.521426584699999E-01   1.085624440100000E+01   1.096866535000000E+01  -3.394364933500000E-01  -8.248183288300000E-02  -2.204708623400000E-02   5.377914163100000E-01   2.198775698500000E-02
   7.552572194100000E-01   1.090119921700000E+01   1.101013355700000E+01  -3.145282130200000E-01  -8.243207322700000E-02  -2.219409075600000E-02   5.439621812200000E-01   2.085123875400000E-02
   7.583929846500000E-01   1.094646009000000E+01   1.105175977700000E+01  -2.891824419000000E-01  -8.238358654200000E-02  -2.233072297200000E-02   5.498416287600000E-01   1.968929155700000E-02
   7.615287498800000E-01   1.099172096400000E+01   1.109326758900000E+01  -2.635827464800000E-01  -8.233677197900000E-02  -2.245582543800000E-02   5.553816014100000E-01   1.851043533200000E-02
   7.646645151200000E-01   1.103698183700000E+01   1.113466365300000E+01  -2.377441987700000E-01  -8.229168163000000E-02  -2.256928663500000E-02   5.605773195600000E-01   1.731553042200000E-02
   7.678002803500000E-01   1.108224271100000E+01   1.117595494300000E+01  -2.116820052200000E-01  -8.224836450299999E-02  -2.267100189400000E-02   5.654242553600000E-01   1.610545249800000E-02
   7.709944794800000E-01   1.112834700500000E+01   1.121791548300000E+01  -1.849200794600000E-01  -8.220611062700001E-02  -2.276243518000000E-02   5.699985018100000E-01   1.485814644500000E-02
   7.741886786200000E-01   1.117445130000000E+01   1.125978283700000E+01  -1.579583411000000E-01  -8.216578899900000E-02  -2.284148337700000E-02   5.742021762700000E-01   1.359697587800000E-02
   7.773828777500000E-01   1.122055559400000E+01   1.130156526900000E+01  -1.308132458600000E-01  -8.212744068000000E-02  -2.290805815300000E-02   5.780313256500000E-01   1.232290995000000E-02
   7.805770768800000E-01   1.126665988800000E+01   1.134327130700000E+01  -1.035013635500000E-01  -8.209110286400000E-02  -2.296207879000000E-02   5.814822850300000E-01   1.103693055500000E-02
   7.838852628300000E-01   1.131440944000000E+01   1.138639447300000E+01  -7.505681092200001E-02  -8.205562310400000E-02  -2.300471519100000E-02   5.846541236800000E-01   9.693561560600000E-03
   7.871934487900000E-01   1.136215899300000E+01   1.142945509300000E+01  -4.646988550800000E-02  -8.202236776000001E-02  -2.303373470900000E-02   5.874132688400000E-01   8.339595563500000E-03
   7.905016347400000E-01   1.140990854500000E+01   1.147246338000000E+01  -1.775933560600000E-02  -8.199136426600000E-02  -2.304907383600000E-02   5.897566503000000E-01   6.976159461400000E-03
   7.938098206899999E-01   1.145765809700000E+01   1.151542974500000E+01   1.105598987800000E-02  -8.196263512800001E-02  -2.305067803800000E-02   5.916815441600000E-01   5.604389879900000E-03
   7.974649359700000E-01   1.151041514300000E+01   1.156286598100000E+01   4.299221116900000E-02  -8.193355869799999E-02  -2.303642496500000E-02   5.933188354900000E-01   4.080451010500000E-03
   8.011200512500000E-01   1.156317218900000E+01   1.161027843000000E+01   7.500753764400001E-02  -8.190729628800000E-02  -2.300530128600000E-02   5.944396678200000E-01   2.549291720800000E-03
   8.047751665300000E-01   1.161592923500000E+01   1.165768171500000E+01   1.070761800000000E-01  -8.188385659200000E-02  -2.295727206600000E-02   5.950418641900000E-01   1.012474717500000E-03
   8.084302818000000E-01   1.166868628100000E+01   1.170509056800000E+01   1.391722416700000E-01  -8.186324056100000E-02  -2.289231600700000E-02   5.951237770100000E-01  -5.284311459100000E-04
   8.118412224600000E-01   1.171791897000000E+01   1.174935041400000E+01   1.691259820800000E-01  -8.184654285800000E-02  -2.281642387400000E-02   5.947299158400000E-01  -1.968700095100000E-03
   8.152521631100000E-01   1.176715165800000E+01   1.179364002300000E+01   1.990597722500000E-01  -8.183228658600000E-02  -2.272578874800000E-02   5.938814960800000E-01  -3.409880398100000E-03
   8.186631037600000E-01   1.181638434700000E+01   1.183797139300000E+01   2.289523628500000E-01  -8.182045413600000E-02  -2.262042568200000E-02   5.925784320200000E-01  -4.850692782700000E-03
   8.220740444200000E-01   1.186561703600000E+01   1.188235645100000E+01   2.587824547800000E-01  -8.181102200900001E-02  -2.250036020100000E-02   5.908210412800000E-01  -6.289859826100000E-03
   8.254205550200000E-01   1.191391975700000E+01   1.192596670800000E+01   2.879677303300000E-01  -8.180407247400000E-02  -2.236830894200000E-02   5.886560050500000E-01  -7.699012603300000E-03
   8.287670656200000E-01   1.196222247800000E+01   1.196965106500000E+01   3.170521168000000E-01  -8.179937206800000E-02  -2.222218395300000E-02   5.860553914000000E-01  -9.104156454500001E-03
   8.321135762300000E-01   1.201052519900000E+01   1.201342039500000E+01   3.460154048700000E-01  -8.179688236900000E-02  -2.206203884700000E-02   5.830206258700000E-01  -1.050409872900000E-02
   8.354600868299999E-01   1.205882792000000E+01   1.205728537100000E+01   3.748373697300000E-01  -8.179655975000000E-02  -2.188793700300000E-02   5.795535020300000E-01  -1.189765406200000E-02
   8.386432482400000E-01   1.210477289800000E+01   1.209910751600000E+01   4.021028688700000E-01  -8.179821943800000E-02  -2.170944856500000E-02   5.758563648300000E-01  -1.321618611200000E-02
   8.418264096500000E-01   1.215071787700000E+01   1.214103442800000E+01   4.292047885100000E-01  -8.180174962099999E-02  -2.151846991100000E-02   5.717721616800000E-01  -1.452687018100000E-02
   8.450095710600000E-01   1.219666285500000E+01   1.218307463800000E+01   4.561257274000000E-01  -8.180710019800000E-02  -2.131508019600000E-02   5.673033498100000E-01  -1.582871092200000E-02
   8.481927324700000E-01   1.224260783400000E+01   1.222523642100000E+01   4.828483007400000E-01  -8.181421720700000E-02  -2.109936656600000E-02   5.624526780300000E-01  -1.712072302400000E-02
   8.513062718100000E-01   1.228754790400000E+01   1.226660133000000E+01   5.087778201299999E-01  -8.182283205300001E-02  -2.087653979800000E-02   5.573415925600000E-01  -1.837403184800000E-02
   8.544198111500000E-01   1.233248797500000E+01   1.230809738900000E+01   5.344847305500000E-01  -8.183302436900000E-02  -2.064210970100000E-02   5.518711802700000E-01  -1.961610408000000E-02
   8.575333505000000E-01   1.237742804500000E+01   1.234973148900000E+01   5.599528549500000E-01  -8.184473366000000E-02  -2.039617995100000E-02   5.460448052200000E-01  -2.084605049900000E-02
   8.606468898400000E-01   1.242236811600000E+01   1.239151020200000E+01   5.851660631000000E-01  -8.185789640700000E-02  -2.013886148400000E-02   5.398660857899999E-01  -2.206299425000000E-02
   8.637448319500000E-01   1.246708305900000E+01   1.243322933200000E+01   6.099840340700000E-01  -8.187236997199999E-02  -1.987164585100000E-02   5.333724509300000E-01  -2.326008067400000E-02
   8.668427740600000E-01   1.251179800300000E+01   1.247510359500000E+01   6.345179509700000E-01  -8.188814863299999E-02  -1.959339579900000E-02   5.265378773600000E-01  -2.444260178100000E-02
   8.699407161700000E-01   1.255651294700000E+01   1.251713842200000E+01   6.587521170900000E-01  -8.190516179900000E-02  -1.930424185400000E-02   5.193666567000000E-01  -2.560973433700000E-02
   8.730386582700000E-01   1.260122789100000E+01   1.255933886000000E+01   6.826709192000000E-01  -8.192333653900000E-02  -1.900432154100000E-02   5.118633143000000E-01  -2.676066982400000E-02
   8.761564736400000E-01   1.264622968000000E+01   1.260198193300000E+01   7.064090521100000E-01  -8.194272464000001E-02  -1.869175326100000E-02   5.039813253300000E-01  -2.790183266800000E-02
   8.792742890000000E-01   1.269123147000000E+01   1.264480179800000E+01   7.297963290400000E-01  -8.196313457200000E-02  -1.836858075700000E-02   4.957728339100000E-01  -2.902499402700000E-02
   8.823921043700000E-01   1.273623325900000E+01   1.268780235600000E+01   7.528171571300000E-01  -8.198448589000000E-02  -1.803496543200000E-02   4.872431432500000E-01  -3.012937820300000E-02
   8.855099197300000E-01   1.278123504900000E+01   1.273098706400000E+01   7.754560752500000E-01  -8.200669649200000E-02  -1.769107567600000E-02   4.783977777700000E-01  -3.121422671700000E-02
   8.887431770400001E-01   1.282790309900000E+01   1.277596847100000E+01   7.985134745300000E-01  -8.203054769800000E-02  -1.732378828700000E-02   4.688976158500000E-01  -3.231781738300000E-02
   8.919764343500000E-01   1.287457115000000E+01   1.282115398200000E+01   8.211267831700000E-01  -8.205513849399999E-02  -1.694584343400000E-02   4.590707872400000E-01  -3.339879664000000E-02
   8.952096916600000E-01   1.292123920000000E+01   1.286654588100000E+01   8.432792972599999E-01  -8.208037308100000E-02  -1.655745226700000E-02   4.489241714500000E-01  -3.445638018300000E-02
   8.984429489700000E-01   1.296790725100000E+01   1.291214590400000E+01   8.649545281400000E-01  -8.210615472600000E-02  -1.615883368300000E-02   4.384648792800000E-01  -3.548980546900000E-02
   9.017590572700001E-01   1.301577115200000E+01   1.295913183100000E+01   8.866723631900000E-01  -8.213306320200001E-02  -1.573961415100000E-02   4.274204613200000E-01  -3.652384156000000E-02
   9.050751655600000E-01   1.306363505400000E+01   1.300633857100000E+01   9.078537750300000E-01  -8.216033906900000E-02  -1.531012731500000E-02   4.160630078000000E-01  -3.753091237500000E-02
   9.083912738600000E-01   1.311149895500000E+01   1.305376615100000E+01   9.284817962100000E-01  -8.218787661599999E-02  -1.487063399600000E-02   4.044009045400000E-01  -3.851026881400000E-02
   9.117073821500000E-01   1.315936285600000E+01   1.310141396500000E+01   9.485397771200000E-01  -8.221557027199999E-02  -1.442140305900000E-02   3.924427632400000E-01  -3.946118722800000E-02
   9.149038490500000E-01   1.320549988300000E+01   1.314755000700000E+01   9.673192700500000E-01  -8.224231419300000E-02  -1.397942164400000E-02   3.806441042200000E-01  -4.035022714000000E-02
   9.181003159500000E-01   1.325163691000000E+01   1.319388787300000E+01   9.855396623800000E-01  -8.226901192900000E-02  -1.352890436700000E-02   3.685866801600000E-01  -4.121159301500000E-02
   9.212967828500001E-01   1.329777393600000E+01   1.324042536200000E+01   1.003186991500000E+00  -8.229557085800000E-02  -1.307011241000000E-02   3.562787588400000E-01  -4.204470499100000E-02
   9.244932497500000E-01   1.334391096300000E+01   1.328715973800000E+01   1.020247642000000E+00  -8.232189950000000E-02  -1.260331331500000E-02   3.437287761100000E-01  -4.284900579500000E-02
   9.276303947900000E-01   1.338919175200000E+01   1.333321507700000E+01   1.036408416000000E+00  -8.234742851800000E-02  -1.213765623700000E-02   3.311846459900000E-01  -4.360984912500000E-02
   9.307675398300000E-01   1.343447254200000E+01   1.337945334000000E+01   1.051979150500000E+00  -8.237256524800000E-02  -1.166481457300000E-02   3.184239096800000E-01  -4.434194161400000E-02
   9.339046848700000E-01   1.347975333100000E+01   1.342587047500000E+01   1.066948049600000E+00  -8.239722776600000E-02  -1.118505817800000E-02   3.054549769900000E-01  -4.504482025800000E-02
   9.370418299100000E-01   1.352503412000000E+01   1.347246196000000E+01   1.081303704900000E+00  -8.242133609400000E-02  -1.069866215900000E-02   2.922863890000000E-01  -4.571804316500000E-02
   9.401087572700000E-01   1.356930140500000E+01   1.351817437200000E+01   1.094734672800000E+00  -8.244429438600000E-02  -1.021700342400000E-02   2.792278618100000E-01  -4.634712620200000E-02
   9.431756846300000E-01   1.361356868900000E+01   1.356404359900000E+01   1.107559127300000E+00  -8.246657805000000E-02  -9.729533056400000E-03   2.659950072400000E-01  -4.694709028400000E-02
   9.462426119900000E-01   1.365783597400000E+01   1.361006418700000E+01   1.119767571400000E+00  -8.248811886700000E-02  -9.236521653800000E-03   2.525961358800000E-01  -4.751758095800000E-02
   9.493095393500000E-01   1.370210325800000E+01   1.365623030200000E+01   1.131350919100000E+00  -8.250885111900000E-02  -8.738243927100001E-03   2.390396561100000E-01  -4.805826294500000E-02
   9.523697181600000E-01   1.374627313600000E+01   1.370243369800000E+01   1.142277114900000E+00  -8.252866903599999E-02  -8.236091198600000E-03   2.253643846900000E-01  -4.856772995000000E-02
   9.554298969600000E-01   1.379044301300000E+01   1.374876929200000E+01   1.152564163600000E+00  -8.254755930400000E-02  -7.729253252500000E-03   2.115491929600000E-01  -4.904690941000000E-02
   9.584900757700000E-01   1.383461289000000E+01   1.379523023900000E+01   1.162204337700000E+00  -8.256546503600000E-02  -7.218014115600000E-03   1.976026929000000E-01  -4.949552502000000E-02
   9.615502545700000E-01   1.387878276800000E+01   1.384180938100000E+01   1.171190366200000E+00  -8.258233243700000E-02  -6.702661126900000E-03   1.835335720300000E-01  -4.991331924700000E-02
   9.646679211800000E-01   1.392378241000000E+01   1.388937737000000E+01   1.179665471300000E+00  -8.259839661600001E-02  -6.173696920900000E-03   1.690831174300000E-01  -5.030701968100000E-02
   9.677855877800000E-01   1.396878205200000E+01   1.393705210500000E+01   1.187447877000000E+00  -8.261328071300000E-02  -5.641074571800000E-03   1.545238125500000E-01  -5.066824935900000E-02
   9.709032543900000E-01   1.401378169500000E+01   1.398482511700000E+01   1.194531425200000E+00  -8.262693859400000E-02  -5.105107188800000E-03   1.398650515400000E-01  -5.099679560400000E-02
   9.740209209900000E-01   1.405878133700000E+01   1.403268768300000E+01   1.200910493200000E+00  -8.263932799100000E-02  -4.566110531900000E-03   1.251162870000000E-01  -5.129246564800000E-02
   9.772681872800000E-01   1.410565159000000E+01   1.408262541900000E+01   1.206800251500000E+00  -8.265084250000000E-02  -4.001830313000000E-03   1.096689782500000E-01  -5.156528578100000E-02
   9.805154535700000E-01   1.415252184300000E+01   1.413264020900000E+01   1.211915138400000E+00  -8.266090080000001E-02  -3.434970966300000E-03   9.414513570999999E-02  -5.180207956700000E-02
   9.837627198600000E-01   1.419939209500000E+01   1.418272146400000E+01   1.216250715600000E+00  -8.266946925500000E-02  -2.865896731200000E-03   7.855560248000000E-02  -5.200269759300000E-02
   9.870099861600000E-01   1.424626234800000E+01   1.423285840100000E+01   1.219803213800000E+00  -8.267651923400000E-02  -2.294973770400000E-03   6.291126307000000E-02  -5.216701355400000E-02
   9.902574896200000E-01   1.429313602400000E+01   1.428304374300000E+01   1.222569712100000E+00  -8.268202753999999E-02  -1.722528026100000E-03   4.722188980200000E-02  -5.229493221800000E-02
   9.935049930800000E-01   1.434000970000000E+01   1.433326275500000E+01   1.224547509600000E+00  -8.268597521899999E-02  -1.148970299600000E-03   3.149957284400000E-02  -5.238635998900000E-02
   9.967524965400000E-01   1.438688337600000E+01   1.438350427000000E+01   1.225734879700000E+00  -8.268834910400000E-02  -5.746707039600000E-04   1.575528179000000E-02  -5.244123956400000E-02
   1.000000000000000E+00   1.443375705200000E+01   1.443375705200000E+01   1.226130785100000E+00  -8.268914128000000E-02  -8.110514993300000E-26   0.000000000000000E+00  -5.245953657300000E-02
