   0.000000000000000E+00  -1.125229834800000E-29   0.000000000000000E+00   0.000000000000000E+00  -9.989135383300000E-01   0.000000000000000E+00   0.000000000000000E+00   0.000000000000000E+00
   9.014725110800001E-03   1.301163521400000E-01   1.301163521400000E-01   0.000000000000000E+00  -9.989135383300000E-01   0.000000000000000E+00   0.000000000000000E+00   0.000000000000000E+00
   1.802945022200000E-02   2.602327042800000E-01   2.602327042800000E-01   0.000000000000000E+00  -9.989135383300000E-01   0.000000000000000E+00   0.000000000000000E+00   0.000000000000000E+00
   2.704417533300000E-02   3.903490564200000E-01   3.903490564200000E-01   0.000000000000000E+00  -9.989135383300000E-01   0.000000000000000E+00   0.000000000000000E+00   0.000000000000000E+00
   3.605890044300000E-02   5.204654085600000E-01   5.204654085600000E-01   0.000000000000000E+00  -9.989135383300000E-01   0.000000000000000E+00   0.000000000000000E+00   0.000000000000000E+00
   4.426424150100000E-02   6.388993079200000E-01   6.388993079200000E-01   0.000000000000000E+00  -9.989135383300000E-01   0.000000000000000E+00   0.000000000000000E+00   0.000000000000000E+00
   5.246958255900000E-02   7.573332072800000E-01   7.573332072800000E-01   0.000000000000000E+00  -9.989135383300000E-01   0.000000000000000E+00   0.000000000000000E+00   0.000000000000000E+00
   6.067492361700000E-02   8.757671066400000E-01   8.757671066400000E-01   0.000000000000000E+00  -9.989135383300000E-01   0.000000000000000E+00   0.000000000000000E+00   0.000000000000000E+00
   6.888026467500000E-02   9.942010060000001E-01   9.942010060000001E-01   0.000000000000000E+00  -9.989135383300000E-01   0.000000000000000E+00   0.000000000000000E+00   0.000000000000000E+00
   7.621291576200000E-02   1.100038710300000E+00   1.100038710300000E+00   0.000000000000000E+00  -9.989135383300000E-01   0.000000000000000E+00   0.000000000000000E+00   0.000000000000000E+00
   8.354556684800001E-02   1.205876414700000E+00   1.205876414700000E+00   0.000000000000000E+00  -9.989135383300000E-01   0.000000000000000E+00   0.000000000000000E+00   0.000000000000000E+00
   9.087821793400000E-02   1.311714119000000E+00   1.311714119000000E+00   0.000000000000000E+00  -9.989135383300000E-01   0.000000000000000E+00   0.000000000000000E+00   0.000000000000000E+00
   9.821086901999999E-02   1.417551823300000E+00   1.417551823300000E+00   0.000000000000000E+00  -9.989135383300000E-01   0.000000000000000E+00   0.000000000000000E+00   0.000000000000000E+00
   1.054642901900000E-01   1.522245942200000E+00   1.522245942200000E+00   0.000000000000000E+00  -9.989135383300000E-01   0.000000000000000E+00   0.000000000000000E+00   0.000000000000000E+00
   1.127177113600000E-01   1.626940061200000E+00   1.626940061200000E+00   0.000000000000000E+00  -9.989135383300000E-01   0.000000000000000E+00   0.000000000000000E+00   0.000000000000000E+00
   1.199711325200000E-01   1.731634180100000E+00   1.731634180100000E+00   0.000000000000000E+00  -9.989135383300000E-01   0.000000000000000E+00   0.000000000000000E+00   0.000000000000000E+00
   1.272245536900000E-01   1.836328299000000E+00   1.836328299000000E+00   0.000000000000000E+00  -9.989135383300000E-01   0.000000000000000E+00   0.000000000000000E+00   0.000000000000000E+00
   1.356912159800000E-01   1.958534045500000E+00   1.958534045500000E+00   0.000000000000000E+00  -9.989135383300000E-01   0.000000000000000E+00   0.000000000000000E+00   0.000000000000000E+00
   1.441578782700000E-01   2.080739792000000E+00   2.080739792000000E+00   0.000000000000000E+00  -9.989135383300000E-01   0.000000000000000E+00   0.000000000000000E+00   0.000000000000000E+00
   1.526245405500000E-01   2.202945538500000E+00   2.202945538500000E+00   0.000000000000000E+00  -9.989135383300000E-01   0.000000000000000E+00   0.000000000000000E+00   0.000000000000000E+00
   1.610912028400000E-01   2.325151285000000E+00   2.325151285000000E+00   0.000000000000000E+00  -9.989135383300000E-01   0.000000000000000E+00   0.000000000000000E+00   0.000000000000000E+00
   1.656764206200000E-01   2.391333204500000E+00   2.391333204500000E+00   0.000000000000000E+00  -9.989135383300000E-01   0.000000000000000E+00   0.000000000000000E+00   0.000000000000000E+00
   1.702616384000000E-01   2.457515124000000E+00   2.457515124000000E+00   0.000000000000000E+00  -9.989135383300000E-01   0.000000000000000E+00   0.000000000000000E+00   0.000000000000000E+00
   1.748468561800000E-01   2.523697043500000E+00   2.523697043500000E+00   0.000000000000000E+00  -9.989135383300000E-01   0.000000000000000E+00   0.000000000000000E+00   0.000000000000000E+00
   1.794320739700000E-01   2.589878963000000E+00   2.589878963000000E+00   0.000000000000000E+00  -9.989135383300000E-01   0.000000000000000E+00   0.000000000000000E+00   0.000000000000000E+00
   1.849696528400000E-01   2.669807031100000E+00   2.669807031100000E+00   0.000000000000000E+00  -9.989135383300000E-01   0.000000000000000E+00   0.000000000000000E+00   0.000000000000000E+00
   1.905072317200000E-01   2.749735099300000E+00   2.749735099300000E+00   0.000000000000000E+00  -9.989135383300000E-01   0.000000000000000E+00   0.000000000000000E+00   0.000000000000000E+00
   1.960448106000000E-01   2.829663167500000E+00   2.829663167500000E+00   0.000000000000000E+00  -9.989135383300000E-01   0.000000000000000E+00   0.000000000000000E+00   0.000000000000000E+00
   2.015823894800000E-01   2.909591235700000E+00   2.909591235700000E+00   0.000000000000000E+00  -9.989135383300000E-01   0.000000000000000E+00   0.000000000000000E+00   0.000000000000000E+00
   2.061401712500000E-01   2.975377150500000E+00   2.975377150500000E+00   0.000000000000000E+00  -9.989135383300000E-01   0.000000000000000E+00   0.000000000000000E+00   0.000000000000000E+00
   2.106979530200000E-01   3.041163065300000E+00   3.041163065300000E+00   0.000000000000000E+00  -9.989135383300000E-01   0.000000000000000E+00   0.000000000000000E+00   0.000000000000000E+00
   2.152557348000000E-01   3.106948980100000E+00   3.106948980100000E+00   0.000000000000000E+00  -9.989135383300000E-01   0.000000000000000E+00   0.000000000000000E+00   0.000000000000000E+00
   2.198135165700000E-01   3.172734894900000E+00   3.172734894900000E+00   0.000000000000000E+00  -9.989135383300000E-01   0.000000000000000E+00   0.000000000000000E+00   0.000000000000000E+00
   2.267558393200000E-01   3.272938694900000E+00   3.272938694900000E+00   0.000000000000000E+00  -9.989135383300000E-01   0.000000000000000E+00   0.000000000000000E+00   0.000000000000000E+00
   2.336981620800000E-01   3.373142495000000E+00   3.373142495000000E+00   0.000000000000000E+00  -9.989135383300000E-01   0.000000000000000E+00   0.000000000000000E+00   0.000000000000000E+00
   2.406404848400000E-01   3.473346295100000E+00   3.473346295100000E+00   0.000000000000000E+00  -9.989135383300000E-01   0.000000000000000E+00   0.000000000000000E+00   0.000000000000000E+00
   2.475828076000000E-01   3.573550095100000E+00   3.573550095100000E+00   0.000000000000000E+00  -9.989135383300000E-01   0.000000000000000E+00   0.000000000000000E+00   0.000000000000000E+00
   2.534929371400000E-01   3.658855469100000E+00   3.658855469100000E+00   0.000000000000000E+00  -9.989135383300000E-01   0.000000000000000E+00   0.000000000000000E+00   0.000000000000000E+00
   2.594030666800000E-01   3.744160843100000E+00   3.744160843100000E+00   0.000000000000000E+00  -9.989135383300000E-01   0.000000000000000E+00   0.000000000000000E+00   0.000000000000000E+00
   2.653131962300000E-01   3.829466217000000E+00   3.829466217000000E+00   0.000000000000000E+00  -9.989135383300000E-01   0.000000000000000E+00   0.000000000000000E+00   0.000000000000000E+00
   2.712233257700000E-01   3.914771591000000E+00   3.914771591000000E+00   0.000000000000000E+00  -9.989135383300000E-01   0.000000000000000E+00   0.000000000000000E+00   0.000000000000000E+00
   2.762282429100000E-01   3.987011349000000E+00   3.987011349000000E+00   0.000000000000000E+00  -9.989135383300000E-01   0.000000000000000E+00   0.000000000000000E+00   0.000000000000000E+00
   2.812331600500000E-01   4.059251107100000E+00   4.059251107100000E+00   0.000000000000000E+00  -9.989135383300000E-01   0.000000000000000E+00   0.000000000000000E+00   0.000000000000000E+00
   2.862380771800000E-01   4.131490865100000E+00   4.131490865100000E+00   0.000000000000000E+00  -9.989135383300000E-01   0.000000000000000E+00   0.000000000000000E+00   0.000000000000000E+00
   2.912429943200000E-01   4.203730623100000E+00   4.203730623100000E+00   0.000000000000000E+00  -9.989135383300000E-01   0.000000000000000E+00   0.000000000000000E+00   0.000000000000000E+00
   2.958116492700000E-01   4.269673478700000E+00   4.269673478700000E+00   0.000000000000000E+00  -9.989135383300000E-01   0.000000000000000E+00   0.000000000000000E+00   0.000000000000000E+00
   3.003803042200000E-01   4.335616334200000E+00   4.335616334200000E+00   0.000000000000000E+00  -9.989135383300000E-01   0.000000000000000E+00   0.000000000000000E+00   0.000000000000000E+00
   3.049489591600000E-01   4.401559189800000E+00   4.401559189800000E+00   0.000000000000000E+00  -9.989135383300000E-01   0.000000000000000E+00   0.000000000000000E+00   0.000000000000000E+00
   3.095176141100000E-01   4.467502045400000E+00   4.467502045400000E+00   0.000000000000000E+00  -9.989135383300000E-01   0.000000000000000E+00   0.000000000000000E+00   0.000000000000000E+00
   3.150697202400000E-01   4.547639796300000E+00   4.547639796300000E+00   0.000000000000000E+00  -9.989135383300000E-01   0.000000000000000E+00   0.000000000000000E+00   0.000000000000000E+00
   3.206218263700000E-01   4.627777547300000E+00   4.627777547300000E+00   0.000000000000000E+00  -9.989135383300000E-01   0.000000000000000E+00   0.000000000000000E+00   0.000000000000000E+00
   3.261739324900000E-01   4.707915298300000E+00   4.707915298300000E+00   0.000000000000000E+00  -9.989135383300000E-01   0.000000000000000E+00   0.000000000000000E+00   0.000000000000000E+00
   3.317260386200000E-01   4.788053049300000E+00   4.788053049300000E+00   0.000000000000000E+00  -9.989135383300000E-01   0.000000000000000E+00   0.000000000000000E+00   0.000000000000000E+00
   3.368515439600000E-01   4.862033348100000E+00   4.862033348100000E+00   0.000000000000000E+00  -9.989135383300000E-01   0.000000000000000E+00   0.000000000000000E+00   0.000000000000000E+00
   3.419770493000000E-01   4.936013646900000E+00   4.936013646900000E+00   0.000000000000000E+00  -9.989135383300000E-01   0.000000000000000E+00   0.000000000000000E+00   0.000000000000000E+00
   3.471025546400000E-01   5.009993945800000E+00   5.009993945800000E+00   0.000000000000000E+00  -9.989135383300000E-01   0.000000000000000E+00   0.000000000000000E+00   0.000000000000000E+00
   3.522280599800000E-01   5.083974244600000E+00   5.083974244600000E+00   0.000000000000000E+00  -9.989135383300000E-01   0.000000000000000E+00   0.000000000000000E+00   0.000000000000000E+00
   3.562099262300000E-01   5.141447534700000E+00   5.141447534700000E+00   0.000000000000000E+00  -9.989135383300000E-01   0.000000000000000E+00   0.000000000000000E+00   0.000000000000000E+00
   3.601917924900000E-01   5.198920824900000E+00   5.198920824900000E+00   0.000000000000000E+00  -9.989135383300000E-01   0.000000000000000E+00   0.000000000000000E+00   0.000000000000000E+00
   3.641736587400000E-01   5.256394115000000E+00   5.256394115000000E+00   0.000000000000000E+00  -9.989135383300000E-01   0.000000000000000E+00   0.000000000000000E+00   0.000000000000000E+00
   3.681555250000000E-01   5.313867405100000E+00   5.313867405100000E+00   0.000000000000000E+00  -9.989135383300000E-01   0.000000000000000E+00   0.000000000000000E+00   0.000000000000000E+00
   3.717736137700000E-01   5.366090019600000E+00   5.366090019600000E+00   0.000000000000000E+00  -9.989135383300000E-01   0.000000000000000E+00   0.000000000000000E+00   0.000000000000000E+00
   3.753917025500000E-01   5.418312634000000E+00   5.418312634000000E+00   0.000000000000000E+00  -9.989135383300000E-01   0.000000000000000E+00   0.000000000000000E+00   0.000000000000000E+00
   3.790097913300000E-01   5.470535248400000E+00   5.470535248400000E+00   0.000000000000000E+00  -9.989135383300000E-01   0.000000000000000E+00   0.000000000000000E+00   0.000000000000000E+00
   3.826278801100000E-01   5.522757862900000E+00   5.522757862900000E+00   0.000000000000000E+00  -9.989135383300000E-01   0.000000000000000E+00   0.000000000000000E+00   0.000000000000000E+00
   3.857978772300000E-01   5.568512831200000E+00   5.568512831200000E+00   0.000000000000000E+00  -9.989135383300000E-01   0.000000000000000E+00   0.000000000000000E+00   0.000000000000000E+00
   3.889678743600000E-01   5.614267799500000E+00   5.614267799500000E+00   0.000000000000000E+00  -9.989135383300000E-01   0.000000000000000E+00   0.000000000000000E+00   0.000000000000000E+00
   3.921378714800000E-01   5.660022767800000E+00   5.660022767800000E+00   0.000000000000000E+00  -9.989135383300000E-01   0.000000000000000E+00   0.000000000000000E+00   0.000000000000000E+00
   3.953078686000000E-01   5.705777736100000E+00   5.705777736100000E+00   0.000000000000000E+00  -9.989135383300000E-01   0.000000000000000E+00   0.000000000000000E+00   0.000000000000000E+00
   3.980586247300000E-01   5.745481481800000E+00   5.745481481800000E+00   0.000000000000000E+00  -9.989135383300000E-01   0.000000000000000E+00   0.000000000000000E+00   0.000000000000000E+00
   4.008093808600000E-01   5.785185227500000E+00   5.785185227500000E+00   0.000000000000000E+00  -9.989135383300000E-01   0.000000000000000E+00   0.000000000000000E+00   0.000000000000000E+00
   4.035601369900000E-01   5.824888973200000E+00   5.824888973200000E+00   0.000000000000000E+00  -9.989135383300000E-01   0.000000000000000E+00   0.000000000000000E+00   0.000000000000000E+00
   4.063108931200000E-01   5.864592718900000E+00   5.864592718900000E+00   0.000000000000000E+00  -9.989135383300000E-01   0.000000000000000E+00   0.000000000000000E+00   0.000000000000000E+00
   4.087881669900000E-01   5.900349088100000E+00   5.900349088100000E+00   0.000000000000000E+00  -9.989135383300000E-01   0.000000000000000E+00   0.000000000000000E+00   0.000000000000000E+00
   4.112654408700000E-01   5.936105457400000E+00   5.936105457400000E+00   0.000000000000000E+00  -9.989135383300000E-01   0.000000000000000E+00   0.000000000000000E+00   0.000000000000000E+00
   4.137427147400000E-01   5.971861826700000E+00   5.971861826700000E+00   0.000000000000000E+00  -9.989135383300000E-01   0.000000000000000E+00   0.000000000000000E+00   0.000000000000000E+00
   4.162199886200000E-01   6.007618195900000E+00   6.007618195900000E+00   0.000000000000000E+00  -9.989135383300000E-01   0.000000000000000E+00   0.000000000000000E+00   0.000000000000000E+00
   4.183751415600000E-01   6.038725149900000E+00   6.038725149900000E+00   0.000000000000000E+00  -9.989135383300000E-01   0.000000000000000E+00   0.000000000000000E+00   0.000000000000000E+00
   4.205302945100000E-01   6.069832103900000E+00   6.069832103900000E+00   0.000000000000000E+00  -9.989135383300000E-01   0.000000000000000E+00   0.000000000000000E+00   0.000000000000000E+00
   4.226854474500000E-01   6.100939058000000E+00   6.100939058000000E+00   0.000000000000000E+00  -9.989135383300000E-01   0.000000000000000E+00   0.000000000000000E+00   0.000000000000000E+00
   4.248406004000000E-01   6.132046012000000E+00   6.132046012000000E+00   0.000000000000000E+00  -9.989135383300000E-01   0.000000000000000E+00   0.000000000000000E+00   0.000000000000000E+00
   4.280262807000000E-01   6.178027347400000E+00   6.178027347400000E+00   0.000000000000000E+00  -9.989135383300000E-01   0.000000000000000E+00   0.000000000000000E+00   0.000000000000000E+00
   4.312119610000000E-01   6.224008682900000E+00   6.224008682900000E+00   0.000000000000000E+00  -9.989135383300000E-01   0.000000000000000E+00   0.000000000000000E+00   0.000000000000000E+00
   4.343976412900000E-01   6.269990018400000E+00   6.269990018400000E+00   0.000000000000000E+00  -9.989135383300000E-01   0.000000000000000E+00   0.000000000000000E+00   0.000000000000000E+00
   4.375833215900000E-01   6.315971353900000E+00   6.315971353900000E+00   0.000000000000000E+00  -9.989135383300000E-01   0.000000000000000E+00   0.000000000000000E+00   0.000000000000000E+00
   4.412757051900000E-01   6.369266321600000E+00   6.369266321600000E+00   0.000000000000000E+00  -9.989135383300000E-01   0.000000000000000E+00   0.000000000000000E+00   0.000000000000000E+00
   4.449680887800000E-01   6.422561289300000E+00   6.422561289300000E+00   0.000000000000000E+00  -9.989135383300000E-01   0.000000000000000E+00   0.000000000000000E+00   0.000000000000000E+00
   4.486604723700000E-01   6.475856257000000E+00   6.475856257000000E+00   0.000000000000000E+00  -9.989135383300000E-01   0.000000000000000E+00   0.000000000000000E+00   0.000000000000000E+00
   4.523528559600000E-01   6.529151224800000E+00   6.529151224800000E+00   0.000000000000000E+00  -9.989135383300000E-01   0.000000000000000E+00   0.000000000000000E+00   0.000000000000000E+00
   4.557551592900000E-01   6.578259244500000E+00   6.578259244500000E+00   0.000000000000000E+00  -9.989135383300000E-01   0.000000000000000E+00   0.000000000000000E+00   0.000000000000000E+00
   4.591574626300000E-01   6.627367264200000E+00   6.627367264200000E+00   0.000000000000000E+00  -9.989135383300000E-01   0.000000000000000E+00   0.000000000000000E+00   0.000000000000000E+00
   4.625597659600000E-01   6.676475283900000E+00   6.676475283900000E+00   0.000000000000000E+00  -9.989135383300000E-01   0.000000000000000E+00   0.000000000000000E+00   0.000000000000000E+00
   4.659620692900000E-01   6.725583303600000E+00   6.725583303600000E+00   0.000000000000000E+00  -9.989135383300000E-01   0.000000000000000E+00   0.000000000000000E+00   0.000000000000000E+00
   4.697924410800000E-01   6.780869959400000E+00   6.780869959400000E+00   0.000000000000000E+00  -9.989135383300000E-01   0.000000000000000E+00   0.000000000000000E+00   0.000000000000000E+00
   4.736228128700000E-01   6.836156615300000E+00   6.836156615300000E+00   0.000000000000000E+00  -9.989135383300000E-01   0.000000000000000E+00   0.000000000000000E+00   0.000000000000000E+00
   4.774531846700000E-01   6.891443271200000E+00   6.891443271200000E+00   0.000000000000000E+00  -9.989135383300000E-01   0.000000000000000E+00   0.000000000000000E+00   0.000000000000000E+00
   4.812835564600000E-01   6.946729927100000E+00   6.946729927100000E+00   0.000000000000000E+00  -9.989135383300000E-01   0.000000000000000E+00   0.000000000000000E+00   0.000000000000000E+00
   4.852002801700000E-01   7.003262965500000E+00   7.003262965500000E+00   0.000000000000000E+00  -9.989135383300000E-01   0.000000000000000E+00   0.000000000000000E+00   0.000000000000000E+00
   4.891170038800000E-01   7.059796004000000E+00   7.059796004000000E+00   0.000000000000000E+00  -9.989135383300000E-01   0.000000000000000E+00   0.000000000000000E+00   0.000000000000000E+00
   4.930337275900000E-01   7.116329042500000E+00   7.116329042500000E+00   0.000000000000000E+00  -9.989135383300000E-01   0.000000000000000E+00   0.000000000000000E+00   0.000000000000000E+00
   4.969504513000000E-01   7.172862080900000E+00   7.172862080900000E+00   0.000000000000000E+00  -9.989135383300000E-01   0.000000000000000E+00   0.000000000000000E+00   0.000000000000000E+00
   5.005714826600000E-01   7.225127167800000E+00   7.225127167800000E+00   0.000000000000000E+00  -9.989135383300000E-01   0.000000000000000E+00   0.000000000000000E+00   0.000000000000000E+00
   5.041925140100000E-01   7.277392254700000E+00   7.277392254700000E+00   0.000000000000000E+00  -9.989135383300000E-01   0.000000000000000E+00   0.000000000000000E+00   0.000000000000000E+00
   5.078135453700000E-01   7.329657341600000E+00   7.329657341600000E+00   0.000000000000000E+00  -9.989135383300000E-01   0.000000000000000E+00   0.000000000000000E+00   0.000000000000000E+00
   5.114345767300000E-01   7.381922428500000E+00   7.381922428500000E+00   0.000000000000000E+00  -9.989135383300000E-01   0.000000000000000E+00   0.000000000000000E+00   0.000000000000000E+00
   5.156462450900000E-01   7.442712626400000E+00   7.442712626400000E+00   0.000000000000000E+00  -9.989135383300000E-01   0.000000000000000E+00   0.000000000000000E+00   0.000000000000000E+00
   5.198579134500000E-01   7.503502824300000E+00   7.503502824300000E+00   0.000000000000000E+00  -9.989135383300000E-01   0.000000000000000E+00   0.000000000000000E+00   0.000000000000000E+00
   5.240695818100000E-01   7.564293022200000E+00   7.564293022200000E+00   0.000000000000000E+00  -9.989135383300000E-01   0.000000000000000E+00   0.000000000000000E+00   0.000000000000000E+00
   5.282812501700000E-01   7.625083220000000E+00   7.625083220000000E+00   0.000000000000000E+00  -9.989135383300000E-01   0.000000000000000E+00   0.000000000000000E+00   0.000000000000000E+00
   5.323056607300000E-01   7.683170584400000E+00   7.683170584400000E+00   0.000000000000000E+00  -9.989135383300000E-01   0.000000000000000E+00   0.000000000000000E+00   0.000000000000000E+00
   5.363300712900000E-01   7.741257948700000E+00   7.741257948700000E+00   0.000000000000000E+00  -9.989135383300000E-01   0.000000000000000E+00   0.000000000000000E+00   0.000000000000000E+00
   5.403544818500000E-01   7.799345313000000E+00   7.799345313000000E+00   0.000000000000000E+00  -9.989135383300000E-01   0.000000000000000E+00   0.000000000000000E+00   0.000000000000000E+00
   5.443788924100000E-01   7.857432677300000E+00   7.857432677400000E+00   0.000000000000000E+00  -9.989135383300000E-01   0.000000000000000E+00   0.000000000000000E+00   0.000000000000000E+00
   5.481054767000000E-01   7.911221289600000E+00   7.911221289600000E+00   0.000000000000000E+00  -9.989135383300000E-01   0.000000000000000E+00   0.000000000000000E+00   0.000000000000000E+00
   5.518320609900000E-01   7.965009901900000E+00   7.965009901900000E+00   0.000000000000000E+00  -9.989135383300000E-01   0.000000000000000E+00   0.000000000000000E+00   0.000000000000000E+00
   5.555586452800000E-01   8.018798514100000E+00   8.018798514100000E+00   0.000000000000000E+00  -9.989135383300000E-01   0.000000000000000E+00   0.000000000000000E+00   0.000000000000000E+00
   5.592852295700000E-01   8.072587126400000E+00   8.072587126400000E+00   0.000000000000000E+00  -9.989135383300000E-01   0.000000000000000E+00   0.000000000000000E+00   0.000000000000000E+00
   5.622386346500000E-01   8.115215857800001E+00   8.115215857800001E+00   0.000000000000000E+00  -9.989135383300000E-01   0.000000000000000E+00   0.000000000000000E+00   0.000000000000000E+00
   5.651920397300000E-01   8.157844589300000E+00   8.157844589300000E+00   0.000000000000000E+00  -9.989135383300000E-01   0.000000000000000E+00   0.000000000000000E+00   0.000000000000000E+00
   5.681454448200000E-01   8.200473320700000E+00   8.200473320700000E+00   0.000000000000000E+00  -9.989135383300000E-01   0.000000000000000E+00   0.000000000000000E+00   0.000000000000000E+00
   5.710988499000000E-01   8.243102052099999E+00   8.243102052099999E+00   0.000000000000000E+00  -9.989135383300000E-01   0.000000000000000E+00   0.000000000000000E+00   0.000000000000000E+00
   5.738588504100000E-01   8.282939229000000E+00   8.282939229000000E+00   0.000000000000000E+00  -9.989135383300000E-01   0.000000000000000E+00   0.000000000000000E+00   0.000000000000000E+00
   5.766188509300000E-01   8.322776405899999E+00   8.322776405899999E+00   0.000000000000000E+00  -9.989135383300000E-01   0.000000000000000E+00   0.000000000000000E+00   0.000000000000000E+00
   5.793788514400000E-01   8.362613582800000E+00   8.362613582800000E+00   0.000000000000000E+00  -9.989135383300000E-01   0.000000000000000E+00   0.000000000000000E+00   0.000000000000000E+00
   5.821388519600000E-01   8.402450759600001E+00   8.402450759600001E+00   0.000000000000000E+00  -9.989135383300000E-01   0.000000000000000E+00   0.000000000000000E+00   0.000000000000000E+00
   5.852728515200000E-01   8.447686147900001E+00   8.447686147900001E+00   0.000000000000000E+00  -9.989135383300000E-01   0.000000000000000E+00   0.000000000000000E+00   0.000000000000000E+00
   5.884068510800000E-01   8.492921536200001E+00   8.492921536200001E+00   0.000000000000000E+00  -9.989135383300000E-01   0.000000000000000E+00   0.000000000000000E+00   0.000000000000000E+00
   5.915408506399999E-01   8.538156924400001E+00   8.538156924400001E+00   0.000000000000000E+00  -9.989135383300000E-01   0.000000000000000E+00   0.000000000000000E+00   0.000000000000000E+00
   5.946748502000000E-01   8.583392312699999E+00   8.583392312699999E+00   0.000000000000000E+00  -9.989135383300000E-01   0.000000000000000E+00   0.000000000000000E+00   0.000000000000000E+00
   5.971308155700000E-01   8.618841120300001E+00   8.618841120300001E+00   0.000000000000000E+00  -9.989135383300000E-01   0.000000000000000E+00   0.000000000000000E+00   0.000000000000000E+00
   5.995867809500000E-01   8.654289927800001E+00   8.654289927800001E+00   0.000000000000000E+00  -9.989135383300000E-01   0.000000000000000E+00   0.000000000000000E+00   0.000000000000000E+00
   6.020427463200000E-01   8.689738735400001E+00   8.689738735400001E+00   0.000000000000000E+00  -9.989135383300000E-01   0.000000000000000E+00   0.000000000000000E+00   0.000000000000000E+00
   6.044987117000000E-01   8.725187542900001E+00   8.725187542900001E+00   0.000000000000000E+00  -9.989135383300000E-01   0.000000000000000E+00   0.000000000000000E+00   0.000000000000000E+00
   6.067667948300000E-01   8.757924503700000E+00   8.757924503700000E+00   0.000000000000000E+00  -9.989135383300000E-01   0.000000000000000E+00   0.000000000000000E+00   0.000000000000000E+00
   6.090348779500000E-01   8.790661464599999E+00   8.790661464599999E+00   0.000000000000000E+00  -9.989135383300000E-01   0.000000000000000E+00   0.000000000000000E+00   0.000000000000000E+00
   6.113029610800000E-01   8.823398425400001E+00   8.823398425400001E+00   0.000000000000000E+00  -9.989135383300000E-01   0.000000000000000E+00   0.000000000000000E+00   0.000000000000000E+00
   6.135710442100000E-01   8.856135386200000E+00   8.856135386200000E+00   0.000000000000000E+00  -9.989135383300000E-01   0.000000000000000E+00   0.000000000000000E+00   0.000000000000000E+00
   6.154771521700000E-01   8.883647685400000E+00   8.883647685400000E+00   0.000000000000000E+00  -9.989135383300000E-01   0.000000000000000E+00   0.000000000000000E+00   0.000000000000000E+00
   6.173832601300000E-01   8.911159984699999E+00   8.911159984699999E+00   0.000000000000000E+00  -9.989135383300000E-01   0.000000000000000E+00   0.000000000000000E+00   0.000000000000000E+00
   6.192893680900000E-01   8.938672283900001E+00   8.938672283900001E+00   0.000000000000000E+00  -9.989135383300000E-01   0.000000000000000E+00   0.000000000000000E+00   0.000000000000000E+00
   6.211954760500000E-01   8.966184583100000E+00   8.966184583100000E+00   0.000000000000000E+00  -9.989135383300000E-01   0.000000000000000E+00   0.000000000000000E+00   0.000000000000000E+00
   6.231397463200000E-01   8.994247707800000E+00   8.994247707800000E+00   0.000000000000000E+00  -9.989135383300000E-01   0.000000000000000E+00   0.000000000000000E+00   0.000000000000000E+00
   6.250840165900000E-01   9.022310832600001E+00   9.022310832600001E+00   0.000000000000000E+00  -9.989135383300000E-01   0.000000000000000E+00   0.000000000000000E+00   0.000000000000000E+00
   6.270282868600000E-01   9.050373957300000E+00   9.050373957300000E+00   0.000000000000000E+00  -9.989135383300000E-01   0.000000000000000E+00   0.000000000000000E+00   0.000000000000000E+00
   6.289725571400000E-01   9.078437082100001E+00   9.078437082100001E+00   0.000000000000000E+00  -9.989135383300000E-01   0.000000000000000E+00   0.000000000000000E+00   0.000000000000000E+00
   6.314480031400000E-01   9.114167068300000E+00   9.114167068300000E+00   0.000000000000000E+00  -9.989135383300000E-01   0.000000000000000E+00   0.000000000000000E+00   0.000000000000000E+00
   6.339234491500000E-01   9.149897054600000E+00   9.149897054600000E+00   0.000000000000000E+00  -9.989135383300000E-01   0.000000000000000E+00   0.000000000000000E+00   0.000000000000000E+00
   6.363988951500000E-01   9.185627040800000E+00   9.185627040800000E+00   0.000000000000000E+00  -9.989135383300000E-01   0.000000000000000E+00   0.000000000000000E+00   0.000000000000000E+00
   6.388743411600000E-01   9.221357027100000E+00   9.221357027100000E+00   0.000000000000000E+00  -9.989135383300000E-01   0.000000000000000E+00   0.000000000000000E+00   0.000000000000000E+00
   6.410744845300000E-01   9.253113361900001E+00   9.253113361900001E+00   0.000000000000000E+00  -9.989135383300000E-01   0.000000000000000E+00   0.000000000000000E+00   0.000000000000000E+00
   6.432746279000000E-01   9.284869696800000E+00   9.284869696800000E+00   0.000000000000000E+00  -9.989135383300000E-01   0.000000000000000E+00   0.000000000000000E+00   0.000000000000000E+00
   6.454747712700000E-01   9.316626031700000E+00   9.316626031700000E+00   0.000000000000000E+00  -9.989135383300000E-01   0.000000000000000E+00   0.000000000000000E+00   0.000000000000000E+00
   6.476749146400000E-01   9.348382366599999E+00   9.348382366599999E+00   0.000000000000000E+00  -9.989135383300000E-01   0.000000000000000E+00   0.000000000000000E+00   0.000000000000000E+00
   6.501018606200000E-01   9.383412315199999E+00   9.383412315199999E+00   0.000000000000000E+00  -9.989135383300000E-01   0.000000000000000E+00   0.000000000000000E+00   0.000000000000000E+00
   6.525288065900000E-01   9.418442263799999E+00   9.418442263799999E+00   0.000000000000000E+00  -9.989135383300000E-01   0.000000000000000E+00   0.000000000000000E+00   0.000000000000000E+00
   6.549557525700000E-01   9.453472212399999E+00   9.453472212399999E+00   0.000000000000000E+00  -9.989135383300000E-01   0.000000000000000E+00   0.000000000000000E+00   0.000000000000000E+00
   6.573826985400000E-01   9.488502161000000E+00   9.488502161000000E+00   0.000000000000000E+00  -9.989135383300000E-01   0.000000000000000E+00   0.000000000000000E+00   0.000000000000000E+00
   6.601471695000000E-01   9.528403863099999E+00   9.528403863099999E+00   0.000000000000000E+00  -9.989135383300000E-01   0.000000000000000E+00   0.000000000000000E+00   0.000000000000000E+00
   6.629116404500000E-01   9.568305565199999E+00   9.568305565199999E+00   0.000000000000000E+00  -9.989135383300000E-01   0.000000000000000E+00   0.000000000000000E+00   0.000000000000000E+00
   6.656761114100000E-01   9.608207267299999E+00   9.608207267299999E+00   0.000000000000000E+00  -9.989135383300000E-01   0.000000000000000E+00   0.000000000000000E+00   0.000000000000000E+00
   6.684405823600000E-01   9.648108969500001E+00   9.648108969500001E+00   0.000000000000000E+00  -9.989135383300000E-01   0.000000000000000E+00   0.000000000000000E+00   0.000000000000000E+00
   6.705917095600000E-01   9.679157816900000E+00   9.679157816900000E+00   0.000000000000000E+00  -9.989135383300000E-01   0.000000000000000E+00   0.000000000000000E+00   0.000000000000000E+00
   6.727428367600000E-01   9.710206664199999E+00   9.710206664199999E+00   0.000000000000000E+00  -9.989135383300000E-01   0.000000000000000E+00   0.000000000000000E+00   0.000000000000000E+00
   6.748939639600000E-01   9.741255511600000E+00   9.741255511600000E+00   0.000000000000000E+00  -9.989135383300000E-01   0.000000000000000E+00   0.000000000000000E+00   0.000000000000000E+00
   6.770450911600000E-01   9.772304359000000E+00   9.772304359000000E+00   0.000000000000000E+00  -9.989135383300000E-01   0.000000000000000E+00   0.000000000000000E+00   0.000000000000000E+00
   6.795446990000000E-01   9.808383091300000E+00   9.808383091300000E+00   0.000000000000000E+00  -9.989135383300000E-01   0.000000000000000E+00   0.000000000000000E+00   0.000000000000000E+00
   6.820443068399999E-01   9.844461823600000E+00   9.844461823600000E+00   0.000000000000000E+00  -9.989135383300000E-01   0.000000000000000E+00   0.000000000000000E+00   0.000000000000000E+00
   6.845439146700000E-01   9.880540555800000E+00   9.880540555800000E+00   0.000000000000000E+00  -9.989135383300000E-01   0.000000000000000E+00   0.000000000000000E+00   0.000000000000000E+00
   6.870435225100000E-01   9.916619288100000E+00   9.916619288100000E+00   0.000000000000000E+00  -9.989135383300000E-01   0.000000000000000E+00   0.000000000000000E+00   0.000000000000000E+00
   6.896414803100001E-01   9.954117579700000E+00   9.954117579700000E+00   0.000000000000000E+00  -9.989135383300000E-01   0.000000000000000E+00   0.000000000000000E+00   0.000000000000000E+00
   6.922394381000000E-01   9.991615871400001E+00   9.991615871400001E+00   0.000000000000000E+00  -9.989135383300000E-01   0.000000000000000E+00   0.000000000000000E+00   0.000000000000000E+00
   6.948373958900000E-01   1.002911416300000E+01   1.002911416300000E+01   0.000000000000000E+00  -9.989135383300000E-01   0.000000000000000E+00   0.000000000000000E+00   0.000000000000000E+00
   6.974353536900000E-01   1.006661245500000E+01   1.006661245500000E+01   0.000000000000000E+00  -9.989135383300000E-01   0.000000000000000E+00   0.000000000000000E+00   0.000000000000000E+00
   6.995877996300000E-01   1.009768033600000E+01   1.009768033600000E+01   0.000000000000000E+00  -9.989135383300000E-01   0.000000000000000E+00   0.000000000000000E+00   0.000000000000000E+00
   7.017402455700000E-01   1.012874821800000E+01   1.012874821800000E+01   0.000000000000000E+00  -9.989135383300000E-01   0.000000000000000E+00   0.000000000000000E+00   0.000000000000000E+00
   7.038926915200000E-01   1.015981610000000E+01   1.015981610000000E+01   0.000000000000000E+00  -9.989135383300000E-01   0.000000000000000E+00   0.000000000000000E+00   0.000000000000000E+00
   7.060451374600000E-01   1.019088398200000E+01   1.019088398200000E+01   0.000000000000000E+00  -9.989135383300000E-01   0.000000000000000E+00   0.000000000000000E+00   0.000000000000000E+00
   7.079845668800000E-01   1.021887723500000E+01   1.021887723500000E+01   0.000000000000000E+00  -9.989135383300000E-01   0.000000000000000E+00   0.000000000000000E+00   0.000000000000000E+00
   7.099239962900000E-01   1.024687048800000E+01   1.024687048800000E+01   0.000000000000000E+00  -9.989135383300000E-01   0.000000000000000E+00   0.000000000000000E+00   0.000000000000000E+00
   7.118634257100001E-01   1.027486374100000E+01   1.027486374100000E+01   0.000000000000000E+00  -9.989135383300000E-01   0.000000000000000E+00   0.000000000000000E+00   0.000000000000000E+00
   7.138028551200000E-01   1.030285699400000E+01   1.030285699400000E+01   0.000000000000000E+00  -9.989135383300000E-01   0.000000000000000E+00   0.000000000000000E+00   0.000000000000000E+00
   7.154960021000000E-01   1.032729546600000E+01   1.032729546600000E+01   0.000000000000000E+00  -9.989135383300000E-01   0.000000000000000E+00   0.000000000000000E+00   0.000000000000000E+00
   7.171891490700000E-01   1.035173393800000E+01   1.035173393800000E+01   0.000000000000000E+00  -9.989135383300000E-01   0.000000000000000E+00   0.000000000000000E+00   0.000000000000000E+00
   7.188822960400000E-01   1.037617241000000E+01   1.037617241000000E+01   0.000000000000000E+00  -9.989135383300000E-01   0.000000000000000E+00   0.000000000000000E+00   0.000000000000000E+00
   7.205754430100000E-01   1.040061088200000E+01   1.040061088200000E+01   0.000000000000000E+00  -9.989135383300000E-01   0.000000000000000E+00   0.000000000000000E+00   0.000000000000000E+00
   7.226691530100000E-01   1.043083098400000E+01   1.043083098400000E+01   0.000000000000000E+00  -9.989135383300000E-01   0.000000000000000E+00   0.000000000000000E+00   0.000000000000000E+00
   7.247628630200000E-01   1.046105108500000E+01   1.046105108500000E+01   0.000000000000000E+00  -9.989135383300000E-01   0.000000000000000E+00   0.000000000000000E+00   0.000000000000000E+00
   7.268565730200000E-01   1.049127118700000E+01   1.049127118700000E+01   0.000000000000000E+00  -9.989135383300000E-01   0.000000000000000E+00   0.000000000000000E+00   0.000000000000000E+00
   7.289502830200000E-01   1.052149128800000E+01   1.052149128800000E+01   0.000000000000000E+00  -9.989135383300000E-01   0.000000000000000E+00   0.000000000000000E+00   0.000000000000000E+00
   7.310937643099999E-01   1.055242977600000E+01   1.055242977600000E+01   0.000000000000000E+00  -9.989135383300000E-01   0.000000000000000E+00   0.000000000000000E+00   0.000000000000000E+00
   7.332372456000000E-01   1.058336826500000E+01   1.058336826500000E+01   0.000000000000000E+00  -9.989135383300000E-01   0.000000000000000E+00   0.000000000000000E+00   0.000000000000000E+00
   7.353807269000000E-01   1.061430675300000E+01   1.061430675300000E+01   0.000000000000000E+00  -9.989135383300000E-01   0.000000000000000E+00   0.000000000000000E+00   0.000000000000000E+00
   7.375242081900000E-01   1.064524524100000E+01   1.064524524100000E+01   0.000000000000000E+00  -9.989135383300000E-01   0.000000000000000E+00   0.000000000000000E+00   0.000000000000000E+00
   7.397089263100000E-01   1.067677893200000E+01   1.067677893200000E+01   0.000000000000000E+00  -9.989135383300000E-01   0.000000000000000E+00   0.000000000000000E+00   0.000000000000000E+00
   7.418936444400001E-01   1.070831262200000E+01   1.070831262200000E+01   0.000000000000000E+00  -9.989135383300000E-01   0.000000000000000E+00   0.000000000000000E+00   0.000000000000000E+00
   7.440783625600000E-01   1.073984631300000E+01   1.073984631300000E+01   0.000000000000000E+00  -9.989135383300000E-01   0.000000000000000E+00   0.000000000000000E+00   0.000000000000000E+00
   7.462630806900000E-01   1.077138000400000E+01   1.077138000400000E+01   0.000000000000000E+00  -9.989135383300000E-01   0.000000000000000E+00   0.000000000000000E+00   0.000000000000000E+00
   7.483210445800000E-01   1.080108415400000E+01   1.080108415400000E+01   0.000000000000000E+00  -9.989135383300000E-01   0.000000000000000E+00   0.000000000000000E+00   0.000000000000000E+00
   7.503790084700001E-01   1.083078830500000E+01   1.083078830500000E+01   0.000000000000000E+00  -9.989135383300000E-01   0.000000000000000E+00   0.000000000000000E+00   0.000000000000000E+00
   7.524369723600000E-01   1.086049245600000E+01   1.086049245600000E+01   0.000000000000000E+00  -9.989135383300000E-01   0.000000000000000E+00   0.000000000000000E+00   0.000000000000000E+00
   7.544949362500000E-01   1.089019660700000E+01   1.089019660700000E+01   0.000000000000000E+00  -9.989135383300000E-01   0.000000000000000E+00   0.000000000000000E+00   0.000000000000000E+00
   7.565322591600000E-01   1.091960283100000E+01   1.091960283100000E+01   0.000000000000000E+00  -9.989135383300000E-01   0.000000000000000E+00   0.000000000000000E+00   0.000000000000000E+00
   7.585695820700000E-01   1.094900905500000E+01   1.094900905500000E+01   0.000000000000000E+00  -9.989135383300000E-01   0.000000000000000E+00   0.000000000000000E+00   0.000000000000000E+00
   7.606069049800001E-01   1.097841527900000E+01   1.097841527900000E+01   0.000000000000000E+00  -9.989135383300000E-01   0.000000000000000E+00   0.000000000000000E+00   0.000000000000000E+00
   7.626442278900000E-01   1.100782150300000E+01   1.100782150300000E+01   0.000000000000000E+00  -9.989135383300000E-01   0.000000000000000E+00   0.000000000000000E+00   0.000000000000000E+00
   7.645982603800000E-01   1.103602553300000E+01   1.103602553300000E+01   0.000000000000000E+00  -9.989135383300000E-01   0.000000000000000E+00   0.000000000000000E+00   0.000000000000000E+00
   7.665522928800000E-01   1.106422956300000E+01   1.106422956300000E+01   0.000000000000000E+00  -9.989135383300000E-01   0.000000000000000E+00   0.000000000000000E+00   0.000000000000000E+00
   7.685063253700000E-01   1.109243359300000E+01   1.109243359300000E+01   0.000000000000000E+00  -9.989135383300000E-01   0.000000000000000E+00   0.000000000000000E+00   0.000000000000000E+00
   7.704603578600000E-01   1.112063762400000E+01   1.112063762400000E+01   0.000000000000000E+00  -9.989135383300000E-01   0.000000000000000E+00   0.000000000000000E+00   0.000000000000000E+00
   7.724738667600000E-01   1.114970012200000E+01   1.114970012200000E+01   0.000000000000000E+00  -9.989135383300000E-01   0.000000000000000E+00   0.000000000000000E+00   0.000000000000000E+00
   7.744873756600000E-01   1.117876262000000E+01   1.117876262000000E+01   0.000000000000000E+00  -9.989135383300000E-01   0.000000000000000E+00   0.000000000000000E+00   0.000000000000000E+00
   7.765008845500000E-01   1.120782511800000E+01   1.120782511800000E+01   0.000000000000000E+00  -9.989135383300000E-01   0.000000000000000E+00   0.000000000000000E+00   0.000000000000000E+00
   7.785143934500000E-01   1.123688761700000E+01   1.123688761700000E+01   0.000000000000000E+00  -9.989135383300000E-01   0.000000000000000E+00   0.000000000000000E+00   0.000000000000000E+00
   7.806784314000000E-01   1.126812281500000E+01   1.126812281500000E+01   0.000000000000000E+00  -9.989135383300000E-01   0.000000000000000E+00   0.000000000000000E+00   0.000000000000000E+00
   7.828424693500000E-01   1.129935801300000E+01   1.129935801300000E+01   0.000000000000000E+00  -9.989135383300000E-01   0.000000000000000E+00   0.000000000000000E+00   0.000000000000000E+00
   7.850065073100000E-01   1.133059321100000E+01   1.133059321100000E+01   0.000000000000000E+00  -9.989135383300000E-01   0.000000000000000E+00   0.000000000000000E+00   0.000000000000000E+00
   7.871705452600000E-01   1.136182840900000E+01   1.136182840900000E+01   0.000000000000000E+00  -9.989135383300000E-01   0.000000000000000E+00   0.000000000000000E+00   0.000000000000000E+00
   7.892156259799999E-01   1.139134660700000E+01   1.139134660700000E+01   0.000000000000000E+00  -9.989135383300000E-01   0.000000000000000E+00   0.000000000000000E+00   0.000000000000000E+00
   7.912607067000000E-01   1.142086480500000E+01   1.142086480500000E+01   0.000000000000000E+00  -9.989135383300000E-01   0.000000000000000E+00   0.000000000000000E+00   0.000000000000000E+00
   7.933057874200000E-01   1.145038300400000E+01   1.145038300400000E+01   0.000000000000000E+00  -9.989135383300000E-01   0.000000000000000E+00   0.000000000000000E+00   0.000000000000000E+00
   7.953508681500000E-01   1.147990120200000E+01   1.147990120200000E+01   0.000000000000000E+00  -9.989135383300000E-01   0.000000000000000E+00   0.000000000000000E+00   0.000000000000000E+00
   7.974686217200000E-01   1.151046834300000E+01   1.151046834300000E+01   0.000000000000000E+00  -9.989135383300000E-01   0.000000000000000E+00   0.000000000000000E+00   0.000000000000000E+00
   7.995863753000000E-01   1.154103548300000E+01   1.154103548300000E+01   0.000000000000000E+00  -9.989135383300000E-01   0.000000000000000E+00   0.000000000000000E+00   0.000000000000000E+00
   8.017041288800000E-01   1.157160262400000E+01   1.157160262400000E+01   0.000000000000000E+00  -9.989135383300000E-01   0.000000000000000E+00   0.000000000000000E+00   0.000000000000000E+00
   8.038218824500000E-01   1.160216976400000E+01   1.160216976400000E+01   0.000000000000000E+00  -9.989135383300000E-01   0.000000000000000E+00   0.000000000000000E+00   0.000000000000000E+00
   8.063005110800000E-01   1.163794568800000E+01   1.163794568800000E+01   0.000000000000000E+00  -9.989135383300000E-01   0.000000000000000E+00   0.000000000000000E+00   0.000000000000000E+00
   8.087791397000000E-01   1.167372161100000E+01   1.167372161100000E+01   0.000000000000000E+00  -9.989135383300000E-01   0.000000000000000E+00   0.000000000000000E+00   0.000000000000000E+00
   8.112577683300000E-01   1.170949753500000E+01   1.170949753500000E+01   0.000000000000000E+00  -9.989135383300000E-01   0.000000000000000E+00   0.000000000000000E+00   0.000000000000000E+00
   8.137363969500000E-01   1.174527345800000E+01   1.174527345800000E+01   0.000000000000000E+00  -9.989135383300000E-01   0.000000000000000E+00   0.000000000000000E+00   0.000000000000000E+00
   8.161550977299999E-01   1.178018439700000E+01   1.178018439700000E+01   0.000000000000000E+00  -9.989135383300000E-01   0.000000000000000E+00   0.000000000000000E+00   0.000000000000000E+00
   8.185737985100000E-01   1.181509533700000E+01   1.181509533700000E+01   0.000000000000000E+00  -9.989135383300000E-01   0.000000000000000E+00   0.000000000000000E+00   0.000000000000000E+00
   8.209924992800000E-01   1.185000627600000E+01   1.185000627600000E+01   0.000000000000000E+00  -9.989135383300000E-01   0.000000000000000E+00   0.000000000000000E+00   0.000000000000000E+00
   8.234112000600000E-01   1.188491721600000E+01   1.188491721600000E+01   0.000000000000000E+00  -9.989135383300000E-01   0.000000000000000E+00   0.000000000000000E+00   0.000000000000000E+00
   8.257203673100000E-01   1.191824717500000E+01   1.191824717500000E+01   0.000000000000000E+00  -9.989135383300000E-01   0.000000000000000E+00   0.000000000000000E+00   0.000000000000000E+00
   8.280295345599999E-01   1.195157713400000E+01   1.195157713400000E+01   0.000000000000000E+00  -9.989135383300000E-01   0.000000000000000E+00   0.000000000000000E+00   0.000000000000000E+00
   8.303387018100000E-01   1.198490709300000E+01   1.198490709300000E+01   0.000000000000000E+00  -9.989135383300000E-01   0.000000000000000E+00   0.000000000000000E+00   0.000000000000000E+00
   8.326478690600000E-01   1.201823705200000E+01   1.201823705200000E+01   0.000000000000000E+00  -9.989135383300000E-01   0.000000000000000E+00   0.000000000000000E+00   0.000000000000000E+00
   8.353031282800000E-01   1.205656241800000E+01   1.205656241800000E+01   0.000000000000000E+00  -9.989135383300000E-01   0.000000000000000E+00   0.000000000000000E+00   0.000000000000000E+00
   8.379583874900000E-01   1.209488778500000E+01   1.209488778500000E+01   0.000000000000000E+00  -9.989135383300000E-01   0.000000000000000E+00   0.000000000000000E+00   0.000000000000000E+00
   8.406136467100001E-01   1.213321315100000E+01   1.213321315100000E+01   0.000000000000000E+00  -9.989135383300000E-01   0.000000000000000E+00   0.000000000000000E+00   0.000000000000000E+00
   8.432689059300000E-01   1.217153851800000E+01   1.217153851800000E+01   0.000000000000000E+00  -9.989135383300000E-01   0.000000000000000E+00   0.000000000000000E+00   0.000000000000000E+00
   8.456783789100000E-01   1.220631626500000E+01   1.220631626500000E+01   0.000000000000000E+00  -9.989135383300000E-01   0.000000000000000E+00   0.000000000000000E+00   0.000000000000000E+00
   8.480878519000000E-01   1.224109401300000E+01   1.224109401300000E+01   0.000000000000000E+00  -9.989135383300000E-01   0.000000000000000E+00   0.000000000000000E+00   0.000000000000000E+00
   8.504973248900000E-01   1.227587176100000E+01   1.227587176100000E+01   0.000000000000000E+00  -9.989135383300000E-01   0.000000000000000E+00   0.000000000000000E+00   0.000000000000000E+00
   8.529067978700000E-01   1.231064950900000E+01   1.231064950900000E+01   0.000000000000000E+00  -9.989135383300000E-01   0.000000000000000E+00   0.000000000000000E+00   0.000000000000000E+00
   8.551857805900001E-01   1.234354379100000E+01   1.234354379100000E+01   0.000000000000000E+00  -9.989135383300000E-01   0.000000000000000E+00   0.000000000000000E+00   0.000000000000000E+00
   8.574647633100000E-01   1.237643807400000E+01   1.237643807400000E+01   0.000000000000000E+00  -9.989135383300000E-01   0.000000000000000E+00   0.000000000000000E+00   0.000000000000000E+00
   8.597437460300000E-01   1.240933235700000E+01   1.240933235700000E+01   0.000000000000000E+00  -9.989135383300000E-01   0.000000000000000E+00   0.000000000000000E+00   0.000000000000000E+00
   8.620227287500000E-01   1.244222664000000E+01   1.244222664000000E+01   0.000000000000000E+00  -9.989135383300000E-01   0.000000000000000E+00   0.000000000000000E+00   0.000000000000000E+00
   8.643370588700000E-01   1.247563111900000E+01   1.247563111900000E+01   0.000000000000000E+00  -9.989135383300000E-01   0.000000000000000E+00   0.000000000000000E+00   0.000000000000000E+00
   8.666513889900000E-01   1.250903559800000E+01   1.250903559800000E+01   0.000000000000000E+00  -9.989135383300000E-01   0.000000000000000E+00   0.000000000000000E+00   0.000000000000000E+00
   8.689657191200000E-01   1.254244007600000E+01   1.254244007600000E+01   0.000000000000000E+00  -9.989135383300000E-01   0.000000000000000E+00   0.000000000000000E+00   0.000000000000000E+00
   8.712800492400000E-01   1.257584455500000E+01   1.257584455500000E+01   0.000000000000000E+00  -9.989135383300000E-01   0.000000000000000E+00   0.000000000000000E+00   0.000000000000000E+00
   8.739488235500000E-01   1.261436499500000E+01   1.261436499500000E+01   0.000000000000000E+00  -9.989135383300000E-01   0.000000000000000E+00   0.000000000000000E+00   0.000000000000000E+00
   8.766175978600000E-01   1.265288543500000E+01   1.265288543500000E+01   0.000000000000000E+00  -9.989135383300000E-01   0.000000000000000E+00   0.000000000000000E+00   0.000000000000000E+00
   8.792863721700001E-01   1.269140587500000E+01   1.269140587500000E+01   0.000000000000000E+00  -9.989135383300000E-01   0.000000000000000E+00   0.000000000000000E+00   0.000000000000000E+00
   8.819551464800000E-01   1.272992631500000E+01   1.272992631500000E+01   0.000000000000000E+00  -9.989135383300000E-01   0.000000000000000E+00   0.000000000000000E+00   0.000000000000000E+00
   8.846555770400000E-01   1.276890367400000E+01   1.276890367400000E+01   0.000000000000000E+00  -9.989135383300000E-01   0.000000000000000E+00   0.000000000000000E+00   0.000000000000000E+00
   8.873560075900000E-01   1.280788103200000E+01   1.280788103200000E+01   0.000000000000000E+00  -9.989135383300000E-01   0.000000000000000E+00   0.000000000000000E+00   0.000000000000000E+00
   8.900564381500000E-01   1.284685839100000E+01   1.284685839100000E+01   0.000000000000000E+00  -9.989135383300000E-01   0.000000000000000E+00   0.000000000000000E+00   0.000000000000000E+00
   8.927568687100000E-01   1.288583574900000E+01   1.288583574900000E+01   0.000000000000000E+00  -9.989135383300000E-01   0.000000000000000E+00   0.000000000000000E+00   0.000000000000000E+00
   8.952766304799999E-01   1.292220537900000E+01   1.292220537900000E+01   0.000000000000000E+00  -9.989135383300000E-01   0.000000000000000E+00   0.000000000000000E+00   0.000000000000000E+00
   8.977963922500000E-01   1.295857500800000E+01   1.295857500800000E+01   0.000000000000000E+00  -9.989135383300000E-01   0.000000000000000E+00   0.000000000000000E+00   0.000000000000000E+00
   9.003161540200000E-01   1.299494463700000E+01   1.299494463700000E+01   0.000000000000000E+00  -9.989135383300000E-01   0.000000000000000E+00   0.000000000000000E+00   0.000000000000000E+00
   9.028359158000000E-01   1.303131426600000E+01   1.303131426600000E+01   0.000000000000000E+00  -9.989135383300000E-01   0.000000000000000E+00   0.000000000000000E+00   0.000000000000000E+00
   9.055485746500000E-01   1.307046812500000E+01   1.307046812500000E+01   0.000000000000000E+00  -9.989135383300000E-01   0.000000000000000E+00   0.000000000000000E+00   0.000000000000000E+00
   9.082612335000000E-01   1.310962198400000E+01   1.310962198400000E+01   0.000000000000000E+00  -9.989135383300000E-01   0.000000000000000E+00   0.000000000000000E+00   0.000000000000000E+00
   9.109738923500000E-01   1.314877584300000E+01   1.314877584300000E+01   0.000000000000000E+00  -9.989135383300000E-01   0.000000000000000E+00   0.000000000000000E+00   0.000000000000000E+00
   9.136865512000000E-01   1.318792970200000E+01   1.318792970200000E+01   0.000000000000000E+00  -9.989135383300000E-01   0.000000000000000E+00   0.000000000000000E+00   0.000000000000000E+00
   9.166063954400000E-01   1.323007402400000E+01   1.323007402400000E+01   0.000000000000000E+00  -9.989135383300000E-01   0.000000000000000E+00   0.000000000000000E+00   0.000000000000000E+00
   9.195262396800000E-01   1.327221834600000E+01   1.327221834600000E+01   0.000000000000000E+00  -9.989135383300000E-01   0.000000000000000E+00   0.000000000000000E+00   0.000000000000000E+00
   9.224460839200000E-01   1.331436266900000E+01   1.331436266900000E+01   0.000000000000000E+00  -9.989135383300000E-01   0.000000000000000E+00   0.000000000000000E+00   0.000000000000000E+00
   9.253659281600000E-01   1.335650699100000E+01   1.335650699100000E+01   0.000000000000000E+00  -9.989135383300000E-01   0.000000000000000E+00   0.000000000000000E+00   0.000000000000000E+00
   9.280367390499999E-01   1.339505682700000E+01   1.339505682700000E+01   0.000000000000000E+00  -9.989135383300000E-01   0.000000000000000E+00   0.000000000000000E+00   0.000000000000000E+00
   9.307075499400000E-01   1.343360666200000E+01   1.343360666200000E+01   0.000000000000000E+00  -9.989135383300000E-01   0.000000000000000E+00   0.000000000000000E+00   0.000000000000000E+00
   9.333783608300000E-01   1.347215649800000E+01   1.347215649800000E+01   0.000000000000000E+00  -9.989135383300000E-01   0.000000000000000E+00   0.000000000000000E+00   0.000000000000000E+00
   9.360491717200000E-01   1.351070633300000E+01   1.351070633300000E+01   0.000000000000000E+00  -9.989135383300000E-01   0.000000000000000E+00   0.000000000000000E+00   0.000000000000000E+00
   9.385345292600000E-01   1.354657938000000E+01   1.354657938000000E+01   0.000000000000000E+00  -9.989135383300000E-01   0.000000000000000E+00   0.000000000000000E+00   0.000000000000000E+00
   9.410198868100000E-01   1.358245242700000E+01   1.358245242700000E+01   0.000000000000000E+00  -9.989135383300000E-01   0.000000000000000E+00   0.000000000000000E+00   0.000000000000000E+00
   9.435052443500000E-01   1.361832547400000E+01   1.361832547400000E+01   0.000000000000000E+00  -9.989135383300000E-01   0.000000000000000E+00   0.000000000000000E+00   0.000000000000000E+00
   9.459906018999999E-01   1.365419852100000E+01   1.365419852100000E+01   0.000000000000000E+00  -9.989135383300000E-01   0.000000000000000E+00   0.000000000000000E+00   0.000000000000000E+00
   9.484663816400000E-01   1.368993332500000E+01   1.368993332500000E+01   0.000000000000000E+00  -9.989135383300000E-01   0.000000000000000E+00   0.000000000000000E+00   0.000000000000000E+00
   9.509421613900000E-01   1.372566812800000E+01   1.372566812800000E+01   0.000000000000000E+00  -9.989135383300000E-01   0.000000000000000E+00   0.000000000000000E+00   0.000000000000000E+00
   9.534179411400000E-01   1.376140293100000E+01   1.376140293100000E+01   0.000000000000000E+00  -9.989135383300000E-01   0.000000000000000E+00   0.000000000000000E+00   0.000000000000000E+00
   9.558937208800000E-01   1.379713773500000E+01   1.379713773500000E+01   0.000000000000000E+00  -9.989135383300000E-01   0.000000000000000E+00   0.000000000000000E+00   0.000000000000000E+00
   9.584599592300000E-01   1.383417819600000E+01   1.383417819600000E+01   0.000000000000000E+00  -9.989135383300000E-01   0.000000000000000E+00   0.000000000000000E+00   0.000000000000000E+00
   9.610261975800000E-01   1.387121865600000E+01   1.387121865600000E+01   0.000000000000000E+00  -9.989135383300000E-01   0.000000000000000E+00   0.000000000000000E+00   0.000000000000000E+00
   9.635924359200000E-01   1.390825911700000E+01   1.390825911700000E+01   0.000000000000000E+00  -9.989135383300000E-01   0.000000000000000E+00   0.000000000000000E+00   0.000000000000000E+00
   9.661586742700000E-01   1.394529957800000E+01   1.394529957800000E+01   0.000000000000000E+00  -9.989135383300000E-01   0.000000000000000E+00   0.000000000000000E+00   0.000000000000000E+00
   9.688356630400000E-01   1.398393858400000E+01   1.398393858400000E+01   0.000000000000000E+00  -9.989135383300000E-01   0.000000000000000E+00   0.000000000000000E+00   0.000000000000000E+00
   9.715126518200000E-01   1.402257758900000E+01   1.402257758900000E+01   0.000000000000000E+00  -9.989135383300000E-01   0.000000000000000E+00   0.000000000000000E+00   0.000000000000000E+00
   9.741896405900000E-01   1.406121659500000E+01   1.406121659500000E+01   0.000000000000000E+00  -9.989135383300000E-01   0.000000000000000E+00   0.000000000000000E+00   0.000000000000000E+00
   9.768666293700000E-01   1.409985560000000E+01   1.409985560000000E+01   0.000000000000000E+00  -9.989135383300000E-01   0.000000000000000E+00   0.000000000000000E+00   0.000000000000000E+00
   9.797582247300000E-01   1.414159218500000E+01   1.414159218500000E+01   0.000000000000000E+00  -9.989135383300000E-01   0.000000000000000E+00   0.000000000000000E+00   0.000000000000000E+00
   9.826498201000000E-01   1.418332877000000E+01   1.418332877000000E+01   0.000000000000000E+00  -9.989135383300000E-01   0.000000000000000E+00   0.000000000000000E+00   0.000000000000000E+00
   9.855414154600000E-01   1.422506535500000E+01   1.422506535500000E+01   0.000000000000000E+00  -9.989135383300000E-01   0.000000000000000E+00   0.000000000000000E+00   0.000000000000000E+00
   9.884330108300000E-01   1.426680194000000E+01   1.426680194000000E+01   0.000000000000000E+00  -9.989135383300000E-01   0.000000000000000E+00   0.000000000000000E+00   0.000000000000000E+00
   9.913247581200000E-01   1.430854071800000E+01   1.430854071800000E+01   0.000000000000000E+00  -9.989135383300000E-01   0.000000000000000E+00   0.000000000000000E+00   0.000000000000000E+00
   9.942165054100000E-01   1.435027949600000E+01   1.435027949600000E+01   0.000000000000000E+00  -9.989135383300000E-01   0.000000000000000E+00   0.000000000000000E+00   0.000000000000000E+00
   9.971082527100000E-01   1.439201827400000E+01   1.439201827400000E+01   0.000000000000000E+00  -9.989135383300000E-01   0.000000000000000E+00   0.000000000000000E+00   0.000000000000000E+00
   1.000000000000000E+00   1.443375705200000E+01   1.443375705200000E+01   0.000000000000000E+00  -9.989135383300000E-01   0.000000000000000E+00   0.000000000000000E+00   0.000000000000000E+00
