   0.000000000000000E+00   9.952510891399999E-31   0.000000000000000E+00   0.000000000000000E+00  -9.988298981900000E-01   0.000000000000000E+00   0.000000000000000E+00   0.000000000000000E+00
   1.127476692500000E-02   1.627372466200000E-01   1.627372466200000E-01   0.000000000000000E+00  -9.988298981900000E-01   0.000000000000000E+00   0.000000000000000E+00   0.000000000000000E+00
   2.254953385100000E-02   3.254744932400000E-01   3.254744932400000E-01   0.000000000000000E+00  -9.988298981900000E-01   0.000000000000000E+00   0.000000000000000E+00   0.000000000000000E+00
   3.382430077600000E-02   4.882117398600000E-01   4.882117398600000E-01   0.000000000000000E+00  -9.988298981900000E-01   0.000000000000000E+00   0.000000000000000E+00   0.000000000000000E+00
   4.509906770200000E-02   6.509489864800000E-01   6.509489864800000E-01   0.000000000000000E+00  -9.988298981900000E-01   0.000000000000000E+00   0.000000000000000E+00   0.000000000000000E+00
   5.477175560200000E-02   7.905622136700000E-01   7.905622136700000E-01   0.000000000000000E+00  -9.988298981900000E-01   0.000000000000000E+00   0.000000000000000E+00   0.000000000000000E+00
   6.444444350200000E-02   9.301754408600000E-01   9.301754408600000E-01   0.000000000000000E+00  -9.988298981900000E-01   0.000000000000000E+00   0.000000000000000E+00   0.000000000000000E+00
   7.411713140300000E-02   1.069788668100000E+00   1.069788668100000E+00   0.000000000000000E+00  -9.988298981900000E-01   0.000000000000000E+00   0.000000000000000E+00   0.000000000000000E+00
   8.378981930300000E-02   1.209401895300000E+00   1.209401895300000E+00   0.000000000000000E+00  -9.988298981900000E-01   0.000000000000000E+00   0.000000000000000E+00   0.000000000000000E+00
   9.261270732200000E-02   1.336749317400000E+00   1.336749317400000E+00   0.000000000000000E+00  -9.988298981900000E-01   0.000000000000000E+00   0.000000000000000E+00   0.000000000000000E+00
   1.014355953400000E-01   1.464096739600000E+00   1.464096739600000E+00   0.000000000000000E+00  -9.988298981900000E-01   0.000000000000000E+00   0.000000000000000E+00   0.000000000000000E+00
   1.102584833600000E-01   1.591444161800000E+00   1.591444161800000E+00   0.000000000000000E+00  -9.988298981900000E-01   0.000000000000000E+00   0.000000000000000E+00   0.000000000000000E+00
   1.190813713800000E-01   1.718791583900000E+00   1.718791583900000E+00   0.000000000000000E+00  -9.988298981900000E-01   0.000000000000000E+00   0.000000000000000E+00   0.000000000000000E+00
   1.279631652200000E-01   1.846989238400000E+00   1.846989238400000E+00   0.000000000000000E+00  -9.988298981900000E-01   0.000000000000000E+00   0.000000000000000E+00   0.000000000000000E+00
   1.368449590700000E-01   1.975186893000000E+00   1.975186893000000E+00   0.000000000000000E+00  -9.988298981900000E-01   0.000000000000000E+00   0.000000000000000E+00   0.000000000000000E+00
   1.457267529100000E-01   2.103384547500000E+00   2.103384547500000E+00   0.000000000000000E+00  -9.988298981900000E-01   0.000000000000000E+00   0.000000000000000E+00   0.000000000000000E+00
   1.546085467500000E-01   2.231582202000000E+00   2.231582202000000E+00   0.000000000000000E+00  -9.988298981900000E-01   0.000000000000000E+00   0.000000000000000E+00   0.000000000000000E+00
   1.630627298400000E-01   2.353607826800000E+00   2.353607826800000E+00   0.000000000000000E+00  -9.988298981900000E-01   0.000000000000000E+00   0.000000000000000E+00   0.000000000000000E+00
   1.715169129300000E-01   2.475633451500000E+00   2.475633451500000E+00   0.000000000000000E+00  -9.988298981900000E-01   0.000000000000000E+00   0.000000000000000E+00   0.000000000000000E+00
   1.799710960200000E-01   2.597659076300000E+00   2.597659076300000E+00   0.000000000000000E+00  -9.988298981900000E-01   0.000000000000000E+00   0.000000000000000E+00   0.000000000000000E+00
   1.884252791100000E-01   2.719684701100000E+00   2.719684701100000E+00   0.000000000000000E+00  -9.988298981900000E-01   0.000000000000000E+00   0.000000000000000E+00   0.000000000000000E+00
   1.952992369000000E-01   2.818901737900000E+00   2.818901737900000E+00   0.000000000000000E+00  -9.988298981900000E-01   0.000000000000000E+00   0.000000000000000E+00   0.000000000000000E+00
   2.021731947000000E-01   2.918118774700000E+00   2.918118774700000E+00   0.000000000000000E+00  -9.988298981900000E-01   0.000000000000000E+00   0.000000000000000E+00   0.000000000000000E+00
   2.090471524900000E-01   3.017335811500000E+00   3.017335811500000E+00   0.000000000000000E+00  -9.988298981900000E-01   0.000000000000000E+00   0.000000000000000E+00   0.000000000000000E+00
   2.159211102900000E-01   3.116552848300000E+00   3.116552848300000E+00   0.000000000000000E+00  -9.988298981900000E-01   0.000000000000000E+00   0.000000000000000E+00   0.000000000000000E+00
   2.223233353800000E-01   3.208961009900000E+00   3.208961009900000E+00   0.000000000000000E+00  -9.988298981900000E-01   0.000000000000000E+00   0.000000000000000E+00   0.000000000000000E+00
   2.287255604800000E-01   3.301369171500000E+00   3.301369171500000E+00   0.000000000000000E+00  -9.988298981900000E-01   0.000000000000000E+00   0.000000000000000E+00   0.000000000000000E+00
   2.351277855700000E-01   3.393777333200000E+00   3.393777333200000E+00   0.000000000000000E+00  -9.988298981900000E-01   0.000000000000000E+00   0.000000000000000E+00   0.000000000000000E+00
   2.415300106700000E-01   3.486185494800000E+00   3.486185494800000E+00   0.000000000000000E+00  -9.988298981900000E-01   0.000000000000000E+00   0.000000000000000E+00   0.000000000000000E+00
   2.479517415800000E-01   3.578875198600000E+00   3.578875198600000E+00   0.000000000000000E+00  -9.988298981900000E-01   0.000000000000000E+00   0.000000000000000E+00   0.000000000000000E+00
   2.543734724900000E-01   3.671564902400000E+00   3.671564902400000E+00   0.000000000000000E+00  -9.988298981900000E-01   0.000000000000000E+00   0.000000000000000E+00   0.000000000000000E+00
   2.607952034000000E-01   3.764254606300000E+00   3.764254606300000E+00   0.000000000000000E+00  -9.988298981900000E-01   0.000000000000000E+00   0.000000000000000E+00   0.000000000000000E+00
   2.672169343200000E-01   3.856944310100000E+00   3.856944310100000E+00   0.000000000000000E+00  -9.988298981900000E-01   0.000000000000000E+00   0.000000000000000E+00   0.000000000000000E+00
   2.734221483800000E-01   3.946508862300000E+00   3.946508862300000E+00   0.000000000000000E+00  -9.988298981900000E-01   0.000000000000000E+00   0.000000000000000E+00   0.000000000000000E+00
   2.796273624400000E-01   4.036073414500000E+00   4.036073414500000E+00   0.000000000000000E+00  -9.988298981900000E-01   0.000000000000000E+00   0.000000000000000E+00   0.000000000000000E+00
   2.858325765000000E-01   4.125637966700000E+00   4.125637966700000E+00   0.000000000000000E+00  -9.988298981900000E-01   0.000000000000000E+00   0.000000000000000E+00   0.000000000000000E+00
   2.920377905500000E-01   4.215202518900000E+00   4.215202518900000E+00   0.000000000000000E+00  -9.988298981900000E-01   0.000000000000000E+00   0.000000000000000E+00   0.000000000000000E+00
   2.973668651900000E-01   4.292121087500000E+00   4.292121087500000E+00   0.000000000000000E+00  -9.988298981900000E-01   0.000000000000000E+00   0.000000000000000E+00   0.000000000000000E+00
   3.026959398300000E-01   4.369039656200000E+00   4.369039656200000E+00   0.000000000000000E+00  -9.988298981900000E-01   0.000000000000000E+00   0.000000000000000E+00   0.000000000000000E+00
   3.080250144700000E-01   4.445958224900000E+00   4.445958224900000E+00   0.000000000000000E+00  -9.988298981900000E-01   0.000000000000000E+00   0.000000000000000E+00   0.000000000000000E+00
   3.133540891100000E-01   4.522876793500000E+00   4.522876793500000E+00   0.000000000000000E+00  -9.988298981900000E-01   0.000000000000000E+00   0.000000000000000E+00   0.000000000000000E+00
   3.174963679200000E-01   4.582665439400000E+00   4.582665439400000E+00   0.000000000000000E+00  -9.988298981900000E-01   0.000000000000000E+00   0.000000000000000E+00   0.000000000000000E+00
   3.216386467200000E-01   4.642454085300000E+00   4.642454085300000E+00   0.000000000000000E+00  -9.988298981900000E-01   0.000000000000000E+00   0.000000000000000E+00   0.000000000000000E+00
   3.257809255300000E-01   4.702242731200000E+00   4.702242731200000E+00   0.000000000000000E+00  -9.988298981900000E-01   0.000000000000000E+00   0.000000000000000E+00   0.000000000000000E+00
   3.299232043300000E-01   4.762031377200000E+00   4.762031377200000E+00   0.000000000000000E+00  -9.988298981900000E-01   0.000000000000000E+00   0.000000000000000E+00   0.000000000000000E+00
   3.336330303700000E-01   4.815578104900000E+00   4.815578104900000E+00   0.000000000000000E+00  -9.988298981900000E-01   0.000000000000000E+00   0.000000000000000E+00   0.000000000000000E+00
   3.373428564200000E-01   4.869124832700000E+00   4.869124832700000E+00   0.000000000000000E+00  -9.988298981900000E-01   0.000000000000000E+00   0.000000000000000E+00   0.000000000000000E+00
   3.410526824600000E-01   4.922671560500000E+00   4.922671560500000E+00   0.000000000000000E+00  -9.988298981900000E-01   0.000000000000000E+00   0.000000000000000E+00   0.000000000000000E+00
   3.447625085000000E-01   4.976218288300000E+00   4.976218288300000E+00   0.000000000000000E+00  -9.988298981900000E-01   0.000000000000000E+00   0.000000000000000E+00   0.000000000000000E+00
   3.483418716800000E-01   5.027881946900000E+00   5.027881946900000E+00   0.000000000000000E+00  -9.988298981900000E-01   0.000000000000000E+00   0.000000000000000E+00   0.000000000000000E+00
   3.519212348700000E-01   5.079545605500000E+00   5.079545605500000E+00   0.000000000000000E+00  -9.988298981900000E-01   0.000000000000000E+00   0.000000000000000E+00   0.000000000000000E+00
   3.555005980500000E-01   5.131209264100000E+00   5.131209264100000E+00   0.000000000000000E+00  -9.988298981900000E-01   0.000000000000000E+00   0.000000000000000E+00   0.000000000000000E+00
   3.590799612400000E-01   5.182872922700000E+00   5.182872922700000E+00   0.000000000000000E+00  -9.988298981900000E-01   0.000000000000000E+00   0.000000000000000E+00   0.000000000000000E+00
   3.622566573900000E-01   5.228724583200000E+00   5.228724583200000E+00   0.000000000000000E+00  -9.988298981900000E-01   0.000000000000000E+00   0.000000000000000E+00   0.000000000000000E+00
   3.654333535400000E-01   5.274576243700000E+00   5.274576243700000E+00   0.000000000000000E+00  -9.988298981900000E-01   0.000000000000000E+00   0.000000000000000E+00   0.000000000000000E+00
   3.686100497000000E-01   5.320427904300000E+00   5.320427904300000E+00   0.000000000000000E+00  -9.988298981900000E-01   0.000000000000000E+00   0.000000000000000E+00   0.000000000000000E+00
   3.717867458500000E-01   5.366279564800000E+00   5.366279564800000E+00   0.000000000000000E+00  -9.988298981900000E-01   0.000000000000000E+00   0.000000000000000E+00   0.000000000000000E+00
   3.748974488400000E-01   5.411178696000000E+00   5.411178696000000E+00   0.000000000000000E+00  -9.988298981900000E-01   0.000000000000000E+00   0.000000000000000E+00   0.000000000000000E+00
   3.780081518300000E-01   5.456077827300000E+00   5.456077827300000E+00   0.000000000000000E+00  -9.988298981900000E-01   0.000000000000000E+00   0.000000000000000E+00   0.000000000000000E+00
   3.811188548300000E-01   5.500976958500000E+00   5.500976958500000E+00   0.000000000000000E+00  -9.988298981900000E-01   0.000000000000000E+00   0.000000000000000E+00   0.000000000000000E+00
   3.842295578200000E-01   5.545876089800000E+00   5.545876089800000E+00   0.000000000000000E+00  -9.988298981900000E-01   0.000000000000000E+00   0.000000000000000E+00   0.000000000000000E+00
   3.879213857500000E-01   5.599163037200000E+00   5.599163037200000E+00   0.000000000000000E+00  -9.988298981900000E-01   0.000000000000000E+00   0.000000000000000E+00   0.000000000000000E+00
   3.916132136800000E-01   5.652449984700000E+00   5.652449984700000E+00   0.000000000000000E+00  -9.988298981900000E-01   0.000000000000000E+00   0.000000000000000E+00   0.000000000000000E+00
   3.953050416200000E-01   5.705736932100000E+00   5.705736932100000E+00   0.000000000000000E+00  -9.988298981900000E-01   0.000000000000000E+00   0.000000000000000E+00   0.000000000000000E+00
   3.989968695500000E-01   5.759023879600000E+00   5.759023879600000E+00   0.000000000000000E+00  -9.988298981900000E-01   0.000000000000000E+00   0.000000000000000E+00   0.000000000000000E+00
   4.026554142300000E-01   5.811830424600000E+00   5.811830424600000E+00   0.000000000000000E+00  -9.988298981900000E-01   0.000000000000000E+00   0.000000000000000E+00   0.000000000000000E+00
   4.063139589000000E-01   5.864636969600000E+00   5.864636969600000E+00   0.000000000000000E+00  -9.988298981900000E-01   0.000000000000000E+00   0.000000000000000E+00   0.000000000000000E+00
   4.099725035800000E-01   5.917443514600000E+00   5.917443514600000E+00   0.000000000000000E+00  -9.988298981900000E-01   0.000000000000000E+00   0.000000000000000E+00   0.000000000000000E+00
   4.136310482500000E-01   5.970250059600000E+00   5.970250059600000E+00   0.000000000000000E+00  -9.988298981900000E-01   0.000000000000000E+00   0.000000000000000E+00   0.000000000000000E+00
   4.177224640600000E-01   6.029304561400000E+00   6.029304561400000E+00   0.000000000000000E+00  -9.988298981900000E-01   0.000000000000000E+00   0.000000000000000E+00   0.000000000000000E+00
   4.218138798600000E-01   6.088359063100000E+00   6.088359063100000E+00   0.000000000000000E+00  -9.988298981900000E-01   0.000000000000000E+00   0.000000000000000E+00   0.000000000000000E+00
   4.259052956700000E-01   6.147413564800000E+00   6.147413564800000E+00   0.000000000000000E+00  -9.988298981900000E-01   0.000000000000000E+00   0.000000000000000E+00   0.000000000000000E+00
   4.299967114700000E-01   6.206468066600000E+00   6.206468066600000E+00   0.000000000000000E+00  -9.988298981900000E-01   0.000000000000000E+00   0.000000000000000E+00   0.000000000000000E+00
   4.336236906300000E-01   6.258819002500000E+00   6.258819002500000E+00   0.000000000000000E+00  -9.988298981900000E-01   0.000000000000000E+00   0.000000000000000E+00   0.000000000000000E+00
   4.372506697800000E-01   6.311169938500000E+00   6.311169938500000E+00   0.000000000000000E+00  -9.988298981900000E-01   0.000000000000000E+00   0.000000000000000E+00   0.000000000000000E+00
   4.408776489400000E-01   6.363520874400000E+00   6.363520874400000E+00   0.000000000000000E+00  -9.988298981900000E-01   0.000000000000000E+00   0.000000000000000E+00   0.000000000000000E+00
   4.445046280900000E-01   6.415871810400000E+00   6.415871810400000E+00   0.000000000000000E+00  -9.988298981900000E-01   0.000000000000000E+00   0.000000000000000E+00   0.000000000000000E+00
   4.480525729400000E-01   6.467081984300000E+00   6.467081984300000E+00   0.000000000000000E+00  -9.988298981900000E-01   0.000000000000000E+00   0.000000000000000E+00   0.000000000000000E+00
   4.516005177800000E-01   6.518292158300000E+00   6.518292158300000E+00   0.000000000000000E+00  -9.988298981900000E-01   0.000000000000000E+00   0.000000000000000E+00   0.000000000000000E+00
   4.551484626300000E-01   6.569502332200000E+00   6.569502332200000E+00   0.000000000000000E+00  -9.988298981900000E-01   0.000000000000000E+00   0.000000000000000E+00   0.000000000000000E+00
   4.586964074800000E-01   6.620712506200000E+00   6.620712506200000E+00   0.000000000000000E+00  -9.988298981900000E-01   0.000000000000000E+00   0.000000000000000E+00   0.000000000000000E+00
   4.631461021400000E-01   6.684938317900000E+00   6.684938317900000E+00   0.000000000000000E+00  -9.988298981900000E-01   0.000000000000000E+00   0.000000000000000E+00   0.000000000000000E+00
   4.675957968000000E-01   6.749164129600000E+00   6.749164129600000E+00   0.000000000000000E+00  -9.988298981900000E-01   0.000000000000000E+00   0.000000000000000E+00   0.000000000000000E+00
   4.720454914700000E-01   6.813389941300000E+00   6.813389941300000E+00   0.000000000000000E+00  -9.988298981900000E-01   0.000000000000000E+00   0.000000000000000E+00   0.000000000000000E+00
   4.764951861300000E-01   6.877615753000000E+00   6.877615753000000E+00   0.000000000000000E+00  -9.988298981900000E-01   0.000000000000000E+00   0.000000000000000E+00   0.000000000000000E+00
   4.802679321300000E-01   6.932070652300000E+00   6.932070652300000E+00   0.000000000000000E+00  -9.988298981900000E-01   0.000000000000000E+00   0.000000000000000E+00   0.000000000000000E+00
   4.840406781400000E-01   6.986525551500000E+00   6.986525551500000E+00   0.000000000000000E+00  -9.988298981900000E-01   0.000000000000000E+00   0.000000000000000E+00   0.000000000000000E+00
   4.878134241400000E-01   7.040980450800000E+00   7.040980450800000E+00   0.000000000000000E+00  -9.988298981900000E-01   0.000000000000000E+00   0.000000000000000E+00   0.000000000000000E+00
   4.915861701500000E-01   7.095435350100000E+00   7.095435350100000E+00   0.000000000000000E+00  -9.988298981900000E-01   0.000000000000000E+00   0.000000000000000E+00   0.000000000000000E+00
   4.956476107600000E-01   7.154057197100000E+00   7.154057197100000E+00   0.000000000000000E+00  -9.988298981900000E-01   0.000000000000000E+00   0.000000000000000E+00   0.000000000000000E+00
   4.997090513700000E-01   7.212679044100000E+00   7.212679044100000E+00   0.000000000000000E+00  -9.988298981900000E-01   0.000000000000000E+00   0.000000000000000E+00   0.000000000000000E+00
   5.037704919800000E-01   7.271300891200000E+00   7.271300891200000E+00   0.000000000000000E+00  -9.988298981900000E-01   0.000000000000000E+00   0.000000000000000E+00   0.000000000000000E+00
   5.078319325900000E-01   7.329922738200000E+00   7.329922738200000E+00   0.000000000000000E+00  -9.988298981900000E-01   0.000000000000000E+00   0.000000000000000E+00   0.000000000000000E+00
   5.113804025899999E-01   7.381140492100000E+00   7.381140492100000E+00   0.000000000000000E+00  -9.988298981900000E-01   0.000000000000000E+00   0.000000000000000E+00   0.000000000000000E+00
   5.149288725900000E-01   7.432358246100000E+00   7.432358246100000E+00   0.000000000000000E+00  -9.988298981900000E-01   0.000000000000000E+00   0.000000000000000E+00   0.000000000000000E+00
   5.184773425900000E-01   7.483576000000000E+00   7.483576000000000E+00   0.000000000000000E+00  -9.988298981900000E-01   0.000000000000000E+00   0.000000000000000E+00   0.000000000000000E+00
   5.220258126000000E-01   7.534793753900000E+00   7.534793753900000E+00   0.000000000000000E+00  -9.988298981900000E-01   0.000000000000000E+00   0.000000000000000E+00   0.000000000000000E+00
   5.257488863400001E-01   7.588531695800000E+00   7.588531695800000E+00   0.000000000000000E+00  -9.988298981900000E-01   0.000000000000000E+00   0.000000000000000E+00   0.000000000000000E+00
   5.294719600900000E-01   7.642269637700000E+00   7.642269637700000E+00   0.000000000000000E+00  -9.988298981900000E-01   0.000000000000000E+00   0.000000000000000E+00   0.000000000000000E+00
   5.331950338300000E-01   7.696007579700000E+00   7.696007579700000E+00   0.000000000000000E+00  -9.988298981900000E-01   0.000000000000000E+00   0.000000000000000E+00   0.000000000000000E+00
   5.369181075800000E-01   7.749745521600000E+00   7.749745521600000E+00   0.000000000000000E+00  -9.988298981900000E-01   0.000000000000000E+00   0.000000000000000E+00   0.000000000000000E+00
   5.409538775900000E-01   7.807996845400000E+00   7.807996845400000E+00   0.000000000000000E+00  -9.988298981900000E-01   0.000000000000000E+00   0.000000000000000E+00   0.000000000000000E+00
   5.449896475900000E-01   7.866248169200000E+00   7.866248169200000E+00   0.000000000000000E+00  -9.988298981900000E-01   0.000000000000000E+00   0.000000000000000E+00   0.000000000000000E+00
   5.490254176000000E-01   7.924499493100000E+00   7.924499493100000E+00   0.000000000000000E+00  -9.988298981900000E-01   0.000000000000000E+00   0.000000000000000E+00   0.000000000000000E+00
   5.530611876100000E-01   7.982750816900000E+00   7.982750816900000E+00   0.000000000000000E+00  -9.988298981900000E-01   0.000000000000000E+00   0.000000000000000E+00   0.000000000000000E+00
   5.565310039400000E-01   8.032833302700000E+00   8.032833302700000E+00   0.000000000000000E+00  -9.988298981900000E-01   0.000000000000000E+00   0.000000000000000E+00   0.000000000000000E+00
   5.600008202600000E-01   8.082915788599999E+00   8.082915788599999E+00   0.000000000000000E+00  -9.988298981900000E-01   0.000000000000000E+00   0.000000000000000E+00   0.000000000000000E+00
   5.634706365800000E-01   8.132998274400000E+00   8.132998274400000E+00   0.000000000000000E+00  -9.988298981900000E-01   0.000000000000000E+00   0.000000000000000E+00   0.000000000000000E+00
   5.669404529099999E-01   8.183080760199999E+00   8.183080760199999E+00   0.000000000000000E+00  -9.988298981900000E-01   0.000000000000000E+00   0.000000000000000E+00   0.000000000000000E+00
   5.699947433900000E-01   8.227165647000000E+00   8.227165647000000E+00   0.000000000000000E+00  -9.988298981900000E-01   0.000000000000000E+00   0.000000000000000E+00   0.000000000000000E+00
   5.730490338699999E-01   8.271250533800000E+00   8.271250533800000E+00   0.000000000000000E+00  -9.988298981900000E-01   0.000000000000000E+00   0.000000000000000E+00   0.000000000000000E+00
   5.761033243500000E-01   8.315335420500000E+00   8.315335420500000E+00   0.000000000000000E+00  -9.988298981900000E-01   0.000000000000000E+00   0.000000000000000E+00   0.000000000000000E+00
   5.791576148299999E-01   8.359420307300001E+00   8.359420307300001E+00   0.000000000000000E+00  -9.988298981900000E-01   0.000000000000000E+00   0.000000000000000E+00   0.000000000000000E+00
   5.818245830400000E-01   8.397914678399999E+00   8.397914678399999E+00   0.000000000000000E+00  -9.988298981900000E-01   0.000000000000000E+00   0.000000000000000E+00   0.000000000000000E+00
   5.844915512400000E-01   8.436409049600000E+00   8.436409049600000E+00   0.000000000000000E+00  -9.988298981900000E-01   0.000000000000000E+00   0.000000000000000E+00   0.000000000000000E+00
   5.871585194500000E-01   8.474903420800000E+00   8.474903420800000E+00   0.000000000000000E+00  -9.988298981900000E-01   0.000000000000000E+00   0.000000000000000E+00   0.000000000000000E+00
   5.898254876600000E-01   8.513397791899999E+00   8.513397791899999E+00   0.000000000000000E+00  -9.988298981900000E-01   0.000000000000000E+00   0.000000000000000E+00   0.000000000000000E+00
   5.926572463400001E-01   8.554270708800001E+00   8.554270708800001E+00   0.000000000000000E+00  -9.988298981900000E-01   0.000000000000000E+00   0.000000000000000E+00   0.000000000000000E+00
   5.954890050200000E-01   8.595143625600000E+00   8.595143625600000E+00   0.000000000000000E+00  -9.988298981900000E-01   0.000000000000000E+00   0.000000000000000E+00   0.000000000000000E+00
   5.983207637000000E-01   8.636016542400000E+00   8.636016542400000E+00   0.000000000000000E+00  -9.988298981900000E-01   0.000000000000000E+00   0.000000000000000E+00   0.000000000000000E+00
   6.011525223800001E-01   8.676889459200000E+00   8.676889459200000E+00   0.000000000000000E+00  -9.988298981900000E-01   0.000000000000000E+00   0.000000000000000E+00   0.000000000000000E+00
   6.039232748900000E-01   8.716881827800000E+00   8.716881827800000E+00   0.000000000000000E+00  -9.988298981900000E-01   0.000000000000000E+00   0.000000000000000E+00   0.000000000000000E+00
   6.066940274000000E-01   8.756874196400000E+00   8.756874196400000E+00   0.000000000000000E+00  -9.988298981900000E-01   0.000000000000000E+00   0.000000000000000E+00   0.000000000000000E+00
   6.094647799100000E-01   8.796866565000000E+00   8.796866565000000E+00   0.000000000000000E+00  -9.988298981900000E-01   0.000000000000000E+00   0.000000000000000E+00   0.000000000000000E+00
   6.122355324200000E-01   8.836858933600000E+00   8.836858933600000E+00   0.000000000000000E+00  -9.988298981900000E-01   0.000000000000000E+00   0.000000000000000E+00   0.000000000000000E+00
   6.159914479500000E-01   8.891070905899999E+00   8.891070905899999E+00   0.000000000000000E+00  -9.988298981900000E-01   0.000000000000000E+00   0.000000000000000E+00   0.000000000000000E+00
   6.197473634800000E-01   8.945282878100000E+00   8.945282878100000E+00   0.000000000000000E+00  -9.988298981900000E-01   0.000000000000000E+00   0.000000000000000E+00   0.000000000000000E+00
   6.235032790100000E-01   8.999494850400000E+00   8.999494850400000E+00   0.000000000000000E+00  -9.988298981900000E-01   0.000000000000000E+00   0.000000000000000E+00   0.000000000000000E+00
   6.272591945400000E-01   9.053706822700001E+00   9.053706822700001E+00   0.000000000000000E+00  -9.988298981900000E-01   0.000000000000000E+00   0.000000000000000E+00   0.000000000000000E+00
   6.307712178500000E-01   9.104398513800000E+00   9.104398513800000E+00   0.000000000000000E+00  -9.988298981900000E-01   0.000000000000000E+00   0.000000000000000E+00   0.000000000000000E+00
   6.342832411500000E-01   9.155090205000000E+00   9.155090205000000E+00   0.000000000000000E+00  -9.988298981900000E-01   0.000000000000000E+00   0.000000000000000E+00   0.000000000000000E+00
   6.377952644600000E-01   9.205781896100000E+00   9.205781896100000E+00   0.000000000000000E+00  -9.988298981900000E-01   0.000000000000000E+00   0.000000000000000E+00   0.000000000000000E+00
   6.413072877600000E-01   9.256473587300000E+00   9.256473587300000E+00   0.000000000000000E+00  -9.988298981900000E-01   0.000000000000000E+00   0.000000000000000E+00   0.000000000000000E+00
   6.450883523299999E-01   9.311048554699999E+00   9.311048554699999E+00   0.000000000000000E+00  -9.988298981900000E-01   0.000000000000000E+00   0.000000000000000E+00   0.000000000000000E+00
   6.488694169000000E-01   9.365623522100000E+00   9.365623522100000E+00   0.000000000000000E+00  -9.988298981900000E-01   0.000000000000000E+00   0.000000000000000E+00   0.000000000000000E+00
   6.526504814700000E-01   9.420198489500001E+00   9.420198489500001E+00   0.000000000000000E+00  -9.988298981900000E-01   0.000000000000000E+00   0.000000000000000E+00   0.000000000000000E+00
   6.564315460400000E-01   9.474773456900000E+00   9.474773456900000E+00   0.000000000000000E+00  -9.988298981900000E-01   0.000000000000000E+00   0.000000000000000E+00   0.000000000000000E+00
   6.600079872000000E-01   9.526394939599999E+00   9.526394939599999E+00   0.000000000000000E+00  -9.988298981900000E-01   0.000000000000000E+00   0.000000000000000E+00   0.000000000000000E+00
   6.635844283500000E-01   9.578016422299999E+00   9.578016422299999E+00   0.000000000000000E+00  -9.988298981900000E-01   0.000000000000000E+00   0.000000000000000E+00   0.000000000000000E+00
   6.671608695100000E-01   9.629637904999999E+00   9.629637904999999E+00   0.000000000000000E+00  -9.988298981900000E-01   0.000000000000000E+00   0.000000000000000E+00   0.000000000000000E+00
   6.707373106600000E-01   9.681259387800001E+00   9.681259387800001E+00   0.000000000000000E+00  -9.988298981900000E-01   0.000000000000000E+00   0.000000000000000E+00   0.000000000000000E+00
   6.729561802800000E-01   9.713286012799999E+00   9.713286012799999E+00   0.000000000000000E+00  -9.988298981900000E-01   0.000000000000000E+00   0.000000000000000E+00   0.000000000000000E+00
   6.751750499000000E-01   9.745312637900000E+00   9.745312637900000E+00   0.000000000000000E+00  -9.988298981900000E-01   0.000000000000000E+00   0.000000000000000E+00   0.000000000000000E+00
   6.773939195300001E-01   9.777339262900000E+00   9.777339262900000E+00   0.000000000000000E+00  -9.988298981900000E-01   0.000000000000000E+00   0.000000000000000E+00   0.000000000000000E+00
   6.796127891500000E-01   9.809365888000000E+00   9.809365888000000E+00   0.000000000000000E+00  -9.988298981900000E-01   0.000000000000000E+00   0.000000000000000E+00   0.000000000000000E+00
   6.819673911500000E-01   9.843351641200000E+00   9.843351641300000E+00   0.000000000000000E+00  -9.988298981900000E-01   0.000000000000000E+00   0.000000000000000E+00   0.000000000000000E+00
   6.843219931500000E-01   9.877337394500000E+00   9.877337394500000E+00   0.000000000000000E+00  -9.988298981900000E-01   0.000000000000000E+00   0.000000000000000E+00   0.000000000000000E+00
   6.866765951600000E-01   9.911323147799999E+00   9.911323147799999E+00   0.000000000000000E+00  -9.988298981900000E-01   0.000000000000000E+00   0.000000000000000E+00   0.000000000000000E+00
   6.890311971600001E-01   9.945308901000001E+00   9.945308901000001E+00   0.000000000000000E+00  -9.988298981900000E-01   0.000000000000000E+00   0.000000000000000E+00   0.000000000000000E+00
   6.908706501000000E-01   9.971859117799999E+00   9.971859117799999E+00   0.000000000000000E+00  -9.988298981900000E-01   0.000000000000000E+00   0.000000000000000E+00   0.000000000000000E+00
   6.927101030300000E-01   9.998409334600000E+00   9.998409334600000E+00   0.000000000000000E+00  -9.988298981900000E-01   0.000000000000000E+00   0.000000000000000E+00   0.000000000000000E+00
   6.945495559700000E-01   1.002495955100000E+01   1.002495955100000E+01   0.000000000000000E+00  -9.988298981900000E-01   0.000000000000000E+00   0.000000000000000E+00   0.000000000000000E+00
   6.963890089100000E-01   1.005150976800000E+01   1.005150976800000E+01   0.000000000000000E+00  -9.988298981900000E-01   0.000000000000000E+00   0.000000000000000E+00   0.000000000000000E+00
   6.982573613300000E-01   1.007847711300000E+01   1.007847711300000E+01   0.000000000000000E+00  -9.988298981900000E-01   0.000000000000000E+00   0.000000000000000E+00   0.000000000000000E+00
   7.001257137500000E-01   1.010544445800000E+01   1.010544445800000E+01   0.000000000000000E+00  -9.988298981900000E-01   0.000000000000000E+00   0.000000000000000E+00   0.000000000000000E+00
   7.019940661700000E-01   1.013241180300000E+01   1.013241180300000E+01   0.000000000000000E+00  -9.988298981900000E-01   0.000000000000000E+00   0.000000000000000E+00   0.000000000000000E+00
   7.038624185900000E-01   1.015937914800000E+01   1.015937914800000E+01   0.000000000000000E+00  -9.988298981900000E-01   0.000000000000000E+00   0.000000000000000E+00   0.000000000000000E+00
   7.057173403300000E-01   1.018615263800000E+01   1.018615263800000E+01   0.000000000000000E+00  -9.988298981900000E-01   0.000000000000000E+00   0.000000000000000E+00   0.000000000000000E+00
   7.075722620700000E-01   1.021292612800000E+01   1.021292612800000E+01   0.000000000000000E+00  -9.988298981900000E-01   0.000000000000000E+00   0.000000000000000E+00   0.000000000000000E+00
   7.094271838200000E-01   1.023969961700000E+01   1.023969961700000E+01   0.000000000000000E+00  -9.988298981900000E-01   0.000000000000000E+00   0.000000000000000E+00   0.000000000000000E+00
   7.112821055600000E-01   1.026647310700000E+01   1.026647310700000E+01   0.000000000000000E+00  -9.988298981900000E-01   0.000000000000000E+00   0.000000000000000E+00   0.000000000000000E+00
   7.131580755000000E-01   1.029355040100000E+01   1.029355040100000E+01   0.000000000000000E+00  -9.988298981900000E-01   0.000000000000000E+00   0.000000000000000E+00   0.000000000000000E+00
   7.150340454300000E-01   1.032062769600000E+01   1.032062769600000E+01   0.000000000000000E+00  -9.988298981900000E-01   0.000000000000000E+00   0.000000000000000E+00   0.000000000000000E+00
   7.169100153700000E-01   1.034770499000000E+01   1.034770499000000E+01   0.000000000000000E+00  -9.988298981900000E-01   0.000000000000000E+00   0.000000000000000E+00   0.000000000000000E+00
   7.187859853000000E-01   1.037478228400000E+01   1.037478228400000E+01   0.000000000000000E+00  -9.988298981900000E-01   0.000000000000000E+00   0.000000000000000E+00   0.000000000000000E+00
   7.205956913300000E-01   1.040090314100000E+01   1.040090314100000E+01   0.000000000000000E+00  -9.988298981900000E-01   0.000000000000000E+00   0.000000000000000E+00   0.000000000000000E+00
   7.224053973600000E-01   1.042702399900000E+01   1.042702399900000E+01   0.000000000000000E+00  -9.988298981900000E-01   0.000000000000000E+00   0.000000000000000E+00   0.000000000000000E+00
   7.242151033899999E-01   1.045314485600000E+01   1.045314485600000E+01   0.000000000000000E+00  -9.988298981900000E-01   0.000000000000000E+00   0.000000000000000E+00   0.000000000000000E+00
   7.260248094200000E-01   1.047926571300000E+01   1.047926571300000E+01   0.000000000000000E+00  -9.988298981900000E-01   0.000000000000000E+00   0.000000000000000E+00   0.000000000000000E+00
   7.275734818600000E-01   1.050161887500000E+01   1.050161887500000E+01   0.000000000000000E+00  -9.988298981900000E-01   0.000000000000000E+00   0.000000000000000E+00   0.000000000000000E+00
   7.291221543000000E-01   1.052397203600000E+01   1.052397203600000E+01   0.000000000000000E+00  -9.988298981900000E-01   0.000000000000000E+00   0.000000000000000E+00   0.000000000000000E+00
   7.306708267399999E-01   1.054632519800000E+01   1.054632519800000E+01   0.000000000000000E+00  -9.988298981900000E-01   0.000000000000000E+00   0.000000000000000E+00   0.000000000000000E+00
   7.322194991800000E-01   1.056867836000000E+01   1.056867836000000E+01   0.000000000000000E+00  -9.988298981900000E-01   0.000000000000000E+00   0.000000000000000E+00   0.000000000000000E+00
   7.339342264199999E-01   1.059342831600000E+01   1.059342831600000E+01   0.000000000000000E+00  -9.988298981900000E-01   0.000000000000000E+00   0.000000000000000E+00   0.000000000000000E+00
   7.356489536600000E-01   1.061817827300000E+01   1.061817827300000E+01   0.000000000000000E+00  -9.988298981900000E-01   0.000000000000000E+00   0.000000000000000E+00   0.000000000000000E+00
   7.373636808900000E-01   1.064292822900000E+01   1.064292822900000E+01   0.000000000000000E+00  -9.988298981900000E-01   0.000000000000000E+00   0.000000000000000E+00   0.000000000000000E+00
   7.390784081300000E-01   1.066767818500000E+01   1.066767818500000E+01   0.000000000000000E+00  -9.988298981900000E-01   0.000000000000000E+00   0.000000000000000E+00   0.000000000000000E+00
   7.406387556200000E-01   1.069019986200000E+01   1.069019986200000E+01   0.000000000000000E+00  -9.988298981900000E-01   0.000000000000000E+00   0.000000000000000E+00   0.000000000000000E+00
   7.421991031200000E-01   1.071272153900000E+01   1.071272153900000E+01   0.000000000000000E+00  -9.988298981900000E-01   0.000000000000000E+00   0.000000000000000E+00   0.000000000000000E+00
   7.437594506100000E-01   1.073524321500000E+01   1.073524321500000E+01   0.000000000000000E+00  -9.988298981900000E-01   0.000000000000000E+00   0.000000000000000E+00   0.000000000000000E+00
   7.453197981100000E-01   1.075776489200000E+01   1.075776489200000E+01   0.000000000000000E+00  -9.988298981900000E-01   0.000000000000000E+00   0.000000000000000E+00   0.000000000000000E+00
   7.469942182100000E-01   1.078193306500000E+01   1.078193306500000E+01   0.000000000000000E+00  -9.988298981900000E-01   0.000000000000000E+00   0.000000000000000E+00   0.000000000000000E+00
   7.486686383200000E-01   1.080610123800000E+01   1.080610123800000E+01   0.000000000000000E+00  -9.988298981900000E-01   0.000000000000000E+00   0.000000000000000E+00   0.000000000000000E+00
   7.503430584300000E-01   1.083026941100000E+01   1.083026941100000E+01   0.000000000000000E+00  -9.988298981900000E-01   0.000000000000000E+00   0.000000000000000E+00   0.000000000000000E+00
   7.520174785400000E-01   1.085443758400000E+01   1.085443758400000E+01   0.000000000000000E+00  -9.988298981900000E-01   0.000000000000000E+00   0.000000000000000E+00   0.000000000000000E+00
   7.540667946000000E-01   1.088401691400000E+01   1.088401691400000E+01   0.000000000000000E+00  -9.988298981900000E-01   0.000000000000000E+00   0.000000000000000E+00   0.000000000000000E+00
   7.561161106600000E-01   1.091359624400000E+01   1.091359624400000E+01   0.000000000000000E+00  -9.988298981900000E-01   0.000000000000000E+00   0.000000000000000E+00   0.000000000000000E+00
   7.581654267100000E-01   1.094317557400000E+01   1.094317557400000E+01   0.000000000000000E+00  -9.988298981900000E-01   0.000000000000000E+00   0.000000000000000E+00   0.000000000000000E+00
   7.602147427700000E-01   1.097275490400000E+01   1.097275490400000E+01   0.000000000000000E+00  -9.988298981900000E-01   0.000000000000000E+00   0.000000000000000E+00   0.000000000000000E+00
   7.620813676400000E-01   1.099969731400000E+01   1.099969731400000E+01   0.000000000000000E+00  -9.988298981900000E-01   0.000000000000000E+00   0.000000000000000E+00   0.000000000000000E+00
   7.639479925100000E-01   1.102663972400000E+01   1.102663972400000E+01   0.000000000000000E+00  -9.988298981900000E-01   0.000000000000000E+00   0.000000000000000E+00   0.000000000000000E+00
   7.658146173800000E-01   1.105358213400000E+01   1.105358213400000E+01   0.000000000000000E+00  -9.988298981900000E-01   0.000000000000000E+00   0.000000000000000E+00   0.000000000000000E+00
   7.676812422500000E-01   1.108052454400000E+01   1.108052454400000E+01   0.000000000000000E+00  -9.988298981900000E-01   0.000000000000000E+00   0.000000000000000E+00   0.000000000000000E+00
   7.693932362700000E-01   1.110523505000000E+01   1.110523505000000E+01   0.000000000000000E+00  -9.988298981900000E-01   0.000000000000000E+00   0.000000000000000E+00   0.000000000000000E+00
   7.711052302800000E-01   1.112994555500000E+01   1.112994555500000E+01   0.000000000000000E+00  -9.988298981900000E-01   0.000000000000000E+00   0.000000000000000E+00   0.000000000000000E+00
   7.728172242900000E-01   1.115465606100000E+01   1.115465606100000E+01   0.000000000000000E+00  -9.988298981900000E-01   0.000000000000000E+00   0.000000000000000E+00   0.000000000000000E+00
   7.745292183100000E-01   1.117936656700000E+01   1.117936656700000E+01   0.000000000000000E+00  -9.988298981900000E-01   0.000000000000000E+00   0.000000000000000E+00   0.000000000000000E+00
   7.763480798200000E-01   1.120561957200000E+01   1.120561957200000E+01   0.000000000000000E+00  -9.988298981900000E-01   0.000000000000000E+00   0.000000000000000E+00   0.000000000000000E+00
   7.781669413300000E-01   1.123187257700000E+01   1.123187257700000E+01   0.000000000000000E+00  -9.988298981900000E-01   0.000000000000000E+00   0.000000000000000E+00   0.000000000000000E+00
   7.799858028500000E-01   1.125812558200000E+01   1.125812558200000E+01   0.000000000000000E+00  -9.988298981900000E-01   0.000000000000000E+00   0.000000000000000E+00   0.000000000000000E+00
   7.818046643600000E-01   1.128437858800000E+01   1.128437858800000E+01   0.000000000000000E+00  -9.988298981900000E-01   0.000000000000000E+00   0.000000000000000E+00   0.000000000000000E+00
   7.838038241300000E-01   1.131323397400000E+01   1.131323397400000E+01   0.000000000000000E+00  -9.988298981900000E-01   0.000000000000000E+00   0.000000000000000E+00   0.000000000000000E+00
   7.858029838900000E-01   1.134208936000000E+01   1.134208936000000E+01   0.000000000000000E+00  -9.988298981900000E-01   0.000000000000000E+00   0.000000000000000E+00   0.000000000000000E+00
   7.878021436500000E-01   1.137094474700000E+01   1.137094474700000E+01   0.000000000000000E+00  -9.988298981900000E-01   0.000000000000000E+00   0.000000000000000E+00   0.000000000000000E+00
   7.898013034200000E-01   1.139980013300000E+01   1.139980013300000E+01   0.000000000000000E+00  -9.988298981900000E-01   0.000000000000000E+00   0.000000000000000E+00   0.000000000000000E+00
   7.917386222500000E-01   1.142776292200000E+01   1.142776292200000E+01   0.000000000000000E+00  -9.988298981900000E-01   0.000000000000000E+00   0.000000000000000E+00   0.000000000000000E+00
   7.936759410799999E-01   1.145572571200000E+01   1.145572571200000E+01   0.000000000000000E+00  -9.988298981900000E-01   0.000000000000000E+00   0.000000000000000E+00   0.000000000000000E+00
   7.956132599100000E-01   1.148368850100000E+01   1.148368850100000E+01   0.000000000000000E+00  -9.988298981900000E-01   0.000000000000000E+00   0.000000000000000E+00   0.000000000000000E+00
   7.975505787300000E-01   1.151165129000000E+01   1.151165129000000E+01   0.000000000000000E+00  -9.988298981900000E-01   0.000000000000000E+00   0.000000000000000E+00   0.000000000000000E+00
   7.993100352400000E-01   1.153704685800000E+01   1.153704685800000E+01   0.000000000000000E+00  -9.988298981900000E-01   0.000000000000000E+00   0.000000000000000E+00   0.000000000000000E+00
   8.010694917500000E-01   1.156244242600000E+01   1.156244242600000E+01   0.000000000000000E+00  -9.988298981900000E-01   0.000000000000000E+00   0.000000000000000E+00   0.000000000000000E+00
   8.028289482500000E-01   1.158783799300000E+01   1.158783799300000E+01   0.000000000000000E+00  -9.988298981900000E-01   0.000000000000000E+00   0.000000000000000E+00   0.000000000000000E+00
   8.045884047600000E-01   1.161323356100000E+01   1.161323356100000E+01   0.000000000000000E+00  -9.988298981900000E-01   0.000000000000000E+00   0.000000000000000E+00   0.000000000000000E+00
   8.061742614800000E-01   1.163612343200000E+01   1.163612343200000E+01   0.000000000000000E+00  -9.988298981900000E-01   0.000000000000000E+00   0.000000000000000E+00   0.000000000000000E+00
   8.077601182100000E-01   1.165901330200000E+01   1.165901330200000E+01   0.000000000000000E+00  -9.988298981900000E-01   0.000000000000000E+00   0.000000000000000E+00   0.000000000000000E+00
   8.093459749300000E-01   1.168190317300000E+01   1.168190317300000E+01   0.000000000000000E+00  -9.988298981900000E-01   0.000000000000000E+00   0.000000000000000E+00   0.000000000000000E+00
   8.109318316500000E-01   1.170479304400000E+01   1.170479304400000E+01   0.000000000000000E+00  -9.988298981900000E-01   0.000000000000000E+00   0.000000000000000E+00   0.000000000000000E+00
   8.123669496300000E-01   1.172550718800000E+01   1.172550718800000E+01   0.000000000000000E+00  -9.988298981900000E-01   0.000000000000000E+00   0.000000000000000E+00   0.000000000000000E+00
   8.138020676100000E-01   1.174622133200000E+01   1.174622133200000E+01   0.000000000000000E+00  -9.988298981900000E-01   0.000000000000000E+00   0.000000000000000E+00   0.000000000000000E+00
   8.152371855800000E-01   1.176693547600000E+01   1.176693547600000E+01   0.000000000000000E+00  -9.988298981900000E-01   0.000000000000000E+00   0.000000000000000E+00   0.000000000000000E+00
   8.166723035600000E-01   1.178764962100000E+01   1.178764962100000E+01   0.000000000000000E+00  -9.988298981900000E-01   0.000000000000000E+00   0.000000000000000E+00   0.000000000000000E+00
   8.181051705900000E-01   1.180833127500000E+01   1.180833127500000E+01   0.000000000000000E+00  -9.988298981900000E-01   0.000000000000000E+00   0.000000000000000E+00   0.000000000000000E+00
   8.195380376200000E-01   1.182901293000000E+01   1.182901293000000E+01   0.000000000000000E+00  -9.988298981900000E-01   0.000000000000000E+00   0.000000000000000E+00   0.000000000000000E+00
   8.209709046500000E-01   1.184969458400000E+01   1.184969458400000E+01   0.000000000000000E+00  -9.988298981900000E-01   0.000000000000000E+00   0.000000000000000E+00   0.000000000000000E+00
   8.224037716800000E-01   1.187037623900000E+01   1.187037623900000E+01   0.000000000000000E+00  -9.988298981900000E-01   0.000000000000000E+00   0.000000000000000E+00   0.000000000000000E+00
   8.238671746500000E-01   1.189149864200000E+01   1.189149864200000E+01   0.000000000000000E+00  -9.988298981900000E-01   0.000000000000000E+00   0.000000000000000E+00   0.000000000000000E+00
   8.253305776300000E-01   1.191262104500000E+01   1.191262104500000E+01   0.000000000000000E+00  -9.988298981900000E-01   0.000000000000000E+00   0.000000000000000E+00   0.000000000000000E+00
   8.267939806000000E-01   1.193374344800000E+01   1.193374344800000E+01   0.000000000000000E+00  -9.988298981900000E-01   0.000000000000000E+00   0.000000000000000E+00   0.000000000000000E+00
   8.282573835800000E-01   1.195486585100000E+01   1.195486585100000E+01   0.000000000000000E+00  -9.988298981900000E-01   0.000000000000000E+00   0.000000000000000E+00   0.000000000000000E+00
   8.298428064300000E-01   1.197774945900000E+01   1.197774945900000E+01   0.000000000000000E+00  -9.988298981900000E-01   0.000000000000000E+00   0.000000000000000E+00   0.000000000000000E+00
   8.314282292800000E-01   1.200063306800000E+01   1.200063306800000E+01   0.000000000000000E+00  -9.988298981900000E-01   0.000000000000000E+00   0.000000000000000E+00   0.000000000000000E+00
   8.330136521400000E-01   1.202351667600000E+01   1.202351667600000E+01   0.000000000000000E+00  -9.988298981900000E-01   0.000000000000000E+00   0.000000000000000E+00   0.000000000000000E+00
   8.345990749900000E-01   1.204640028400000E+01   1.204640028400000E+01   0.000000000000000E+00  -9.988298981900000E-01   0.000000000000000E+00   0.000000000000000E+00   0.000000000000000E+00
   8.366517936400000E-01   1.207602872700000E+01   1.207602872700000E+01   0.000000000000000E+00  -9.988298981900000E-01   0.000000000000000E+00   0.000000000000000E+00   0.000000000000000E+00
   8.387045122900000E-01   1.210565716900000E+01   1.210565716900000E+01   0.000000000000000E+00  -9.988298981900000E-01   0.000000000000000E+00   0.000000000000000E+00   0.000000000000000E+00
   8.407572309400000E-01   1.213528561100000E+01   1.213528561100000E+01   0.000000000000000E+00  -9.988298981900000E-01   0.000000000000000E+00   0.000000000000000E+00   0.000000000000000E+00
   8.428099495900000E-01   1.216491405300000E+01   1.216491405300000E+01   0.000000000000000E+00  -9.988298981900000E-01   0.000000000000000E+00   0.000000000000000E+00   0.000000000000000E+00
   8.452505772400000E-01   1.220014148000000E+01   1.220014148000000E+01   0.000000000000000E+00  -9.988298981900000E-01   0.000000000000000E+00   0.000000000000000E+00   0.000000000000000E+00
   8.476912048800000E-01   1.223536890600000E+01   1.223536890600000E+01   0.000000000000000E+00  -9.988298981900000E-01   0.000000000000000E+00   0.000000000000000E+00   0.000000000000000E+00
   8.501318325300000E-01   1.227059633300000E+01   1.227059633300000E+01   0.000000000000000E+00  -9.988298981900000E-01   0.000000000000000E+00   0.000000000000000E+00   0.000000000000000E+00
   8.525724601800000E-01   1.230582375900000E+01   1.230582375900000E+01   0.000000000000000E+00  -9.988298981900000E-01   0.000000000000000E+00   0.000000000000000E+00   0.000000000000000E+00
   8.553006484100000E-01   1.234520176600000E+01   1.234520176600000E+01   0.000000000000000E+00  -9.988298981900000E-01   0.000000000000000E+00   0.000000000000000E+00   0.000000000000000E+00
   8.580288366500000E-01   1.238457977200000E+01   1.238457977200000E+01   0.000000000000000E+00  -9.988298981900000E-01   0.000000000000000E+00   0.000000000000000E+00   0.000000000000000E+00
   8.607570248800001E-01   1.242395777800000E+01   1.242395777800000E+01   0.000000000000000E+00  -9.988298981900000E-01   0.000000000000000E+00   0.000000000000000E+00   0.000000000000000E+00
   8.634852131100000E-01   1.246333578400000E+01   1.246333578400000E+01   0.000000000000000E+00  -9.988298981900000E-01   0.000000000000000E+00   0.000000000000000E+00   0.000000000000000E+00
   8.662004358600000E-01   1.250252665000000E+01   1.250252665000000E+01   0.000000000000000E+00  -9.988298981900000E-01   0.000000000000000E+00   0.000000000000000E+00   0.000000000000000E+00
   8.689156586000000E-01   1.254171751500000E+01   1.254171751500000E+01   0.000000000000000E+00  -9.988298981900000E-01   0.000000000000000E+00   0.000000000000000E+00   0.000000000000000E+00
   8.716308813500000E-01   1.258090838000000E+01   1.258090838000000E+01   0.000000000000000E+00  -9.988298981900000E-01   0.000000000000000E+00   0.000000000000000E+00   0.000000000000000E+00
   8.743461041000000E-01   1.262009924600000E+01   1.262009924600000E+01   0.000000000000000E+00  -9.988298981900000E-01   0.000000000000000E+00   0.000000000000000E+00   0.000000000000000E+00
   8.766655299400000E-01   1.265357727500000E+01   1.265357727500000E+01   0.000000000000000E+00  -9.988298981900000E-01   0.000000000000000E+00   0.000000000000000E+00   0.000000000000000E+00
   8.789849557700000E-01   1.268705530400000E+01   1.268705530400000E+01   0.000000000000000E+00  -9.988298981900000E-01   0.000000000000000E+00   0.000000000000000E+00   0.000000000000000E+00
   8.813043816100000E-01   1.272053333300000E+01   1.272053333300000E+01   0.000000000000000E+00  -9.988298981900000E-01   0.000000000000000E+00   0.000000000000000E+00   0.000000000000000E+00
   8.836238074500000E-01   1.275401136200000E+01   1.275401136200000E+01   0.000000000000000E+00  -9.988298981900000E-01   0.000000000000000E+00   0.000000000000000E+00   0.000000000000000E+00
   8.855829943300000E-01   1.278228979000000E+01   1.278228979000000E+01   0.000000000000000E+00  -9.988298981900000E-01   0.000000000000000E+00   0.000000000000000E+00   0.000000000000000E+00
   8.875421812099999E-01   1.281056821700000E+01   1.281056821700000E+01   0.000000000000000E+00  -9.988298981900000E-01   0.000000000000000E+00   0.000000000000000E+00   0.000000000000000E+00
   8.895013681000000E-01   1.283884664500000E+01   1.283884664500000E+01   0.000000000000000E+00  -9.988298981900000E-01   0.000000000000000E+00   0.000000000000000E+00   0.000000000000000E+00
   8.914605549800000E-01   1.286712507200000E+01   1.286712507200000E+01   0.000000000000000E+00  -9.988298981900000E-01   0.000000000000000E+00   0.000000000000000E+00   0.000000000000000E+00
   8.932701463300000E-01   1.289324427400000E+01   1.289324427400000E+01   0.000000000000000E+00  -9.988298981900000E-01   0.000000000000000E+00   0.000000000000000E+00   0.000000000000000E+00
   8.950797376900000E-01   1.291936347600000E+01   1.291936347600000E+01   0.000000000000000E+00  -9.988298981900000E-01   0.000000000000000E+00   0.000000000000000E+00   0.000000000000000E+00
   8.968893290400000E-01   1.294548267800000E+01   1.294548267800000E+01   0.000000000000000E+00  -9.988298981900000E-01   0.000000000000000E+00   0.000000000000000E+00   0.000000000000000E+00
   8.986989204000000E-01   1.297160188000000E+01   1.297160188000000E+01   0.000000000000000E+00  -9.988298981900000E-01   0.000000000000000E+00   0.000000000000000E+00   0.000000000000000E+00
   9.004631033200000E-01   1.299706566800000E+01   1.299706566800000E+01   0.000000000000000E+00  -9.988298981900000E-01   0.000000000000000E+00   0.000000000000000E+00   0.000000000000000E+00
   9.022272862500000E-01   1.302252945500000E+01   1.302252945500000E+01   0.000000000000000E+00  -9.988298981900000E-01   0.000000000000000E+00   0.000000000000000E+00   0.000000000000000E+00
   9.039914691700000E-01   1.304799324300000E+01   1.304799324300000E+01   0.000000000000000E+00  -9.988298981900000E-01   0.000000000000000E+00   0.000000000000000E+00   0.000000000000000E+00
   9.057556520900000E-01   1.307345703100000E+01   1.307345703100000E+01   0.000000000000000E+00  -9.988298981900000E-01   0.000000000000000E+00   0.000000000000000E+00   0.000000000000000E+00
   9.074601548600000E-01   1.309805941000000E+01   1.309805941000000E+01   0.000000000000000E+00  -9.988298981900000E-01   0.000000000000000E+00   0.000000000000000E+00   0.000000000000000E+00
   9.091646576300000E-01   1.312266178800000E+01   1.312266178800000E+01   0.000000000000000E+00  -9.988298981900000E-01   0.000000000000000E+00   0.000000000000000E+00   0.000000000000000E+00
   9.108691603900000E-01   1.314726416700000E+01   1.314726416700000E+01   0.000000000000000E+00  -9.988298981900000E-01   0.000000000000000E+00   0.000000000000000E+00   0.000000000000000E+00
   9.125736631600000E-01   1.317186654600000E+01   1.317186654600000E+01   0.000000000000000E+00  -9.988298981900000E-01   0.000000000000000E+00   0.000000000000000E+00   0.000000000000000E+00
   9.139332766300000E-01   1.319149087700000E+01   1.319149087700000E+01   0.000000000000000E+00  -9.988298981900000E-01   0.000000000000000E+00   0.000000000000000E+00   0.000000000000000E+00
   9.152928900900000E-01   1.321111520700000E+01   1.321111520700000E+01   0.000000000000000E+00  -9.988298981900000E-01   0.000000000000000E+00   0.000000000000000E+00   0.000000000000000E+00
   9.166525035600001E-01   1.323073953700000E+01   1.323073953700000E+01   0.000000000000000E+00  -9.988298981900000E-01   0.000000000000000E+00   0.000000000000000E+00   0.000000000000000E+00
   9.180121170300000E-01   1.325036386800000E+01   1.325036386800000E+01   0.000000000000000E+00  -9.988298981900000E-01   0.000000000000000E+00   0.000000000000000E+00   0.000000000000000E+00
   9.195239276700000E-01   1.327218497600000E+01   1.327218497600000E+01   0.000000000000000E+00  -9.988298981900000E-01   0.000000000000000E+00   0.000000000000000E+00   0.000000000000000E+00
   9.210357383200000E-01   1.329400608300000E+01   1.329400608300000E+01   0.000000000000000E+00  -9.988298981900000E-01   0.000000000000000E+00   0.000000000000000E+00   0.000000000000000E+00
   9.225475489600000E-01   1.331582719100000E+01   1.331582719100000E+01   0.000000000000000E+00  -9.988298981900000E-01   0.000000000000000E+00   0.000000000000000E+00   0.000000000000000E+00
   9.240593596100000E-01   1.333764829800000E+01   1.333764829800000E+01   0.000000000000000E+00  -9.988298981900000E-01   0.000000000000000E+00   0.000000000000000E+00   0.000000000000000E+00
   9.261426484100000E-01   1.336771798300000E+01   1.336771798300000E+01   0.000000000000000E+00  -9.988298981900000E-01   0.000000000000000E+00   0.000000000000000E+00   0.000000000000000E+00
   9.282259372100000E-01   1.339778766700000E+01   1.339778766700000E+01   0.000000000000000E+00  -9.988298981900000E-01   0.000000000000000E+00   0.000000000000000E+00   0.000000000000000E+00
   9.303092260100000E-01   1.342785735200000E+01   1.342785735200000E+01   0.000000000000000E+00  -9.988298981900000E-01   0.000000000000000E+00   0.000000000000000E+00   0.000000000000000E+00
   9.323925148200000E-01   1.345792703600000E+01   1.345792703600000E+01   0.000000000000000E+00  -9.988298981900000E-01   0.000000000000000E+00   0.000000000000000E+00   0.000000000000000E+00
   9.350131016600000E-01   1.349575195000000E+01   1.349575195000000E+01   0.000000000000000E+00  -9.988298981900000E-01   0.000000000000000E+00   0.000000000000000E+00   0.000000000000000E+00
   9.376336884900000E-01   1.353357686300000E+01   1.353357686300000E+01   0.000000000000000E+00  -9.988298981900000E-01   0.000000000000000E+00   0.000000000000000E+00   0.000000000000000E+00
   9.402542753299999E-01   1.357140177700000E+01   1.357140177700000E+01   0.000000000000000E+00  -9.988298981900000E-01   0.000000000000000E+00   0.000000000000000E+00   0.000000000000000E+00
   9.428748621700000E-01   1.360922669100000E+01   1.360922669100000E+01   0.000000000000000E+00  -9.988298981900000E-01   0.000000000000000E+00   0.000000000000000E+00   0.000000000000000E+00
   9.457841378500000E-01   1.365121846900000E+01   1.365121846900000E+01   0.000000000000000E+00  -9.988298981900000E-01   0.000000000000000E+00   0.000000000000000E+00   0.000000000000000E+00
   9.486934135400000E-01   1.369321024800000E+01   1.369321024800000E+01   0.000000000000000E+00  -9.988298981900000E-01   0.000000000000000E+00   0.000000000000000E+00   0.000000000000000E+00
   9.516026892200000E-01   1.373520202600000E+01   1.373520202600000E+01   0.000000000000000E+00  -9.988298981900000E-01   0.000000000000000E+00   0.000000000000000E+00   0.000000000000000E+00
   9.545119649000000E-01   1.377719380500000E+01   1.377719380500000E+01   0.000000000000000E+00  -9.988298981900000E-01   0.000000000000000E+00   0.000000000000000E+00   0.000000000000000E+00
   9.581555707700000E-01   1.382978472600000E+01   1.382978472600000E+01   0.000000000000000E+00  -9.988298981900000E-01   0.000000000000000E+00   0.000000000000000E+00   0.000000000000000E+00
   9.617991766400000E-01   1.388237564800000E+01   1.388237564800000E+01   0.000000000000000E+00  -9.988298981900000E-01   0.000000000000000E+00   0.000000000000000E+00   0.000000000000000E+00
   9.654427825000000E-01   1.393496657000000E+01   1.393496657000000E+01   0.000000000000000E+00  -9.988298981900000E-01   0.000000000000000E+00   0.000000000000000E+00   0.000000000000000E+00
   9.690863883700001E-01   1.398755749200000E+01   1.398755749200000E+01   0.000000000000000E+00  -9.988298981900000E-01   0.000000000000000E+00   0.000000000000000E+00   0.000000000000000E+00
   9.729288126900000E-01   1.404301811100000E+01   1.404301811100000E+01   0.000000000000000E+00  -9.988298981900000E-01   0.000000000000000E+00   0.000000000000000E+00   0.000000000000000E+00
   9.767712370100000E-01   1.409847873000000E+01   1.409847873000000E+01   0.000000000000000E+00  -9.988298981900000E-01   0.000000000000000E+00   0.000000000000000E+00   0.000000000000000E+00
   9.806136613300001E-01   1.415393934900000E+01   1.415393934900000E+01   0.000000000000000E+00  -9.988298981900000E-01   0.000000000000000E+00   0.000000000000000E+00   0.000000000000000E+00
   9.844560856400000E-01   1.420939996900000E+01   1.420939996900000E+01   0.000000000000000E+00  -9.988298981900000E-01   0.000000000000000E+00   0.000000000000000E+00   0.000000000000000E+00
   9.883420642300000E-01   1.426548923900000E+01   1.426548923900000E+01   0.000000000000000E+00  -9.988298981900000E-01   0.000000000000000E+00   0.000000000000000E+00   0.000000000000000E+00
   9.922280428200000E-01   1.432157851000000E+01   1.432157851000000E+01   0.000000000000000E+00  -9.988298981900000E-01   0.000000000000000E+00   0.000000000000000E+00   0.000000000000000E+00
   9.961140214100001E-01   1.437766778100000E+01   1.437766778100000E+01   0.000000000000000E+00  -9.988298981900000E-01   0.000000000000000E+00   0.000000000000000E+00   0.000000000000000E+00
   1.000000000000000E+00   1.443375705200000E+01   1.443375705200000E+01   0.000000000000000E+00  -9.988298981900000E-01   0.000000000000000E+00   0.000000000000000E+00   0.000000000000000E+00
