   0.000000000000000E+00  -6.244146218400000E-30   0.000000000000000E+00   0.000000000000000E+00  -9.932010496900000E-01   0.000000000000000E+00   0.000000000000000E+00   0.000000000000000E+00
   1.737027462800000E-02   2.507183239100000E-01   2.507183239100000E-01   0.000000000000000E+00  -9.932010496900000E-01   0.000000000000000E+00   0.000000000000000E+00   0.000000000000000E+00
   3.474054925600000E-02   5.014366478200000E-01   5.014366478200000E-01   0.000000000000000E+00  -9.932010496900000E-01   0.000000000000000E+00   0.000000000000000E+00   0.000000000000000E+00
   5.211082388500000E-02   7.521549717300000E-01   7.521549717300000E-01   0.000000000000000E+00  -9.932010496900000E-01   0.000000000000000E+00   0.000000000000000E+00   0.000000000000000E+00
   6.948109851299999E-02   1.002873295600000E+00   1.002873295600000E+00   0.000000000000000E+00  -9.932010496900000E-01   0.000000000000000E+00   0.000000000000000E+00   0.000000000000000E+00
   8.449129686000000E-02   1.219526851900000E+00   1.219526851900000E+00   0.000000000000000E+00  -9.932010496900000E-01   0.000000000000000E+00   0.000000000000000E+00   0.000000000000000E+00
   9.950149520700000E-02   1.436180408100000E+00   1.436180408100000E+00   0.000000000000000E+00  -9.932010496900000E-01   0.000000000000000E+00   0.000000000000000E+00   0.000000000000000E+00
   1.145116935500000E-01   1.652833964400000E+00   1.652833964400000E+00   0.000000000000000E+00  -9.932010496900000E-01   0.000000000000000E+00   0.000000000000000E+00   0.000000000000000E+00
   1.295218919000000E-01   1.869487520600000E+00   1.869487520600000E+00   0.000000000000000E+00  -9.932010496900000E-01   0.000000000000000E+00   0.000000000000000E+00   0.000000000000000E+00
   1.405990157300000E-01   2.029372034800000E+00   2.029372034800000E+00   0.000000000000000E+00  -9.932010496900000E-01   0.000000000000000E+00   0.000000000000000E+00   0.000000000000000E+00
   1.516761395600000E-01   2.189256549000000E+00   2.189256549000000E+00   0.000000000000000E+00  -9.932010496900000E-01   0.000000000000000E+00   0.000000000000000E+00   0.000000000000000E+00
   1.627532633900000E-01   2.349141063200000E+00   2.349141063200000E+00   0.000000000000000E+00  -9.932010496900000E-01   0.000000000000000E+00   0.000000000000000E+00   0.000000000000000E+00
   1.738303872200000E-01   2.509025577400000E+00   2.509025577400000E+00   0.000000000000000E+00  -9.932010496900000E-01   0.000000000000000E+00   0.000000000000000E+00   0.000000000000000E+00
   1.842817824900000E-01   2.659878477500000E+00   2.659878477500000E+00   0.000000000000000E+00  -9.932010496900000E-01   0.000000000000000E+00   0.000000000000000E+00   0.000000000000000E+00
   1.947331777500000E-01   2.810731377600000E+00   2.810731377600000E+00   0.000000000000000E+00  -9.932010496900000E-01   0.000000000000000E+00   0.000000000000000E+00   0.000000000000000E+00
   2.051845730200000E-01   2.961584277800000E+00   2.961584277800000E+00   0.000000000000000E+00  -9.932010496900000E-01   0.000000000000000E+00   0.000000000000000E+00   0.000000000000000E+00
   2.156359682800000E-01   3.112437177900000E+00   3.112437177900000E+00   0.000000000000000E+00  -9.932010496900000E-01   0.000000000000000E+00   0.000000000000000E+00   0.000000000000000E+00
   2.261448502100000E-01   3.264119826500000E+00   3.264119826500000E+00   0.000000000000000E+00  -9.932010496900000E-01   0.000000000000000E+00   0.000000000000000E+00   0.000000000000000E+00
   2.366537321300000E-01   3.415802475100000E+00   3.415802475100000E+00   0.000000000000000E+00  -9.932010496900000E-01   0.000000000000000E+00   0.000000000000000E+00   0.000000000000000E+00
   2.471626140600000E-01   3.567485123700000E+00   3.567485123700000E+00   0.000000000000000E+00  -9.932010496900000E-01   0.000000000000000E+00   0.000000000000000E+00   0.000000000000000E+00
   2.576714959900000E-01   3.719167772300000E+00   3.719167772300000E+00   0.000000000000000E+00  -9.932010496900000E-01   0.000000000000000E+00   0.000000000000000E+00   0.000000000000000E+00
   2.676717696400000E-01   3.863509292700000E+00   3.863509292700000E+00   0.000000000000000E+00  -9.932010496900000E-01   0.000000000000000E+00   0.000000000000000E+00   0.000000000000000E+00
   2.776720433000000E-01   4.007850813200000E+00   4.007850813200000E+00   0.000000000000000E+00  -9.932010496900000E-01   0.000000000000000E+00   0.000000000000000E+00   0.000000000000000E+00
   2.876723169600000E-01   4.152192333600000E+00   4.152192333600000E+00   0.000000000000000E+00  -9.932010496900000E-01   0.000000000000000E+00   0.000000000000000E+00   0.000000000000000E+00
   2.976725906200000E-01   4.296533854100000E+00   4.296533854100000E+00   0.000000000000000E+00  -9.932010496900000E-01   0.000000000000000E+00   0.000000000000000E+00   0.000000000000000E+00
   3.070796987800000E-01   4.432313767800000E+00   4.432313767800000E+00   0.000000000000000E+00  -9.932010496900000E-01   0.000000000000000E+00   0.000000000000000E+00   0.000000000000000E+00
   3.164868069400000E-01   4.568093681600000E+00   4.568093681600000E+00   0.000000000000000E+00  -9.932010496900000E-01   0.000000000000000E+00   0.000000000000000E+00   0.000000000000000E+00
   3.258939151100000E-01   4.703873595400000E+00   4.703873595400000E+00   0.000000000000000E+00  -9.932010496900000E-01   0.000000000000000E+00   0.000000000000000E+00   0.000000000000000E+00
   3.353010232700000E-01   4.839653509100000E+00   4.839653509100000E+00   0.000000000000000E+00  -9.932010496900000E-01   0.000000000000000E+00   0.000000000000000E+00   0.000000000000000E+00
   3.428064342600000E-01   4.947984787900000E+00   4.947984787900000E+00   0.000000000000000E+00  -9.932010496900000E-01   0.000000000000000E+00   0.000000000000000E+00   0.000000000000000E+00
   3.503118452500000E-01   5.056316066700000E+00   5.056316066700000E+00   0.000000000000000E+00  -9.932010496900000E-01   0.000000000000000E+00   0.000000000000000E+00   0.000000000000000E+00
   3.578172562300000E-01   5.164647345500000E+00   5.164647345500000E+00   0.000000000000000E+00  -9.932010496900000E-01   0.000000000000000E+00   0.000000000000000E+00   0.000000000000000E+00
   3.653226672200000E-01   5.272978624300000E+00   5.272978624300000E+00   0.000000000000000E+00  -9.932010496900000E-01   0.000000000000000E+00   0.000000000000000E+00   0.000000000000000E+00
   3.724503845900000E-01   5.375858365100000E+00   5.375858365100000E+00   0.000000000000000E+00  -9.932010496900000E-01   0.000000000000000E+00   0.000000000000000E+00   0.000000000000000E+00
   3.795781019600000E-01   5.478738106000000E+00   5.478738106000000E+00   0.000000000000000E+00  -9.932010496900000E-01   0.000000000000000E+00   0.000000000000000E+00   0.000000000000000E+00
   3.867058193300000E-01   5.581617846800000E+00   5.581617846800000E+00   0.000000000000000E+00  -9.932010496900000E-01   0.000000000000000E+00   0.000000000000000E+00   0.000000000000000E+00
   3.938335367000000E-01   5.684497587600000E+00   5.684497587600000E+00   0.000000000000000E+00  -9.932010496900000E-01   0.000000000000000E+00   0.000000000000000E+00   0.000000000000000E+00
   4.004691593400000E-01   5.780274552700000E+00   5.780274552700000E+00   0.000000000000000E+00  -9.932010496900000E-01   0.000000000000000E+00   0.000000000000000E+00   0.000000000000000E+00
   4.071047819700000E-01   5.876051517700000E+00   5.876051517700000E+00   0.000000000000000E+00  -9.932010496900000E-01   0.000000000000000E+00   0.000000000000000E+00   0.000000000000000E+00
   4.137404046100000E-01   5.971828482700000E+00   5.971828482700000E+00   0.000000000000000E+00  -9.932010496900000E-01   0.000000000000000E+00   0.000000000000000E+00   0.000000000000000E+00
   4.203760272500000E-01   6.067605447800000E+00   6.067605447800000E+00   0.000000000000000E+00  -9.932010496900000E-01   0.000000000000000E+00   0.000000000000000E+00   0.000000000000000E+00
   4.277738290900000E-01   6.174383522300000E+00   6.174383522300000E+00   0.000000000000000E+00  -9.932010496900000E-01   0.000000000000000E+00   0.000000000000000E+00   0.000000000000000E+00
   4.351716309400000E-01   6.281161596900000E+00   6.281161596900000E+00   0.000000000000000E+00  -9.932010496900000E-01   0.000000000000000E+00   0.000000000000000E+00   0.000000000000000E+00
   4.425694327900000E-01   6.387939671500000E+00   6.387939671500000E+00   0.000000000000000E+00  -9.932010496900000E-01   0.000000000000000E+00   0.000000000000000E+00   0.000000000000000E+00
   4.499672346300000E-01   6.494717746100000E+00   6.494717746100000E+00   0.000000000000000E+00  -9.932010496900000E-01   0.000000000000000E+00   0.000000000000000E+00   0.000000000000000E+00
   4.579034229000000E-01   6.609266759500000E+00   6.609266759500000E+00   0.000000000000000E+00  -9.932010496900000E-01   0.000000000000000E+00   0.000000000000000E+00   0.000000000000000E+00
   4.658396111800000E-01   6.723815772900000E+00   6.723815772900000E+00   0.000000000000000E+00  -9.932010496900000E-01   0.000000000000000E+00   0.000000000000000E+00   0.000000000000000E+00
   4.737757994500000E-01   6.838364786300000E+00   6.838364786300000E+00   0.000000000000000E+00  -9.932010496900000E-01   0.000000000000000E+00   0.000000000000000E+00   0.000000000000000E+00
   4.817119877200000E-01   6.952913799800000E+00   6.952913799800000E+00   0.000000000000000E+00  -9.932010496900000E-01   0.000000000000000E+00   0.000000000000000E+00   0.000000000000000E+00
   4.888999817600000E-01   7.056663559400000E+00   7.056663559400000E+00   0.000000000000000E+00  -9.932010496900000E-01   0.000000000000000E+00   0.000000000000000E+00   0.000000000000000E+00
   4.960879758000000E-01   7.160413319100000E+00   7.160413319100000E+00   0.000000000000000E+00  -9.932010496900000E-01   0.000000000000000E+00   0.000000000000000E+00   0.000000000000000E+00
   5.032759698400000E-01   7.264163078700000E+00   7.264163078700000E+00   0.000000000000000E+00  -9.932010496900000E-01   0.000000000000000E+00   0.000000000000000E+00   0.000000000000000E+00
   5.104639638800000E-01   7.367912838400000E+00   7.367912838400000E+00   0.000000000000000E+00  -9.932010496900000E-01   0.000000000000000E+00   0.000000000000000E+00   0.000000000000000E+00
   5.158395710300000E-01   7.445503046000000E+00   7.445503046000000E+00   0.000000000000000E+00  -9.932010496900000E-01   0.000000000000000E+00   0.000000000000000E+00   0.000000000000000E+00
   5.212151781800000E-01   7.523093253600000E+00   7.523093253600000E+00   0.000000000000000E+00  -9.932010496900000E-01   0.000000000000000E+00   0.000000000000000E+00   0.000000000000000E+00
   5.265907853300000E-01   7.600683461300000E+00   7.600683461300000E+00   0.000000000000000E+00  -9.932010496900000E-01   0.000000000000000E+00   0.000000000000000E+00   0.000000000000000E+00
   5.319663924800000E-01   7.678273668900000E+00   7.678273668900000E+00   0.000000000000000E+00  -9.932010496900000E-01   0.000000000000000E+00   0.000000000000000E+00   0.000000000000000E+00
   5.357269009600000E-01   7.732551934700000E+00   7.732551934700000E+00   0.000000000000000E+00  -9.932010496900000E-01   0.000000000000000E+00   0.000000000000000E+00   0.000000000000000E+00
   5.394874094500000E-01   7.786830200600000E+00   7.786830200600000E+00   0.000000000000000E+00  -9.932010496900000E-01   0.000000000000000E+00   0.000000000000000E+00   0.000000000000000E+00
   5.432479179300000E-01   7.841108466400000E+00   7.841108466400000E+00   0.000000000000000E+00  -9.932010496900000E-01   0.000000000000000E+00   0.000000000000000E+00   0.000000000000000E+00
   5.470084264200000E-01   7.895386732300000E+00   7.895386732300000E+00   0.000000000000000E+00  -9.932010496900000E-01   0.000000000000000E+00   0.000000000000000E+00   0.000000000000000E+00
   5.499170002900000E-01   7.937368380900000E+00   7.937368380900000E+00   0.000000000000000E+00  -9.932010496900000E-01   0.000000000000000E+00   0.000000000000000E+00   0.000000000000000E+00
   5.528255741600000E-01   7.979350029600000E+00   7.979350029600000E+00   0.000000000000000E+00  -9.932010496900000E-01   0.000000000000000E+00   0.000000000000000E+00   0.000000000000000E+00
   5.557341480300000E-01   8.021331678199999E+00   8.021331678199999E+00   0.000000000000000E+00  -9.932010496900000E-01   0.000000000000000E+00   0.000000000000000E+00   0.000000000000000E+00
   5.586427219100000E-01   8.063313326899999E+00   8.063313326899999E+00   0.000000000000000E+00  -9.932010496900000E-01   0.000000000000000E+00   0.000000000000000E+00   0.000000000000000E+00
   5.608713279799999E-01   8.095480485600000E+00   8.095480485600000E+00   0.000000000000000E+00  -9.932010496900000E-01   0.000000000000000E+00   0.000000000000000E+00   0.000000000000000E+00
   5.630999340600000E-01   8.127647644300000E+00   8.127647644300000E+00   0.000000000000000E+00  -9.932010496900000E-01   0.000000000000000E+00   0.000000000000000E+00   0.000000000000000E+00
   5.653285401400000E-01   8.159814803000000E+00   8.159814803000000E+00   0.000000000000000E+00  -9.932010496900000E-01   0.000000000000000E+00   0.000000000000000E+00   0.000000000000000E+00
   5.675571462200000E-01   8.191981961700000E+00   8.191981961700000E+00   0.000000000000000E+00  -9.932010496900000E-01   0.000000000000000E+00   0.000000000000000E+00   0.000000000000000E+00
   5.694361018400000E-01   8.219102350600000E+00   8.219102350600000E+00   0.000000000000000E+00  -9.932010496900000E-01   0.000000000000000E+00   0.000000000000000E+00   0.000000000000000E+00
   5.713150574600000E-01   8.246222739500000E+00   8.246222739500000E+00   0.000000000000000E+00  -9.932010496900000E-01   0.000000000000000E+00   0.000000000000000E+00   0.000000000000000E+00
   5.731940130800000E-01   8.273343128400001E+00   8.273343128400001E+00   0.000000000000000E+00  -9.932010496900000E-01   0.000000000000000E+00   0.000000000000000E+00   0.000000000000000E+00
   5.750729686900000E-01   8.300463517300001E+00   8.300463517300001E+00   0.000000000000000E+00  -9.932010496900000E-01   0.000000000000000E+00   0.000000000000000E+00   0.000000000000000E+00
   5.769168511800000E-01   8.327077669099999E+00   8.327077669099999E+00   0.000000000000000E+00  -9.932010496900000E-01   0.000000000000000E+00   0.000000000000000E+00   0.000000000000000E+00
   5.787607336600000E-01   8.353691820900000E+00   8.353691820900000E+00   0.000000000000000E+00  -9.932010496900000E-01   0.000000000000000E+00   0.000000000000000E+00   0.000000000000000E+00
   5.806046161400000E-01   8.380305972700000E+00   8.380305972700000E+00   0.000000000000000E+00  -9.932010496900000E-01   0.000000000000000E+00   0.000000000000000E+00   0.000000000000000E+00
   5.824484986200000E-01   8.406920124499999E+00   8.406920124499999E+00   0.000000000000000E+00  -9.932010496900000E-01   0.000000000000000E+00   0.000000000000000E+00   0.000000000000000E+00
   5.845215819100000E-01   8.436842504900000E+00   8.436842504900000E+00   0.000000000000000E+00  -9.932010496900000E-01   0.000000000000000E+00   0.000000000000000E+00   0.000000000000000E+00
   5.865946651900000E-01   8.466764885300000E+00   8.466764885300000E+00   0.000000000000000E+00  -9.932010496900000E-01   0.000000000000000E+00   0.000000000000000E+00   0.000000000000000E+00
   5.886677484700000E-01   8.496687265700000E+00   8.496687265700000E+00   0.000000000000000E+00  -9.932010496900000E-01   0.000000000000000E+00   0.000000000000000E+00   0.000000000000000E+00
   5.907408317500000E-01   8.526609646100001E+00   8.526609646100001E+00   0.000000000000000E+00  -9.932010496900000E-01   0.000000000000000E+00   0.000000000000000E+00   0.000000000000000E+00
   5.930375443200000E-01   8.559759837500000E+00   8.559759837500000E+00   0.000000000000000E+00  -9.932010496900000E-01   0.000000000000000E+00   0.000000000000000E+00   0.000000000000000E+00
   5.953342569000000E-01   8.592910028800000E+00   8.592910028800000E+00   0.000000000000000E+00  -9.932010496900000E-01   0.000000000000000E+00   0.000000000000000E+00   0.000000000000000E+00
   5.976309694700001E-01   8.626060220099999E+00   8.626060220099999E+00   0.000000000000000E+00  -9.932010496900000E-01   0.000000000000000E+00   0.000000000000000E+00   0.000000000000000E+00
   5.999276820500000E-01   8.659210411500000E+00   8.659210411500000E+00   0.000000000000000E+00  -9.932010496900000E-01   0.000000000000000E+00   0.000000000000000E+00   0.000000000000000E+00
   6.021457114600000E-01   8.691224909100001E+00   8.691224909100001E+00   0.000000000000000E+00  -9.932010496900000E-01   0.000000000000000E+00   0.000000000000000E+00   0.000000000000000E+00
   6.043637408700000E-01   8.723239406799999E+00   8.723239406799999E+00   0.000000000000000E+00  -9.932010496900000E-01   0.000000000000000E+00   0.000000000000000E+00   0.000000000000000E+00
   6.065817702800000E-01   8.755253904500000E+00   8.755253904500000E+00   0.000000000000000E+00  -9.932010496900000E-01   0.000000000000000E+00   0.000000000000000E+00   0.000000000000000E+00
   6.087997997000000E-01   8.787268402100000E+00   8.787268402100000E+00   0.000000000000000E+00  -9.932010496900000E-01   0.000000000000000E+00   0.000000000000000E+00   0.000000000000000E+00
   6.106757902500000E-01   8.814345994100000E+00   8.814345994100000E+00   0.000000000000000E+00  -9.932010496900000E-01   0.000000000000000E+00   0.000000000000000E+00   0.000000000000000E+00
   6.125517808099999E-01   8.841423585999999E+00   8.841423585999999E+00   0.000000000000000E+00  -9.932010496900000E-01   0.000000000000000E+00   0.000000000000000E+00   0.000000000000000E+00
   6.144277713700000E-01   8.868501177900001E+00   8.868501177900001E+00   0.000000000000000E+00  -9.932010496900000E-01   0.000000000000000E+00   0.000000000000000E+00   0.000000000000000E+00
   6.163037619200000E-01   8.895578769800000E+00   8.895578769800000E+00   0.000000000000000E+00  -9.932010496900000E-01   0.000000000000000E+00   0.000000000000000E+00   0.000000000000000E+00
   6.180502729400000E-01   8.920787485500000E+00   8.920787485500000E+00   0.000000000000000E+00  -9.932010496900000E-01   0.000000000000000E+00   0.000000000000000E+00   0.000000000000000E+00
   6.197967839600000E-01   8.945996201200000E+00   8.945996201200000E+00   0.000000000000000E+00  -9.932010496900000E-01   0.000000000000000E+00   0.000000000000000E+00   0.000000000000000E+00
   6.215432949700000E-01   8.971204916900000E+00   8.971204916900000E+00   0.000000000000000E+00  -9.932010496900000E-01   0.000000000000000E+00   0.000000000000000E+00   0.000000000000000E+00
   6.232898059899999E-01   8.996413632599999E+00   8.996413632599999E+00   0.000000000000000E+00  -9.932010496900000E-01   0.000000000000000E+00   0.000000000000000E+00   0.000000000000000E+00
   6.244573533100000E-01   9.013265727000000E+00   9.013265727000000E+00   0.000000000000000E+00  -9.932010496900000E-01   0.000000000000000E+00   0.000000000000000E+00   0.000000000000000E+00
   6.256249006300000E-01   9.030117821399999E+00   9.030117821399999E+00   0.000000000000000E+00  -9.932010496900000E-01   0.000000000000000E+00   0.000000000000000E+00   0.000000000000000E+00
   6.267924479600000E-01   9.046969915800000E+00   9.046969915800000E+00   0.000000000000000E+00  -9.932010496900000E-01   0.000000000000000E+00   0.000000000000000E+00   0.000000000000000E+00
   6.279599952800000E-01   9.063822010199999E+00   9.063822010199999E+00   0.000000000000000E+00  -9.932010496900000E-01   0.000000000000000E+00   0.000000000000000E+00   0.000000000000000E+00
   6.291008429600000E-01   9.080288728399999E+00   9.080288728399999E+00   0.000000000000000E+00  -9.932010496900000E-01   0.000000000000000E+00   0.000000000000000E+00   0.000000000000000E+00
   6.302416906300000E-01   9.096755446600000E+00   9.096755446600000E+00   0.000000000000000E+00  -9.932010496900000E-01   0.000000000000000E+00   0.000000000000000E+00   0.000000000000000E+00
   6.313825383100000E-01   9.113222164800000E+00   9.113222164800000E+00   0.000000000000000E+00  -9.932010496900000E-01   0.000000000000000E+00   0.000000000000000E+00   0.000000000000000E+00
   6.325233859900000E-01   9.129688883000000E+00   9.129688883000000E+00   0.000000000000000E+00  -9.932010496900000E-01   0.000000000000000E+00   0.000000000000000E+00   0.000000000000000E+00
   6.337330517700001E-01   9.147148905100000E+00   9.147148905100000E+00   0.000000000000000E+00  -9.932010496900000E-01   0.000000000000000E+00   0.000000000000000E+00   0.000000000000000E+00
   6.349427175600000E-01   9.164608927200000E+00   9.164608927200000E+00   0.000000000000000E+00  -9.932010496900000E-01   0.000000000000000E+00   0.000000000000000E+00   0.000000000000000E+00
   6.361523833400000E-01   9.182068949200000E+00   9.182068949200000E+00   0.000000000000000E+00  -9.932010496900000E-01   0.000000000000000E+00   0.000000000000000E+00   0.000000000000000E+00
   6.373620491300001E-01   9.199528971299999E+00   9.199528971299999E+00   0.000000000000000E+00  -9.932010496900000E-01   0.000000000000000E+00   0.000000000000000E+00   0.000000000000000E+00
   6.383700684600000E-01   9.214078477499999E+00   9.214078477499999E+00   0.000000000000000E+00  -9.932010496900000E-01   0.000000000000000E+00   0.000000000000000E+00   0.000000000000000E+00
   6.393780878000001E-01   9.228627983599999E+00   9.228627983599999E+00   0.000000000000000E+00  -9.932010496900000E-01   0.000000000000000E+00   0.000000000000000E+00   0.000000000000000E+00
   6.403861071300000E-01   9.243177489800001E+00   9.243177489800001E+00   0.000000000000000E+00  -9.932010496900000E-01   0.000000000000000E+00   0.000000000000000E+00   0.000000000000000E+00
   6.413941264700000E-01   9.257726996000001E+00   9.257726996000001E+00   0.000000000000000E+00  -9.932010496900000E-01   0.000000000000000E+00   0.000000000000000E+00   0.000000000000000E+00
   6.423604754000000E-01   9.271675041700000E+00   9.271675041700000E+00   0.000000000000000E+00  -9.932010496900000E-01   0.000000000000000E+00   0.000000000000000E+00   0.000000000000000E+00
   6.433268243200000E-01   9.285623087299999E+00   9.285623087299999E+00   0.000000000000000E+00  -9.932010496900000E-01   0.000000000000000E+00   0.000000000000000E+00   0.000000000000000E+00
   6.442931732500000E-01   9.299571132900001E+00   9.299571132900001E+00   0.000000000000000E+00  -9.932010496900000E-01   0.000000000000000E+00   0.000000000000000E+00   0.000000000000000E+00
   6.452595221800000E-01   9.313519178600000E+00   9.313519178600000E+00   0.000000000000000E+00  -9.932010496900000E-01   0.000000000000000E+00   0.000000000000000E+00   0.000000000000000E+00
   6.462011099500000E-01   9.327109827799999E+00   9.327109827799999E+00   0.000000000000000E+00  -9.932010496900000E-01   0.000000000000000E+00   0.000000000000000E+00   0.000000000000000E+00
   6.471426977300000E-01   9.340700477000000E+00   9.340700477000000E+00   0.000000000000000E+00  -9.932010496900000E-01   0.000000000000000E+00   0.000000000000000E+00   0.000000000000000E+00
   6.480842855100000E-01   9.354291126200000E+00   9.354291126200000E+00   0.000000000000000E+00  -9.932010496900000E-01   0.000000000000000E+00   0.000000000000000E+00   0.000000000000000E+00
   6.490258732800001E-01   9.367881775400001E+00   9.367881775400001E+00   0.000000000000000E+00  -9.932010496900000E-01   0.000000000000000E+00   0.000000000000000E+00   0.000000000000000E+00
   6.500900525500000E-01   9.383241880400000E+00   9.383241880400000E+00   0.000000000000000E+00  -9.932010496900000E-01   0.000000000000000E+00   0.000000000000000E+00   0.000000000000000E+00
   6.511542318100000E-01   9.398601985299999E+00   9.398601985299999E+00   0.000000000000000E+00  -9.932010496900000E-01   0.000000000000000E+00   0.000000000000000E+00   0.000000000000000E+00
   6.522184110700000E-01   9.413962090300000E+00   9.413962090300000E+00   0.000000000000000E+00  -9.932010496900000E-01   0.000000000000000E+00   0.000000000000000E+00   0.000000000000000E+00
   6.532825903400000E-01   9.429322195299999E+00   9.429322195299999E+00   0.000000000000000E+00  -9.932010496900000E-01   0.000000000000000E+00   0.000000000000000E+00   0.000000000000000E+00
   6.542544125700001E-01   9.443349241200000E+00   9.443349241200000E+00   0.000000000000000E+00  -9.932010496900000E-01   0.000000000000000E+00   0.000000000000000E+00   0.000000000000000E+00
   6.552262348000000E-01   9.457376287200001E+00   9.457376287200001E+00   0.000000000000000E+00  -9.932010496900000E-01   0.000000000000000E+00   0.000000000000000E+00   0.000000000000000E+00
   6.561980570300000E-01   9.471403333200000E+00   9.471403333200000E+00   0.000000000000000E+00  -9.932010496900000E-01   0.000000000000000E+00   0.000000000000000E+00   0.000000000000000E+00
   6.571698792700000E-01   9.485430379200000E+00   9.485430379200000E+00   0.000000000000000E+00  -9.932010496900000E-01   0.000000000000000E+00   0.000000000000000E+00   0.000000000000000E+00
   6.581173022100000E-01   9.499105251800000E+00   9.499105251800000E+00   0.000000000000000E+00  -9.932010496900000E-01   0.000000000000000E+00   0.000000000000000E+00   0.000000000000000E+00
   6.590647251500000E-01   9.512780124300001E+00   9.512780124300001E+00   0.000000000000000E+00  -9.932010496900000E-01   0.000000000000000E+00   0.000000000000000E+00   0.000000000000000E+00
   6.600121480900000E-01   9.526454996900000E+00   9.526454996900000E+00   0.000000000000000E+00  -9.932010496900000E-01   0.000000000000000E+00   0.000000000000000E+00   0.000000000000000E+00
   6.609595710300000E-01   9.540129869399999E+00   9.540129869399999E+00   0.000000000000000E+00  -9.932010496900000E-01   0.000000000000000E+00   0.000000000000000E+00   0.000000000000000E+00
   6.619098260100000E-01   9.553845619000001E+00   9.553845619000001E+00   0.000000000000000E+00  -9.932010496900000E-01   0.000000000000000E+00   0.000000000000000E+00   0.000000000000000E+00
   6.628600810000000E-01   9.567561368600000E+00   9.567561368600000E+00   0.000000000000000E+00  -9.932010496900000E-01   0.000000000000000E+00   0.000000000000000E+00   0.000000000000000E+00
   6.638103359800001E-01   9.581277118099999E+00   9.581277118099999E+00   0.000000000000000E+00  -9.932010496900000E-01   0.000000000000000E+00   0.000000000000000E+00   0.000000000000000E+00
   6.647605909600000E-01   9.594992867700000E+00   9.594992867700000E+00   0.000000000000000E+00  -9.932010496900000E-01   0.000000000000000E+00   0.000000000000000E+00   0.000000000000000E+00
   6.658089617500000E-01   9.610124796899999E+00   9.610124796899999E+00   0.000000000000000E+00  -9.932010496900000E-01   0.000000000000000E+00   0.000000000000000E+00   0.000000000000000E+00
   6.668573325300000E-01   9.625256726100000E+00   9.625256726100000E+00   0.000000000000000E+00  -9.932010496900000E-01   0.000000000000000E+00   0.000000000000000E+00   0.000000000000000E+00
   6.679057033200000E-01   9.640388655400001E+00   9.640388655400001E+00   0.000000000000000E+00  -9.932010496900000E-01   0.000000000000000E+00   0.000000000000000E+00   0.000000000000000E+00
   6.689540741100000E-01   9.655520584600000E+00   9.655520584600000E+00   0.000000000000000E+00  -9.932010496900000E-01   0.000000000000000E+00   0.000000000000000E+00   0.000000000000000E+00
   6.700809289500000E-01   9.671785333700001E+00   9.671785333700001E+00   0.000000000000000E+00  -9.932010496900000E-01   0.000000000000000E+00   0.000000000000000E+00   0.000000000000000E+00
   6.712077838000000E-01   9.688050082800000E+00   9.688050082800000E+00   0.000000000000000E+00  -9.932010496900000E-01   0.000000000000000E+00   0.000000000000000E+00   0.000000000000000E+00
   6.723346386400000E-01   9.704314831800000E+00   9.704314831800000E+00   0.000000000000000E+00  -9.932010496900000E-01   0.000000000000000E+00   0.000000000000000E+00   0.000000000000000E+00
   6.734614934900000E-01   9.720579580900001E+00   9.720579580900001E+00   0.000000000000000E+00  -9.932010496900000E-01   0.000000000000000E+00   0.000000000000000E+00   0.000000000000000E+00
   6.742755846600000E-01   9.732329975100001E+00   9.732329975100001E+00   0.000000000000000E+00  -9.932010496900000E-01   0.000000000000000E+00   0.000000000000000E+00   0.000000000000000E+00
   6.750896758400000E-01   9.744080369300001E+00   9.744080369300001E+00   0.000000000000000E+00  -9.932010496900000E-01   0.000000000000000E+00   0.000000000000000E+00   0.000000000000000E+00
   6.759037670100000E-01   9.755830763500001E+00   9.755830763500001E+00   0.000000000000000E+00  -9.932010496900000E-01   0.000000000000000E+00   0.000000000000000E+00   0.000000000000000E+00
   6.767178581800000E-01   9.767581157700000E+00   9.767581157700000E+00   0.000000000000000E+00  -9.932010496900000E-01   0.000000000000000E+00   0.000000000000000E+00   0.000000000000000E+00
   6.775341560800000E-01   9.779363403200000E+00   9.779363403200000E+00   0.000000000000000E+00  -9.932010496900000E-01   0.000000000000000E+00   0.000000000000000E+00   0.000000000000000E+00
   6.783504539700000E-01   9.791145648700001E+00   9.791145648700001E+00   0.000000000000000E+00  -9.932010496900000E-01   0.000000000000000E+00   0.000000000000000E+00   0.000000000000000E+00
   6.791667518700000E-01   9.802927894300000E+00   9.802927894300000E+00   0.000000000000000E+00  -9.932010496900000E-01   0.000000000000000E+00   0.000000000000000E+00   0.000000000000000E+00
   6.799830497600000E-01   9.814710139800001E+00   9.814710139800001E+00   0.000000000000000E+00  -9.932010496900000E-01   0.000000000000000E+00   0.000000000000000E+00   0.000000000000000E+00
   6.809162882599999E-01   9.828180277600000E+00   9.828180277600000E+00   0.000000000000000E+00  -9.932010496900000E-01   0.000000000000000E+00   0.000000000000000E+00   0.000000000000000E+00
   6.818495267700000E-01   9.841650415400000E+00   9.841650415400000E+00   0.000000000000000E+00  -9.932010496900000E-01   0.000000000000000E+00   0.000000000000000E+00   0.000000000000000E+00
   6.827827652700000E-01   9.855120553200001E+00   9.855120553200001E+00   0.000000000000000E+00  -9.932010496900000E-01   0.000000000000000E+00   0.000000000000000E+00   0.000000000000000E+00
   6.837160037700000E-01   9.868590691000000E+00   9.868590691000000E+00   0.000000000000000E+00  -9.932010496900000E-01   0.000000000000000E+00   0.000000000000000E+00   0.000000000000000E+00
   6.846723967600000E-01   9.882395035100000E+00   9.882395035100000E+00   0.000000000000000E+00  -9.932010496900000E-01   0.000000000000000E+00   0.000000000000000E+00   0.000000000000000E+00
   6.856287897500000E-01   9.896199379200000E+00   9.896199379200000E+00   0.000000000000000E+00  -9.932010496900000E-01   0.000000000000000E+00   0.000000000000000E+00   0.000000000000000E+00
   6.865851827500000E-01   9.910003723299999E+00   9.910003723299999E+00   0.000000000000000E+00  -9.932010496900000E-01   0.000000000000000E+00   0.000000000000000E+00   0.000000000000000E+00
   6.875415757400000E-01   9.923808067400000E+00   9.923808067400000E+00   0.000000000000000E+00  -9.932010496900000E-01   0.000000000000000E+00   0.000000000000000E+00   0.000000000000000E+00
   6.885560562700000E-01   9.938450832799999E+00   9.938450832799999E+00   0.000000000000000E+00  -9.932010496900000E-01   0.000000000000000E+00   0.000000000000000E+00   0.000000000000000E+00
   6.895705367900000E-01   9.953093598300001E+00   9.953093598300001E+00   0.000000000000000E+00  -9.932010496900000E-01   0.000000000000000E+00   0.000000000000000E+00   0.000000000000000E+00
   6.905850173200000E-01   9.967736363700000E+00   9.967736363700000E+00   0.000000000000000E+00  -9.932010496900000E-01   0.000000000000000E+00   0.000000000000000E+00   0.000000000000000E+00
   6.915994978400000E-01   9.982379129200000E+00   9.982379129200000E+00   0.000000000000000E+00  -9.932010496900000E-01   0.000000000000000E+00   0.000000000000000E+00   0.000000000000000E+00
   6.927019675500000E-01   9.998291909100001E+00   9.998291909100001E+00   0.000000000000000E+00  -9.932010496900000E-01   0.000000000000000E+00   0.000000000000000E+00   0.000000000000000E+00
   6.938044372600000E-01   1.001420468900000E+01   1.001420468900000E+01   0.000000000000000E+00  -9.932010496900000E-01   0.000000000000000E+00   0.000000000000000E+00   0.000000000000000E+00
   6.949069069700000E-01   1.003011746900000E+01   1.003011746900000E+01   0.000000000000000E+00  -9.932010496900000E-01   0.000000000000000E+00   0.000000000000000E+00   0.000000000000000E+00
   6.960093766800000E-01   1.004603024900000E+01   1.004603024900000E+01   0.000000000000000E+00  -9.932010496900000E-01   0.000000000000000E+00   0.000000000000000E+00   0.000000000000000E+00
   6.968779286600000E-01   1.005856671700000E+01   1.005856671700000E+01   0.000000000000000E+00  -9.932010496900000E-01   0.000000000000000E+00   0.000000000000000E+00   0.000000000000000E+00
   6.977464806400000E-01   1.007110318500000E+01   1.007110318500000E+01   0.000000000000000E+00  -9.932010496900000E-01   0.000000000000000E+00   0.000000000000000E+00   0.000000000000000E+00
   6.986150326200000E-01   1.008363965400000E+01   1.008363965400000E+01   0.000000000000000E+00  -9.932010496900000E-01   0.000000000000000E+00   0.000000000000000E+00   0.000000000000000E+00
   6.994835846000000E-01   1.009617612200000E+01   1.009617612200000E+01   0.000000000000000E+00  -9.932010496900000E-01   0.000000000000000E+00   0.000000000000000E+00   0.000000000000000E+00
   7.002716517300001E-01   1.010755089100000E+01   1.010755089100000E+01   0.000000000000000E+00  -9.932010496900000E-01   0.000000000000000E+00   0.000000000000000E+00   0.000000000000000E+00
   7.010597188600000E-01   1.011892566100000E+01   1.011892566100000E+01   0.000000000000000E+00  -9.932010496900000E-01   0.000000000000000E+00   0.000000000000000E+00   0.000000000000000E+00
   7.018477859900000E-01   1.013030043000000E+01   1.013030043000000E+01   0.000000000000000E+00  -9.932010496900000E-01   0.000000000000000E+00   0.000000000000000E+00   0.000000000000000E+00
   7.026358531100000E-01   1.014167520000000E+01   1.014167520000000E+01   0.000000000000000E+00  -9.932010496900000E-01   0.000000000000000E+00   0.000000000000000E+00   0.000000000000000E+00
   7.033255843000000E-01   1.015163061200000E+01   1.015163061200000E+01   0.000000000000000E+00  -9.932010496900000E-01   0.000000000000000E+00   0.000000000000000E+00   0.000000000000000E+00
   7.040153154800000E-01   1.016158602500000E+01   1.016158602500000E+01   0.000000000000000E+00  -9.932010496900000E-01   0.000000000000000E+00   0.000000000000000E+00   0.000000000000000E+00
   7.047050466700000E-01   1.017154143700000E+01   1.017154143700000E+01   0.000000000000000E+00  -9.932010496900000E-01   0.000000000000000E+00   0.000000000000000E+00   0.000000000000000E+00
   7.053947778500000E-01   1.018149684900000E+01   1.018149684900000E+01   0.000000000000000E+00  -9.932010496900000E-01   0.000000000000000E+00   0.000000000000000E+00   0.000000000000000E+00
   7.060451803100000E-01   1.019088460000000E+01   1.019088460000000E+01   0.000000000000000E+00  -9.932010496900000E-01   0.000000000000000E+00   0.000000000000000E+00   0.000000000000000E+00
   7.066955827700000E-01   1.020027235100000E+01   1.020027235100000E+01   0.000000000000000E+00  -9.932010496900000E-01   0.000000000000000E+00   0.000000000000000E+00   0.000000000000000E+00
   7.073459852300000E-01   1.020966010300000E+01   1.020966010300000E+01   0.000000000000000E+00  -9.932010496900000E-01   0.000000000000000E+00   0.000000000000000E+00   0.000000000000000E+00
   7.079963876900000E-01   1.021904785400000E+01   1.021904785400000E+01   0.000000000000000E+00  -9.932010496900000E-01   0.000000000000000E+00   0.000000000000000E+00   0.000000000000000E+00
   7.086663739000000E-01   1.022871827200000E+01   1.022871827200000E+01   0.000000000000000E+00  -9.932010496900000E-01   0.000000000000000E+00   0.000000000000000E+00   0.000000000000000E+00
   7.093363601100000E-01   1.023838869000000E+01   1.023838869000000E+01   0.000000000000000E+00  -9.932010496900000E-01   0.000000000000000E+00   0.000000000000000E+00   0.000000000000000E+00
   7.100063463200000E-01   1.024805910800000E+01   1.024805910800000E+01   0.000000000000000E+00  -9.932010496900000E-01   0.000000000000000E+00   0.000000000000000E+00   0.000000000000000E+00
   7.106763325300000E-01   1.025772952600000E+01   1.025772952600000E+01   0.000000000000000E+00  -9.932010496900000E-01   0.000000000000000E+00   0.000000000000000E+00   0.000000000000000E+00
   7.113212370699999E-01   1.026703792200000E+01   1.026703792200000E+01   0.000000000000000E+00  -9.932010496900000E-01   0.000000000000000E+00   0.000000000000000E+00   0.000000000000000E+00
   7.119661416100000E-01   1.027634631700000E+01   1.027634631700000E+01   0.000000000000000E+00  -9.932010496900000E-01   0.000000000000000E+00   0.000000000000000E+00   0.000000000000000E+00
   7.126110461400000E-01   1.028565471300000E+01   1.028565471300000E+01   0.000000000000000E+00  -9.932010496900000E-01   0.000000000000000E+00   0.000000000000000E+00   0.000000000000000E+00
   7.132559506800000E-01   1.029496310800000E+01   1.029496310800000E+01   0.000000000000000E+00  -9.932010496900000E-01   0.000000000000000E+00   0.000000000000000E+00   0.000000000000000E+00
   7.137882183499999E-01   1.030264573000000E+01   1.030264573000000E+01   0.000000000000000E+00  -9.932010496900000E-01   0.000000000000000E+00   0.000000000000000E+00   0.000000000000000E+00
   7.143204860100000E-01   1.031032835200000E+01   1.031032835200000E+01   0.000000000000000E+00  -9.932010496900000E-01   0.000000000000000E+00   0.000000000000000E+00   0.000000000000000E+00
   7.148527536800000E-01   1.031801097500000E+01   1.031801097500000E+01   0.000000000000000E+00  -9.932010496900000E-01   0.000000000000000E+00   0.000000000000000E+00   0.000000000000000E+00
   7.153850213500000E-01   1.032569359700000E+01   1.032569359700000E+01   0.000000000000000E+00  -9.932010496900000E-01   0.000000000000000E+00   0.000000000000000E+00   0.000000000000000E+00
   7.158092706100000E-01   1.033181710800000E+01   1.033181710800000E+01   0.000000000000000E+00  -9.932010496900000E-01   0.000000000000000E+00   0.000000000000000E+00   0.000000000000000E+00
   7.162335198799999E-01   1.033794061800000E+01   1.033794061800000E+01   0.000000000000000E+00  -9.932010496900000E-01   0.000000000000000E+00   0.000000000000000E+00   0.000000000000000E+00
   7.166577691400000E-01   1.034406412900000E+01   1.034406412900000E+01   0.000000000000000E+00  -9.932010496900000E-01   0.000000000000000E+00   0.000000000000000E+00   0.000000000000000E+00
   7.170820184000000E-01   1.035018764000000E+01   1.035018764000000E+01   0.000000000000000E+00  -9.932010496900000E-01   0.000000000000000E+00   0.000000000000000E+00   0.000000000000000E+00
   7.174420848400000E-01   1.035538475100000E+01   1.035538475100000E+01   0.000000000000000E+00  -9.932010496900000E-01   0.000000000000000E+00   0.000000000000000E+00   0.000000000000000E+00
   7.178021512700000E-01   1.036058186300000E+01   1.036058186300000E+01   0.000000000000000E+00  -9.932010496900000E-01   0.000000000000000E+00   0.000000000000000E+00   0.000000000000000E+00
   7.181622177000000E-01   1.036577897400000E+01   1.036577897400000E+01   0.000000000000000E+00  -9.932010496900000E-01   0.000000000000000E+00   0.000000000000000E+00   0.000000000000000E+00
   7.185222841400000E-01   1.037097608600000E+01   1.037097608600000E+01   0.000000000000000E+00  -9.932010496900000E-01   0.000000000000000E+00   0.000000000000000E+00   0.000000000000000E+00
   7.188772270600000E-01   1.037609924600000E+01   1.037609924600000E+01   0.000000000000000E+00  -9.932010496900000E-01   0.000000000000000E+00   0.000000000000000E+00   0.000000000000000E+00
   7.192321699899999E-01   1.038122240600000E+01   1.038122240600000E+01   0.000000000000000E+00  -9.932010496900000E-01   0.000000000000000E+00   0.000000000000000E+00   0.000000000000000E+00
   7.195871129100000E-01   1.038634556500000E+01   1.038634556500000E+01   0.000000000000000E+00  -9.932010496900000E-01   0.000000000000000E+00   0.000000000000000E+00   0.000000000000000E+00
   7.199420558300000E-01   1.039146872500000E+01   1.039146872500000E+01   0.000000000000000E+00  -9.932010496900000E-01   0.000000000000000E+00   0.000000000000000E+00   0.000000000000000E+00
   7.203383140800000E-01   1.039718822100000E+01   1.039718822100000E+01   0.000000000000000E+00  -9.932010496900000E-01   0.000000000000000E+00   0.000000000000000E+00   0.000000000000000E+00
   7.207345723200000E-01   1.040290771600000E+01   1.040290771600000E+01   0.000000000000000E+00  -9.932010496900000E-01   0.000000000000000E+00   0.000000000000000E+00   0.000000000000000E+00
   7.211308305600000E-01   1.040862721100000E+01   1.040862721100000E+01   0.000000000000000E+00  -9.932010496900000E-01   0.000000000000000E+00   0.000000000000000E+00   0.000000000000000E+00
   7.215270888100001E-01   1.041434670600000E+01   1.041434670600000E+01   0.000000000000000E+00  -9.932010496900000E-01   0.000000000000000E+00   0.000000000000000E+00   0.000000000000000E+00
   7.219399720200000E-01   1.042030616200000E+01   1.042030616200000E+01   0.000000000000000E+00  -9.932010496900000E-01   0.000000000000000E+00   0.000000000000000E+00   0.000000000000000E+00
   7.223528552300000E-01   1.042626561800000E+01   1.042626561800000E+01   0.000000000000000E+00  -9.932010496900000E-01   0.000000000000000E+00   0.000000000000000E+00   0.000000000000000E+00
   7.227657384400000E-01   1.043222507400000E+01   1.043222507400000E+01   0.000000000000000E+00  -9.932010496900000E-01   0.000000000000000E+00   0.000000000000000E+00   0.000000000000000E+00
   7.231786216500000E-01   1.043818453000000E+01   1.043818453000000E+01   0.000000000000000E+00  -9.932010496900000E-01   0.000000000000000E+00   0.000000000000000E+00   0.000000000000000E+00
   7.235726091200000E-01   1.044387125000000E+01   1.044387125000000E+01   0.000000000000000E+00  -9.932010496900000E-01   0.000000000000000E+00   0.000000000000000E+00   0.000000000000000E+00
   7.239665965900000E-01   1.044955796900000E+01   1.044955796900000E+01   0.000000000000000E+00  -9.932010496900000E-01   0.000000000000000E+00   0.000000000000000E+00   0.000000000000000E+00
   7.243605840600000E-01   1.045524468800000E+01   1.045524468800000E+01   0.000000000000000E+00  -9.932010496900000E-01   0.000000000000000E+00   0.000000000000000E+00   0.000000000000000E+00
   7.247545715300000E-01   1.046093140800000E+01   1.046093140800000E+01   0.000000000000000E+00  -9.932010496900000E-01   0.000000000000000E+00   0.000000000000000E+00   0.000000000000000E+00
   7.250832976200000E-01   1.046567616000000E+01   1.046567616000000E+01   0.000000000000000E+00  -9.932010496900000E-01   0.000000000000000E+00   0.000000000000000E+00   0.000000000000000E+00
   7.254120237100000E-01   1.047042091300000E+01   1.047042091300000E+01   0.000000000000000E+00  -9.932010496900000E-01   0.000000000000000E+00   0.000000000000000E+00   0.000000000000000E+00
   7.257407498000000E-01   1.047516566500000E+01   1.047516566500000E+01   0.000000000000000E+00  -9.932010496900000E-01   0.000000000000000E+00   0.000000000000000E+00   0.000000000000000E+00
   7.260694759000000E-01   1.047991041800000E+01   1.047991041800000E+01   0.000000000000000E+00  -9.932010496900000E-01   0.000000000000000E+00   0.000000000000000E+00   0.000000000000000E+00
   7.263837038199999E-01   1.048444590800000E+01   1.048444590800000E+01   0.000000000000000E+00  -9.932010496900000E-01   0.000000000000000E+00   0.000000000000000E+00   0.000000000000000E+00
   7.266979317500000E-01   1.048898139700000E+01   1.048898139700000E+01   0.000000000000000E+00  -9.932010496900000E-01   0.000000000000000E+00   0.000000000000000E+00   0.000000000000000E+00
   7.270121596800000E-01   1.049351688700000E+01   1.049351688700000E+01   0.000000000000000E+00  -9.932010496900000E-01   0.000000000000000E+00   0.000000000000000E+00   0.000000000000000E+00
   7.273263876100000E-01   1.049805237600000E+01   1.049805237600000E+01   0.000000000000000E+00  -9.932010496900000E-01   0.000000000000000E+00   0.000000000000000E+00   0.000000000000000E+00
   7.276093501200001E-01   1.050213658800000E+01   1.050213658800000E+01   0.000000000000000E+00  -9.932010496900000E-01   0.000000000000000E+00   0.000000000000000E+00   0.000000000000000E+00
   7.278923126400000E-01   1.050622080100000E+01   1.050622080100000E+01   0.000000000000000E+00  -9.932010496900000E-01   0.000000000000000E+00   0.000000000000000E+00   0.000000000000000E+00
   7.281752751600000E-01   1.051030501300000E+01   1.051030501300000E+01   0.000000000000000E+00  -9.932010496900000E-01   0.000000000000000E+00   0.000000000000000E+00   0.000000000000000E+00
   7.284582376700000E-01   1.051438922500000E+01   1.051438922500000E+01   0.000000000000000E+00  -9.932010496900000E-01   0.000000000000000E+00   0.000000000000000E+00   0.000000000000000E+00
   7.286936241400001E-01   1.051778673600000E+01   1.051778673600000E+01   0.000000000000000E+00  -9.932010496900000E-01   0.000000000000000E+00   0.000000000000000E+00   0.000000000000000E+00
   7.289290106100000E-01   1.052118424700000E+01   1.052118424700000E+01   0.000000000000000E+00  -9.932010496900000E-01   0.000000000000000E+00   0.000000000000000E+00   0.000000000000000E+00
   7.291643970700000E-01   1.052458175800000E+01   1.052458175800000E+01   0.000000000000000E+00  -9.932010496900000E-01   0.000000000000000E+00   0.000000000000000E+00   0.000000000000000E+00
   7.293997835400000E-01   1.052797926900000E+01   1.052797926900000E+01   0.000000000000000E+00  -9.932010496900000E-01   0.000000000000000E+00   0.000000000000000E+00   0.000000000000000E+00
   7.296419856800000E-01   1.053147515600000E+01   1.053147515600000E+01   0.000000000000000E+00  -9.932010496900000E-01   0.000000000000000E+00   0.000000000000000E+00   0.000000000000000E+00
   7.298841878200000E-01   1.053497104300000E+01   1.053497104300000E+01   0.000000000000000E+00  -9.932010496900000E-01   0.000000000000000E+00   0.000000000000000E+00   0.000000000000000E+00
   7.301263899600000E-01   1.053846693000000E+01   1.053846693000000E+01   0.000000000000000E+00  -9.932010496900000E-01   0.000000000000000E+00   0.000000000000000E+00   0.000000000000000E+00
   7.303685921000000E-01   1.054196281700000E+01   1.054196281700000E+01   0.000000000000000E+00  -9.932010496900000E-01   0.000000000000000E+00   0.000000000000000E+00   0.000000000000000E+00
   7.306352901199999E-01   1.054581227100000E+01   1.054581227100000E+01   0.000000000000000E+00  -9.932010496900000E-01   0.000000000000000E+00   0.000000000000000E+00   0.000000000000000E+00
   7.309019881500000E-01   1.054966172600000E+01   1.054966172600000E+01   0.000000000000000E+00  -9.932010496900000E-01   0.000000000000000E+00   0.000000000000000E+00   0.000000000000000E+00
   7.311686861700000E-01   1.055351118000000E+01   1.055351118000000E+01   0.000000000000000E+00  -9.932010496900000E-01   0.000000000000000E+00   0.000000000000000E+00   0.000000000000000E+00
   7.314353842000000E-01   1.055736063500000E+01   1.055736063500000E+01   0.000000000000000E+00  -9.932010496900000E-01   0.000000000000000E+00   0.000000000000000E+00   0.000000000000000E+00
   7.317510648600000E-01   1.056191709300000E+01   1.056191709300000E+01   0.000000000000000E+00  -9.932010496900000E-01   0.000000000000000E+00   0.000000000000000E+00   0.000000000000000E+00
   7.320667455099999E-01   1.056647355100000E+01   1.056647355100000E+01   0.000000000000000E+00  -9.932010496900000E-01   0.000000000000000E+00   0.000000000000000E+00   0.000000000000000E+00
   7.323824261700000E-01   1.057103000900000E+01   1.057103000900000E+01   0.000000000000000E+00  -9.932010496900000E-01   0.000000000000000E+00   0.000000000000000E+00   0.000000000000000E+00
   7.326981068300000E-01   1.057558646600000E+01   1.057558646600000E+01   0.000000000000000E+00  -9.932010496900000E-01   0.000000000000000E+00   0.000000000000000E+00   0.000000000000000E+00
   7.330734228500000E-01   1.058100368700000E+01   1.058100368700000E+01   0.000000000000000E+00  -9.932010496900000E-01   0.000000000000000E+00   0.000000000000000E+00   0.000000000000000E+00
   7.334487388699999E-01   1.058642090700000E+01   1.058642090700000E+01   0.000000000000000E+00  -9.932010496900000E-01   0.000000000000000E+00   0.000000000000000E+00   0.000000000000000E+00
   7.338240548900000E-01   1.059183812700000E+01   1.059183812700000E+01   0.000000000000000E+00  -9.932010496900000E-01   0.000000000000000E+00   0.000000000000000E+00   0.000000000000000E+00
   7.341993709200000E-01   1.059725534800000E+01   1.059725534800000E+01   0.000000000000000E+00  -9.932010496900000E-01   0.000000000000000E+00   0.000000000000000E+00   0.000000000000000E+00
   7.346163133500000E-01   1.060327339300000E+01   1.060327339300000E+01   0.000000000000000E+00  -9.932010496900000E-01   0.000000000000000E+00   0.000000000000000E+00   0.000000000000000E+00
   7.350332557900000E-01   1.060929143900000E+01   1.060929143900000E+01   0.000000000000000E+00  -9.932010496900000E-01   0.000000000000000E+00   0.000000000000000E+00   0.000000000000000E+00
   7.354501982300000E-01   1.061530948500000E+01   1.061530948500000E+01   0.000000000000000E+00  -9.932010496900000E-01   0.000000000000000E+00   0.000000000000000E+00   0.000000000000000E+00
   7.358671406700000E-01   1.062132753100000E+01   1.062132753100000E+01   0.000000000000000E+00  -9.932010496900000E-01   0.000000000000000E+00   0.000000000000000E+00   0.000000000000000E+00
   7.362690247000000E-01   1.062712822700000E+01   1.062712822700000E+01   0.000000000000000E+00  -9.932010496900000E-01   0.000000000000000E+00   0.000000000000000E+00   0.000000000000000E+00
   7.366709087300000E-01   1.063292892400000E+01   1.063292892400000E+01   0.000000000000000E+00  -9.932010496900000E-01   0.000000000000000E+00   0.000000000000000E+00   0.000000000000000E+00
   7.370727927600000E-01   1.063872962000000E+01   1.063872962000000E+01   0.000000000000000E+00  -9.932010496900000E-01   0.000000000000000E+00   0.000000000000000E+00   0.000000000000000E+00
   7.374746767900000E-01   1.064453031700000E+01   1.064453031700000E+01   0.000000000000000E+00  -9.932010496900000E-01   0.000000000000000E+00   0.000000000000000E+00   0.000000000000000E+00
   7.378316611900000E-01   1.064968294300000E+01   1.064968294300000E+01   0.000000000000000E+00  -9.932010496900000E-01   0.000000000000000E+00   0.000000000000000E+00   0.000000000000000E+00
   7.381886455900000E-01   1.065483556900000E+01   1.065483556900000E+01   0.000000000000000E+00  -9.932010496900000E-01   0.000000000000000E+00   0.000000000000000E+00   0.000000000000000E+00
   7.385456299900000E-01   1.065998819500000E+01   1.065998819500000E+01   0.000000000000000E+00  -9.932010496900000E-01   0.000000000000000E+00   0.000000000000000E+00   0.000000000000000E+00
   7.389026143900000E-01   1.066514082100000E+01   1.066514082100000E+01   0.000000000000000E+00  -9.932010496900000E-01   0.000000000000000E+00   0.000000000000000E+00   0.000000000000000E+00
   7.392327223400000E-01   1.066990551900000E+01   1.066990551900000E+01   0.000000000000000E+00  -9.932010496900000E-01   0.000000000000000E+00   0.000000000000000E+00   0.000000000000000E+00
   7.395628302900000E-01   1.067467021700000E+01   1.067467021700000E+01   0.000000000000000E+00  -9.932010496900000E-01   0.000000000000000E+00   0.000000000000000E+00   0.000000000000000E+00
   7.398929382400000E-01   1.067943491500000E+01   1.067943491500000E+01   0.000000000000000E+00  -9.932010496900000E-01   0.000000000000000E+00   0.000000000000000E+00   0.000000000000000E+00
   7.402230461800000E-01   1.068419961300000E+01   1.068419961300000E+01   0.000000000000000E+00  -9.932010496900000E-01   0.000000000000000E+00   0.000000000000000E+00   0.000000000000000E+00
   7.405805360000000E-01   1.068935953400000E+01   1.068935953400000E+01   0.000000000000000E+00  -9.932010496900000E-01   0.000000000000000E+00   0.000000000000000E+00   0.000000000000000E+00
   7.409380258200000E-01   1.069451945500000E+01   1.069451945500000E+01   0.000000000000000E+00  -9.932010496900000E-01   0.000000000000000E+00   0.000000000000000E+00   0.000000000000000E+00
   7.412955156400000E-01   1.069967937600000E+01   1.069967937600000E+01   0.000000000000000E+00  -9.932010496900000E-01   0.000000000000000E+00   0.000000000000000E+00   0.000000000000000E+00
   7.416530054600000E-01   1.070483929800000E+01   1.070483929800000E+01   0.000000000000000E+00  -9.932010496900000E-01   0.000000000000000E+00   0.000000000000000E+00   0.000000000000000E+00
   7.422169869900000E-01   1.071297967000000E+01   1.071297967000000E+01   0.000000000000000E+00  -9.932010496900000E-01   0.000000000000000E+00   0.000000000000000E+00   0.000000000000000E+00
   7.427809685200000E-01   1.072112004200000E+01   1.072112004200000E+01   0.000000000000000E+00  -9.932010496900000E-01   0.000000000000000E+00   0.000000000000000E+00   0.000000000000000E+00
   7.433449500500000E-01   1.072926041500000E+01   1.072926041500000E+01   0.000000000000000E+00  -9.932010496900000E-01   0.000000000000000E+00   0.000000000000000E+00   0.000000000000000E+00
   7.439089315700000E-01   1.073740078700000E+01   1.073740078700000E+01   0.000000000000000E+00  -9.932010496900000E-01   0.000000000000000E+00   0.000000000000000E+00   0.000000000000000E+00
   7.455845202700000E-01   1.076158582700000E+01   1.076158582700000E+01   0.000000000000000E+00  -9.932010496900000E-01   0.000000000000000E+00   0.000000000000000E+00   0.000000000000000E+00
   7.472601089599999E-01   1.078577086700000E+01   1.078577086700000E+01   0.000000000000000E+00  -9.932010496900000E-01   0.000000000000000E+00   0.000000000000000E+00   0.000000000000000E+00
   7.489356976600000E-01   1.080995590800000E+01   1.080995590800000E+01   0.000000000000000E+00  -9.932010496900000E-01   0.000000000000000E+00   0.000000000000000E+00   0.000000000000000E+00
   7.506112863500000E-01   1.083414094800000E+01   1.083414094800000E+01   0.000000000000000E+00  -9.932010496900000E-01   0.000000000000000E+00   0.000000000000000E+00   0.000000000000000E+00
   7.597743010000000E-01   1.096639767500000E+01   1.096639767500000E+01   0.000000000000000E+00  -9.932010496900000E-01   0.000000000000000E+00   0.000000000000000E+00   0.000000000000000E+00
   7.689373156500000E-01   1.109865440200000E+01   1.109865440200000E+01   0.000000000000000E+00  -9.932010496900000E-01   0.000000000000000E+00   0.000000000000000E+00   0.000000000000000E+00
   7.781003303000000E-01   1.123091113000000E+01   1.123091113000000E+01   0.000000000000000E+00  -9.932010496900000E-01   0.000000000000000E+00   0.000000000000000E+00   0.000000000000000E+00
   7.872633449500001E-01   1.136316785700000E+01   1.136316785700000E+01   0.000000000000000E+00  -9.932010496900000E-01   0.000000000000000E+00   0.000000000000000E+00   0.000000000000000E+00
   8.010736260400000E-01   1.156250209900000E+01   1.156250209900000E+01   0.000000000000000E+00  -9.932010496900000E-01   0.000000000000000E+00   0.000000000000000E+00   0.000000000000000E+00
   8.148839071400000E-01   1.176183634100000E+01   1.176183634100000E+01   0.000000000000000E+00  -9.932010496900000E-01   0.000000000000000E+00   0.000000000000000E+00   0.000000000000000E+00
   8.286941882400000E-01   1.196117058300000E+01   1.196117058300000E+01   0.000000000000000E+00  -9.932010496900000E-01   0.000000000000000E+00   0.000000000000000E+00   0.000000000000000E+00
   8.425044693300000E-01   1.216050482600000E+01   1.216050482600000E+01   0.000000000000000E+00  -9.932010496900000E-01   0.000000000000000E+00   0.000000000000000E+00   0.000000000000000E+00
   8.558423258800000E-01   1.235302020700000E+01   1.235302020700000E+01   0.000000000000000E+00  -9.932010496900000E-01   0.000000000000000E+00   0.000000000000000E+00   0.000000000000000E+00
   8.691801824399999E-01   1.254553558800000E+01   1.254553558800000E+01   0.000000000000000E+00  -9.932010496900000E-01   0.000000000000000E+00   0.000000000000000E+00   0.000000000000000E+00
   8.825180389900000E-01   1.273805096900000E+01   1.273805096900000E+01   0.000000000000000E+00  -9.932010496900000E-01   0.000000000000000E+00   0.000000000000000E+00   0.000000000000000E+00
   8.958558955400000E-01   1.293056635000000E+01   1.293056635000000E+01   0.000000000000000E+00  -9.932010496900000E-01   0.000000000000000E+00   0.000000000000000E+00   0.000000000000000E+00
   9.088733387400000E-01   1.311845696200000E+01   1.311845696200000E+01   0.000000000000000E+00  -9.932010496900000E-01   0.000000000000000E+00   0.000000000000000E+00   0.000000000000000E+00
   9.218907819400000E-01   1.330634757500000E+01   1.330634757500000E+01   0.000000000000000E+00  -9.932010496900000E-01   0.000000000000000E+00   0.000000000000000E+00   0.000000000000000E+00
   9.349082251500000E-01   1.349423818800000E+01   1.349423818800000E+01   0.000000000000000E+00  -9.932010496900000E-01   0.000000000000000E+00   0.000000000000000E+00   0.000000000000000E+00
   9.479256683500000E-01   1.368212880000000E+01   1.368212880000000E+01   0.000000000000000E+00  -9.932010496900000E-01   0.000000000000000E+00   0.000000000000000E+00   0.000000000000000E+00
   9.609442512600000E-01   1.387003586300000E+01   1.387003586300000E+01   0.000000000000000E+00  -9.932010496900000E-01   0.000000000000000E+00   0.000000000000000E+00   0.000000000000000E+00
   9.739628341800000E-01   1.405794292600000E+01   1.405794292600000E+01   0.000000000000000E+00  -9.932010496900000E-01   0.000000000000000E+00   0.000000000000000E+00   0.000000000000000E+00
   9.869814170900000E-01   1.424584998900000E+01   1.424584998900000E+01   0.000000000000000E+00  -9.932010496900000E-01   0.000000000000000E+00   0.000000000000000E+00   0.000000000000000E+00
   1.000000000000000E+00   1.443375705200000E+01   1.443375705200000E+01   0.000000000000000E+00  -9.932010496900000E-01   0.000000000000000E+00   0.000000000000000E+00   0.000000000000000E+00
