   0.000000000000000E+00  -9.258052717100000E-31   0.000000000000000E+00   0.000000000000000E+00  -9.989323090100000E-01   0.000000000000000E+00   0.000000000000000E+00   0.000000000000000E+00
   8.646931488600001E-03   1.248077083500000E-01   1.248077083500000E-01   0.000000000000000E+00  -9.989323090100000E-01   0.000000000000000E+00   0.000000000000000E+00   0.000000000000000E+00
   1.729386297700000E-02   2.496154167000000E-01   2.496154167000000E-01   0.000000000000000E+00  -9.989323090100000E-01   0.000000000000000E+00   0.000000000000000E+00   0.000000000000000E+00
   2.594079446600000E-02   3.744231250500000E-01   3.744231250500000E-01   0.000000000000000E+00  -9.989323090100000E-01   0.000000000000000E+00   0.000000000000000E+00   0.000000000000000E+00
   3.458772595400000E-02   4.992308334100000E-01   4.992308334100000E-01   0.000000000000000E+00  -9.989323090100000E-01   0.000000000000000E+00   0.000000000000000E+00   0.000000000000000E+00
   4.303508839800000E-02   6.211580106500000E-01   6.211580106500000E-01   0.000000000000000E+00  -9.989323090100000E-01   0.000000000000000E+00   0.000000000000000E+00   0.000000000000000E+00
   5.148245084200000E-02   7.430851878900000E-01   7.430851878900000E-01   0.000000000000000E+00  -9.989323090100000E-01   0.000000000000000E+00   0.000000000000000E+00   0.000000000000000E+00
   5.992981328500000E-02   8.650123651300000E-01   8.650123651300000E-01   0.000000000000000E+00  -9.989323090100000E-01   0.000000000000000E+00   0.000000000000000E+00   0.000000000000000E+00
   6.837717572900000E-02   9.869395423700000E-01   9.869395423700000E-01   0.000000000000000E+00  -9.989323090100000E-01   0.000000000000000E+00   0.000000000000000E+00   0.000000000000000E+00
   7.587655632600000E-02   1.095183779900000E+00   1.095183779900000E+00   0.000000000000000E+00  -9.989323090100000E-01   0.000000000000000E+00   0.000000000000000E+00   0.000000000000000E+00
   8.337593692299999E-02   1.203428017500000E+00   1.203428017500000E+00   0.000000000000000E+00  -9.989323090100000E-01   0.000000000000000E+00   0.000000000000000E+00   0.000000000000000E+00
   9.087531752000000E-02   1.311672255100000E+00   1.311672255100000E+00   0.000000000000000E+00  -9.989323090100000E-01   0.000000000000000E+00   0.000000000000000E+00   0.000000000000000E+00
   9.837469811700000E-02   1.419916492700000E+00   1.419916492700000E+00   0.000000000000000E+00  -9.989323090100000E-01   0.000000000000000E+00   0.000000000000000E+00   0.000000000000000E+00
   1.050764867400000E-01   1.516648481400000E+00   1.516648481400000E+00   0.000000000000000E+00  -9.989323090100000E-01   0.000000000000000E+00   0.000000000000000E+00   0.000000000000000E+00
   1.117782753500000E-01   1.613380470200000E+00   1.613380470200000E+00   0.000000000000000E+00  -9.989323090100000E-01   0.000000000000000E+00   0.000000000000000E+00   0.000000000000000E+00
   1.184800639700000E-01   1.710112458900000E+00   1.710112458900000E+00   0.000000000000000E+00  -9.989323090100000E-01   0.000000000000000E+00   0.000000000000000E+00   0.000000000000000E+00
   1.251818525900000E-01   1.806844447600000E+00   1.806844447600000E+00   0.000000000000000E+00  -9.989323090100000E-01   0.000000000000000E+00   0.000000000000000E+00   0.000000000000000E+00
   1.320087141500000E-01   1.905381708800000E+00   1.905381708800000E+00   0.000000000000000E+00  -9.989323090100000E-01   0.000000000000000E+00   0.000000000000000E+00   0.000000000000000E+00
   1.388355757000000E-01   2.003918969900000E+00   2.003918969900000E+00   0.000000000000000E+00  -9.989323090100000E-01   0.000000000000000E+00   0.000000000000000E+00   0.000000000000000E+00
   1.456624372600000E-01   2.102456231000000E+00   2.102456231000000E+00   0.000000000000000E+00  -9.989323090100000E-01   0.000000000000000E+00   0.000000000000000E+00   0.000000000000000E+00
   1.524892988100000E-01   2.200993492100000E+00   2.200993492100000E+00   0.000000000000000E+00  -9.989323090100000E-01   0.000000000000000E+00   0.000000000000000E+00   0.000000000000000E+00
   1.592423985000000E-01   2.298466092300000E+00   2.298466092300000E+00   0.000000000000000E+00  -9.989323090100000E-01   0.000000000000000E+00   0.000000000000000E+00   0.000000000000000E+00
   1.659954981800000E-01   2.395938692500000E+00   2.395938692500000E+00   0.000000000000000E+00  -9.989323090100000E-01   0.000000000000000E+00   0.000000000000000E+00   0.000000000000000E+00
   1.727485978700000E-01   2.493411292700000E+00   2.493411292700000E+00   0.000000000000000E+00  -9.989323090100000E-01   0.000000000000000E+00   0.000000000000000E+00   0.000000000000000E+00
   1.795016975600000E-01   2.590883892900000E+00   2.590883892900000E+00   0.000000000000000E+00  -9.989323090100000E-01   0.000000000000000E+00   0.000000000000000E+00   0.000000000000000E+00
   1.869428105800000E-01   2.698287110600000E+00   2.698287110600000E+00   0.000000000000000E+00  -9.989323090100000E-01   0.000000000000000E+00   0.000000000000000E+00   0.000000000000000E+00
   1.943839236100000E-01   2.805690328200000E+00   2.805690328200000E+00   0.000000000000000E+00  -9.989323090100000E-01   0.000000000000000E+00   0.000000000000000E+00   0.000000000000000E+00
   2.018250366300000E-01   2.913093545800000E+00   2.913093545800000E+00   0.000000000000000E+00  -9.989323090100000E-01   0.000000000000000E+00   0.000000000000000E+00   0.000000000000000E+00
   2.092661496600000E-01   3.020496763400000E+00   3.020496763400000E+00   0.000000000000000E+00  -9.989323090100000E-01   0.000000000000000E+00   0.000000000000000E+00   0.000000000000000E+00
   2.152201768000000E-01   3.106435744600000E+00   3.106435744600000E+00   0.000000000000000E+00  -9.989323090100000E-01   0.000000000000000E+00   0.000000000000000E+00   0.000000000000000E+00
   2.211742039400000E-01   3.192374725800000E+00   3.192374725800000E+00   0.000000000000000E+00  -9.989323090100000E-01   0.000000000000000E+00   0.000000000000000E+00   0.000000000000000E+00
   2.271282310700000E-01   3.278313707000000E+00   3.278313707000000E+00   0.000000000000000E+00  -9.989323090100000E-01   0.000000000000000E+00   0.000000000000000E+00   0.000000000000000E+00
   2.330822582100000E-01   3.364252688200000E+00   3.364252688200000E+00   0.000000000000000E+00  -9.989323090100000E-01   0.000000000000000E+00   0.000000000000000E+00   0.000000000000000E+00
   2.384040133900000E-01   3.441065609500000E+00   3.441065609500000E+00   0.000000000000000E+00  -9.989323090100000E-01   0.000000000000000E+00   0.000000000000000E+00   0.000000000000000E+00
   2.437257685600000E-01   3.517878530800000E+00   3.517878530800000E+00   0.000000000000000E+00  -9.989323090100000E-01   0.000000000000000E+00   0.000000000000000E+00   0.000000000000000E+00
   2.490475237400000E-01   3.594691452100000E+00   3.594691452100000E+00   0.000000000000000E+00  -9.989323090100000E-01   0.000000000000000E+00   0.000000000000000E+00   0.000000000000000E+00
   2.543692789200000E-01   3.671504373400000E+00   3.671504373400000E+00   0.000000000000000E+00  -9.989323090100000E-01   0.000000000000000E+00   0.000000000000000E+00   0.000000000000000E+00
   2.595177282000000E-01   3.745815839500000E+00   3.745815839500000E+00   0.000000000000000E+00  -9.989323090100000E-01   0.000000000000000E+00   0.000000000000000E+00   0.000000000000000E+00
   2.646661774800000E-01   3.820127305600000E+00   3.820127305600000E+00   0.000000000000000E+00  -9.989323090100000E-01   0.000000000000000E+00   0.000000000000000E+00   0.000000000000000E+00
   2.698146267600000E-01   3.894438771800000E+00   3.894438771800000E+00   0.000000000000000E+00  -9.989323090100000E-01   0.000000000000000E+00   0.000000000000000E+00   0.000000000000000E+00
   2.749630760400000E-01   3.968750237900000E+00   3.968750237900000E+00   0.000000000000000E+00  -9.989323090100000E-01   0.000000000000000E+00   0.000000000000000E+00   0.000000000000000E+00
   2.799609011100000E-01   4.040887630600000E+00   4.040887630600000E+00   0.000000000000000E+00  -9.989323090100000E-01   0.000000000000000E+00   0.000000000000000E+00   0.000000000000000E+00
   2.849587261700000E-01   4.113025023400000E+00   4.113025023400000E+00   0.000000000000000E+00  -9.989323090100000E-01   0.000000000000000E+00   0.000000000000000E+00   0.000000000000000E+00
   2.899565512300000E-01   4.185162416100000E+00   4.185162416100000E+00   0.000000000000000E+00  -9.989323090100000E-01   0.000000000000000E+00   0.000000000000000E+00   0.000000000000000E+00
   2.949543762900000E-01   4.257299808800000E+00   4.257299808800000E+00   0.000000000000000E+00  -9.989323090100000E-01   0.000000000000000E+00   0.000000000000000E+00   0.000000000000000E+00
   2.998153077000000E-01   4.327461311800000E+00   4.327461311800000E+00   0.000000000000000E+00  -9.989323090100000E-01   0.000000000000000E+00   0.000000000000000E+00   0.000000000000000E+00
   3.046762391100000E-01   4.397622814900000E+00   4.397622814900000E+00   0.000000000000000E+00  -9.989323090100000E-01   0.000000000000000E+00   0.000000000000000E+00   0.000000000000000E+00
   3.095371705200000E-01   4.467784317900000E+00   4.467784317900000E+00   0.000000000000000E+00  -9.989323090100000E-01   0.000000000000000E+00   0.000000000000000E+00   0.000000000000000E+00
   3.143981019300000E-01   4.537945820900000E+00   4.537945820900000E+00   0.000000000000000E+00  -9.989323090100000E-01   0.000000000000000E+00   0.000000000000000E+00   0.000000000000000E+00
   3.185895692100000E-01   4.598444441300000E+00   4.598444441300000E+00   0.000000000000000E+00  -9.989323090100000E-01   0.000000000000000E+00   0.000000000000000E+00   0.000000000000000E+00
   3.227810365000000E-01   4.658943061800000E+00   4.658943061800000E+00   0.000000000000000E+00  -9.989323090100000E-01   0.000000000000000E+00   0.000000000000000E+00   0.000000000000000E+00
   3.269725037800000E-01   4.719441682200000E+00   4.719441682200000E+00   0.000000000000000E+00  -9.989323090100000E-01   0.000000000000000E+00   0.000000000000000E+00   0.000000000000000E+00
   3.311639710600000E-01   4.779940302600000E+00   4.779940302600000E+00   0.000000000000000E+00  -9.989323090100000E-01   0.000000000000000E+00   0.000000000000000E+00   0.000000000000000E+00
   3.347814515200000E-01   4.832154136700000E+00   4.832154136700000E+00   0.000000000000000E+00  -9.989323090100000E-01   0.000000000000000E+00   0.000000000000000E+00   0.000000000000000E+00
   3.383989319800000E-01   4.884367970900000E+00   4.884367970900000E+00   0.000000000000000E+00  -9.989323090100000E-01   0.000000000000000E+00   0.000000000000000E+00   0.000000000000000E+00
   3.420164124500000E-01   4.936581805000000E+00   4.936581805000000E+00   0.000000000000000E+00  -9.989323090100000E-01   0.000000000000000E+00   0.000000000000000E+00   0.000000000000000E+00
   3.456338929100000E-01   4.988795639200000E+00   4.988795639200000E+00   0.000000000000000E+00  -9.989323090100000E-01   0.000000000000000E+00   0.000000000000000E+00   0.000000000000000E+00
   3.489381524600000E-01   5.036488518700000E+00   5.036488518700000E+00   0.000000000000000E+00  -9.989323090100000E-01   0.000000000000000E+00   0.000000000000000E+00   0.000000000000000E+00
   3.522424120000000E-01   5.084181398300000E+00   5.084181398300000E+00   0.000000000000000E+00  -9.989323090100000E-01   0.000000000000000E+00   0.000000000000000E+00   0.000000000000000E+00
   3.555466715500000E-01   5.131874277800000E+00   5.131874277800000E+00   0.000000000000000E+00  -9.989323090100000E-01   0.000000000000000E+00   0.000000000000000E+00   0.000000000000000E+00
   3.588509311000000E-01   5.179567157400000E+00   5.179567157400000E+00   0.000000000000000E+00  -9.989323090100000E-01   0.000000000000000E+00   0.000000000000000E+00   0.000000000000000E+00
   3.624080745100000E-01   5.230910101200000E+00   5.230910101200000E+00   0.000000000000000E+00  -9.989323090100000E-01   0.000000000000000E+00   0.000000000000000E+00   0.000000000000000E+00
   3.659652179200000E-01   5.282253044900000E+00   5.282253044900000E+00   0.000000000000000E+00  -9.989323090100000E-01   0.000000000000000E+00   0.000000000000000E+00   0.000000000000000E+00
   3.695223613300000E-01   5.333595988700000E+00   5.333595988700000E+00   0.000000000000000E+00  -9.989323090100000E-01   0.000000000000000E+00   0.000000000000000E+00   0.000000000000000E+00
   3.730795047400000E-01   5.384938932500000E+00   5.384938932500000E+00   0.000000000000000E+00  -9.989323090100000E-01   0.000000000000000E+00   0.000000000000000E+00   0.000000000000000E+00
   3.772726023300000E-01   5.445461084400000E+00   5.445461084400000E+00   0.000000000000000E+00  -9.989323090100000E-01   0.000000000000000E+00   0.000000000000000E+00   0.000000000000000E+00
   3.814656999200000E-01   5.505983236300000E+00   5.505983236300000E+00   0.000000000000000E+00  -9.989323090100000E-01   0.000000000000000E+00   0.000000000000000E+00   0.000000000000000E+00
   3.856587975100000E-01   5.566505388300000E+00   5.566505388300000E+00   0.000000000000000E+00  -9.989323090100000E-01   0.000000000000000E+00   0.000000000000000E+00   0.000000000000000E+00
   3.898518951000000E-01   5.627027540200000E+00   5.627027540200000E+00   0.000000000000000E+00  -9.989323090100000E-01   0.000000000000000E+00   0.000000000000000E+00   0.000000000000000E+00
   3.936145154800000E-01   5.681336288600000E+00   5.681336288600000E+00   0.000000000000000E+00  -9.989323090100000E-01   0.000000000000000E+00   0.000000000000000E+00   0.000000000000000E+00
   3.973771358600000E-01   5.735645037100000E+00   5.735645037100000E+00   0.000000000000000E+00  -9.989323090100000E-01   0.000000000000000E+00   0.000000000000000E+00   0.000000000000000E+00
   4.011397562400000E-01   5.789953785500000E+00   5.789953785500000E+00   0.000000000000000E+00  -9.989323090100000E-01   0.000000000000000E+00   0.000000000000000E+00   0.000000000000000E+00
   4.049023766300000E-01   5.844262534000000E+00   5.844262534000000E+00   0.000000000000000E+00  -9.989323090100000E-01   0.000000000000000E+00   0.000000000000000E+00   0.000000000000000E+00
   4.089650223200000E-01   5.902901775000000E+00   5.902901775000000E+00   0.000000000000000E+00  -9.989323090100000E-01   0.000000000000000E+00   0.000000000000000E+00   0.000000000000000E+00
   4.130276680200000E-01   5.961541016000000E+00   5.961541016000000E+00   0.000000000000000E+00  -9.989323090100000E-01   0.000000000000000E+00   0.000000000000000E+00   0.000000000000000E+00
   4.170903137200000E-01   6.020180257000000E+00   6.020180257000000E+00   0.000000000000000E+00  -9.989323090100000E-01   0.000000000000000E+00   0.000000000000000E+00   0.000000000000000E+00
   4.211529594200000E-01   6.078819498000000E+00   6.078819498000000E+00   0.000000000000000E+00  -9.989323090100000E-01   0.000000000000000E+00   0.000000000000000E+00   0.000000000000000E+00
   4.270546342000000E-01   6.164002838000000E+00   6.164002838000000E+00   0.000000000000000E+00  -9.989323090100000E-01   0.000000000000000E+00   0.000000000000000E+00   0.000000000000000E+00
   4.329563089800000E-01   6.249186177900000E+00   6.249186177900000E+00   0.000000000000000E+00  -9.989323090100000E-01   0.000000000000000E+00   0.000000000000000E+00   0.000000000000000E+00
   4.388579837500000E-01   6.334369517800000E+00   6.334369517800000E+00   0.000000000000000E+00  -9.989323090100000E-01   0.000000000000000E+00   0.000000000000000E+00   0.000000000000000E+00
   4.447596585300000E-01   6.419552857800000E+00   6.419552857800000E+00   0.000000000000000E+00  -9.989323090100000E-01   0.000000000000000E+00   0.000000000000000E+00   0.000000000000000E+00
   4.486612132900000E-01   6.475866951300000E+00   6.475866951300000E+00   0.000000000000000E+00  -9.989323090100000E-01   0.000000000000000E+00   0.000000000000000E+00   0.000000000000000E+00
   4.525627680500000E-01   6.532181044800000E+00   6.532181044800000E+00   0.000000000000000E+00  -9.989323090100000E-01   0.000000000000000E+00   0.000000000000000E+00   0.000000000000000E+00
   4.564643228100000E-01   6.588495138400000E+00   6.588495138400000E+00   0.000000000000000E+00  -9.989323090100000E-01   0.000000000000000E+00   0.000000000000000E+00   0.000000000000000E+00
   4.603658775700000E-01   6.644809231900000E+00   6.644809231900000E+00   0.000000000000000E+00  -9.989323090100000E-01   0.000000000000000E+00   0.000000000000000E+00   0.000000000000000E+00
   4.642713842100000E-01   6.701180365900000E+00   6.701180365900000E+00   0.000000000000000E+00  -9.989323090100000E-01   0.000000000000000E+00   0.000000000000000E+00   0.000000000000000E+00
   4.681768908500000E-01   6.757551499900000E+00   6.757551499900000E+00   0.000000000000000E+00  -9.989323090100000E-01   0.000000000000000E+00   0.000000000000000E+00   0.000000000000000E+00
   4.720823974900000E-01   6.813922633900000E+00   6.813922633900000E+00   0.000000000000000E+00  -9.989323090100000E-01   0.000000000000000E+00   0.000000000000000E+00   0.000000000000000E+00
   4.759879041300000E-01   6.870293767900000E+00   6.870293767900000E+00   0.000000000000000E+00  -9.989323090100000E-01   0.000000000000000E+00   0.000000000000000E+00   0.000000000000000E+00
   4.798661736200000E-01   6.926271767500000E+00   6.926271767500000E+00   0.000000000000000E+00  -9.989323090100000E-01   0.000000000000000E+00   0.000000000000000E+00   0.000000000000000E+00
   4.837444431100000E-01   6.982249767000000E+00   6.982249767000000E+00   0.000000000000000E+00  -9.989323090100000E-01   0.000000000000000E+00   0.000000000000000E+00   0.000000000000000E+00
   4.876227125900000E-01   7.038227766600000E+00   7.038227766600000E+00   0.000000000000000E+00  -9.989323090100000E-01   0.000000000000000E+00   0.000000000000000E+00   0.000000000000000E+00
   4.915009820800000E-01   7.094205766200000E+00   7.094205766200000E+00   0.000000000000000E+00  -9.989323090100000E-01   0.000000000000000E+00   0.000000000000000E+00   0.000000000000000E+00
   4.955240912700000E-01   7.152274346800000E+00   7.152274346800000E+00   0.000000000000000E+00  -9.989323090100000E-01   0.000000000000000E+00   0.000000000000000E+00   0.000000000000000E+00
   4.995472004600000E-01   7.210342927400000E+00   7.210342927400000E+00   0.000000000000000E+00  -9.989323090100000E-01   0.000000000000000E+00   0.000000000000000E+00   0.000000000000000E+00
   5.035703096400000E-01   7.268411508000000E+00   7.268411508000000E+00   0.000000000000000E+00  -9.989323090100000E-01   0.000000000000000E+00   0.000000000000000E+00   0.000000000000000E+00
   5.075934188300000E-01   7.326480088600000E+00   7.326480088600000E+00   0.000000000000000E+00  -9.989323090100000E-01   0.000000000000000E+00   0.000000000000000E+00   0.000000000000000E+00
   5.113358663100001E-01   7.380497666300000E+00   7.380497666300000E+00   0.000000000000000E+00  -9.989323090100000E-01   0.000000000000000E+00   0.000000000000000E+00   0.000000000000000E+00
   5.150783137900000E-01   7.434515244000000E+00   7.434515244000000E+00   0.000000000000000E+00  -9.989323090100000E-01   0.000000000000000E+00   0.000000000000000E+00   0.000000000000000E+00
   5.188207612700000E-01   7.488532821700000E+00   7.488532821700000E+00   0.000000000000000E+00  -9.989323090100000E-01   0.000000000000000E+00   0.000000000000000E+00   0.000000000000000E+00
   5.225632087500000E-01   7.542550399400000E+00   7.542550399400000E+00   0.000000000000000E+00  -9.989323090100000E-01   0.000000000000000E+00   0.000000000000000E+00   0.000000000000000E+00
   5.263110990700000E-01   7.596646537800000E+00   7.596646537800000E+00   0.000000000000000E+00  -9.989323090100000E-01   0.000000000000000E+00   0.000000000000000E+00   0.000000000000000E+00
   5.300589894000000E-01   7.650742676200000E+00   7.650742676200000E+00   0.000000000000000E+00  -9.989323090100000E-01   0.000000000000000E+00   0.000000000000000E+00   0.000000000000000E+00
   5.338068797200000E-01   7.704838814500000E+00   7.704838814600000E+00   0.000000000000000E+00  -9.989323090100000E-01   0.000000000000000E+00   0.000000000000000E+00   0.000000000000000E+00
   5.375547700400000E-01   7.758934952900000E+00   7.758934952900000E+00   0.000000000000000E+00  -9.989323090100000E-01   0.000000000000000E+00   0.000000000000000E+00   0.000000000000000E+00
   5.408547443000000E-01   7.806565979600000E+00   7.806565979600000E+00   0.000000000000000E+00  -9.989323090100000E-01   0.000000000000000E+00   0.000000000000000E+00   0.000000000000000E+00
   5.441547185500000E-01   7.854197006200000E+00   7.854197006200000E+00   0.000000000000000E+00  -9.989323090100000E-01   0.000000000000000E+00   0.000000000000000E+00   0.000000000000000E+00
   5.474546928000000E-01   7.901828032900000E+00   7.901828032900000E+00   0.000000000000000E+00  -9.989323090100000E-01   0.000000000000000E+00   0.000000000000000E+00   0.000000000000000E+00
   5.507546670500000E-01   7.949459059500000E+00   7.949459059500000E+00   0.000000000000000E+00  -9.989323090100000E-01   0.000000000000000E+00   0.000000000000000E+00   0.000000000000000E+00
   5.538409084000000E-01   7.994005117300000E+00   7.994005117300000E+00   0.000000000000000E+00  -9.989323090100000E-01   0.000000000000000E+00   0.000000000000000E+00   0.000000000000000E+00
   5.569271497500000E-01   8.038551175100000E+00   8.038551175100000E+00   0.000000000000000E+00  -9.989323090100000E-01   0.000000000000000E+00   0.000000000000000E+00   0.000000000000000E+00
   5.600133910900000E-01   8.083097232900000E+00   8.083097232900000E+00   0.000000000000000E+00  -9.989323090100000E-01   0.000000000000000E+00   0.000000000000000E+00   0.000000000000000E+00
   5.630996324400001E-01   8.127643290700000E+00   8.127643290700000E+00   0.000000000000000E+00  -9.989323090100000E-01   0.000000000000000E+00   0.000000000000000E+00   0.000000000000000E+00
   5.655249179700000E-01   8.162649272800000E+00   8.162649272800000E+00   0.000000000000000E+00  -9.989323090100000E-01   0.000000000000000E+00   0.000000000000000E+00   0.000000000000000E+00
   5.679502035000000E-01   8.197655254900001E+00   8.197655254900001E+00   0.000000000000000E+00  -9.989323090100000E-01   0.000000000000000E+00   0.000000000000000E+00   0.000000000000000E+00
   5.703754890200000E-01   8.232661237000000E+00   8.232661237000000E+00   0.000000000000000E+00  -9.989323090100000E-01   0.000000000000000E+00   0.000000000000000E+00   0.000000000000000E+00
   5.728007745500000E-01   8.267667219100000E+00   8.267667219100000E+00   0.000000000000000E+00  -9.989323090100000E-01   0.000000000000000E+00   0.000000000000000E+00   0.000000000000000E+00
   5.751068451100000E-01   8.300952481200000E+00   8.300952481200000E+00   0.000000000000000E+00  -9.989323090100000E-01   0.000000000000000E+00   0.000000000000000E+00   0.000000000000000E+00
   5.774129156600000E-01   8.334237743299999E+00   8.334237743299999E+00   0.000000000000000E+00  -9.989323090100000E-01   0.000000000000000E+00   0.000000000000000E+00   0.000000000000000E+00
   5.797189862100000E-01   8.367523005400001E+00   8.367523005400001E+00   0.000000000000000E+00  -9.989323090100000E-01   0.000000000000000E+00   0.000000000000000E+00   0.000000000000000E+00
   5.820250567700000E-01   8.400808267500000E+00   8.400808267500000E+00   0.000000000000000E+00  -9.989323090100000E-01   0.000000000000000E+00   0.000000000000000E+00   0.000000000000000E+00
   5.846445151200000E-01   8.438616893000001E+00   8.438616893000001E+00   0.000000000000000E+00  -9.989323090100000E-01   0.000000000000000E+00   0.000000000000000E+00   0.000000000000000E+00
   5.872639734700000E-01   8.476425518499999E+00   8.476425518499999E+00   0.000000000000000E+00  -9.989323090100000E-01   0.000000000000000E+00   0.000000000000000E+00   0.000000000000000E+00
   5.898834318300000E-01   8.514234144000000E+00   8.514234144000000E+00   0.000000000000000E+00  -9.989323090100000E-01   0.000000000000000E+00   0.000000000000000E+00   0.000000000000000E+00
   5.925028901800000E-01   8.552042769500000E+00   8.552042769500000E+00   0.000000000000000E+00  -9.989323090100000E-01   0.000000000000000E+00   0.000000000000000E+00   0.000000000000000E+00
   5.947439185300000E-01   8.584389228299999E+00   8.584389228299999E+00   0.000000000000000E+00  -9.989323090100000E-01   0.000000000000000E+00   0.000000000000000E+00   0.000000000000000E+00
   5.969849468800000E-01   8.616735687000000E+00   8.616735687000000E+00   0.000000000000000E+00  -9.989323090100000E-01   0.000000000000000E+00   0.000000000000000E+00   0.000000000000000E+00
   5.992259752300000E-01   8.649082145800000E+00   8.649082145800000E+00   0.000000000000000E+00  -9.989323090100000E-01   0.000000000000000E+00   0.000000000000000E+00   0.000000000000000E+00
   6.014670035900000E-01   8.681428604600001E+00   8.681428604600001E+00   0.000000000000000E+00  -9.989323090100000E-01   0.000000000000000E+00   0.000000000000000E+00   0.000000000000000E+00
   6.037397414100000E-01   8.714232750100001E+00   8.714232750100001E+00   0.000000000000000E+00  -9.989323090100000E-01   0.000000000000000E+00   0.000000000000000E+00   0.000000000000000E+00
   6.060124792300000E-01   8.747036895700001E+00   8.747036895700001E+00   0.000000000000000E+00  -9.989323090100000E-01   0.000000000000000E+00   0.000000000000000E+00   0.000000000000000E+00
   6.082852170500000E-01   8.779841041199999E+00   8.779841041199999E+00   0.000000000000000E+00  -9.989323090100000E-01   0.000000000000000E+00   0.000000000000000E+00   0.000000000000000E+00
   6.105579548700000E-01   8.812645186799999E+00   8.812645186799999E+00   0.000000000000000E+00  -9.989323090100000E-01   0.000000000000000E+00   0.000000000000000E+00   0.000000000000000E+00
   6.136818981600000E-01   8.857735425200000E+00   8.857735425200000E+00   0.000000000000000E+00  -9.989323090100000E-01   0.000000000000000E+00   0.000000000000000E+00   0.000000000000000E+00
   6.168058414399999E-01   8.902825663600000E+00   8.902825663600000E+00   0.000000000000000E+00  -9.989323090100000E-01   0.000000000000000E+00   0.000000000000000E+00   0.000000000000000E+00
   6.199297847200000E-01   8.947915902000000E+00   8.947915902000000E+00   0.000000000000000E+00  -9.989323090100000E-01   0.000000000000000E+00   0.000000000000000E+00   0.000000000000000E+00
   6.230537280100000E-01   8.993006140400000E+00   8.993006140400000E+00   0.000000000000000E+00  -9.989323090100000E-01   0.000000000000000E+00   0.000000000000000E+00   0.000000000000000E+00
   6.255845794000000E-01   9.029535834500001E+00   9.029535834500001E+00   0.000000000000000E+00  -9.989323090100000E-01   0.000000000000000E+00   0.000000000000000E+00   0.000000000000000E+00
   6.281154307800000E-01   9.066065528499999E+00   9.066065528499999E+00   0.000000000000000E+00  -9.989323090100000E-01   0.000000000000000E+00   0.000000000000000E+00   0.000000000000000E+00
   6.306462821700000E-01   9.102595222600000E+00   9.102595222600000E+00   0.000000000000000E+00  -9.989323090100000E-01   0.000000000000000E+00   0.000000000000000E+00   0.000000000000000E+00
   6.331771335600000E-01   9.139124916700000E+00   9.139124916700000E+00   0.000000000000000E+00  -9.989323090100000E-01   0.000000000000000E+00   0.000000000000000E+00   0.000000000000000E+00
   6.353475024700000E-01   9.170451494200000E+00   9.170451494200000E+00   0.000000000000000E+00  -9.989323090100000E-01   0.000000000000000E+00   0.000000000000000E+00   0.000000000000000E+00
   6.375178713700000E-01   9.201778071700000E+00   9.201778071700000E+00   0.000000000000000E+00  -9.989323090100000E-01   0.000000000000000E+00   0.000000000000000E+00   0.000000000000000E+00
   6.396882402800000E-01   9.233104649200000E+00   9.233104649200000E+00   0.000000000000000E+00  -9.989323090100000E-01   0.000000000000000E+00   0.000000000000000E+00   0.000000000000000E+00
   6.418586091900000E-01   9.264431226699999E+00   9.264431226699999E+00   0.000000000000000E+00  -9.989323090100000E-01   0.000000000000000E+00   0.000000000000000E+00   0.000000000000000E+00
   6.440038397800000E-01   9.295394964000000E+00   9.295394964000000E+00   0.000000000000000E+00  -9.989323090100000E-01   0.000000000000000E+00   0.000000000000000E+00   0.000000000000000E+00
   6.461490703800000E-01   9.326358701200000E+00   9.326358701200000E+00   0.000000000000000E+00  -9.989323090100000E-01   0.000000000000000E+00   0.000000000000000E+00   0.000000000000000E+00
   6.482943009800000E-01   9.357322438500001E+00   9.357322438500001E+00   0.000000000000000E+00  -9.989323090100000E-01   0.000000000000000E+00   0.000000000000000E+00   0.000000000000000E+00
   6.504395315800000E-01   9.388286175799999E+00   9.388286175799999E+00   0.000000000000000E+00  -9.989323090100000E-01   0.000000000000000E+00   0.000000000000000E+00   0.000000000000000E+00
   6.529055808300001E-01   9.423880531500000E+00   9.423880531500000E+00   0.000000000000000E+00  -9.989323090100000E-01   0.000000000000000E+00   0.000000000000000E+00   0.000000000000000E+00
   6.553716300800000E-01   9.459474887300001E+00   9.459474887300001E+00   0.000000000000000E+00  -9.989323090100000E-01   0.000000000000000E+00   0.000000000000000E+00   0.000000000000000E+00
   6.578376793300000E-01   9.495069243100000E+00   9.495069243100000E+00   0.000000000000000E+00  -9.989323090100000E-01   0.000000000000000E+00   0.000000000000000E+00   0.000000000000000E+00
   6.603037285800000E-01   9.530663598800000E+00   9.530663598800000E+00   0.000000000000000E+00  -9.989323090100000E-01   0.000000000000000E+00   0.000000000000000E+00   0.000000000000000E+00
   6.628528256200000E-01   9.567456646200000E+00   9.567456646200000E+00   0.000000000000000E+00  -9.989323090100000E-01   0.000000000000000E+00   0.000000000000000E+00   0.000000000000000E+00
   6.654019226600000E-01   9.604249693600000E+00   9.604249693600000E+00   0.000000000000000E+00  -9.989323090100000E-01   0.000000000000000E+00   0.000000000000000E+00   0.000000000000000E+00
   6.679510197000000E-01   9.641042741000000E+00   9.641042741000000E+00   0.000000000000000E+00  -9.989323090100000E-01   0.000000000000000E+00   0.000000000000000E+00   0.000000000000000E+00
   6.705001167500000E-01   9.677835788399999E+00   9.677835788399999E+00   0.000000000000000E+00  -9.989323090100000E-01   0.000000000000000E+00   0.000000000000000E+00   0.000000000000000E+00
   6.727104596700000E-01   9.709739341300001E+00   9.709739341300001E+00   0.000000000000000E+00  -9.989323090100000E-01   0.000000000000000E+00   0.000000000000000E+00   0.000000000000000E+00
   6.749208026000000E-01   9.741642894100000E+00   9.741642894100000E+00   0.000000000000000E+00  -9.989323090100000E-01   0.000000000000000E+00   0.000000000000000E+00   0.000000000000000E+00
   6.771311455300000E-01   9.773546446899999E+00   9.773546446899999E+00   0.000000000000000E+00  -9.989323090100000E-01   0.000000000000000E+00   0.000000000000000E+00   0.000000000000000E+00
   6.793414884500000E-01   9.805449999700000E+00   9.805449999700000E+00   0.000000000000000E+00  -9.989323090100000E-01   0.000000000000000E+00   0.000000000000000E+00   0.000000000000000E+00
   6.813790659200000E-01   9.834859897899999E+00   9.834859897899999E+00   0.000000000000000E+00  -9.989323090100000E-01   0.000000000000000E+00   0.000000000000000E+00   0.000000000000000E+00
   6.834166433900000E-01   9.864269796000000E+00   9.864269796000000E+00   0.000000000000000E+00  -9.989323090100000E-01   0.000000000000000E+00   0.000000000000000E+00   0.000000000000000E+00
   6.854542208600000E-01   9.893679694199999E+00   9.893679694199999E+00   0.000000000000000E+00  -9.989323090100000E-01   0.000000000000000E+00   0.000000000000000E+00   0.000000000000000E+00
   6.874917983300000E-01   9.923089592400000E+00   9.923089592400000E+00   0.000000000000000E+00  -9.989323090100000E-01   0.000000000000000E+00   0.000000000000000E+00   0.000000000000000E+00
   6.896072236800000E-01   9.953623127900000E+00   9.953623127900000E+00   0.000000000000000E+00  -9.989323090100000E-01   0.000000000000000E+00   0.000000000000000E+00   0.000000000000000E+00
   6.917226490300000E-01   9.984156663500000E+00   9.984156663500000E+00   0.000000000000000E+00  -9.989323090100000E-01   0.000000000000000E+00   0.000000000000000E+00   0.000000000000000E+00
   6.938380743800000E-01   1.001469019900000E+01   1.001469019900000E+01   0.000000000000000E+00  -9.989323090100000E-01   0.000000000000000E+00   0.000000000000000E+00   0.000000000000000E+00
   6.959534997300000E-01   1.004522373500000E+01   1.004522373500000E+01   0.000000000000000E+00  -9.989323090100000E-01   0.000000000000000E+00   0.000000000000000E+00   0.000000000000000E+00
   6.984442260900000E-01   1.008117427400000E+01   1.008117427400000E+01   0.000000000000000E+00  -9.989323090100000E-01   0.000000000000000E+00   0.000000000000000E+00   0.000000000000000E+00
   7.009349524500000E-01   1.011712481300000E+01   1.011712481300000E+01   0.000000000000000E+00  -9.989323090100000E-01   0.000000000000000E+00   0.000000000000000E+00   0.000000000000000E+00
   7.034256788100000E-01   1.015307535200000E+01   1.015307535200000E+01   0.000000000000000E+00  -9.989323090100000E-01   0.000000000000000E+00   0.000000000000000E+00   0.000000000000000E+00
   7.059164051700000E-01   1.018902589100000E+01   1.018902589100000E+01   0.000000000000000E+00  -9.989323090100000E-01   0.000000000000000E+00   0.000000000000000E+00   0.000000000000000E+00
   7.080622600699999E-01   1.021999864000000E+01   1.021999864000000E+01   0.000000000000000E+00  -9.989323090100000E-01   0.000000000000000E+00   0.000000000000000E+00   0.000000000000000E+00
   7.102081149700000E-01   1.025097138800000E+01   1.025097138800000E+01   0.000000000000000E+00  -9.989323090100000E-01   0.000000000000000E+00   0.000000000000000E+00   0.000000000000000E+00
   7.123539698700000E-01   1.028194413600000E+01   1.028194413600000E+01   0.000000000000000E+00  -9.989323090100000E-01   0.000000000000000E+00   0.000000000000000E+00   0.000000000000000E+00
   7.144998247700000E-01   1.031291688400000E+01   1.031291688400000E+01   0.000000000000000E+00  -9.989323090100000E-01   0.000000000000000E+00   0.000000000000000E+00   0.000000000000000E+00
   7.163931465400000E-01   1.034024463100000E+01   1.034024463100000E+01   0.000000000000000E+00  -9.989323090100000E-01   0.000000000000000E+00   0.000000000000000E+00   0.000000000000000E+00
   7.182864683200000E-01   1.036757237700000E+01   1.036757237700000E+01   0.000000000000000E+00  -9.989323090100000E-01   0.000000000000000E+00   0.000000000000000E+00   0.000000000000000E+00
   7.201797900900000E-01   1.039490012400000E+01   1.039490012400000E+01   0.000000000000000E+00  -9.989323090100000E-01   0.000000000000000E+00   0.000000000000000E+00   0.000000000000000E+00
   7.220731118700000E-01   1.042222787000000E+01   1.042222787000000E+01   0.000000000000000E+00  -9.989323090100000E-01   0.000000000000000E+00   0.000000000000000E+00   0.000000000000000E+00
   7.238918804500000E-01   1.044847953400000E+01   1.044847953400000E+01   0.000000000000000E+00  -9.989323090100000E-01   0.000000000000000E+00   0.000000000000000E+00   0.000000000000000E+00
   7.257106490400000E-01   1.047473119800000E+01   1.047473119800000E+01   0.000000000000000E+00  -9.989323090100000E-01   0.000000000000000E+00   0.000000000000000E+00   0.000000000000000E+00
   7.275294176300000E-01   1.050098286200000E+01   1.050098286200000E+01   0.000000000000000E+00  -9.989323090100000E-01   0.000000000000000E+00   0.000000000000000E+00   0.000000000000000E+00
   7.293481862100000E-01   1.052723452600000E+01   1.052723452600000E+01   0.000000000000000E+00  -9.989323090100000E-01   0.000000000000000E+00   0.000000000000000E+00   0.000000000000000E+00
   7.310617330700000E-01   1.055196744500000E+01   1.055196744500000E+01   0.000000000000000E+00  -9.989323090100000E-01   0.000000000000000E+00   0.000000000000000E+00   0.000000000000000E+00
   7.327752799400000E-01   1.057670036400000E+01   1.057670036400000E+01   0.000000000000000E+00  -9.989323090100000E-01   0.000000000000000E+00   0.000000000000000E+00   0.000000000000000E+00
   7.344888268000000E-01   1.060143328300000E+01   1.060143328300000E+01   0.000000000000000E+00  -9.989323090100000E-01   0.000000000000000E+00   0.000000000000000E+00   0.000000000000000E+00
   7.362023736600000E-01   1.062616620300000E+01   1.062616620300000E+01   0.000000000000000E+00  -9.989323090100000E-01   0.000000000000000E+00   0.000000000000000E+00   0.000000000000000E+00
   7.379669815300000E-01   1.065163612400000E+01   1.065163612400000E+01   0.000000000000000E+00  -9.989323090100000E-01   0.000000000000000E+00   0.000000000000000E+00   0.000000000000000E+00
   7.397315893999999E-01   1.067710604500000E+01   1.067710604500000E+01   0.000000000000000E+00  -9.989323090100000E-01   0.000000000000000E+00   0.000000000000000E+00   0.000000000000000E+00
   7.414961972700000E-01   1.070257596600000E+01   1.070257596600000E+01   0.000000000000000E+00  -9.989323090100000E-01   0.000000000000000E+00   0.000000000000000E+00   0.000000000000000E+00
   7.432608051400000E-01   1.072804588800000E+01   1.072804588800000E+01   0.000000000000000E+00  -9.989323090100000E-01   0.000000000000000E+00   0.000000000000000E+00   0.000000000000000E+00
   7.455482900500000E-01   1.076106288900000E+01   1.076106288900000E+01   0.000000000000000E+00  -9.989323090100000E-01   0.000000000000000E+00   0.000000000000000E+00   0.000000000000000E+00
   7.478357749500000E-01   1.079407989000000E+01   1.079407989000000E+01   0.000000000000000E+00  -9.989323090100000E-01   0.000000000000000E+00   0.000000000000000E+00   0.000000000000000E+00
   7.501232598499999E-01   1.082709689200000E+01   1.082709689200000E+01   0.000000000000000E+00  -9.989323090100000E-01   0.000000000000000E+00   0.000000000000000E+00   0.000000000000000E+00
   7.524107447600000E-01   1.086011389300000E+01   1.086011389300000E+01   0.000000000000000E+00  -9.989323090100000E-01   0.000000000000000E+00   0.000000000000000E+00   0.000000000000000E+00
   7.547757239200000E-01   1.089424942800000E+01   1.089424942800000E+01   0.000000000000000E+00  -9.989323090100000E-01   0.000000000000000E+00   0.000000000000000E+00   0.000000000000000E+00
   7.571407030900000E-01   1.092838496300000E+01   1.092838496300000E+01   0.000000000000000E+00  -9.989323090100000E-01   0.000000000000000E+00   0.000000000000000E+00   0.000000000000000E+00
   7.595056822500000E-01   1.096252049700000E+01   1.096252049700000E+01   0.000000000000000E+00  -9.989323090100000E-01   0.000000000000000E+00   0.000000000000000E+00   0.000000000000000E+00
   7.618706614100000E-01   1.099665603200000E+01   1.099665603200000E+01   0.000000000000000E+00  -9.989323090100000E-01   0.000000000000000E+00   0.000000000000000E+00   0.000000000000000E+00
   7.643736805500000E-01   1.103278400200000E+01   1.103278400200000E+01   0.000000000000000E+00  -9.989323090100000E-01   0.000000000000000E+00   0.000000000000000E+00   0.000000000000000E+00
   7.668766996900001E-01   1.106891197200000E+01   1.106891197200000E+01   0.000000000000000E+00  -9.989323090100000E-01   0.000000000000000E+00   0.000000000000000E+00   0.000000000000000E+00
   7.693797188300000E-01   1.110503994200000E+01   1.110503994200000E+01   0.000000000000000E+00  -9.989323090100000E-01   0.000000000000000E+00   0.000000000000000E+00   0.000000000000000E+00
   7.718827379800000E-01   1.114116791300000E+01   1.114116791300000E+01   0.000000000000000E+00  -9.989323090100000E-01   0.000000000000000E+00   0.000000000000000E+00   0.000000000000000E+00
   7.739051288300000E-01   1.117035861100000E+01   1.117035861100000E+01   0.000000000000000E+00  -9.989323090100000E-01   0.000000000000000E+00   0.000000000000000E+00   0.000000000000000E+00
   7.759275196900000E-01   1.119954930900000E+01   1.119954930900000E+01   0.000000000000000E+00  -9.989323090100000E-01   0.000000000000000E+00   0.000000000000000E+00   0.000000000000000E+00
   7.779499105400000E-01   1.122874000700000E+01   1.122874000700000E+01   0.000000000000000E+00  -9.989323090100000E-01   0.000000000000000E+00   0.000000000000000E+00   0.000000000000000E+00
   7.799723014000000E-01   1.125793070600000E+01   1.125793070600000E+01   0.000000000000000E+00  -9.989323090100000E-01   0.000000000000000E+00   0.000000000000000E+00   0.000000000000000E+00
   7.818109499000000E-01   1.128446931100000E+01   1.128446931100000E+01   0.000000000000000E+00  -9.989323090100000E-01   0.000000000000000E+00   0.000000000000000E+00   0.000000000000000E+00
   7.836495984000000E-01   1.131100791700000E+01   1.131100791700000E+01   0.000000000000000E+00  -9.989323090100000E-01   0.000000000000000E+00   0.000000000000000E+00   0.000000000000000E+00
   7.854882469000000E-01   1.133754652300000E+01   1.133754652300000E+01   0.000000000000000E+00  -9.989323090100000E-01   0.000000000000000E+00   0.000000000000000E+00   0.000000000000000E+00
   7.873268954000000E-01   1.136408512900000E+01   1.136408512900000E+01   0.000000000000000E+00  -9.989323090100000E-01   0.000000000000000E+00   0.000000000000000E+00   0.000000000000000E+00
   7.896289468500000E-01   1.139731238000000E+01   1.139731238000000E+01   0.000000000000000E+00  -9.989323090100000E-01   0.000000000000000E+00   0.000000000000000E+00   0.000000000000000E+00
   7.919309982900000E-01   1.143053963100000E+01   1.143053963100000E+01   0.000000000000000E+00  -9.989323090100000E-01   0.000000000000000E+00   0.000000000000000E+00   0.000000000000000E+00
   7.942330497400000E-01   1.146376688300000E+01   1.146376688300000E+01   0.000000000000000E+00  -9.989323090100000E-01   0.000000000000000E+00   0.000000000000000E+00   0.000000000000000E+00
   7.965351011800000E-01   1.149699413400000E+01   1.149699413400000E+01   0.000000000000000E+00  -9.989323090100000E-01   0.000000000000000E+00   0.000000000000000E+00   0.000000000000000E+00
   7.987164333100000E-01   1.152847895200000E+01   1.152847895200000E+01   0.000000000000000E+00  -9.989323090100000E-01   0.000000000000000E+00   0.000000000000000E+00   0.000000000000000E+00
   8.008977654500000E-01   1.155996377000000E+01   1.155996377000000E+01   0.000000000000000E+00  -9.989323090100000E-01   0.000000000000000E+00   0.000000000000000E+00   0.000000000000000E+00
   8.030790975800000E-01   1.159144858800000E+01   1.159144858800000E+01   0.000000000000000E+00  -9.989323090100000E-01   0.000000000000000E+00   0.000000000000000E+00   0.000000000000000E+00
   8.052604297100000E-01   1.162293340600000E+01   1.162293340600000E+01   0.000000000000000E+00  -9.989323090100000E-01   0.000000000000000E+00   0.000000000000000E+00   0.000000000000000E+00
   8.075526400200000E-01   1.165601861300000E+01   1.165601861300000E+01   0.000000000000000E+00  -9.989323090100000E-01   0.000000000000000E+00   0.000000000000000E+00   0.000000000000000E+00
   8.098448503300000E-01   1.168910382000000E+01   1.168910382000000E+01   0.000000000000000E+00  -9.989323090100000E-01   0.000000000000000E+00   0.000000000000000E+00   0.000000000000000E+00
   8.121370606400000E-01   1.172218902600000E+01   1.172218902600000E+01   0.000000000000000E+00  -9.989323090100000E-01   0.000000000000000E+00   0.000000000000000E+00   0.000000000000000E+00
   8.144292709500000E-01   1.175527423300000E+01   1.175527423300000E+01   0.000000000000000E+00  -9.989323090100000E-01   0.000000000000000E+00   0.000000000000000E+00   0.000000000000000E+00
   8.168724610600000E-01   1.179053864500000E+01   1.179053864500000E+01   0.000000000000000E+00  -9.989323090100000E-01   0.000000000000000E+00   0.000000000000000E+00   0.000000000000000E+00
   8.193156511700000E-01   1.182580305800000E+01   1.182580305800000E+01   0.000000000000000E+00  -9.989323090100000E-01   0.000000000000000E+00   0.000000000000000E+00   0.000000000000000E+00
   8.217588412800000E-01   1.186106747000000E+01   1.186106747000000E+01   0.000000000000000E+00  -9.989323090100000E-01   0.000000000000000E+00   0.000000000000000E+00   0.000000000000000E+00
   8.242020313900000E-01   1.189633188300000E+01   1.189633188300000E+01   0.000000000000000E+00  -9.989323090100000E-01   0.000000000000000E+00   0.000000000000000E+00   0.000000000000000E+00
   8.262653936100000E-01   1.192611395200000E+01   1.192611395200000E+01   0.000000000000000E+00  -9.989323090100000E-01   0.000000000000000E+00   0.000000000000000E+00   0.000000000000000E+00
   8.283287558300000E-01   1.195589602100000E+01   1.195589602100000E+01   0.000000000000000E+00  -9.989323090100000E-01   0.000000000000000E+00   0.000000000000000E+00   0.000000000000000E+00
   8.303921180500000E-01   1.198567809000000E+01   1.198567809000000E+01   0.000000000000000E+00  -9.989323090100000E-01   0.000000000000000E+00   0.000000000000000E+00   0.000000000000000E+00
   8.324554802700000E-01   1.201546015900000E+01   1.201546015900000E+01   0.000000000000000E+00  -9.989323090100000E-01   0.000000000000000E+00   0.000000000000000E+00   0.000000000000000E+00
   8.346266705600000E-01   1.204679859200000E+01   1.204679859200000E+01   0.000000000000000E+00  -9.989323090100000E-01   0.000000000000000E+00   0.000000000000000E+00   0.000000000000000E+00
   8.367978608500000E-01   1.207813702500000E+01   1.207813702500000E+01   0.000000000000000E+00  -9.989323090100000E-01   0.000000000000000E+00   0.000000000000000E+00   0.000000000000000E+00
   8.389690511300000E-01   1.210947545800000E+01   1.210947545800000E+01   0.000000000000000E+00  -9.989323090100000E-01   0.000000000000000E+00   0.000000000000000E+00   0.000000000000000E+00
   8.411402414200000E-01   1.214081389100000E+01   1.214081389100000E+01   0.000000000000000E+00  -9.989323090100000E-01   0.000000000000000E+00   0.000000000000000E+00   0.000000000000000E+00
   8.436378711600000E-01   1.217686407200000E+01   1.217686407200000E+01   0.000000000000000E+00  -9.989323090100000E-01   0.000000000000000E+00   0.000000000000000E+00   0.000000000000000E+00
   8.461355009000000E-01   1.221291425300000E+01   1.221291425300000E+01   0.000000000000000E+00  -9.989323090100000E-01   0.000000000000000E+00   0.000000000000000E+00   0.000000000000000E+00
   8.486331306400000E-01   1.224896443400000E+01   1.224896443400000E+01   0.000000000000000E+00  -9.989323090100000E-01   0.000000000000000E+00   0.000000000000000E+00   0.000000000000000E+00
   8.511307603800000E-01   1.228501461500000E+01   1.228501461500000E+01   0.000000000000000E+00  -9.989323090100000E-01   0.000000000000000E+00   0.000000000000000E+00   0.000000000000000E+00
   8.535506872000000E-01   1.231994325100000E+01   1.231994325100000E+01   0.000000000000000E+00  -9.989323090100000E-01   0.000000000000000E+00   0.000000000000000E+00   0.000000000000000E+00
   8.559706140200000E-01   1.235487188600000E+01   1.235487188600000E+01   0.000000000000000E+00  -9.989323090100000E-01   0.000000000000000E+00   0.000000000000000E+00   0.000000000000000E+00
   8.583905408300000E-01   1.238980052200000E+01   1.238980052200000E+01   0.000000000000000E+00  -9.989323090100000E-01   0.000000000000000E+00   0.000000000000000E+00   0.000000000000000E+00
   8.608104676500000E-01   1.242472915800000E+01   1.242472915800000E+01   0.000000000000000E+00  -9.989323090100000E-01   0.000000000000000E+00   0.000000000000000E+00   0.000000000000000E+00
   8.632470836600000E-01   1.245989868100000E+01   1.245989868100000E+01   0.000000000000000E+00  -9.989323090100000E-01   0.000000000000000E+00   0.000000000000000E+00   0.000000000000000E+00
   8.656836996600000E-01   1.249506820500000E+01   1.249506820500000E+01   0.000000000000000E+00  -9.989323090100000E-01   0.000000000000000E+00   0.000000000000000E+00   0.000000000000000E+00
   8.681203156700000E-01   1.253023772800000E+01   1.253023772800000E+01   0.000000000000000E+00  -9.989323090100000E-01   0.000000000000000E+00   0.000000000000000E+00   0.000000000000000E+00
   8.705569316800000E-01   1.256540725200000E+01   1.256540725200000E+01   0.000000000000000E+00  -9.989323090100000E-01   0.000000000000000E+00   0.000000000000000E+00   0.000000000000000E+00
   8.727395546800000E-01   1.259691070200000E+01   1.259691070200000E+01   0.000000000000000E+00  -9.989323090100000E-01   0.000000000000000E+00   0.000000000000000E+00   0.000000000000000E+00
   8.749221776700000E-01   1.262841415200000E+01   1.262841415200000E+01   0.000000000000000E+00  -9.989323090100000E-01   0.000000000000000E+00   0.000000000000000E+00   0.000000000000000E+00
   8.771048006700000E-01   1.265991760200000E+01   1.265991760200000E+01   0.000000000000000E+00  -9.989323090100000E-01   0.000000000000000E+00   0.000000000000000E+00   0.000000000000000E+00
   8.792874236700000E-01   1.269142105200000E+01   1.269142105200000E+01   0.000000000000000E+00  -9.989323090100000E-01   0.000000000000000E+00   0.000000000000000E+00   0.000000000000000E+00
   8.814930446100000E-01   1.272325644900000E+01   1.272325644900000E+01   0.000000000000000E+00  -9.989323090100000E-01   0.000000000000000E+00   0.000000000000000E+00   0.000000000000000E+00
   8.836986655600000E-01   1.275509184600000E+01   1.275509184600000E+01   0.000000000000000E+00  -9.989323090100000E-01   0.000000000000000E+00   0.000000000000000E+00   0.000000000000000E+00
   8.859042865100000E-01   1.278692724300000E+01   1.278692724300000E+01   0.000000000000000E+00  -9.989323090100000E-01   0.000000000000000E+00   0.000000000000000E+00   0.000000000000000E+00
   8.881099074500000E-01   1.281876264000000E+01   1.281876264000000E+01   0.000000000000000E+00  -9.989323090100000E-01   0.000000000000000E+00   0.000000000000000E+00   0.000000000000000E+00
   8.907730048000000E-01   1.285720114000000E+01   1.285720114000000E+01   0.000000000000000E+00  -9.989323090100000E-01   0.000000000000000E+00   0.000000000000000E+00   0.000000000000000E+00
   8.934361021500000E-01   1.289563964000000E+01   1.289563964000000E+01   0.000000000000000E+00  -9.989323090100000E-01   0.000000000000000E+00   0.000000000000000E+00   0.000000000000000E+00
   8.960991995000001E-01   1.293407814000000E+01   1.293407814000000E+01   0.000000000000000E+00  -9.989323090100000E-01   0.000000000000000E+00   0.000000000000000E+00   0.000000000000000E+00
   8.987622968400000E-01   1.297251664000000E+01   1.297251664000000E+01   0.000000000000000E+00  -9.989323090100000E-01   0.000000000000000E+00   0.000000000000000E+00   0.000000000000000E+00
   9.014246831000000E-01   1.301094487700000E+01   1.301094487700000E+01   0.000000000000000E+00  -9.989323090100000E-01   0.000000000000000E+00   0.000000000000000E+00   0.000000000000000E+00
   9.040870693700001E-01   1.304937311300000E+01   1.304937311300000E+01   0.000000000000000E+00  -9.989323090100000E-01   0.000000000000000E+00   0.000000000000000E+00   0.000000000000000E+00
   9.067494556300000E-01   1.308780135000000E+01   1.308780135000000E+01   0.000000000000000E+00  -9.989323090100000E-01   0.000000000000000E+00   0.000000000000000E+00   0.000000000000000E+00
   9.094118418900000E-01   1.312622958600000E+01   1.312622958600000E+01   0.000000000000000E+00  -9.989323090100000E-01   0.000000000000000E+00   0.000000000000000E+00   0.000000000000000E+00
   9.119704631000000E-01   1.316316010300000E+01   1.316316010300000E+01   0.000000000000000E+00  -9.989323090100000E-01   0.000000000000000E+00   0.000000000000000E+00   0.000000000000000E+00
   9.145290843200000E-01   1.320009062000000E+01   1.320009062000000E+01   0.000000000000000E+00  -9.989323090100000E-01   0.000000000000000E+00   0.000000000000000E+00   0.000000000000000E+00
   9.170877055300000E-01   1.323702113700000E+01   1.323702113700000E+01   0.000000000000000E+00  -9.989323090100000E-01   0.000000000000000E+00   0.000000000000000E+00   0.000000000000000E+00
   9.196463267500000E-01   1.327395165400000E+01   1.327395165400000E+01   0.000000000000000E+00  -9.989323090100000E-01   0.000000000000000E+00   0.000000000000000E+00   0.000000000000000E+00
   9.221795433400000E-01   1.331051548700000E+01   1.331051548700000E+01   0.000000000000000E+00  -9.989323090100000E-01   0.000000000000000E+00   0.000000000000000E+00   0.000000000000000E+00
   9.247127599400000E-01   1.334707932000000E+01   1.334707932000000E+01   0.000000000000000E+00  -9.989323090100000E-01   0.000000000000000E+00   0.000000000000000E+00   0.000000000000000E+00
   9.272459765300000E-01   1.338364315300000E+01   1.338364315300000E+01   0.000000000000000E+00  -9.989323090100000E-01   0.000000000000000E+00   0.000000000000000E+00   0.000000000000000E+00
   9.297791931300000E-01   1.342020698600000E+01   1.342020698600000E+01   0.000000000000000E+00  -9.989323090100000E-01   0.000000000000000E+00   0.000000000000000E+00   0.000000000000000E+00
   9.319835512000000E-01   1.345202415500000E+01   1.345202415500000E+01   0.000000000000000E+00  -9.989323090100000E-01   0.000000000000000E+00   0.000000000000000E+00   0.000000000000000E+00
   9.341879092800000E-01   1.348384132300000E+01   1.348384132300000E+01   0.000000000000000E+00  -9.989323090100000E-01   0.000000000000000E+00   0.000000000000000E+00   0.000000000000000E+00
   9.363922673600000E-01   1.351565849200000E+01   1.351565849200000E+01   0.000000000000000E+00  -9.989323090100000E-01   0.000000000000000E+00   0.000000000000000E+00   0.000000000000000E+00
   9.385966254300000E-01   1.354747566100000E+01   1.354747566100000E+01   0.000000000000000E+00  -9.989323090100000E-01   0.000000000000000E+00   0.000000000000000E+00   0.000000000000000E+00
   9.406194489100000E-01   1.357667260400000E+01   1.357667260400000E+01   0.000000000000000E+00  -9.989323090100000E-01   0.000000000000000E+00   0.000000000000000E+00   0.000000000000000E+00
   9.426422723800000E-01   1.360586954600000E+01   1.360586954600000E+01   0.000000000000000E+00  -9.989323090100000E-01   0.000000000000000E+00   0.000000000000000E+00   0.000000000000000E+00
   9.446650958500000E-01   1.363506648900000E+01   1.363506648900000E+01   0.000000000000000E+00  -9.989323090100000E-01   0.000000000000000E+00   0.000000000000000E+00   0.000000000000000E+00
   9.466879193200000E-01   1.366426343200000E+01   1.366426343200000E+01   0.000000000000000E+00  -9.989323090100000E-01   0.000000000000000E+00   0.000000000000000E+00   0.000000000000000E+00
   9.488580841299999E-01   1.369558706300000E+01   1.369558706300000E+01   0.000000000000000E+00  -9.989323090100000E-01   0.000000000000000E+00   0.000000000000000E+00   0.000000000000000E+00
   9.510282489400000E-01   1.372691069500000E+01   1.372691069500000E+01   0.000000000000000E+00  -9.989323090100000E-01   0.000000000000000E+00   0.000000000000000E+00   0.000000000000000E+00
   9.531984137400000E-01   1.375823432600000E+01   1.375823432600000E+01   0.000000000000000E+00  -9.989323090100000E-01   0.000000000000000E+00   0.000000000000000E+00   0.000000000000000E+00
   9.553685785500000E-01   1.378955795800000E+01   1.378955795800000E+01   0.000000000000000E+00  -9.989323090100000E-01   0.000000000000000E+00   0.000000000000000E+00   0.000000000000000E+00
   9.578675704400000E-01   1.382562780000000E+01   1.382562780000000E+01   0.000000000000000E+00  -9.989323090100000E-01   0.000000000000000E+00   0.000000000000000E+00   0.000000000000000E+00
   9.603665623300000E-01   1.386169764100000E+01   1.386169764100000E+01   0.000000000000000E+00  -9.989323090100000E-01   0.000000000000000E+00   0.000000000000000E+00   0.000000000000000E+00
   9.628655542100000E-01   1.389776748300000E+01   1.389776748300000E+01   0.000000000000000E+00  -9.989323090100000E-01   0.000000000000000E+00   0.000000000000000E+00   0.000000000000000E+00
   9.653645461000000E-01   1.393383732500000E+01   1.393383732500000E+01   0.000000000000000E+00  -9.989323090100000E-01   0.000000000000000E+00   0.000000000000000E+00   0.000000000000000E+00
   9.682716763900000E-01   1.397579813700000E+01   1.397579813700000E+01   0.000000000000000E+00  -9.989323090100000E-01   0.000000000000000E+00   0.000000000000000E+00   0.000000000000000E+00
   9.711788066800000E-01   1.401775895000000E+01   1.401775895000000E+01   0.000000000000000E+00  -9.989323090100000E-01   0.000000000000000E+00   0.000000000000000E+00   0.000000000000000E+00
   9.740859369800000E-01   1.405971976200000E+01   1.405971976200000E+01   0.000000000000000E+00  -9.989323090100000E-01   0.000000000000000E+00   0.000000000000000E+00   0.000000000000000E+00
   9.769930672700000E-01   1.410168057400000E+01   1.410168057400000E+01   0.000000000000000E+00  -9.989323090100000E-01   0.000000000000000E+00   0.000000000000000E+00   0.000000000000000E+00
   9.798429771000000E-01   1.414281548100000E+01   1.414281548100000E+01   0.000000000000000E+00  -9.989323090100000E-01   0.000000000000000E+00   0.000000000000000E+00   0.000000000000000E+00
   9.826928869300000E-01   1.418395038700000E+01   1.418395038700000E+01   0.000000000000000E+00  -9.989323090100000E-01   0.000000000000000E+00   0.000000000000000E+00   0.000000000000000E+00
   9.855427967600000E-01   1.422508529300000E+01   1.422508529300000E+01   0.000000000000000E+00  -9.989323090100000E-01   0.000000000000000E+00   0.000000000000000E+00   0.000000000000000E+00
   9.883927065900000E-01   1.426622019900000E+01   1.426622019900000E+01   0.000000000000000E+00  -9.989323090100000E-01   0.000000000000000E+00   0.000000000000000E+00   0.000000000000000E+00
   9.912945299400000E-01   1.430810441200000E+01   1.430810441200000E+01   0.000000000000000E+00  -9.989323090100000E-01   0.000000000000000E+00   0.000000000000000E+00   0.000000000000000E+00
   9.941963532900000E-01   1.434998862500000E+01   1.434998862500000E+01   0.000000000000000E+00  -9.989323090100000E-01   0.000000000000000E+00   0.000000000000000E+00   0.000000000000000E+00
   9.970981766500000E-01   1.439187283900000E+01   1.439187283900000E+01   0.000000000000000E+00  -9.989323090100000E-01   0.000000000000000E+00   0.000000000000000E+00   0.000000000000000E+00
   1.000000000000000E+00   1.443375705200000E+01   1.443375705200000E+01   0.000000000000000E+00  -9.989323090100000E-01   0.000000000000000E+00   0.000000000000000E+00   0.000000000000000E+00
