   0.000000000000000E+00  -1.650167915200000E-13   0.000000000000000E+00   0.000000000000000E+00  -6.024408519500000E-01   0.000000000000000E+00   0.000000000000000E+00   0.000000000000000E+00
   3.853420380400000E-02   5.561933358900000E-01   5.561933358900000E-01   0.000000000000000E+00  -6.024408519500000E-01   0.000000000000000E+00   0.000000000000000E+00   0.000000000000000E+00
   7.706840760700000E-02   1.112386671800000E+00   1.112386671800000E+00   0.000000000000000E+00  -6.024408519500000E-01   0.000000000000000E+00   0.000000000000000E+00   0.000000000000000E+00
   1.156026114100000E-01   1.668580007700000E+00   1.668580007700000E+00   0.000000000000000E+00  -6.024408519500000E-01   0.000000000000000E+00   0.000000000000000E+00   0.000000000000000E+00
   1.541368152100000E-01   2.224773343600000E+00   2.224773343600000E+00   0.000000000000000E+00  -6.024408519500000E-01   0.000000000000000E+00   0.000000000000000E+00   0.000000000000000E+00
   1.786316591600000E-01   2.578325970100000E+00   2.578325970100000E+00   0.000000000000000E+00  -6.024408519500000E-01   0.000000000000000E+00   0.000000000000000E+00   0.000000000000000E+00
   2.031265031100000E-01   2.931878596700000E+00   2.931878596700000E+00   0.000000000000000E+00  -6.024408519500000E-01   0.000000000000000E+00   0.000000000000000E+00   0.000000000000000E+00
   2.276213470600000E-01   3.285431223300000E+00   3.285431223300000E+00   0.000000000000000E+00  -6.024408519500000E-01   0.000000000000000E+00   0.000000000000000E+00   0.000000000000000E+00
   2.521161910000000E-01   3.638983849800000E+00   3.638983849800000E+00   0.000000000000000E+00  -6.024408519500000E-01   0.000000000000000E+00   0.000000000000000E+00   0.000000000000000E+00
   2.710427737300000E-01   3.912165546700000E+00   3.912165546700000E+00   0.000000000000000E+00  -6.024408519500000E-01   0.000000000000000E+00   0.000000000000000E+00   0.000000000000000E+00
   2.899693564500000E-01   4.185347243600000E+00   4.185347243600000E+00   0.000000000000000E+00  -6.024408519500000E-01   0.000000000000000E+00   0.000000000000000E+00   0.000000000000000E+00
   3.088959391800000E-01   4.458528940500000E+00   4.458528940500000E+00   0.000000000000000E+00  -6.024408519500000E-01   0.000000000000000E+00   0.000000000000000E+00   0.000000000000000E+00
   3.278225219000000E-01   4.731710637300000E+00   4.731710637300000E+00   0.000000000000000E+00  -6.024408519500000E-01   0.000000000000000E+00   0.000000000000000E+00   0.000000000000000E+00
   3.432635070500000E-01   4.954582065600000E+00   4.954582065600000E+00   0.000000000000000E+00  -6.024408519500000E-01   0.000000000000000E+00   0.000000000000000E+00   0.000000000000000E+00
   3.587044922000000E-01   5.177453493900000E+00   5.177453493900000E+00   0.000000000000000E+00  -6.024408519500000E-01   0.000000000000000E+00   0.000000000000000E+00   0.000000000000000E+00
   3.741454773500000E-01   5.400324922100000E+00   5.400324922100000E+00   0.000000000000000E+00  -6.024408519500000E-01   0.000000000000000E+00   0.000000000000000E+00   0.000000000000000E+00
   3.895864624900000E-01   5.623196350400000E+00   5.623196350400000E+00   0.000000000000000E+00  -6.024408519500000E-01   0.000000000000000E+00   0.000000000000000E+00   0.000000000000000E+00
   3.986337643300000E-01   5.753782907000000E+00   5.753782907000000E+00   0.000000000000000E+00  -6.024408519500000E-01   0.000000000000000E+00   0.000000000000000E+00   0.000000000000000E+00
   4.076810661600000E-01   5.884369463600000E+00   5.884369463600000E+00   0.000000000000000E+00  -6.024408519500000E-01   0.000000000000000E+00   0.000000000000000E+00   0.000000000000000E+00
   4.167283679900000E-01   6.014956020200000E+00   6.014956020200000E+00   0.000000000000000E+00  -6.024408519500000E-01   0.000000000000000E+00   0.000000000000000E+00   0.000000000000000E+00
   4.257756698200000E-01   6.145542576900000E+00   6.145542576900000E+00   0.000000000000000E+00  -6.024408519500000E-01   0.000000000000000E+00   0.000000000000000E+00   0.000000000000000E+00
   4.333238299900000E-01   6.254490886900000E+00   6.254490886900000E+00   0.000000000000000E+00  -6.024408519500000E-01   0.000000000000000E+00   0.000000000000000E+00   0.000000000000000E+00
   4.408719901500000E-01   6.363439196900000E+00   6.363439196900000E+00   0.000000000000000E+00  -6.024408519500000E-01   0.000000000000000E+00   0.000000000000000E+00   0.000000000000000E+00
   4.484201503200000E-01   6.472387506900000E+00   6.472387506900000E+00   0.000000000000000E+00  -6.024408519500000E-01   0.000000000000000E+00   0.000000000000000E+00   0.000000000000000E+00
   4.559683104900000E-01   6.581335817000000E+00   6.581335817000000E+00   0.000000000000000E+00  -6.024408519500000E-01   0.000000000000000E+00   0.000000000000000E+00   0.000000000000000E+00
   4.633957883900000E-01   6.688542228600000E+00   6.688542228600000E+00   0.000000000000000E+00  -6.024408519500000E-01   0.000000000000000E+00   0.000000000000000E+00   0.000000000000000E+00
   4.708232663000000E-01   6.795748640200000E+00   6.795748640200000E+00   0.000000000000000E+00  -6.024408519500000E-01   0.000000000000000E+00   0.000000000000000E+00   0.000000000000000E+00
   4.782507442100000E-01   6.902955051900000E+00   6.902955051900000E+00   0.000000000000000E+00  -6.024408519500000E-01   0.000000000000000E+00   0.000000000000000E+00   0.000000000000000E+00
   4.856782221200000E-01   7.010161463500000E+00   7.010161463500000E+00   0.000000000000000E+00  -6.024408519500000E-01   0.000000000000000E+00   0.000000000000000E+00   0.000000000000000E+00
   4.923262416500000E-01   7.106117362300000E+00   7.106117362300000E+00   0.000000000000000E+00  -6.024408519500000E-01   0.000000000000000E+00   0.000000000000000E+00   0.000000000000000E+00
   4.989742611700000E-01   7.202073261000000E+00   7.202073261000000E+00   0.000000000000000E+00  -6.024408519500000E-01   0.000000000000000E+00   0.000000000000000E+00   0.000000000000000E+00
   5.056222807000000E-01   7.298029159700000E+00   7.298029159700000E+00   0.000000000000000E+00  -6.024408519500000E-01   0.000000000000000E+00   0.000000000000000E+00   0.000000000000000E+00
   5.122703002200000E-01   7.393985058400000E+00   7.393985058400000E+00   0.000000000000000E+00  -6.024408519500000E-01   0.000000000000000E+00   0.000000000000000E+00   0.000000000000000E+00
   5.191014675600000E-01   7.492584468100000E+00   7.492584468100000E+00   0.000000000000000E+00  -6.024408519500000E-01   0.000000000000000E+00   0.000000000000000E+00   0.000000000000000E+00
   5.259326349000000E-01   7.591183877900000E+00   7.591183877900000E+00   0.000000000000000E+00  -6.024408519500000E-01   0.000000000000000E+00   0.000000000000000E+00   0.000000000000000E+00
   5.327638022400000E-01   7.689783287600000E+00   7.689783287600000E+00   0.000000000000000E+00  -6.024408519500000E-01   0.000000000000000E+00   0.000000000000000E+00   0.000000000000000E+00
   5.395949695700000E-01   7.788382697300000E+00   7.788382697300000E+00   0.000000000000000E+00  -6.024408519500000E-01   0.000000000000000E+00   0.000000000000000E+00   0.000000000000000E+00
   5.442464700900000E-01   7.855521325800000E+00   7.855521325800000E+00   0.000000000000000E+00  -6.024408519500000E-01   0.000000000000000E+00   0.000000000000000E+00   0.000000000000000E+00
   5.488979706100000E-01   7.922659954200000E+00   7.922659954200000E+00   0.000000000000000E+00  -6.024408519500000E-01   0.000000000000000E+00   0.000000000000000E+00   0.000000000000000E+00
   5.535494711300000E-01   7.989798582600000E+00   7.989798582600000E+00   0.000000000000000E+00  -6.024408519500000E-01   0.000000000000000E+00   0.000000000000000E+00   0.000000000000000E+00
   5.582009716500000E-01   8.056937211099999E+00   8.056937211099999E+00   0.000000000000000E+00  -6.024408519500000E-01   0.000000000000000E+00   0.000000000000000E+00   0.000000000000000E+00
   5.619074753100000E-01   8.110435984300000E+00   8.110435984300000E+00   0.000000000000000E+00  -6.024408519500000E-01   0.000000000000000E+00   0.000000000000000E+00   0.000000000000000E+00
   5.656139789600000E-01   8.163934757500000E+00   8.163934757500000E+00   0.000000000000000E+00  -6.024408519500000E-01   0.000000000000000E+00   0.000000000000000E+00   0.000000000000000E+00
   5.693204826100000E-01   8.217433530799999E+00   8.217433530799999E+00   0.000000000000000E+00  -6.024408519500000E-01   0.000000000000000E+00   0.000000000000000E+00   0.000000000000000E+00
   5.730269862700000E-01   8.270932304000000E+00   8.270932304000000E+00   0.000000000000000E+00  -6.024408519500000E-01   0.000000000000000E+00   0.000000000000000E+00   0.000000000000000E+00
   5.766872774200000E-01   8.323764057300000E+00   8.323764057300000E+00   0.000000000000000E+00  -6.024408519500000E-01   0.000000000000000E+00   0.000000000000000E+00   0.000000000000000E+00
   5.803475685800000E-01   8.376595810600000E+00   8.376595810600000E+00   0.000000000000000E+00  -6.024408519500000E-01   0.000000000000000E+00   0.000000000000000E+00   0.000000000000000E+00
   5.840078597400000E-01   8.429427563899999E+00   8.429427563899999E+00   0.000000000000000E+00  -6.024408519500000E-01   0.000000000000000E+00   0.000000000000000E+00   0.000000000000000E+00
   5.876681508900000E-01   8.482259317200000E+00   8.482259317200000E+00   0.000000000000000E+00  -6.024408519500000E-01   0.000000000000000E+00   0.000000000000000E+00   0.000000000000000E+00
   5.910559728000000E-01   8.531158315600001E+00   8.531158315600001E+00   0.000000000000000E+00  -6.024408519500000E-01   0.000000000000000E+00   0.000000000000000E+00   0.000000000000000E+00
   5.944437947200000E-01   8.580057313999999E+00   8.580057313999999E+00   0.000000000000000E+00  -6.024408519500000E-01   0.000000000000000E+00   0.000000000000000E+00   0.000000000000000E+00
   5.978316166300000E-01   8.628956312400000E+00   8.628956312400000E+00   0.000000000000000E+00  -6.024408519500000E-01   0.000000000000000E+00   0.000000000000000E+00   0.000000000000000E+00
   6.012194385400000E-01   8.677855310800000E+00   8.677855310800000E+00   0.000000000000000E+00  -6.024408519500000E-01   0.000000000000000E+00   0.000000000000000E+00   0.000000000000000E+00
   6.045495396800000E-01   8.725921181600000E+00   8.725921181600000E+00   0.000000000000000E+00  -6.024408519500000E-01   0.000000000000000E+00   0.000000000000000E+00   0.000000000000000E+00
   6.078796408200000E-01   8.773987052400001E+00   8.773987052400001E+00   0.000000000000000E+00  -6.024408519500000E-01   0.000000000000000E+00   0.000000000000000E+00   0.000000000000000E+00
   6.112097419600000E-01   8.822052923199999E+00   8.822052923199999E+00   0.000000000000000E+00  -6.024408519500000E-01   0.000000000000000E+00   0.000000000000000E+00   0.000000000000000E+00
   6.145398431000000E-01   8.870118794000000E+00   8.870118794000000E+00   0.000000000000000E+00  -6.024408519500000E-01   0.000000000000000E+00   0.000000000000000E+00   0.000000000000000E+00
   6.182903315900000E-01   8.924252433800000E+00   8.924252433800000E+00   0.000000000000000E+00  -6.024408519500000E-01   0.000000000000000E+00   0.000000000000000E+00   0.000000000000000E+00
   6.220408200899999E-01   8.978386073599999E+00   8.978386073599999E+00   0.000000000000000E+00  -6.024408519500000E-01   0.000000000000000E+00   0.000000000000000E+00   0.000000000000000E+00
   6.257913085800000E-01   9.032519713399999E+00   9.032519713399999E+00   0.000000000000000E+00  -6.024408519500000E-01   0.000000000000000E+00   0.000000000000000E+00   0.000000000000000E+00
   6.295417970800000E-01   9.086653353100001E+00   9.086653353100001E+00   0.000000000000000E+00  -6.024408519500000E-01   0.000000000000000E+00   0.000000000000000E+00   0.000000000000000E+00
   6.327426067200000E-01   9.132853061900001E+00   9.132853061900001E+00   0.000000000000000E+00  -6.024408519500000E-01   0.000000000000000E+00   0.000000000000000E+00   0.000000000000000E+00
   6.359434163600000E-01   9.179052770600000E+00   9.179052770600000E+00   0.000000000000000E+00  -6.024408519500000E-01   0.000000000000000E+00   0.000000000000000E+00   0.000000000000000E+00
   6.391442260100000E-01   9.225252479400000E+00   9.225252479400000E+00   0.000000000000000E+00  -6.024408519500000E-01   0.000000000000000E+00   0.000000000000000E+00   0.000000000000000E+00
   6.423450356500000E-01   9.271452188100000E+00   9.271452188100000E+00   0.000000000000000E+00  -6.024408519500000E-01   0.000000000000000E+00   0.000000000000000E+00   0.000000000000000E+00
   6.448037798300000E-01   9.306941104300000E+00   9.306941104300000E+00   0.000000000000000E+00  -6.024408519500000E-01   0.000000000000000E+00   0.000000000000000E+00   0.000000000000000E+00
   6.472625240100000E-01   9.342430020500000E+00   9.342430020500000E+00   0.000000000000000E+00  -6.024408519500000E-01   0.000000000000000E+00   0.000000000000000E+00   0.000000000000000E+00
   6.497212681900000E-01   9.377918936600000E+00   9.377918936600000E+00   0.000000000000000E+00  -6.024408519500000E-01   0.000000000000000E+00   0.000000000000000E+00   0.000000000000000E+00
   6.521800123800000E-01   9.413407852800001E+00   9.413407852800001E+00   0.000000000000000E+00  -6.024408519500000E-01   0.000000000000000E+00   0.000000000000000E+00   0.000000000000000E+00
   6.544030992300000E-01   9.445495348300000E+00   9.445495348300000E+00   0.000000000000000E+00  -6.024408519500000E-01   0.000000000000000E+00   0.000000000000000E+00   0.000000000000000E+00
   6.566261860800000E-01   9.477582843800000E+00   9.477582843800000E+00   0.000000000000000E+00  -6.024408519500000E-01   0.000000000000000E+00   0.000000000000000E+00   0.000000000000000E+00
   6.588492729300000E-01   9.509670339400000E+00   9.509670339400000E+00   0.000000000000000E+00  -6.024408519500000E-01   0.000000000000000E+00   0.000000000000000E+00   0.000000000000000E+00
   6.610723597800000E-01   9.541757834900000E+00   9.541757834900000E+00   0.000000000000000E+00  -6.024408519500000E-01   0.000000000000000E+00   0.000000000000000E+00   0.000000000000000E+00
   6.630186091200000E-01   9.569849525000000E+00   9.569849525000000E+00   0.000000000000000E+00  -6.024408519500000E-01   0.000000000000000E+00   0.000000000000000E+00   0.000000000000000E+00
   6.649648584600000E-01   9.597941215100001E+00   9.597941215100001E+00   0.000000000000000E+00  -6.024408519500000E-01   0.000000000000000E+00   0.000000000000000E+00   0.000000000000000E+00
   6.669111078000000E-01   9.626032905300001E+00   9.626032905300001E+00   0.000000000000000E+00  -6.024408519500000E-01   0.000000000000000E+00   0.000000000000000E+00   0.000000000000000E+00
   6.688573571400001E-01   9.654124595400001E+00   9.654124595400001E+00   0.000000000000000E+00  -6.024408519500000E-01   0.000000000000000E+00   0.000000000000000E+00   0.000000000000000E+00
   6.705339254500000E-01   9.678323775100001E+00   9.678323775100001E+00   0.000000000000000E+00  -6.024408519500000E-01   0.000000000000000E+00   0.000000000000000E+00   0.000000000000000E+00
   6.722104937600000E-01   9.702522954699999E+00   9.702522954699999E+00   0.000000000000000E+00  -6.024408519500000E-01   0.000000000000000E+00   0.000000000000000E+00   0.000000000000000E+00
   6.738870620700000E-01   9.726722134399999E+00   9.726722134399999E+00   0.000000000000000E+00  -6.024408519500000E-01   0.000000000000000E+00   0.000000000000000E+00   0.000000000000000E+00
   6.755636303800000E-01   9.750921313999999E+00   9.750921313999999E+00   0.000000000000000E+00  -6.024408519500000E-01   0.000000000000000E+00   0.000000000000000E+00   0.000000000000000E+00
   6.772520587000000E-01   9.775291678300000E+00   9.775291678300000E+00   0.000000000000000E+00  -6.024408519500000E-01   0.000000000000000E+00   0.000000000000000E+00   0.000000000000000E+00
   6.789404870300000E-01   9.799662042500000E+00   9.799662042500000E+00   0.000000000000000E+00  -6.024408519500000E-01   0.000000000000000E+00   0.000000000000000E+00   0.000000000000000E+00
   6.806289153500000E-01   9.824032406800001E+00   9.824032406800001E+00   0.000000000000000E+00  -6.024408519500000E-01   0.000000000000000E+00   0.000000000000000E+00   0.000000000000000E+00
   6.823173436800000E-01   9.848402771000000E+00   9.848402771000000E+00   0.000000000000000E+00  -6.024408519500000E-01   0.000000000000000E+00   0.000000000000000E+00   0.000000000000000E+00
   6.839202308100000E-01   9.871538454400000E+00   9.871538454400000E+00   0.000000000000000E+00  -6.024408519500000E-01   0.000000000000000E+00   0.000000000000000E+00   0.000000000000000E+00
   6.855231179400000E-01   9.894674137799999E+00   9.894674137799999E+00   0.000000000000000E+00  -6.024408519500000E-01   0.000000000000000E+00   0.000000000000000E+00   0.000000000000000E+00
   6.871260050700000E-01   9.917809821200001E+00   9.917809821200001E+00   0.000000000000000E+00  -6.024408519500000E-01   0.000000000000000E+00   0.000000000000000E+00   0.000000000000000E+00
   6.887288922000000E-01   9.940945504600000E+00   9.940945504600000E+00   0.000000000000000E+00  -6.024408519500000E-01   0.000000000000000E+00   0.000000000000000E+00   0.000000000000000E+00
   6.900437383500000E-01   9.959923674500001E+00   9.959923674500001E+00   0.000000000000000E+00  -6.024408519500000E-01   0.000000000000000E+00   0.000000000000000E+00   0.000000000000000E+00
   6.913585845000000E-01   9.978901844499999E+00   9.978901844499999E+00   0.000000000000000E+00  -6.024408519500000E-01   0.000000000000000E+00   0.000000000000000E+00   0.000000000000000E+00
   6.926734306500000E-01   9.997880014400000E+00   9.997880014400000E+00   0.000000000000000E+00  -6.024408519500000E-01   0.000000000000000E+00   0.000000000000000E+00   0.000000000000000E+00
   6.939882768000000E-01   1.001685818400000E+01   1.001685818400000E+01   0.000000000000000E+00  -6.024408519500000E-01   0.000000000000000E+00   0.000000000000000E+00   0.000000000000000E+00
   6.954783034899999E-01   1.003836486800000E+01   1.003836486800000E+01   0.000000000000000E+00  -6.024408519500000E-01   0.000000000000000E+00   0.000000000000000E+00   0.000000000000000E+00
   6.969683301900000E-01   1.005987155100000E+01   1.005987155100000E+01   0.000000000000000E+00  -6.024408519500000E-01   0.000000000000000E+00   0.000000000000000E+00   0.000000000000000E+00
   6.984583568800000E-01   1.008137823400000E+01   1.008137823400000E+01   0.000000000000000E+00  -6.024408519500000E-01   0.000000000000000E+00   0.000000000000000E+00   0.000000000000000E+00
   6.999483835800000E-01   1.010288491700000E+01   1.010288491700000E+01   0.000000000000000E+00  -6.024408519500000E-01   0.000000000000000E+00   0.000000000000000E+00   0.000000000000000E+00
   7.011914546100000E-01   1.012082710300000E+01   1.012082710300000E+01   0.000000000000000E+00  -6.024408519500000E-01   0.000000000000000E+00   0.000000000000000E+00   0.000000000000000E+00
   7.024345256500000E-01   1.013876928800000E+01   1.013876928800000E+01   0.000000000000000E+00  -6.024408519500000E-01   0.000000000000000E+00   0.000000000000000E+00   0.000000000000000E+00
   7.036775966900000E-01   1.015671147400000E+01   1.015671147400000E+01   0.000000000000000E+00  -6.024408519500000E-01   0.000000000000000E+00   0.000000000000000E+00   0.000000000000000E+00
   7.049206677199999E-01   1.017465365900000E+01   1.017465365900000E+01   0.000000000000000E+00  -6.024408519500000E-01   0.000000000000000E+00   0.000000000000000E+00   0.000000000000000E+00
   7.060532816900000E-01   1.019100153400000E+01   1.019100153400000E+01   0.000000000000000E+00  -6.024408519500000E-01   0.000000000000000E+00   0.000000000000000E+00   0.000000000000000E+00
   7.071858956700000E-01   1.020734940900000E+01   1.020734940900000E+01   0.000000000000000E+00  -6.024408519500000E-01   0.000000000000000E+00   0.000000000000000E+00   0.000000000000000E+00
   7.083185096400000E-01   1.022369728400000E+01   1.022369728400000E+01   0.000000000000000E+00  -6.024408519500000E-01   0.000000000000000E+00   0.000000000000000E+00   0.000000000000000E+00
   7.094511236100000E-01   1.024004515800000E+01   1.024004515800000E+01   0.000000000000000E+00  -6.024408519500000E-01   0.000000000000000E+00   0.000000000000000E+00   0.000000000000000E+00
   7.105254790300000E-01   1.025555214400000E+01   1.025555214400000E+01   0.000000000000000E+00  -6.024408519500000E-01   0.000000000000000E+00   0.000000000000000E+00   0.000000000000000E+00
   7.115998344500000E-01   1.027105912900000E+01   1.027105912900000E+01   0.000000000000000E+00  -6.024408519500000E-01   0.000000000000000E+00   0.000000000000000E+00   0.000000000000000E+00
   7.126741898700000E-01   1.028656611400000E+01   1.028656611400000E+01   0.000000000000000E+00  -6.024408519500000E-01   0.000000000000000E+00   0.000000000000000E+00   0.000000000000000E+00
   7.137485452900000E-01   1.030207309900000E+01   1.030207309900000E+01   0.000000000000000E+00  -6.024408519500000E-01   0.000000000000000E+00   0.000000000000000E+00   0.000000000000000E+00
   7.148399948600000E-01   1.031782681700000E+01   1.031782681700000E+01   0.000000000000000E+00  -6.024408519500000E-01   0.000000000000000E+00   0.000000000000000E+00   0.000000000000000E+00
   7.159314444200000E-01   1.033358053500000E+01   1.033358053500000E+01   0.000000000000000E+00  -6.024408519500000E-01   0.000000000000000E+00   0.000000000000000E+00   0.000000000000000E+00
   7.170228939900000E-01   1.034933425300000E+01   1.034933425300000E+01   0.000000000000000E+00  -6.024408519500000E-01   0.000000000000000E+00   0.000000000000000E+00   0.000000000000000E+00
   7.181143435500000E-01   1.036508797000000E+01   1.036508797000000E+01   0.000000000000000E+00  -6.024408519500000E-01   0.000000000000000E+00   0.000000000000000E+00   0.000000000000000E+00
   7.192174506900000E-01   1.038100995100000E+01   1.038100995100000E+01   0.000000000000000E+00  -6.024408519500000E-01   0.000000000000000E+00   0.000000000000000E+00   0.000000000000000E+00
   7.203205578200000E-01   1.039693193100000E+01   1.039693193100000E+01   0.000000000000000E+00  -6.024408519500000E-01   0.000000000000000E+00   0.000000000000000E+00   0.000000000000000E+00
   7.214236649500000E-01   1.041285391100000E+01   1.041285391100000E+01   0.000000000000000E+00  -6.024408519500000E-01   0.000000000000000E+00   0.000000000000000E+00   0.000000000000000E+00
   7.225267720800000E-01   1.042877589200000E+01   1.042877589200000E+01   0.000000000000000E+00  -6.024408519500000E-01   0.000000000000000E+00   0.000000000000000E+00   0.000000000000000E+00
   7.236605257299999E-01   1.044514021600000E+01   1.044514021600000E+01   0.000000000000000E+00  -6.024408519500000E-01   0.000000000000000E+00   0.000000000000000E+00   0.000000000000000E+00
   7.247942793700000E-01   1.046150454100000E+01   1.046150454100000E+01   0.000000000000000E+00  -6.024408519500000E-01   0.000000000000000E+00   0.000000000000000E+00   0.000000000000000E+00
   7.259280330200000E-01   1.047786886600000E+01   1.047786886600000E+01   0.000000000000000E+00  -6.024408519500000E-01   0.000000000000000E+00   0.000000000000000E+00   0.000000000000000E+00
   7.270617866600000E-01   1.049423319000000E+01   1.049423319000000E+01   0.000000000000000E+00  -6.024408519500000E-01   0.000000000000000E+00   0.000000000000000E+00   0.000000000000000E+00
   7.283540256500000E-01   1.051288505400000E+01   1.051288505400000E+01   0.000000000000000E+00  -6.024408519500000E-01   0.000000000000000E+00   0.000000000000000E+00   0.000000000000000E+00
   7.296462646500000E-01   1.053153691800000E+01   1.053153691800000E+01   0.000000000000000E+00  -6.024408519500000E-01   0.000000000000000E+00   0.000000000000000E+00   0.000000000000000E+00
   7.309385036400000E-01   1.055018878200000E+01   1.055018878200000E+01   0.000000000000000E+00  -6.024408519500000E-01   0.000000000000000E+00   0.000000000000000E+00   0.000000000000000E+00
   7.322307426300000E-01   1.056884064500000E+01   1.056884064500000E+01   0.000000000000000E+00  -6.024408519500000E-01   0.000000000000000E+00   0.000000000000000E+00   0.000000000000000E+00
   7.335104234199999E-01   1.058731124700000E+01   1.058731124700000E+01   0.000000000000000E+00  -6.024408519500000E-01   0.000000000000000E+00   0.000000000000000E+00   0.000000000000000E+00
   7.347901042200000E-01   1.060578184800000E+01   1.060578184800000E+01   0.000000000000000E+00  -6.024408519500000E-01   0.000000000000000E+00   0.000000000000000E+00   0.000000000000000E+00
   7.360697850100000E-01   1.062425245000000E+01   1.062425245000000E+01   0.000000000000000E+00  -6.024408519500000E-01   0.000000000000000E+00   0.000000000000000E+00   0.000000000000000E+00
   7.373494658000000E-01   1.064272305200000E+01   1.064272305200000E+01   0.000000000000000E+00  -6.024408519500000E-01   0.000000000000000E+00   0.000000000000000E+00   0.000000000000000E+00
   7.388959193400000E-01   1.066504418700000E+01   1.066504418700000E+01   0.000000000000000E+00  -6.024408519500000E-01   0.000000000000000E+00   0.000000000000000E+00   0.000000000000000E+00
   7.404423728900000E-01   1.068736532100000E+01   1.068736532100000E+01   0.000000000000000E+00  -6.024408519500000E-01   0.000000000000000E+00   0.000000000000000E+00   0.000000000000000E+00
   7.419888264400000E-01   1.070968645600000E+01   1.070968645600000E+01   0.000000000000000E+00  -6.024408519500000E-01   0.000000000000000E+00   0.000000000000000E+00   0.000000000000000E+00
   7.435352799900000E-01   1.073200759100000E+01   1.073200759100000E+01   0.000000000000000E+00  -6.024408519500000E-01   0.000000000000000E+00   0.000000000000000E+00   0.000000000000000E+00
   7.450309965400000E-01   1.075359640000000E+01   1.075359640000000E+01   0.000000000000000E+00  -6.024408519500000E-01   0.000000000000000E+00   0.000000000000000E+00   0.000000000000000E+00
   7.465267130900000E-01   1.077518521000000E+01   1.077518521000000E+01   0.000000000000000E+00  -6.024408519500000E-01   0.000000000000000E+00   0.000000000000000E+00   0.000000000000000E+00
   7.480224296400000E-01   1.079677401900000E+01   1.079677401900000E+01   0.000000000000000E+00  -6.024408519500000E-01   0.000000000000000E+00   0.000000000000000E+00   0.000000000000000E+00
   7.495181461800000E-01   1.081836282800000E+01   1.081836282800000E+01   0.000000000000000E+00  -6.024408519500000E-01   0.000000000000000E+00   0.000000000000000E+00   0.000000000000000E+00
   7.512761702600000E-01   1.084373772000000E+01   1.084373772000000E+01   0.000000000000000E+00  -6.024408519500000E-01   0.000000000000000E+00   0.000000000000000E+00   0.000000000000000E+00
   7.530341943300000E-01   1.086911261300000E+01   1.086911261300000E+01   0.000000000000000E+00  -6.024408519500000E-01   0.000000000000000E+00   0.000000000000000E+00   0.000000000000000E+00
   7.547922184100000E-01   1.089448750500000E+01   1.089448750500000E+01   0.000000000000000E+00  -6.024408519500000E-01   0.000000000000000E+00   0.000000000000000E+00   0.000000000000000E+00
   7.565502424800000E-01   1.091986239800000E+01   1.091986239800000E+01   0.000000000000000E+00  -6.024408519500000E-01   0.000000000000000E+00   0.000000000000000E+00   0.000000000000000E+00
   7.582065793300000E-01   1.094376956100000E+01   1.094376956100000E+01   0.000000000000000E+00  -6.024408519500000E-01   0.000000000000000E+00   0.000000000000000E+00   0.000000000000000E+00
   7.598629161700000E-01   1.096767672500000E+01   1.096767672500000E+01   0.000000000000000E+00  -6.024408519500000E-01   0.000000000000000E+00   0.000000000000000E+00   0.000000000000000E+00
   7.615192530100000E-01   1.099158388800000E+01   1.099158388800000E+01   0.000000000000000E+00  -6.024408519500000E-01   0.000000000000000E+00   0.000000000000000E+00   0.000000000000000E+00
   7.631755898600000E-01   1.101549105200000E+01   1.101549105200000E+01   0.000000000000000E+00  -6.024408519500000E-01   0.000000000000000E+00   0.000000000000000E+00   0.000000000000000E+00
   7.648166648200000E-01   1.103917792900000E+01   1.103917792900000E+01   0.000000000000000E+00  -6.024408519500000E-01   0.000000000000000E+00   0.000000000000000E+00   0.000000000000000E+00
   7.664577397900000E-01   1.106286480700000E+01   1.106286480700000E+01   0.000000000000000E+00  -6.024408519500000E-01   0.000000000000000E+00   0.000000000000000E+00   0.000000000000000E+00
   7.680988147500000E-01   1.108655168400000E+01   1.108655168400000E+01   0.000000000000000E+00  -6.024408519500000E-01   0.000000000000000E+00   0.000000000000000E+00   0.000000000000000E+00
   7.697398897200000E-01   1.111023856100000E+01   1.111023856100000E+01   0.000000000000000E+00  -6.024408519500000E-01   0.000000000000000E+00   0.000000000000000E+00   0.000000000000000E+00
   7.715628884600000E-01   1.113655128200000E+01   1.113655128200000E+01   0.000000000000000E+00  -6.024408519500000E-01   0.000000000000000E+00   0.000000000000000E+00   0.000000000000000E+00
   7.733858872000000E-01   1.116286400300000E+01   1.116286400300000E+01   0.000000000000000E+00  -6.024408519500000E-01   0.000000000000000E+00   0.000000000000000E+00   0.000000000000000E+00
   7.752088859500000E-01   1.118917672400000E+01   1.118917672400000E+01   0.000000000000000E+00  -6.024408519500000E-01   0.000000000000000E+00   0.000000000000000E+00   0.000000000000000E+00
   7.770318846900000E-01   1.121548944500000E+01   1.121548944500000E+01   0.000000000000000E+00  -6.024408519500000E-01   0.000000000000000E+00   0.000000000000000E+00   0.000000000000000E+00
   7.786633334800001E-01   1.123903738100000E+01   1.123903738100000E+01   0.000000000000000E+00  -6.024408519500000E-01   0.000000000000000E+00   0.000000000000000E+00   0.000000000000000E+00
   7.802947822800000E-01   1.126258531600000E+01   1.126258531600000E+01   0.000000000000000E+00  -6.024408519500000E-01   0.000000000000000E+00   0.000000000000000E+00   0.000000000000000E+00
   7.819262310800000E-01   1.128613325200000E+01   1.128613325200000E+01   0.000000000000000E+00  -6.024408519500000E-01   0.000000000000000E+00   0.000000000000000E+00   0.000000000000000E+00
   7.835576798700000E-01   1.130968118700000E+01   1.130968118700000E+01   0.000000000000000E+00  -6.024408519500000E-01   0.000000000000000E+00   0.000000000000000E+00   0.000000000000000E+00
   7.850845961600000E-01   1.133172032600000E+01   1.133172032600000E+01   0.000000000000000E+00  -6.024408519500000E-01   0.000000000000000E+00   0.000000000000000E+00   0.000000000000000E+00
   7.866115124500000E-01   1.135375946500000E+01   1.135375946500000E+01   0.000000000000000E+00  -6.024408519500000E-01   0.000000000000000E+00   0.000000000000000E+00   0.000000000000000E+00
   7.881384287400000E-01   1.137579860400000E+01   1.137579860400000E+01   0.000000000000000E+00  -6.024408519500000E-01   0.000000000000000E+00   0.000000000000000E+00   0.000000000000000E+00
   7.896653450300000E-01   1.139783774300000E+01   1.139783774300000E+01   0.000000000000000E+00  -6.024408519500000E-01   0.000000000000000E+00   0.000000000000000E+00   0.000000000000000E+00
   7.912927345200000E-01   1.142132708700000E+01   1.142132708700000E+01   0.000000000000000E+00  -6.024408519500000E-01   0.000000000000000E+00   0.000000000000000E+00   0.000000000000000E+00
   7.929201240000000E-01   1.144481643200000E+01   1.144481643200000E+01   0.000000000000000E+00  -6.024408519500000E-01   0.000000000000000E+00   0.000000000000000E+00   0.000000000000000E+00
   7.945475134900000E-01   1.146830577600000E+01   1.146830577600000E+01   0.000000000000000E+00  -6.024408519500000E-01   0.000000000000000E+00   0.000000000000000E+00   0.000000000000000E+00
   7.961749029800000E-01   1.149179512100000E+01   1.149179512100000E+01   0.000000000000000E+00  -6.024408519500000E-01   0.000000000000000E+00   0.000000000000000E+00   0.000000000000000E+00
   7.977617518900000E-01   1.151469931200000E+01   1.151469931200000E+01   0.000000000000000E+00  -6.024408519500000E-01   0.000000000000000E+00   0.000000000000000E+00   0.000000000000000E+00
   7.993486007900000E-01   1.153760350400000E+01   1.153760350400000E+01   0.000000000000000E+00  -6.024408519500000E-01   0.000000000000000E+00   0.000000000000000E+00   0.000000000000000E+00
   8.009354497000000E-01   1.156050769500000E+01   1.156050769500000E+01   0.000000000000000E+00  -6.024408519500000E-01   0.000000000000000E+00   0.000000000000000E+00   0.000000000000000E+00
   8.025222986100000E-01   1.158341188700000E+01   1.158341188700000E+01   0.000000000000000E+00  -6.024408519500000E-01   0.000000000000000E+00   0.000000000000000E+00   0.000000000000000E+00
   8.042028139500000E-01   1.160766803700000E+01   1.160766803700000E+01   0.000000000000000E+00  -6.024408519500000E-01   0.000000000000000E+00   0.000000000000000E+00   0.000000000000000E+00
   8.058833293000000E-01   1.163192418700000E+01   1.163192418700000E+01   0.000000000000000E+00  -6.024408519500000E-01   0.000000000000000E+00   0.000000000000000E+00   0.000000000000000E+00
   8.075638446400000E-01   1.165618033800000E+01   1.165618033800000E+01   0.000000000000000E+00  -6.024408519500000E-01   0.000000000000000E+00   0.000000000000000E+00   0.000000000000000E+00
   8.092443599900000E-01   1.168043648800000E+01   1.168043648800000E+01   0.000000000000000E+00  -6.024408519500000E-01   0.000000000000000E+00   0.000000000000000E+00   0.000000000000000E+00
   8.108865165700000E-01   1.170413897700000E+01   1.170413897700000E+01   0.000000000000000E+00  -6.024408519500000E-01   0.000000000000000E+00   0.000000000000000E+00   0.000000000000000E+00
   8.125286731500000E-01   1.172784146600000E+01   1.172784146600000E+01   0.000000000000000E+00  -6.024408519500000E-01   0.000000000000000E+00   0.000000000000000E+00   0.000000000000000E+00
   8.141708297300000E-01   1.175154395500000E+01   1.175154395500000E+01   0.000000000000000E+00  -6.024408519500000E-01   0.000000000000000E+00   0.000000000000000E+00   0.000000000000000E+00
   8.158129863000000E-01   1.177524644400000E+01   1.177524644400000E+01   0.000000000000000E+00  -6.024408519500000E-01   0.000000000000000E+00   0.000000000000000E+00   0.000000000000000E+00
   8.172520982800000E-01   1.179601823700000E+01   1.179601823700000E+01   0.000000000000000E+00  -6.024408519500000E-01   0.000000000000000E+00   0.000000000000000E+00   0.000000000000000E+00
   8.186912102600000E-01   1.181679002900000E+01   1.181679002900000E+01   0.000000000000000E+00  -6.024408519500000E-01   0.000000000000000E+00   0.000000000000000E+00   0.000000000000000E+00
   8.201303222400000E-01   1.183756182200000E+01   1.183756182200000E+01   0.000000000000000E+00  -6.024408519500000E-01   0.000000000000000E+00   0.000000000000000E+00   0.000000000000000E+00
   8.215694342099999E-01   1.185833361500000E+01   1.185833361500000E+01   0.000000000000000E+00  -6.024408519500000E-01   0.000000000000000E+00   0.000000000000000E+00   0.000000000000000E+00
   8.230778946900000E-01   1.188010636700000E+01   1.188010636700000E+01   0.000000000000000E+00  -6.024408519500000E-01   0.000000000000000E+00   0.000000000000000E+00   0.000000000000000E+00
   8.245863551800000E-01   1.190187911900000E+01   1.190187911900000E+01   0.000000000000000E+00  -6.024408519500000E-01   0.000000000000000E+00   0.000000000000000E+00   0.000000000000000E+00
   8.260948156600000E-01   1.192365187100000E+01   1.192365187100000E+01   0.000000000000000E+00  -6.024408519500000E-01   0.000000000000000E+00   0.000000000000000E+00   0.000000000000000E+00
   8.276032761400000E-01   1.194542462300000E+01   1.194542462300000E+01   0.000000000000000E+00  -6.024408519500000E-01   0.000000000000000E+00   0.000000000000000E+00   0.000000000000000E+00
   8.293389198400000E-01   1.197047648300000E+01   1.197047648300000E+01   0.000000000000000E+00  -6.024408519500000E-01   0.000000000000000E+00   0.000000000000000E+00   0.000000000000000E+00
   8.310745635400000E-01   1.199552834200000E+01   1.199552834200000E+01   0.000000000000000E+00  -6.024408519500000E-01   0.000000000000000E+00   0.000000000000000E+00   0.000000000000000E+00
   8.328102072400000E-01   1.202058020200000E+01   1.202058020200000E+01   0.000000000000000E+00  -6.024408519500000E-01   0.000000000000000E+00   0.000000000000000E+00   0.000000000000000E+00
   8.345458509400000E-01   1.204563206100000E+01   1.204563206100000E+01   0.000000000000000E+00  -6.024408519500000E-01   0.000000000000000E+00   0.000000000000000E+00   0.000000000000000E+00
   8.361287733600000E-01   1.206847957900000E+01   1.206847957900000E+01   0.000000000000000E+00  -6.024408519500000E-01   0.000000000000000E+00   0.000000000000000E+00   0.000000000000000E+00
   8.377116957800000E-01   1.209132709600000E+01   1.209132709600000E+01   0.000000000000000E+00  -6.024408519500000E-01   0.000000000000000E+00   0.000000000000000E+00   0.000000000000000E+00
   8.392946182000000E-01   1.211417461400000E+01   1.211417461400000E+01   0.000000000000000E+00  -6.024408519500000E-01   0.000000000000000E+00   0.000000000000000E+00   0.000000000000000E+00
   8.408775406200000E-01   1.213702213200000E+01   1.213702213200000E+01   0.000000000000000E+00  -6.024408519500000E-01   0.000000000000000E+00   0.000000000000000E+00   0.000000000000000E+00
   8.426068024200000E-01   1.216198187700000E+01   1.216198187700000E+01   0.000000000000000E+00  -6.024408519500000E-01   0.000000000000000E+00   0.000000000000000E+00   0.000000000000000E+00
   8.443360642300000E-01   1.218694162100000E+01   1.218694162100000E+01   0.000000000000000E+00  -6.024408519500000E-01   0.000000000000000E+00   0.000000000000000E+00   0.000000000000000E+00
   8.460653260400000E-01   1.221190136600000E+01   1.221190136600000E+01   0.000000000000000E+00  -6.024408519500000E-01   0.000000000000000E+00   0.000000000000000E+00   0.000000000000000E+00
   8.477945878499999E-01   1.223686111100000E+01   1.223686111100000E+01   0.000000000000000E+00  -6.024408519500000E-01   0.000000000000000E+00   0.000000000000000E+00   0.000000000000000E+00
   8.496719892800000E-01   1.226395906700000E+01   1.226395906700000E+01   0.000000000000000E+00  -6.024408519500000E-01   0.000000000000000E+00   0.000000000000000E+00   0.000000000000000E+00
   8.515493907200000E-01   1.229105702300000E+01   1.229105702300000E+01   0.000000000000000E+00  -6.024408519500000E-01   0.000000000000000E+00   0.000000000000000E+00   0.000000000000000E+00
   8.534267921599999E-01   1.231815498000000E+01   1.231815498000000E+01   0.000000000000000E+00  -6.024408519500000E-01   0.000000000000000E+00   0.000000000000000E+00   0.000000000000000E+00
   8.553041935900000E-01   1.234525293600000E+01   1.234525293600000E+01   0.000000000000000E+00  -6.024408519500000E-01   0.000000000000000E+00   0.000000000000000E+00   0.000000000000000E+00
   8.569138274000000E-01   1.236848599900000E+01   1.236848599900000E+01   0.000000000000000E+00  -6.024408519500000E-01   0.000000000000000E+00   0.000000000000000E+00   0.000000000000000E+00
   8.585234612000000E-01   1.239171906200000E+01   1.239171906200000E+01   0.000000000000000E+00  -6.024408519500000E-01   0.000000000000000E+00   0.000000000000000E+00   0.000000000000000E+00
   8.601330950100000E-01   1.241495212600000E+01   1.241495212600000E+01   0.000000000000000E+00  -6.024408519500000E-01   0.000000000000000E+00   0.000000000000000E+00   0.000000000000000E+00
   8.617427288100000E-01   1.243818518900000E+01   1.243818518900000E+01   0.000000000000000E+00  -6.024408519500000E-01   0.000000000000000E+00   0.000000000000000E+00   0.000000000000000E+00
   8.630070548600000E-01   1.245643416400000E+01   1.245643416400000E+01   0.000000000000000E+00  -6.024408519500000E-01   0.000000000000000E+00   0.000000000000000E+00   0.000000000000000E+00
   8.642713809000000E-01   1.247468313900000E+01   1.247468313900000E+01   0.000000000000000E+00  -6.024408519500000E-01   0.000000000000000E+00   0.000000000000000E+00   0.000000000000000E+00
   8.655357069500000E-01   1.249293211400000E+01   1.249293211400000E+01   0.000000000000000E+00  -6.024408519500000E-01   0.000000000000000E+00   0.000000000000000E+00   0.000000000000000E+00
   8.668000330000000E-01   1.251118108900000E+01   1.251118108900000E+01   0.000000000000000E+00  -6.024408519500000E-01   0.000000000000000E+00   0.000000000000000E+00   0.000000000000000E+00
   8.680015698000000E-01   1.252852377900000E+01   1.252852377900000E+01   0.000000000000000E+00  -6.024408519500000E-01   0.000000000000000E+00   0.000000000000000E+00   0.000000000000000E+00
   8.692031066100000E-01   1.254586647000000E+01   1.254586647000000E+01   0.000000000000000E+00  -6.024408519500000E-01   0.000000000000000E+00   0.000000000000000E+00   0.000000000000000E+00
   8.704046434100000E-01   1.256320916000000E+01   1.256320916000000E+01   0.000000000000000E+00  -6.024408519500000E-01   0.000000000000000E+00   0.000000000000000E+00   0.000000000000000E+00
   8.716061802100000E-01   1.258055185000000E+01   1.258055185000000E+01   0.000000000000000E+00  -6.024408519500000E-01   0.000000000000000E+00   0.000000000000000E+00   0.000000000000000E+00
   8.729186952300000E-01   1.259949637300000E+01   1.259949637300000E+01   0.000000000000000E+00  -6.024408519500000E-01   0.000000000000000E+00   0.000000000000000E+00   0.000000000000000E+00
   8.742312102499999E-01   1.261844089600000E+01   1.261844089600000E+01   0.000000000000000E+00  -6.024408519500000E-01   0.000000000000000E+00   0.000000000000000E+00   0.000000000000000E+00
   8.755437252600000E-01   1.263738541900000E+01   1.263738541900000E+01   0.000000000000000E+00  -6.024408519500000E-01   0.000000000000000E+00   0.000000000000000E+00   0.000000000000000E+00
   8.768562402800000E-01   1.265632994200000E+01   1.265632994200000E+01   0.000000000000000E+00  -6.024408519500000E-01   0.000000000000000E+00   0.000000000000000E+00   0.000000000000000E+00
   8.782389301700000E-01   1.267628735200000E+01   1.267628735200000E+01   0.000000000000000E+00  -6.024408519500000E-01   0.000000000000000E+00   0.000000000000000E+00   0.000000000000000E+00
   8.796216200600000E-01   1.269624476200000E+01   1.269624476200000E+01   0.000000000000000E+00  -6.024408519500000E-01   0.000000000000000E+00   0.000000000000000E+00   0.000000000000000E+00
   8.810043099400000E-01   1.271620217200000E+01   1.271620217200000E+01   0.000000000000000E+00  -6.024408519500000E-01   0.000000000000000E+00   0.000000000000000E+00   0.000000000000000E+00
   8.823869998300000E-01   1.273615958100000E+01   1.273615958100000E+01   0.000000000000000E+00  -6.024408519500000E-01   0.000000000000000E+00   0.000000000000000E+00   0.000000000000000E+00
   8.835855141300000E-01   1.275345864600000E+01   1.275345864600000E+01   0.000000000000000E+00  -6.024408519500000E-01   0.000000000000000E+00   0.000000000000000E+00   0.000000000000000E+00
   8.847840284300000E-01   1.277075771000000E+01   1.277075771000000E+01   0.000000000000000E+00  -6.024408519500000E-01   0.000000000000000E+00   0.000000000000000E+00   0.000000000000000E+00
   8.859825427200000E-01   1.278805677400000E+01   1.278805677400000E+01   0.000000000000000E+00  -6.024408519500000E-01   0.000000000000000E+00   0.000000000000000E+00   0.000000000000000E+00
   8.871810570200001E-01   1.280535583800000E+01   1.280535583800000E+01   0.000000000000000E+00  -6.024408519500000E-01   0.000000000000000E+00   0.000000000000000E+00   0.000000000000000E+00
   8.884020160900000E-01   1.282297886500000E+01   1.282297886500000E+01   0.000000000000000E+00  -6.024408519500000E-01   0.000000000000000E+00   0.000000000000000E+00   0.000000000000000E+00
   8.896229751600000E-01   1.284060189100000E+01   1.284060189100000E+01   0.000000000000000E+00  -6.024408519500000E-01   0.000000000000000E+00   0.000000000000000E+00   0.000000000000000E+00
   8.908439342300000E-01   1.285822491800000E+01   1.285822491800000E+01   0.000000000000000E+00  -6.024408519500000E-01   0.000000000000000E+00   0.000000000000000E+00   0.000000000000000E+00
   8.920648933000001E-01   1.287584794500000E+01   1.287584794500000E+01   0.000000000000000E+00  -6.024408519500000E-01   0.000000000000000E+00   0.000000000000000E+00   0.000000000000000E+00
   8.932424667900000E-01   1.289284475400000E+01   1.289284475400000E+01   0.000000000000000E+00  -6.024408519500000E-01   0.000000000000000E+00   0.000000000000000E+00   0.000000000000000E+00
   8.944200402700000E-01   1.290984156400000E+01   1.290984156400000E+01   0.000000000000000E+00  -6.024408519500000E-01   0.000000000000000E+00   0.000000000000000E+00   0.000000000000000E+00
   8.955976137600000E-01   1.292683837300000E+01   1.292683837300000E+01   0.000000000000000E+00  -6.024408519500000E-01   0.000000000000000E+00   0.000000000000000E+00   0.000000000000000E+00
   8.967751872400000E-01   1.294383518300000E+01   1.294383518300000E+01   0.000000000000000E+00  -6.024408519500000E-01   0.000000000000000E+00   0.000000000000000E+00   0.000000000000000E+00
   8.977944294400000E-01   1.295854667700000E+01   1.295854667700000E+01   0.000000000000000E+00  -6.024408519500000E-01   0.000000000000000E+00   0.000000000000000E+00   0.000000000000000E+00
   8.988136716500000E-01   1.297325817200000E+01   1.297325817200000E+01   0.000000000000000E+00  -6.024408519500000E-01   0.000000000000000E+00   0.000000000000000E+00   0.000000000000000E+00
   8.998329138500000E-01   1.298796966600000E+01   1.298796966600000E+01   0.000000000000000E+00  -6.024408519500000E-01   0.000000000000000E+00   0.000000000000000E+00   0.000000000000000E+00
   9.008521560500000E-01   1.300268116000000E+01   1.300268116000000E+01   0.000000000000000E+00  -6.024408519500000E-01   0.000000000000000E+00   0.000000000000000E+00   0.000000000000000E+00
   9.018956102000000E-01   1.301774212400000E+01   1.301774212400000E+01   0.000000000000000E+00  -6.024408519500000E-01   0.000000000000000E+00   0.000000000000000E+00   0.000000000000000E+00
   9.029390643500000E-01   1.303280308800000E+01   1.303280308800000E+01   0.000000000000000E+00  -6.024408519500000E-01   0.000000000000000E+00   0.000000000000000E+00   0.000000000000000E+00
   9.039825185000000E-01   1.304786405100000E+01   1.304786405100000E+01   0.000000000000000E+00  -6.024408519500000E-01   0.000000000000000E+00   0.000000000000000E+00   0.000000000000000E+00
   9.050259726600000E-01   1.306292501500000E+01   1.306292501500000E+01   0.000000000000000E+00  -6.024408519500000E-01   0.000000000000000E+00   0.000000000000000E+00   0.000000000000000E+00
   9.060751700500000E-01   1.307806887500000E+01   1.307806887500000E+01   0.000000000000000E+00  -6.024408519500000E-01   0.000000000000000E+00   0.000000000000000E+00   0.000000000000000E+00
   9.071243674400000E-01   1.309321273600000E+01   1.309321273600000E+01   0.000000000000000E+00  -6.024408519500000E-01   0.000000000000000E+00   0.000000000000000E+00   0.000000000000000E+00
   9.081735648400000E-01   1.310835659600000E+01   1.310835659600000E+01   0.000000000000000E+00  -6.024408519500000E-01   0.000000000000000E+00   0.000000000000000E+00   0.000000000000000E+00
   9.092227622300000E-01   1.312350045600000E+01   1.312350045600000E+01   0.000000000000000E+00  -6.024408519500000E-01   0.000000000000000E+00   0.000000000000000E+00   0.000000000000000E+00
   9.102149964400000E-01   1.313782212400000E+01   1.313782212400000E+01   0.000000000000000E+00  -6.024408519500000E-01   0.000000000000000E+00   0.000000000000000E+00   0.000000000000000E+00
   9.112072306500000E-01   1.315214379100000E+01   1.315214379100000E+01   0.000000000000000E+00  -6.024408519500000E-01   0.000000000000000E+00   0.000000000000000E+00   0.000000000000000E+00
   9.121994648600000E-01   1.316646545900000E+01   1.316646545900000E+01   0.000000000000000E+00  -6.024408519500000E-01   0.000000000000000E+00   0.000000000000000E+00   0.000000000000000E+00
   9.131916990700000E-01   1.318078712600000E+01   1.318078712600000E+01   0.000000000000000E+00  -6.024408519500000E-01   0.000000000000000E+00   0.000000000000000E+00   0.000000000000000E+00
   9.139168304000000E-01   1.319125349600000E+01   1.319125349600000E+01   0.000000000000000E+00  -6.024408519500000E-01   0.000000000000000E+00   0.000000000000000E+00   0.000000000000000E+00
   9.146419617400000E-01   1.320171986500000E+01   1.320171986500000E+01   0.000000000000000E+00  -6.024408519500000E-01   0.000000000000000E+00   0.000000000000000E+00   0.000000000000000E+00
   9.153670930700000E-01   1.321218623500000E+01   1.321218623500000E+01   0.000000000000000E+00  -6.024408519500000E-01   0.000000000000000E+00   0.000000000000000E+00   0.000000000000000E+00
   9.160922244000000E-01   1.322265260400000E+01   1.322265260400000E+01   0.000000000000000E+00  -6.024408519500000E-01   0.000000000000000E+00   0.000000000000000E+00   0.000000000000000E+00
   9.169440456600000E-01   1.323494758500000E+01   1.323494758500000E+01   0.000000000000000E+00  -6.024408519500000E-01   0.000000000000000E+00   0.000000000000000E+00   0.000000000000000E+00
   9.177958669200000E-01   1.324724256700000E+01   1.324724256700000E+01   0.000000000000000E+00  -6.024408519500000E-01   0.000000000000000E+00   0.000000000000000E+00   0.000000000000000E+00
   9.186476881800000E-01   1.325953754800000E+01   1.325953754800000E+01   0.000000000000000E+00  -6.024408519500000E-01   0.000000000000000E+00   0.000000000000000E+00   0.000000000000000E+00
   9.194995094500000E-01   1.327183252900000E+01   1.327183252900000E+01   0.000000000000000E+00  -6.024408519500000E-01   0.000000000000000E+00   0.000000000000000E+00   0.000000000000000E+00
   9.203747723600000E-01   1.328446586100000E+01   1.328446586100000E+01   0.000000000000000E+00  -6.024408519500000E-01   0.000000000000000E+00   0.000000000000000E+00   0.000000000000000E+00
   9.212500352800000E-01   1.329709919300000E+01   1.329709919300000E+01   0.000000000000000E+00  -6.024408519500000E-01   0.000000000000000E+00   0.000000000000000E+00   0.000000000000000E+00
   9.221252982000000E-01   1.330973252600000E+01   1.330973252600000E+01   0.000000000000000E+00  -6.024408519500000E-01   0.000000000000000E+00   0.000000000000000E+00   0.000000000000000E+00
   9.230005611200000E-01   1.332236585800000E+01   1.332236585800000E+01   0.000000000000000E+00  -6.024408519500000E-01   0.000000000000000E+00   0.000000000000000E+00   0.000000000000000E+00
   9.243678117800000E-01   1.334210042200000E+01   1.334210042200000E+01   0.000000000000000E+00  -6.024408519500000E-01   0.000000000000000E+00   0.000000000000000E+00   0.000000000000000E+00
   9.257350624300000E-01   1.336183498600000E+01   1.336183498600000E+01   0.000000000000000E+00  -6.024408519500000E-01   0.000000000000000E+00   0.000000000000000E+00   0.000000000000000E+00
   9.271023130900000E-01   1.338156954900000E+01   1.338156954900000E+01   0.000000000000000E+00  -6.024408519500000E-01   0.000000000000000E+00   0.000000000000000E+00   0.000000000000000E+00
   9.284695637400000E-01   1.340130411300000E+01   1.340130411300000E+01   0.000000000000000E+00  -6.024408519500000E-01   0.000000000000000E+00   0.000000000000000E+00   0.000000000000000E+00
   9.300652351499999E-01   1.342433564700000E+01   1.342433564700000E+01   0.000000000000000E+00  -6.024408519500000E-01   0.000000000000000E+00   0.000000000000000E+00   0.000000000000000E+00
   9.316609065500000E-01   1.344736718000000E+01   1.344736718000000E+01   0.000000000000000E+00  -6.024408519500000E-01   0.000000000000000E+00   0.000000000000000E+00   0.000000000000000E+00
   9.332565779500001E-01   1.347039871300000E+01   1.347039871300000E+01   0.000000000000000E+00  -6.024408519500000E-01   0.000000000000000E+00   0.000000000000000E+00   0.000000000000000E+00
   9.348522493600000E-01   1.349343024700000E+01   1.349343024700000E+01   0.000000000000000E+00  -6.024408519500000E-01   0.000000000000000E+00   0.000000000000000E+00   0.000000000000000E+00
   9.367945523900000E-01   1.352146497700000E+01   1.352146497700000E+01   0.000000000000000E+00  -6.024408519500000E-01   0.000000000000000E+00   0.000000000000000E+00   0.000000000000000E+00
   9.387368554200000E-01   1.354949970700000E+01   1.354949970700000E+01   0.000000000000000E+00  -6.024408519500000E-01   0.000000000000000E+00   0.000000000000000E+00   0.000000000000000E+00
   9.406791584600001E-01   1.357753443700000E+01   1.357753443700000E+01   0.000000000000000E+00  -6.024408519500000E-01   0.000000000000000E+00   0.000000000000000E+00   0.000000000000000E+00
   9.426214614900000E-01   1.360556916700000E+01   1.360556916700000E+01   0.000000000000000E+00  -6.024408519500000E-01   0.000000000000000E+00   0.000000000000000E+00   0.000000000000000E+00
   9.445206015900000E-01   1.363298089400000E+01   1.363298089400000E+01   0.000000000000000E+00  -6.024408519500000E-01   0.000000000000000E+00   0.000000000000000E+00   0.000000000000000E+00
   9.464197416900000E-01   1.366039262100000E+01   1.366039262100000E+01   0.000000000000000E+00  -6.024408519500000E-01   0.000000000000000E+00   0.000000000000000E+00   0.000000000000000E+00
   9.483188817900000E-01   1.368780434800000E+01   1.368780434800000E+01   0.000000000000000E+00  -6.024408519500000E-01   0.000000000000000E+00   0.000000000000000E+00   0.000000000000000E+00
   9.502180218900000E-01   1.371521607400000E+01   1.371521607400000E+01   0.000000000000000E+00  -6.024408519500000E-01   0.000000000000000E+00   0.000000000000000E+00   0.000000000000000E+00
   9.520695792300000E-01   1.374194100300000E+01   1.374194100300000E+01   0.000000000000000E+00  -6.024408519500000E-01   0.000000000000000E+00   0.000000000000000E+00   0.000000000000000E+00
   9.539211365600000E-01   1.376866593200000E+01   1.376866593200000E+01   0.000000000000000E+00  -6.024408519500000E-01   0.000000000000000E+00   0.000000000000000E+00   0.000000000000000E+00
   9.557726939000000E-01   1.379539086100000E+01   1.379539086100000E+01   0.000000000000000E+00  -6.024408519500000E-01   0.000000000000000E+00   0.000000000000000E+00   0.000000000000000E+00
   9.576242512399999E-01   1.382211578900000E+01   1.382211578900000E+01   0.000000000000000E+00  -6.024408519500000E-01   0.000000000000000E+00   0.000000000000000E+00   0.000000000000000E+00
   9.593864817200000E-01   1.384755139600000E+01   1.384755139600000E+01   0.000000000000000E+00  -6.024408519500000E-01   0.000000000000000E+00   0.000000000000000E+00   0.000000000000000E+00
   9.611487122100000E-01   1.387298700300000E+01   1.387298700300000E+01   0.000000000000000E+00  -6.024408519500000E-01   0.000000000000000E+00   0.000000000000000E+00   0.000000000000000E+00
   9.629109427000000E-01   1.389842261000000E+01   1.389842261000000E+01   0.000000000000000E+00  -6.024408519500000E-01   0.000000000000000E+00   0.000000000000000E+00   0.000000000000000E+00
   9.646731731800000E-01   1.392385821600000E+01   1.392385821600000E+01   0.000000000000000E+00  -6.024408519500000E-01   0.000000000000000E+00   0.000000000000000E+00   0.000000000000000E+00
   9.665184070200000E-01   1.395049187300000E+01   1.395049187300000E+01   0.000000000000000E+00  -6.024408519500000E-01   0.000000000000000E+00   0.000000000000000E+00   0.000000000000000E+00
   9.683636408500000E-01   1.397712553000000E+01   1.397712553000000E+01   0.000000000000000E+00  -6.024408519500000E-01   0.000000000000000E+00   0.000000000000000E+00   0.000000000000000E+00
   9.702088746899999E-01   1.400375918700000E+01   1.400375918700000E+01   0.000000000000000E+00  -6.024408519500000E-01   0.000000000000000E+00   0.000000000000000E+00   0.000000000000000E+00
   9.720541085200000E-01   1.403039284400000E+01   1.403039284400000E+01   0.000000000000000E+00  -6.024408519500000E-01   0.000000000000000E+00   0.000000000000000E+00   0.000000000000000E+00
   9.744738472800000E-01   1.406531876500000E+01   1.406531876500000E+01   0.000000000000000E+00  -6.024408519500000E-01   0.000000000000000E+00   0.000000000000000E+00   0.000000000000000E+00
   9.768935860300000E-01   1.410024468600000E+01   1.410024468600000E+01   0.000000000000000E+00  -6.024408519500000E-01   0.000000000000000E+00   0.000000000000000E+00   0.000000000000000E+00
   9.793133247900000E-01   1.413517060800000E+01   1.413517060800000E+01   0.000000000000000E+00  -6.024408519500000E-01   0.000000000000000E+00   0.000000000000000E+00   0.000000000000000E+00
   9.817330635400000E-01   1.417009652900000E+01   1.417009652900000E+01   0.000000000000000E+00  -6.024408519500000E-01   0.000000000000000E+00   0.000000000000000E+00   0.000000000000000E+00
   9.840159495400000E-01   1.420304715100000E+01   1.420304715100000E+01   0.000000000000000E+00  -6.024408519500000E-01   0.000000000000000E+00   0.000000000000000E+00   0.000000000000000E+00
   9.862988355400000E-01   1.423599777300000E+01   1.423599777300000E+01   0.000000000000000E+00  -6.024408519500000E-01   0.000000000000000E+00   0.000000000000000E+00   0.000000000000000E+00
   9.885817215300000E-01   1.426894839500000E+01   1.426894839500000E+01   0.000000000000000E+00  -6.024408519500000E-01   0.000000000000000E+00   0.000000000000000E+00   0.000000000000000E+00
   9.908646075300001E-01   1.430189901600000E+01   1.430189901600000E+01   0.000000000000000E+00  -6.024408519500000E-01   0.000000000000000E+00   0.000000000000000E+00   0.000000000000000E+00
   9.931484556500000E-01   1.433486352500000E+01   1.433486352500000E+01   0.000000000000000E+00  -6.024408519500000E-01   0.000000000000000E+00   0.000000000000000E+00   0.000000000000000E+00
   9.954323037600000E-01   1.436782803400000E+01   1.436782803400000E+01   0.000000000000000E+00  -6.024408519500000E-01   0.000000000000000E+00   0.000000000000000E+00   0.000000000000000E+00
   9.977161518800000E-01   1.440079254300000E+01   1.440079254300000E+01   0.000000000000000E+00  -6.024408519500000E-01   0.000000000000000E+00   0.000000000000000E+00   0.000000000000000E+00
   1.000000000000000E+00   1.443375705200000E+01   1.443375705200000E+01   0.000000000000000E+00  -6.024408519500000E-01   0.000000000000000E+00   0.000000000000000E+00   0.000000000000000E+00
