   0.000000000000000E+00   0.000000000000000E+00   0.000000000000000E+00   0.000000000000000E+00  -2.100249966100000E-01  -7.293285287300000E-03   0.000000000000000E+00   5.415114590700000E-02
   3.585277520200000E-03   5.174902469100000E-02   5.250847601100000E-02   9.471642504800000E-05  -2.100248000200000E-01  -7.293268958100000E-03   3.611699531700000E-03   5.451421218100000E-02
   7.170555040400000E-03   1.034980493800000E-01   1.050147164300000E-01   3.796786858600000E-04  -2.100242109700000E-01  -7.293154440000000E-03   7.246204825800000E-03   5.483730289500000E-02
   1.075583256100000E-02   1.552470740700000E-01   1.575182235600000E-01   8.560011304800000E-04  -2.100232307700000E-01  -7.292842988300000E-03   1.090085043600000E-02   5.512017297100000E-02
   1.434111008100000E-02   2.069960987600000E-01   2.100184934500000E-01   1.524657303900000E-03  -2.100218609400000E-01  -7.292235317800000E-03   1.457295544200000E-02   5.536260188800000E-02
   1.792638760100000E-02   2.587451234500000E-01   2.625150174200000E-01   2.386479208600000E-03  -2.100201032900000E-01  -7.291231676400000E-03   1.825982508600000E-02   5.556439381900000E-02
   2.193243220300000E-02   3.165673979800000E-01   3.211674571800000E-01   3.578787826600000E-03  -2.100176831700000E-01  -7.289518732000000E-03   2.239352232900000E-02   5.574158814700000E-02
   2.593847680500000E-02   3.743896725100000E-01   3.798138650200000E-01   5.013871387200000E-03  -2.100147847400000E-01  -7.287046209400000E-03   2.653848157600000E-02   5.586763294700000E-02
   2.994452140800000E-02   4.322119470400000E-01   4.384535252000000E-01   6.692257989600000E-03  -2.100114116900000E-01  -7.283673567300000E-03   3.069089763800000E-02   5.594236555100000E-02
   3.395056601000000E-02   4.900342215600000E-01   4.970857252700000E-01   8.614251816900001E-03  -2.100075681300000E-01  -7.279260023500000E-03   3.484695469800000E-02   5.596566246200000E-02
   3.795661061200000E-02   5.478564960900000E-01   5.557097588800000E-01   1.077993269700000E-02  -2.100032585800000E-01  -7.273664684900000E-03   3.900282922600000E-02   5.593743945200000E-02
   4.149325355100000E-02   5.989035410500000E-01   6.074572737300000E-01   1.289427256900000E-02  -2.099990706400000E-01  -7.267630264400000E-03   4.266853690400000E-02   5.586966821600000E-02
   4.502989648900000E-02   6.499505860100000E-01   6.591974078100000E-01   1.519818313200000E-02  -2.099945269800000E-01  -7.260468137400000E-03   4.632848317400000E-02   5.576170233200000E-02
   4.856653942800000E-02   7.009976309600000E-01   7.109296975700000E-01   1.769128274300000E-02  -2.099896315100000E-01  -7.252081625400000E-03   4.998003302800000E-02   5.561356037200000E-02
   5.210318236700000E-02   7.520446759200000E-01   7.626536896600000E-01   2.037305345100000E-02  -2.099843883400000E-01  -7.242374279300000E-03   5.362055346300000E-02   5.542528483400000E-02
   5.563982530500000E-02   8.030917208700000E-01   8.143689424500000E-01   2.324284120900000E-02  -2.099788018200000E-01  -7.231249949200000E-03   5.724741504200000E-02   5.519694211800000E-02
   5.900742378200000E-02   8.516988191400000E-01   8.636037948600001E-01   2.614948947100000E-02  -2.099731673800000E-01  -7.219252721000000E-03   6.068582438000000E-02   5.494235578100000E-02
   6.237502225900000E-02   9.003059174000000E-01   9.128299773400000E-01   2.922509943200000E-02  -2.099672299000000E-01  -7.205801557300000E-03   6.410720984500000E-02   5.465162067300000E-02
   6.574262073600000E-02   9.489130156600000E-01   9.620471454900000E-01   3.246876409800000E-02  -2.099609936800000E-01  -7.190814546600000E-03   6.750931809100000E-02   5.432485432500000E-02
   6.911021921299999E-02   9.975201139200000E-01   1.011254969200000E+00   3.587946595300000E-02  -2.099544631800000E-01  -7.174210245300000E-03   7.088990371700001E-02   5.396219373400000E-02
   7.247781768900000E-02   1.046127212200000E+00   1.060453133500000E+00   3.945607744200000E-02  -2.099476430200000E-01  -7.155907731000000E-03   7.424673048200001E-02   5.356379528600000E-02
   7.579984753600000E-02   1.094076583900000E+00   1.108975818000000E+00   4.314564313000000E-02  -2.099406359800000E-01  -7.136110606500000E-03   7.753268447700000E-02   5.313594331900000E-02
   7.912187738199999E-02   1.142025955600000E+00   1.157488542400000E+00   4.699416393400000E-02  -2.099333564300000E-01  -7.114506195800000E-03   8.079122646700000E-02   5.267367203200000E-02
   8.244390722900000E-02   1.189975327400000E+00   1.205991053900000E+00   5.100024603800000E-02  -2.099258091900000E-01  -7.091018611000000E-03   8.402024281500001E-02   5.217718649700000E-02
   8.576593707600000E-02   1.237924699100000E+00   1.254483118300000E+00   5.516239381800000E-02  -2.099179992200000E-01  -7.065572657000000E-03   8.721763307100000E-02   5.164670977500000E-02
   8.908796692199999E-02   1.285874070800000E+00   1.302964520000000E+00   5.947901057500000E-02  -2.099099315800000E-01  -7.038093880200000E-03   9.038131107100000E-02   5.108248279400000E-02
   9.236836608200000E-02   1.333222555300000E+00   1.350827713100000E+00   6.389145227000000E-02  -2.099017172400000E-01  -7.008892702900000E-03   9.347023803200000E-02   5.049246076900000E-02
   9.564876524200000E-02   1.380571039800000E+00   1.398680149800000E+00   6.845113197500000E-02  -2.098932617300000E-01  -6.977567373900000E-03   9.652229500999999E-02   4.987004719400000E-02
   9.892916440100000E-02   1.427919524300000E+00   1.446521681900000E+00   7.315622677500000E-02  -2.098845701800000E-01  -6.944048606000000E-03   9.953552054400000E-02   4.921552459200000E-02
   1.022095635600000E-01   1.475268008800000E+00   1.494352181900000E+00   7.800482089100000E-02  -2.098756477900000E-01  -6.908267997400000E-03   1.025079708600000E-01   4.852919194200000E-02
   1.054899627200000E-01   1.522616493300000E+00   1.542171543800000E+00   8.299490661099999E-02  -2.098664998100000E-01  -6.870158074800000E-03   1.054377208400000E-01   4.781136453000000E-02
   1.087731126000000E-01   1.570004681100000E+00   1.590019767600000E+00   8.812874436400001E-02  -2.098571235700000E-01  -6.829617348400000E-03   1.083252651200000E-01   4.706173275200000E-02
   1.120562624900000E-01   1.617392868900000E+00   1.637856688800000E+00   9.340001469000001E-02  -2.098475320200000E-01  -6.786611137500000E-03   1.111662392800000E-01   4.628123364300000E-02
   1.153394123700000E-01   1.664781056700000E+00   1.685682268900000E+00   9.880643418500000E-02  -2.098377305000000E-01  -6.741074852900000E-03   1.139587754800000E-01   4.547023133500000E-02
   1.186225622500000E-01   1.712169244500000E+00   1.733496492500000E+00   1.043456313500000E-01  -2.098277244000000E-01  -6.692945008400000E-03   1.167010285200000E-01   4.462910562200000E-02
   1.219057121400000E-01   1.759557432200000E+00   1.781299368300000E+00   1.100151477300000E-01  -2.098175191000000E-01  -6.642159261900000E-03   1.193911767900000E-01   4.375825176500000E-02
   1.252178089600000E-01   1.807363433200000E+00   1.829512248100000E+00   1.158641132500000E-01  -2.098070274400000E-01  -6.588172469700000E-03   1.220504214900000E-01   4.285001451400000E-02
   1.285299057900000E-01   1.855169434100000E+00   1.877713670800000E+00   1.218404174100000E-01  -2.097963440000000E-01  -6.531358974000000E-03   1.246529909100000E-01   4.191237741500000E-02
   1.318420026100000E-01   1.902975435000000E+00   1.925903720000000E+00   1.279412746600000E-01  -2.097854742500000E-01  -6.471658561800000E-03   1.271970935400000E-01   4.094579284000000E-02
   1.351540994400000E-01   1.950781435900000E+00   1.974082505100000E+00   1.341638145800000E-01  -2.097744236000000E-01  -6.409012372000000E-03   1.296809661400000E-01   3.995072829200000E-02
   1.384661962600000E-01   1.998587436800000E+00   2.022250160900000E+00   1.405050832700000E-01  -2.097631974100000E-01  -6.343362935600000E-03   1.321028746400000E-01   3.892766616200000E-02
   1.417358556600000E-01   2.045780906100000E+00   2.069789891500000E+00   1.468785939200000E-01  -2.097519480300000E-01  -6.275554149100000E-03   1.344313089200000E-01   3.789073599100000E-02
   1.450055150500000E-01   2.092974375400000E+00   2.117319111200000E+00   1.533618540900000E-01  -2.097405377200000E-01  -6.204711465100000E-03   1.366960863600000E-01   3.682749737000000E-02
   1.482751744400000E-01   2.140167844700000E+00   2.164838022800000E+00   1.599517909200000E-01  -2.097289714000000E-01  -6.130783811300000E-03   1.388956274400000E-01   3.573845563600000E-02
   1.515448338300000E-01   2.187361314000000E+00   2.212346853100000E+00   1.666452579200000E-01  -2.097172538800000E-01  -6.053721582900000E-03   1.410283836600000E-01   3.462412928800000E-02
   1.548144932300000E-01   2.234554783400000E+00   2.259845852600000E+00   1.734390364500000E-01  -2.097053898600000E-01  -5.973476677000000E-03   1.430928383500000E-01   3.348504972600000E-02
   1.580707206100000E-01   2.281554378300000E+00   2.307140224500000E+00   1.803013353600000E-01  -2.096934335200000E-01  -5.890352112300000E-03   1.450794579400000E-01   3.232658863900000E-02
   1.613269479900000E-01   2.328553973200000E+00   2.354425411600000E+00   1.872565440200000E-01  -2.096813408100000E-01  -5.803980330200000E-03   1.469954311200000E-01   3.114466641700000E-02
   1.645831753700000E-01   2.375553568100000E+00   2.401701730100000E+00   1.943012789800000E-01  -2.096691159700000E-01  -5.714318455900000E-03   1.488393584500000E-01   2.993984450800000E-02
   1.678394027500000E-01   2.422553163100000E+00   2.448969517800000E+00   2.014320919500000E-01  -2.096567630900000E-01  -5.621325220400000E-03   1.506098747300000E-01   2.871269597800000E-02
   1.710956301300000E-01   2.469552758000000E+00   2.496229134400000E+00   2.086454713800000E-01  -2.096442860900000E-01  -5.524960990000000E-03   1.523056497100000E-01   2.746380522900000E-02
   1.743708944900000E-01   2.516827127900000E+00   2.543757187800000E+00   2.159807028600000E-01  -2.096316147300000E-01  -5.424594394000000E-03   1.539346322000000E-01   2.618628167200000E-02
   1.776461588400000E-01   2.564101497900000E+00   2.591277767200000E+00   2.233921565000000E-01  -2.096188252400000E-01  -5.320741950100000E-03   1.554854066700000E-01   2.488798032100000E-02
   1.809214231900000E-01   2.611375867800000E+00   2.638791300900000E+00   2.308760752500000E-01  -2.096059210300000E-01  -5.213368510300000E-03   1.569567304300000E-01   2.356952883300000E-02
   1.841966875400000E-01   2.658650237800000E+00   2.686298236500000E+00   2.384286441300000E-01  -2.095929053300000E-01  -5.102440716900000E-03   1.583473992400000E-01   2.223156526600000E-02
   1.874719518900000E-01   2.705924607700000E+00   2.733799040500000E+00   2.460459920600000E-01  -2.095797811600000E-01  -4.987927028600000E-03   1.596562479200000E-01   2.087473777100000E-02
   1.908152810100000E-01   2.754181407900000E+00   2.782281159500000E+00   2.538843749300000E-01  -2.095662752600000E-01  -4.867304297400000E-03   1.609067393900000E-01   1.947094072200000E-02
   1.941586101200000E-01   2.802438208100000E+00   2.830757927700000E+00   2.617819350800000E-01  -2.095526619400000E-01  -4.742884563700000E-03   1.620696481300000E-01   1.804888310600000E-02
   1.975019392400000E-01   2.850695008300000E+00   2.879229896100000E+00   2.697343858800000E-01  -2.095389436500000E-01  -4.614640302600000E-03   1.631438645400000E-01   1.660928478500000E-02
   2.008452683500000E-01   2.898951808500000E+00   2.927697632100000E+00   2.777373878000000E-01  -2.095251225700000E-01  -4.482546070500000E-03   1.641283239400000E-01   1.515287516500000E-02
   2.041885974700000E-01   2.947208608700000E+00   2.976161718600000E+00   2.857865505500000E-01  -2.095112006100000E-01  -4.346578530500000E-03   1.650220071400000E-01   1.368039282300000E-02
   2.075636789400000E-01   2.995923714600000E+00   3.025082985100000E+00   2.939544617300000E-01  -2.094970457400000E-01  -4.205369442300000E-03   1.658311143000000E-01   1.217838404800000E-02
   2.109387604000000E-01   3.044638820500000E+00   3.074001768000000E+00   3.021602762200000E-01  -2.094827910700000E-01  -4.060171926900000E-03   1.665457682400000E-01   1.066153505100000E-02
   2.143138418700000E-01   3.093353926400000E+00   3.122918707000000E+00   3.103993332100000E-01  -2.094684376600000E-01  -3.910968653300000E-03   1.671650648900000E-01   9.130631772700000E-03
   2.176889233400000E-01   3.142069032300000E+00   3.171834452200000E+00   3.186669282000000E-01  -2.094539862400000E-01  -3.757744571500000E-03   1.676881496400000E-01   7.586468110600000E-03
   2.210640048000000E-01   3.190784138300000E+00   3.220749663300000E+00   3.269583152200000E-01  -2.094394372300000E-01  -3.600486933400000E-03   1.681142177900000E-01   6.029845514100000E-03
   2.245488370600000E-01   3.241083360500000E+00   3.271255645100000E+00   3.355392106700000E-01  -2.094243128300000E-01  -3.433872124100000E-03   1.684515410700000E-01   4.410389202700000E-03
   2.280336693300000E-01   3.291382582700000E+00   3.321762511000000E+00   3.441350608300000E-01  -2.094090842400000E-01  -3.262937206900000E-03   1.686838582200000E-01   2.779410186200000E-03
   2.315185015900000E-01   3.341681805000000E+00   3.372271008200000E+00   3.527405184800000E-01  -2.093937508200000E-01  -3.087676002800000E-03   1.688104539800000E-01   1.137813244300000E-03
   2.350033338500000E-01   3.391981027200000E+00   3.422781887700000E+00   3.613502002200000E-01  -2.093783115800000E-01  -2.908085031800000E-03   1.688306717600000E-01  -5.134901514500000E-04
   2.384881661100000E-01   3.442280249400000E+00   3.473295902400000E+00   3.699586893700000E-01  -2.093627651100000E-01  -2.724163530200000E-03   1.687439140600000E-01  -2.173582324900000E-03
   2.422853748900000E-01   3.497088238500000E+00   3.528342389400000E+00   3.793310887800000E-01  -2.093457009300000E-01  -2.518827683600000E-03   1.685269612300000E-01  -3.991406331800000E-03
   2.460825836800000E-01   3.551896227500000E+00   3.583394463500000E+00   3.886885199500000E-01  -2.093285045500000E-01  -2.308358790800000E-03   1.681817421700000E-01  -5.817367255900000E-03
   2.498797924600000E-01   3.606704216500000E+00   3.638453090000000E+00   3.980238641900000E-01  -2.093111726400000E-01  -2.092767005200000E-03   1.677077265400000E-01  -7.650256830800000E-03
   2.536770012400000E-01   3.661512205600000E+00   3.693519225500000E+00   4.073299729600000E-01  -2.092937013400000E-01  -1.872066389900000E-03   1.671044692800000E-01  -9.488860946400000E-03
   2.574742100200000E-01   3.716320194600000E+00   3.748593814700000E+00   4.165996723100000E-01  -2.092760862800000E-01  -1.646274933000000E-03   1.663716109800000E-01  -1.133196041100000E-02
   2.610996791600000E-01   3.768649335400000E+00   3.801186241800000E+00   4.254095338000000E-01  -2.092591292800000E-01  -1.425964976400000E-03   1.655507048700000E-01  -1.309477089500000E-02
   2.647251483000000E-01   3.820978476200000E+00   3.853788017500000E+00   4.341733704300000E-01  -2.092420320900000E-01  -1.201056663300000E-03   1.646112413400000E-01  -1.485949605100000E-02
   2.683506174400000E-01   3.873307616900000E+00   3.906399919000000E+00   4.428848965200000E-01  -2.092247896100000E-01  -9.715757225600000E-04   1.635531276500000E-01  -1.662506560900000E-02
   2.719760865800000E-01   3.925636757700000E+00   3.959022703900000E+00   4.515378202900000E-01  -2.092073963500000E-01  -7.375511737700000E-04   1.623763430600000E-01  -1.839040756800000E-02
   2.756015557300000E-01   3.977965898500000E+00   4.011657107900000E+00   4.601258475600000E-01  -2.091898464300000E-01  -4.990153297600000E-04   1.610809389400000E-01  -2.015444880300000E-02
   2.791556083700000E-01   4.029264231000000E+00   4.063266654500000E+00   4.684756435400000E-01  -2.091724841000000E-01  -2.608337438000000E-04   1.596960335600000E-01  -2.188144315700000E-02
   2.827096610200000E-01   4.080562563400000E+00   4.114888695900000E+00   4.767511036400000E-01  -2.091549589400000E-01  -1.838766522900000E-05   1.581974380100000E-01  -2.360514442300000E-02
   2.862637136700000E-01   4.131860895900000E+00   4.166523851000000E+00   4.849463124100000E-01  -2.091372643900000E-01   2.282832551100000E-04   1.565854025900000E-01  -2.532454189300000E-02
   2.898177663200000E-01   4.183159228400000E+00   4.218172709900000E+00   4.930553659100000E-01  -2.091193935600000E-01   4.791363347400000E-04   1.548602441300000E-01  -2.703862605000000E-02
   2.933718189700000E-01   4.234457560800000E+00   4.269835832000000E+00   5.010723751500000E-01  -2.091013392800000E-01   7.341258663600000E-04   1.530223459600000E-01  -2.874638911800000E-02
   2.969353041100000E-01   4.285892039700000E+00   4.321650918000000E+00   5.090123514400000E-01  -2.090830454200000E-01   9.938961139700001E-04   1.510668329300000E-01  -3.045132794900000E-02
   3.004987892600000E-01   4.337326518600000E+00   4.373481369000000E+00   5.168479970500000E-01  -2.090645518600000E-01   1.257723668200000E-03   1.489989530200000E-01  -3.214789060900000E-02
   3.040622744100000E-01   4.388760997500000E+00   4.425327644400000E+00   5.245734421500000E-01  -2.090458505900000E-01   1.525553356200000E-03   1.468192929300000E-01  -3.383506986600000E-02
   3.076257595600000E-01   4.440195476400000E+00   4.477190165400000E+00   5.321828460100000E-01  -2.090269333500000E-01   1.797326993600000E-03   1.445285057200000E-01  -3.551186245400000E-02
   3.111892447100000E-01   4.491629955300000E+00   4.529069312800000E+00   5.396704005300000E-01  -2.090077916900000E-01   2.072983400200000E-03   1.421273106200000E-01  -3.717726963100000E-02
   3.145729305000000E-01   4.540469254000000E+00   4.578346541800000E+00   5.466621272300000E-01  -2.089894002600000E-01   2.338266771300000E-03   1.397457916600000E-01  -3.874720441000000E-02
   3.179566162900000E-01   4.589308552600000E+00   4.627639321800000E+00   5.535338773700000E-01  -2.089707911600000E-01   2.606935754000000E-03   1.372661593000000E-01  -4.030513168300000E-02
   3.213403020800000E-01   4.638147851300000E+00   4.676947870200000E+00   5.602807773400000E-01  -2.089519567300000E-01   2.878930560700000E-03   1.346891932100000E-01  -4.185021037100000E-02
   3.247239878700000E-01   4.686987149900000E+00   4.726272366900000E+00   5.668979912100000E-01  -2.089328892500000E-01   3.154189033100000E-03   1.320157256500000E-01  -4.338160478900000E-02
   3.281076736600000E-01   4.735826448600000E+00   4.775612953400000E+00   5.733807234800000E-01  -2.089135808700000E-01   3.432646660700000E-03   1.292466411200000E-01  -4.489848506300000E-02
   3.314299803400000E-01   4.783779816000000E+00   4.824074268800000E+00   5.796104201500000E-01  -2.088943807300000E-01   3.709101147800000E-03   1.264356613400000E-01  -4.637293138500000E-02
   3.347522870200000E-01   4.831733183500000E+00   4.872551252200000E+00   5.857014327400000E-01  -2.088749332700000E-01   3.988509909500000E-03   1.235343392300000E-01  -4.783181786300000E-02
   3.380745937000000E-01   4.879686551000000E+00   4.921043923900000E+00   5.916493508300000E-01  -2.088552309500000E-01   4.270805382800000E-03   1.205436568500000E-01  -4.927437760500000E-02
   3.413969003900000E-01   4.927639918500000E+00   4.969552265100000E+00   5.974498115200000E-01  -2.088352662600000E-01   4.555917901000000E-03   1.174646432800000E-01  -5.069985061700000E-02
   3.447192070700000E-01   4.975593285900000E+00   5.018076217300000E+00   6.030985018700000E-01  -2.088150316900000E-01   4.843775717300000E-03   1.142983741900000E-01  -5.210748417300000E-02
   3.480492389800000E-01   5.023658157500000E+00   5.066728567000000E+00   6.086037481100000E-01  -2.087944717600000E-01   5.134983639800000E-03   1.110383092000000E-01  -5.349974084200000E-02
   3.513792708900000E-01   5.071723029100000E+00   5.115396361400000E+00   6.139480019700000E-01  -2.087736257400000E-01   5.428799130100000E-03   1.076928851300000E-01  -5.487258417400000E-02
   3.547093028000000E-01   5.119787900600000E+00   5.164079419000000E+00   6.191270861400000E-01  -2.087524862600000E-01   5.725143800800000E-03   1.042633232100000E-01  -5.622528033500000E-02
   3.580393347100000E-01   5.167852772200000E+00   5.212777516900000E+00   6.241368835300000E-01  -2.087310460100000E-01   6.023937271500000E-03   1.007508897000000E-01  -5.755710427200000E-02
   3.613693666200000E-01   5.215917643800000E+00   5.261490390100000E+00   6.289733396100000E-01  -2.087092978500000E-01   6.325097197800000E-03   9.715689534800000E-02  -5.886734006400000E-02
   3.645676195200000E-01   5.262080449200000E+00   5.308289179000000E+00   6.334515085700000E-01  -2.086881139000000E-01   6.616488914400000E-03   9.362960053699999E-02  -6.010474607100000E-02
   3.677658724300000E-01   5.308243254700000E+00   5.355101005800000E+00   6.377626275800000E-01  -2.086666333500000E-01   6.909909454500000E-03   9.002955939700000E-02  -6.132096973200000E-02
   3.709641253400000E-01   5.354406060100000E+00   5.401925526300000E+00   6.419032798300000E-01  -2.086448502500000E-01   7.205280912200000E-03   8.635804601300000E-02  -6.251540237600001E-02
   3.741623782400000E-01   5.400568865600000E+00   5.448762360700000E+00   6.458701096300000E-01  -2.086227588200000E-01   7.502523818400000E-03   8.261637029600000E-02  -6.368744425500000E-02
   3.773606311500000E-01   5.446731671000000E+00   5.495611093600000E+00   6.496598242100000E-01  -2.086003534800000E-01   7.801557169100000E-03   7.880587744799999E-02  -6.483650480800000E-02
   3.805451496000000E-01   5.492696236600000E+00   5.542270015900000E+00   6.532540857800000E-01  -2.085777271100000E-01   8.101003430800001E-03   7.494474282900000E-02  -6.595722083800000E-02
   3.837296680500000E-01   5.538660802200000E+00   5.588939808400000E+00   6.566664288100000E-01  -2.085547790700000E-01   8.402060088400000E-03   7.101814484799999E-02  -6.705401232200001E-02
   3.869141865000000E-01   5.584625367900000E+00   5.635619957800000E+00   6.598937996000001E-01  -2.085315044700000E-01   8.704642819400000E-03   6.702751241600000E-02  -6.812632502500000E-02
   3.900987049400000E-01   5.630589933500000E+00   5.682309916700000E+00   6.629332134400000E-01  -2.085078986800000E-01   9.008665913500000E-03   6.297430687000000E-02  -6.917361478300001E-02
   3.932832233900000E-01   5.676554499100000E+00   5.729009104800000E+00   6.657817562700000E-01  -2.084839573300000E-01   9.314042304699999E-03   5.886002137000000E-02  -7.019534775600000E-02
   3.963973852100000E-01   5.721503554200000E+00   5.774684889200000E+00   6.683800447600000E-01  -2.084602164500000E-01   9.613895847700000E-03   5.477902668200000E-02  -7.116928878400000E-02
   3.995115470300000E-01   5.766452609300000E+00   5.820368310100000E+00   6.707904961100000E-01  -2.084361471700000E-01   9.914875176900000E-03   5.064253262500000E-02  -7.211781002400000E-02
   4.026257088500000E-01   5.811401664500000E+00   5.866058735800000E+00   6.730105903000000E-01  -2.084117462000000E-01   1.021689529200000E-02   4.645202041800000E-02  -7.304044221900000E-02
   4.057398706700000E-01   5.856350719600000E+00   5.911755506100000E+00   6.750378778200000E-01  -2.083870105400000E-01   1.051987007700000E-02   4.220899807500000E-02  -7.393672641700000E-02
   4.088540324900000E-01   5.901299774700000E+00   5.957457933800000E+00   6.768699810000000E-01  -2.083619375000000E-01   1.082371233000000E-02   3.791499980400000E-02  -7.480621418000000E-02
   4.119741928600000E-01   5.946335411500000E+00   6.003253351400000E+00   6.785075520200000E-01  -2.083364754000000E-01   1.112892125700000E-02   3.356317237300000E-02  -7.565006358500000E-02
   4.150943532300000E-01   5.991371048200000E+00   6.049052987200000E+00   6.799446299800000E-01  -2.083106701500000E-01   1.143482261100000E-02   2.916333220800000E-02  -7.646614452800000E-02
   4.182145136000000E-01   6.036406685000000E+00   6.094856071800000E+00   6.811790485300000E-01  -2.082845200300000E-01   1.174132560700000E-02   2.471709776900000E-02  -7.725403891700000E-02
   4.213346739700000E-01   6.081442321700000E+00   6.140661811400000E+00   6.822087189300000E-01  -2.082580236500000E-01   1.204833850400000E-02   2.022611137100000E-02  -7.801334003200000E-02
   4.244548343400000E-01   6.126477958500000E+00   6.186469389000000E+00   6.830316312900000E-01  -2.082311800000000E-01   1.235576863600000E-02   1.569203852400000E-02  -7.874365271700000E-02
   4.276036895700000E-01   6.171927769800000E+00   6.232699250400000E+00   6.836505303000000E-01  -2.082037367700000E-01   1.266635394700000E-02   1.107430168100000E-02  -7.945090236200000E-02
   4.307525447900000E-01   6.217377581100000E+00   6.278929244200000E+00   6.840549856700000E-01  -2.081759389400000E-01   1.297717188500000E-02   6.416159077800000E-03  -8.012785567500000E-02
   4.339014000200000E-01   6.262827392400000E+00   6.325158465100000E+00   6.842431829400000E-01  -2.081477866600000E-01   1.328812457000000E-02   1.719390212000000E-03  -8.077414341800000E-02
   4.370502552400000E-01   6.308277203700000E+00   6.371385987700000E+00   6.842133940900000E-01  -2.081192804900000E-01   1.359911331700000E-02  -3.014204233700000E-03  -8.138940907200000E-02
   4.401991104700000E-01   6.353727015000000E+00   6.417610868500000E+00   6.839639785500000E-01  -2.080904214100000E-01   1.391003867600000E-02  -7.782803139400000E-03  -8.197330900400000E-02
   4.433914117700000E-01   6.399803916400000E+00   6.464469851400000E+00   6.834853374199999E-01  -2.080608053700000E-01   1.422508656400000E-02  -1.265104087000000E-02  -8.253290843300000E-02
   4.465837130700000E-01   6.445880817800000E+00   6.511324113800000E+00   6.827778489500000E-01  -2.080308300200000E-01   1.453986124300000E-02  -1.755142578300000E-02  -8.305960030800000E-02
   4.497760143700000E-01   6.491957719200000E+00   6.558172622800000E+00   6.818400852499999E-01  -2.080004977700000E-01   1.485425693400000E-02  -2.248200083900000E-02  -8.355306815499999E-02
   4.529683156700000E-01   6.538034620700000E+00   6.605014331900000E+00   6.806707148700000E-01  -2.079698115100000E-01   1.516816722400000E-02  -2.744079069100000E-02  -8.401300977499999E-02
   4.561606169700000E-01   6.584111522100000E+00   6.651848182100000E+00   6.792685035900000E-01  -2.079387746300000E-01   1.548148510600000E-02  -3.242580253200000E-02  -8.443913739900000E-02
   4.594424063500000E-01   6.631480072700000E+00   6.699985583100000E+00   6.775830671400001E-01  -2.079065062600000E-01   1.580285534500000E-02  -3.757577706200000E-02  -8.484167397000000E-02
   4.627241957300000E-01   6.678848623300000E+00   6.748112376300000E+00   6.756492268800000E-01  -2.078738761700000E-01   1.612336842600000E-02  -4.274914010200000E-02  -8.520790492999999E-02
   4.660059851100000E-01   6.726217173900000E+00   6.796227382000000E+00   6.734659685400000E-01  -2.078408896500000E-01   1.644290644000000E-02  -4.794367458700000E-02  -8.553756625400000E-02
   4.692877745000000E-01   6.773585724500000E+00   6.844329413900000E+00   6.710323897500000E-01  -2.078075525800000E-01   1.676135102300000E-02  -5.315714789600000E-02  -8.583041064900000E-02
   4.725695638800000E-01   6.820954275100000E+00   6.892417281600000E+00   6.683477007300000E-01  -2.077738713700000E-01   1.707858341000000E-02  -5.838731287500000E-02  -8.608620768800000E-02
   4.762285869500000E-01   6.873767725200000E+00   6.946014572300000E+00   6.650575230800000E-01  -2.077359214300000E-01   1.743070584700000E-02  -6.423558456500000E-02  -8.632746742800000E-02
   4.798876100200000E-01   6.926581175300000E+00   6.999591119100000E+00   6.614535791300000E-01  -2.076975629200000E-01   1.778100780300000E-02  -7.009864379300000E-02  -8.652213769600001E-02
   4.835466331000000E-01   6.979394625400000E+00   7.053145271500000E+00   6.575352744300000E-01  -2.076588072300000E-01   1.812932340100000E-02  -7.597332163999999E-02  -8.666997441400000E-02
   4.872056561700000E-01   7.032208075500000E+00   7.106675385700000E+00   6.533021917300000E-01  -2.076196666300000E-01   1.847548649900000E-02  -8.185643353900000E-02  -8.677076032599999E-02
   4.908646792400000E-01   7.085021525600000E+00   7.160179827500000E+00   6.487540914500000E-01  -2.075801542400000E-01   1.881933078100000E-02  -8.774478110099999E-02  -8.682430515700000E-02
   4.943078944500000E-01   7.134720057400000E+00   7.210503699900000E+00   6.441864830600000E-01  -2.075426452500000E-01   1.914062857000000E-02  -9.328774345400000E-02  -8.683140164800000E-02
   4.977511096600000E-01   7.184418589200000E+00   7.260802067400000E+00   6.393399575700000E-01  -2.075048317500000E-01   1.945958700800000E-02  -9.882981589100000E-02  -8.679640663300001E-02
   5.011943248700000E-01   7.234117121000000E+00   7.311073609500000E+00   6.342147479200000E-01  -2.074667267600000E-01   1.977606753200000E-02  -1.043683084000000E-01  -8.671922765400000E-02
   5.046375400799999E-01   7.283815652800000E+00   7.361317024400000E+00   6.288112269500000E-01  -2.074283439300000E-01   2.008993172400000E-02  -1.099005257400000E-01  -8.659979377500000E-02
   5.080807552900000E-01   7.333514184600000E+00   7.411531031400000E+00   6.231299073300000E-01  -2.073896975500000E-01   2.040104139200000E-02  -1.154237688400000E-01  -8.643805564900001E-02
   5.114221176200000E-01   7.381742596700000E+00   7.460230364700000E+00   6.173516679700000E-01  -2.073519565200000E-01   2.070018414400000E-02  -1.207724929500000E-01  -8.624062980000000E-02
   5.147634799400000E-01   7.429971008800000E+00   7.508899695500000E+00   6.113131571000000E-01  -2.073139955600000E-01   2.099647734900000E-02  -1.261077520400000E-01  -8.600333345000000E-02
   5.181048422700000E-01   7.478199420800000E+00   7.557537924600000E+00   6.050152195700000E-01  -2.072758294200000E-01   2.128979568100000E-02  -1.314270765300000E-01  -8.572618001600001E-02
   5.214462046000000E-01   7.526427832900000E+00   7.606143980300000E+00   5.984588230900000E-01  -2.072374733400000E-01   2.158001425100000E-02  -1.367279982900000E-01  -8.540920216300001E-02
   5.247875669299999E-01   7.574656245000000E+00   7.654716820800000E+00   5.916450577800000E-01  -2.071989430900000E-01   2.186700866700000E-02  -1.420080517900000E-01  -8.505245180700000E-02
   5.280650302400000E-01   7.621962354100000E+00   7.702327528100000E+00   5.847127327100000E-01  -2.071609961900000E-01   2.214526290300000E-02  -1.471644816700000E-01  -8.466395352900000E-02
   5.313424935500000E-01   7.669268463300000E+00   7.749904385300000E+00   5.775352111499999E-01  -2.071229131600000E-01   2.242017967700000E-02  -1.522961468500000E-01  -8.423734290700000E-02
   5.346199568500000E-01   7.716574572400000E+00   7.797446504200000E+00   5.701138618300000E-01  -2.070847102300000E-01   2.269164331600000E-02  -1.574007345400000E-01  -8.377272282100000E-02
   5.378974201600000E-01   7.763880681500000E+00   7.844953031800000E+00   5.624501644200000E-01  -2.070464040500000E-01   2.295953882000000E-02  -1.624759387700000E-01  -8.327021387800000E-02
   5.411748834700000E-01   7.811186790700000E+00   7.892423151600000E+00   5.545457088000000E-01  -2.070080116300000E-01   2.322375191600000E-02  -1.675194613900000E-01  -8.272995437300000E-02
   5.443583034100000E-01   7.857135500700000E+00   7.938495572600000E+00   5.466391789100000E-01  -2.069706547900000E-01   2.347675064100000E-02  -1.723857636900000E-01  -8.216920349400000E-02
   5.475417233500000E-01   7.903084210700000E+00   7.984532234500000E+00   5.385087671000000E-01  -2.069332493000000E-01   2.372606491600000E-02  -1.772179279900000E-01  -8.157314317700000E-02
   5.507251432900000E-01   7.949032920700000E+00   8.030532497499999E+00   5.301562244000000E-01  -2.068958117300000E-01   2.397159227100000E-02  -1.820138754200000E-01  -8.094194775100000E-02
   5.539085632300000E-01   7.994981630700000E+00   8.076495760500000E+00   5.215833968900000E-01  -2.068583589600000E-01   2.421323105800000E-02  -1.867715378500000E-01  -8.027580704999999E-02
   5.570919831700000E-01   8.040930340699999E+00   8.122421461600000E+00   5.127922247300000E-01  -2.068209081100000E-01   2.445088050200000E-02  -1.914888588100000E-01  -7.957492634100000E-02
   5.602390418400000E-01   8.086354221000001E+00   8.167785165100000E+00   5.038888388500000E-01  -2.067839039300000E-01   2.468179645600000E-02  -1.961106438400000E-01  -7.884812005100000E-02
   5.633861005200000E-01   8.131778101300000E+00   8.213111187899999E+00   4.947761078900000E-01  -2.067469356200000E-01   2.490862052000000E-02  -2.006890444800000E-01  -7.808780618800000E-02
   5.665331591900000E-01   8.177201981700000E+00   8.258399108400001E+00   4.854561721100000E-01  -2.067100204100000E-01   2.513125808600000E-02  -2.052221127100000E-01  -7.729422701900000E-02
   5.696802178700000E-01   8.222625861999999E+00   8.303648546900000E+00   4.759312579600000E-01  -2.066731756800000E-01   2.534961553500000E-02  -2.097079150800000E-01  -7.646763918600000E-02
   5.728272765400000E-01   8.268049742300001E+00   8.348859167000001E+00   4.662036770400000E-01  -2.066364190000000E-01   2.556360028000000E-02  -2.141445335300000E-01  -7.560831359900000E-02
   5.759872357100000E-01   8.313659825300000E+00   8.394215763300000E+00   4.562347198000000E-01  -2.065996180500000E-01   2.577397036200000E-02  -2.185479357400000E-01  -7.471281334500000E-02
   5.791471948800000E-01   8.359269908300000E+00   8.439532676500001E+00   4.460663558000000E-01  -2.065629417700000E-01   2.597974802200000E-02  -2.228979244600000E-01  -7.378489662800000E-02
   5.823071540500000E-01   8.404879991300000E+00   8.484809702200000E+00   4.357011778100000E-01  -2.065264082900000E-01   2.618084290000000E-02  -2.271926098100000E-01  -7.282488040900000E-02
   5.854671132300000E-01   8.450490074199999E+00   8.530046682600000E+00   4.251418607000000E-01  -2.064900358500000E-01   2.637716583400000E-02  -2.314301208800000E-01  -7.183309564800000E-02
   5.886270724000000E-01   8.496100157200001E+00   8.575243508000000E+00   4.143911602300000E-01  -2.064538427300000E-01   2.656862890500000E-02  -2.356086065600000E-01  -7.080988716100001E-02
   5.918639732300000E-01   8.542820797399999E+00   8.621499130300000E+00   4.031832257100000E-01  -2.064169734300000E-01   2.675962453700000E-02  -2.398257220600000E-01  -6.972955872000000E-02
   5.951008740600000E-01   8.589541437699999E+00   8.667712540300000E+00   3.917805828800000E-01  -2.063803312600000E-01   2.694533814200000E-02  -2.439770379200000E-01  -6.861703401200001E-02
   5.983377749000000E-01   8.636262077900000E+00   8.713883778400000E+00   3.801864495900000E-01  -2.063439359200000E-01   2.712567949900000E-02  -2.480606343800000E-01  -6.747272787600000E-02
   6.015746757300000E-01   8.682982718200000E+00   8.760012939799999E+00   3.684041271400000E-01  -2.063078071100000E-01   2.730055991200000E-02  -2.520746170100000E-01  -6.629706970200000E-02
   6.048115765700000E-01   8.729703358400000E+00   8.806100174299999E+00   3.564369988100000E-01  -2.062719644300000E-01   2.746989224400000E-02  -2.560171176000000E-01  -6.509050322700000E-02
   6.080800356000000E-01   8.776879502100000E+00   8.852594403700000E+00   3.441692056300000E-01  -2.062360825400000E-01   2.763515893300000E-02  -2.599236506300000E-01  -6.384127768599999E-02
   6.113484946400000E-01   8.824055645700000E+00   8.899046361900000E+00   3.317201648300000E-01  -2.062005323400000E-01   2.779459525200000E-02  -2.637535571200000E-01  -6.256149093299999E-02
   6.146169536700000E-01   8.871231789399999E+00   8.945456374300001E+00   3.190936044400000E-01  -2.061653336800000E-01   2.794811657300000E-02  -2.675050002500000E-01  -6.125164305200000E-02
   6.178854127100000E-01   8.918407932999999E+00   8.991824824000000E+00   3.062933312900000E-01  -2.061305062800000E-01   2.809564004300000E-02  -2.711761739400000E-01  -5.991224815200000E-02
   6.211538717500000E-01   8.965584076700001E+00   9.038152151200000E+00   2.933232292700000E-01  -2.060960696400000E-01   2.823708462400000E-02  -2.747653036800000E-01  -5.854383412000000E-02
   6.244107500400000E-01   9.012593066699999E+00   9.084274922200001E+00   2.802340889500000E-01  -2.060621628500000E-01   2.837190274600000E-02  -2.782583772300000E-01  -5.715194144400000E-02
   6.276676283300000E-01   9.059602056699999E+00   9.130357903600000E+00   2.669842425500000E-01  -2.060286820400000E-01   2.850052986500000E-02  -2.816665665300000E-01  -5.573232129300000E-02
   6.309245066200000E-01   9.106611046599999E+00   9.176401699400000E+00   2.535777512400000E-01  -2.059956457700000E-01   2.862289138600000E-02  -2.849882142700000E-01  -5.428553529600000E-02
   6.341813849100000E-01   9.153620036600000E+00   9.222406968500000E+00   2.400187454700000E-01  -2.059630723200000E-01   2.873891464000000E-02  -2.882216973900000E-01  -5.281215765000000E-02
   6.374382632000000E-01   9.200629026600000E+00   9.268374424799999E+00   2.263114233000000E-01  -2.059309796200000E-01   2.884852891600000E-02  -2.913654279100000E-01  -5.131277485200000E-02
   6.407306209800000E-01   9.248150119000000E+00   9.314804987500001E+00   2.123083784800000E-01  -2.058990439000000E-01   2.895275311600000E-02  -2.944505975000000E-01  -4.977123715200000E-02
   6.440229787700000E-01   9.295671211400000E+00   9.361198542000000E+00   1.981625970800000E-01  -2.058676352400000E-01   2.905028882300000E-02  -2.974408966100000E-01  -4.820436677000000E-02
   6.473153365500000E-01   9.343192303800000E+00   9.407555991200001E+00   1.838786156900000E-01  -2.058367710100000E-01   2.914106928200000E-02  -3.003347985100000E-01  -4.661280615700000E-02
   6.506076943400000E-01   9.390713396200001E+00   9.453878292300001E+00   1.694610342200000E-01  -2.058064681500000E-01   2.922502990900000E-02  -3.031308160400000E-01  -4.499720941900000E-02
   6.539000521200000E-01   9.438234488599999E+00   9.500166454700000E+00   1.549145141000000E-01  -2.057767431200000E-01   2.930210832300000E-02  -3.058275023100000E-01  -4.335824200200000E-02
   6.572481795700000E-01   9.486560546800000E+00   9.547204782200000E+00   1.399942246400000E-01  -2.057471236500000E-01   2.937337227800000E-02  -3.084665488800000E-01  -4.166824177900000E-02
   6.605963070200001E-01   9.534886605000001E+00   9.594210071999999E+00   1.249505002500000E-01  -2.057181345100000E-01   2.943739581700000E-02  -3.109999822100000E-01  -3.995549480600000E-02
   6.639444344700000E-01   9.583212663199999E+00   9.641183546400001E+00   1.097884271500000E-01  -2.056897913900000E-01   2.949412051400000E-02  -3.134264130600000E-01  -3.822073495300000E-02
   6.672925619200000E-01   9.631538721400000E+00   9.688126478399999E+00   9.451314935400000E-02  -2.056621093500000E-01   2.954349041700000E-02  -3.157444981000000E-01  -3.646470681500000E-02
   6.706406893700000E-01   9.679864779600001E+00   9.735040190599999E+00   7.912986670500000E-02  -2.056351028300000E-01   2.958545207200000E-02  -3.179529404900000E-01  -3.468816535100000E-02
   6.740440891200000E-01   9.728988624599999E+00   9.782699838699999E+00   6.338735059800001E-02  -2.056083570400000E-01   2.962046127300000E-02  -3.200841805800000E-01  -3.286206026100000E-02
   6.774474888599999E-01   9.778112469700000E+00   9.830332197900001E+00   4.754423583300000E-02  -2.055823372700000E-01   2.964771220600000E-02  -3.220995750600000E-01  -3.101636305500000E-02
   6.808508886000000E-01   9.827236314700000E+00   9.877938802799999E+00   3.160614846100000E-02  -2.055570565800000E-01   2.966715683300000E-02  -3.239979136400000E-01  -2.915189723600000E-02
   6.842542883500000E-01   9.876360159800001E+00   9.925521233000000E+00   1.557876545000000E-02  -2.055325272100000E-01   2.967874989400000E-02  -3.257780383000000E-01  -2.726949574800000E-02
   6.876576880900001E-01   9.925484004799999E+00   9.973081110700001E+00  -5.321874933500000E-04  -2.055087606500000E-01   2.968244892600000E-02  -3.274388438400000E-01  -2.537000055500000E-02
   6.911084377000000E-01   9.975291286399999E+00   1.002128134600000E+01  -1.694668565500000E-02  -2.054854531900000E-01   2.967809924400000E-02  -3.289998560600000E-01  -2.342749897100000E-02
   6.945591873200000E-01   1.002509856800000E+01   1.006946188000000E+01  -3.343509805900000E-02  -2.054629511300000E-01   2.966555528700000E-02  -3.304360852000000E-01  -2.146919429800000E-02
   6.980099369300000E-01   1.007490585000000E+01   1.011762452200000E+01  -4.999131703500000E-02  -2.054412638400000E-01   2.964478176000000E-02  -3.317465491000000E-01  -1.949598985600000E-02
   7.014606865400000E-01   1.012471313100000E+01   1.016577111800000E+01  -6.660919268899999E-02  -2.054203997700000E-01   2.961574642000000E-02  -3.329303236400000E-01  -1.750879667600000E-02
   7.049114361500000E-01   1.017452041300000E+01   1.021390354500000E+01  -8.328253523300000E-02  -2.054003664600000E-01   2.957842009600000E-02  -3.339865432300000E-01  -1.550853304000000E-02
   7.084467297900000E-01   1.022554798200000E+01   1.026320252500000E+01  -1.004153887900000E-01  -2.053807107300000E-01   2.953155385900000E-02  -3.349355164900000E-01  -1.344667504900000E-02
   7.119820234300001E-01   1.027657555200000E+01   1.031249071500000E+01  -1.175931893700000E-01  -2.053619399000000E-01   2.947593338900000E-02  -3.357489588600000E-01  -1.137307086600000E-02
   7.155173170800000E-01   1.032760312100000E+01   1.036177021800000E+01  -1.348091661400000E-01  -2.053440589400000E-01   2.941153747500000E-02  -3.364261334600000E-01  -9.288728500400001E-03
   7.190526107200000E-01   1.037863069100000E+01   1.041104316200000E+01  -1.520565147000000E-01  -2.053270717400000E-01   2.933834837400000E-02  -3.369663696600000E-01  -7.194661843300000E-03
   7.225879043600000E-01   1.042965826000000E+01   1.046031169200000E+01  -1.693283998100000E-01  -2.053109811000000E-01   2.925635181800000E-02  -3.373690634700000E-01  -5.091890128000000E-03
   7.263281113900000E-01   1.048364350000000E+01   1.051243352900000E+01  -1.876204958200000E-01  -2.052949356900000E-01   2.916000266800000E-02  -3.376447716700000E-01  -2.858897012100000E-03
   7.300683184200000E-01   1.053762873900000E+01   1.056455541900000E+01  -2.059242141000000E-01  -2.052798963500000E-01   2.905377498200000E-02  -3.377653765900000E-01  -6.185244966800000E-04
   7.338085254500000E-01   1.059161397900000E+01   1.061667994600000E+01  -2.242313675200000E-01  -2.052658623500000E-01   2.893766469400000E-02  -3.377304088900000E-01   1.628004997400000E-03
   7.375487324800000E-01   1.064559921900000E+01   1.066880969900000E+01  -2.425337439400000E-01  -2.052528315700000E-01   2.881167216500000E-02  -3.375394841400000E-01   3.879465144200000E-03
   7.412889395200000E-01   1.069958445800000E+01   1.072094726500000E+01  -2.608231097600000E-01  -2.052408004800000E-01   2.867580219500000E-02  -3.371923030400000E-01   6.134626431100000E-03
   7.447602647000000E-01   1.074968872300000E+01   1.076934593400000E+01  -2.777788139700000E-01  -2.052305245100000E-01   2.854087003000000E-02  -3.367300821300000E-01   8.229900883000000E-03
   7.482315898800000E-01   1.079979298700000E+01   1.081775562000000E+01  -2.947095954600000E-01  -2.052211004400000E-01   2.839744830100000E-02  -3.361329734400000E-01   1.032631596500000E-02
   7.517029150700000E-01   1.084989725100000E+01   1.086617837200000E+01  -3.116088381600000E-01  -2.052125222400000E-01   2.824555115400000E-02  -3.354009353200000E-01   1.242288457800000E-02
   7.551742402500000E-01   1.090000151600000E+01   1.091461622300000E+01  -3.284699203400000E-01  -2.052047828500000E-01   2.808519605000000E-02  -3.345339896500000E-01   1.451861931100000E-02
   7.586455654299999E-01   1.095010578000000E+01   1.096307119300000E+01  -3.452862170800000E-01  -2.051978742000000E-01   2.791640376700000E-02  -3.335322218800000E-01   1.661253293000000E-02
   7.619644285300000E-01   1.099800944400000E+01   1.100941584700000E+01  -3.613159520000000E-01  -2.051920374300000E-01   2.774715761600000E-02  -3.324485188100000E-01   1.861186905100000E-02
   7.652832916300000E-01   1.104591310700000E+01   1.105577970000000E+01  -3.772929039500000E-01  -2.051869429600000E-01   2.757024504600000E-02  -3.312418966000000E-01   2.060777748200000E-02
   7.686021547400000E-01   1.109381677100000E+01   1.110216445500000E+01  -3.932112877600000E-01  -2.051825811700000E-01   2.738569272900000E-02  -3.299125926400000E-01   2.259939836300000E-02
   7.719210178400000E-01   1.114172043500000E+01   1.114857178700000E+01  -4.090653239400000E-01  -2.051789416600000E-01   2.719353010400000E-02  -3.284608971400000E-01   2.458587357400000E-02
   7.752398809400000E-01   1.118962409900000E+01   1.119500334900000E+01  -4.248492407100000E-01  -2.051760132100000E-01   2.699378938000000E-02  -3.268871530600000E-01   2.656634713100000E-02
   7.784784235600000E-01   1.123636843600000E+01   1.124033611500000E+01  -4.401780634700000E-01  -2.051738296200000E-01   2.679161082500000E-02  -3.252342196900000E-01   2.849228918100000E-02
   7.817169661800000E-01   1.128311277300000E+01   1.128569496700000E+01  -4.554292904600000E-01  -2.051722998100000E-01   2.658228484200000E-02  -3.234658658100000E-01   3.041091354100000E-02
   7.849555087900000E-01   1.132985711100000E+01   1.133108134800000E+01  -4.705975915800000E-01  -2.051714112700000E-01   2.636584894800000E-02  -3.215825544200000E-01   3.232143283100000E-02
   7.881940514100000E-01   1.137660144800000E+01   1.137649666700000E+01  -4.856776513200000E-01  -2.051711507800000E-01   2.614234314900000E-02  -3.195847957300000E-01   3.422306296900000E-02
   7.914325940300000E-01   1.142334578500000E+01   1.142194229400000E+01  -5.006641705600000E-01  -2.051715045000000E-01   2.591180993300000E-02  -3.174731469000000E-01   3.611502349900000E-02
   7.946516223800000E-01   1.146980845800000E+01   1.146714543800000E+01  -5.154624672100000E-01  -2.051724504400000E-01   2.567574625900000E-02  -3.152619564700000E-01   3.798523343200000E-02
   7.978706507300000E-01   1.151627113200000E+01   1.151238111400000E+01  -5.301579639900000E-01  -2.051739740900000E-01   2.543283058300000E-02  -3.129394794700000E-01   3.984436441700000E-02
   8.010896790800000E-01   1.156273380500000E+01   1.155765055100000E+01  -5.447455166000000E-01  -2.051760600300000E-01   2.518311186400000E-02  -3.105063996100000E-01   4.169166260300000E-02
   8.043087074300000E-01   1.160919647800000E+01   1.160295493600000E+01  -5.592200043700000E-01  -2.051786923000000E-01   2.492664144800000E-02  -3.079634454400000E-01   4.352637895100000E-02
   8.075277357800000E-01   1.165565915100000E+01   1.164829540800000E+01  -5.735763321100000E-01  -2.051818544100000E-01   2.466347305100000E-02  -3.053113900700000E-01   4.534776954300000E-02
   8.107664029400000E-01   1.170240528600000E+01   1.169395002000000E+01  -5.878958775499999E-01  -2.051855532900000E-01   2.439199641400000E-02  -3.025338798300000E-01   4.716607745100000E-02
   8.140050701000000E-01   1.174915142100000E+01   1.173964333300000E+01  -6.020855560400000E-01  -2.051897534000000E-01   2.411385609800000E-02  -2.996476377300000E-01   4.896940276300000E-02
   8.172437372600000E-01   1.179589755600000E+01   1.178537635900000E+01  -6.161402686700000E-01  -2.051944364300000E-01   2.382911400400000E-02  -2.966535856400000E-01   5.075700544000000E-02
   8.204824044200000E-01   1.184264369100000E+01   1.183115005900000E+01  -6.300549506799999E-01  -2.051995835700000E-01   2.353783440800000E-02  -2.935526896400000E-01   5.252815193600000E-02
   8.237210715800000E-01   1.188938982600000E+01   1.187696533900000E+01  -6.438245735400000E-01  -2.052051756000000E-01   2.324008394500000E-02  -2.903459596900000E-01   5.428211550700000E-02
   8.270664139100000E-01   1.193767568400000E+01   1.192433423900000E+01  -6.578901385300000E-01  -2.052113980900000E-01   2.292580533900000E-02  -2.869236047200000E-01   5.607504607800000E-02
   8.304117562400000E-01   1.198596154300000E+01   1.197174928200000E+01  -6.717901522900001E-01  -2.052180522400000E-01   2.260477480400000E-02  -2.833906622800000E-01   5.784809052600000E-02
   8.337570985700000E-01   1.203424740100000E+01   1.201921127200000E+01  -6.855192085900000E-01  -2.052251155600000E-01   2.227707358500000E-02  -2.797483898700000E-01   5.960047279300000E-02
   8.371024409000000E-01   1.208253326000000E+01   1.206672094800000E+01  -6.990719520499999E-01  -2.052325652100000E-01   2.194278552700000E-02  -2.759980928000000E-01   6.133142593600000E-02
   8.404477832300000E-01   1.213081911800000E+01   1.211427897600000E+01  -7.124430805800001E-01  -2.052403780000000E-01   2.160199704600000E-02  -2.721411236800000E-01   6.304019245799999E-02
   8.437574370599999E-01   1.217858985700000E+01   1.216137781700000E+01  -7.254877008600000E-01  -2.052484417500000E-01   2.125853459000000E-02  -2.682217019900000E-01   6.470816361200001E-02
   8.470670908800000E-01   1.222636059700000E+01   1.220852507900000E+01  -7.383444013800000E-01  -2.052568149200000E-01   2.090888530900000E-02  -2.642006409400000E-01   6.635297283699999E-02
   8.503767447100000E-01   1.227413133600000E+01   1.225572119900000E+01  -7.510082162800000E-01  -2.052654742900000E-01   2.055314016300000E-02  -2.600793834100000E-01   6.797391582600000E-02
   8.536863985399999E-01   1.232190207500000E+01   1.230296654800000E+01  -7.634742402500000E-01  -2.052743964000000E-01   2.019139246800000E-02  -2.558594151700000E-01   6.957029856499999E-02
   8.569960523600000E-01   1.236967281400000E+01   1.235026142300000E+01  -7.757376309500000E-01  -2.052835576800000E-01   1.982373786900000E-02  -2.515422642500000E-01   7.114143762600000E-02
   8.602849979100000E-01   1.241714465500000E+01   1.239730966100000E+01  -7.877188325100000E-01  -2.052928751200000E-01   1.945262889900000E-02  -2.471574045900000E-01   7.267707406000000E-02
   8.635739434700000E-01   1.246461649600000E+01   1.244440717900000E+01  -7.994905893900000E-01  -2.053023819600000E-01   1.907588176400000E-02  -2.426797049900000E-01   7.418646848500000E-02
   8.668628890200000E-01   1.251208833800000E+01   1.249155405700000E+01  -8.110483482200000E-01  -2.053120547800000E-01   1.869359697500000E-02  -2.381107850800000E-01   7.566898299300000E-02
   8.701518345800000E-01   1.255956017900000E+01   1.253875030200000E+01  -8.223876262399999E-01  -2.053218701500000E-01   1.830587718800000E-02  -2.334523030500000E-01   7.712399110600000E-02
   8.734407801300000E-01   1.260703202000000E+01   1.258599585100000E+01  -8.335040136400000E-01  -2.053318046400000E-01   1.791282716900000E-02  -2.287059549300000E-01   7.855087804100000E-02
   8.765491017800000E-01   1.265189677900000E+01   1.263069194100000E+01  -8.438011282300000E-01  -2.053412819400000E-01   1.753656006200000E-02  -2.241410720400000E-01   7.987301139500000E-02
   8.796574234300000E-01   1.269676153900000E+01   1.267543177500000E+01  -8.538916938700000E-01  -2.053508251000000E-01   1.715571938100000E-02  -2.195007496100000E-01   8.116899011500001E-02
   8.827657450800001E-01   1.274162629800000E+01   1.272021512200000E+01  -8.637721786200000E-01  -2.053604145300000E-01   1.677039858700000E-02  -2.147865089900000E-01   8.243832527099999E-02
   8.858740667400000E-01   1.278649105800000E+01   1.276504169600000E+01  -8.734391157000000E-01  -2.053700307800000E-01   1.638069271200000E-02  -2.099998994300000E-01   8.368053803700000E-02
   8.889823883900000E-01   1.283135581700000E+01   1.280991115400000E+01  -8.828891051900000E-01  -2.053796545200000E-01   1.598669833100000E-02  -2.051424974600000E-01   8.489515987000000E-02
   8.920397725300000E-01   1.287548535700000E+01   1.285408676400000E+01  -8.919693569800000E-01  -2.053891092900000E-01   1.559507200800000E-02  -2.002971896300000E-01   8.606251622300000E-02
   8.950971566700000E-01   1.291961489700000E+01   1.289830304500000E+01  -9.008333860400000E-01  -2.053985347400000E-01   1.519948620700000E-02  -1.953864919700000E-01   8.720230939600000E-02
   8.981545408100000E-01   1.296374443700000E+01   1.294255951200000E+01  -9.094781555100000E-01  -2.054079130200000E-01   1.480003702100000E-02  -1.904119786900000E-01   8.831412358600001E-02
   9.012119249600000E-01   1.300787397700000E+01   1.298685563000000E+01  -9.179006971700000E-01  -2.054172265300000E-01   1.439682186400000E-02  -1.853752472500000E-01   8.939755323900000E-02
   9.042693091000000E-01   1.305200351700000E+01   1.303119081300000E+01  -9.260981129400000E-01  -2.054264578800000E-01   1.398993944600000E-02  -1.802779178200000E-01   9.045220319500000E-02
   9.073424240900000E-01   1.309636011200000E+01   1.307579283400000E+01  -9.341079865500000E-01  -2.054356366800000E-01   1.357736884500000E-02  -1.750949529600000E-01   9.148288909400000E-02
   9.104155390799999E-01   1.314071670700000E+01   1.312043298600000E+01  -9.418847600200000E-01  -2.054446981300000E-01   1.316129693400000E-02  -1.698541137800000E-01   9.248373007400000E-02
   9.134886540700000E-01   1.318507330300000E+01   1.316511052200000E+01  -9.494257132200000E-01  -2.054536254800000E-01   1.274182771200000E-02  -1.645571112400000E-01   9.345435744600000E-02
   9.165617690600000E-01   1.322942989800000E+01   1.320982465000000E+01  -9.567282033500000E-01  -2.054624023400000E-01   1.231906637100000E-02  -1.592056769700000E-01   9.439441368300000E-02
   9.196348840500000E-01   1.327378649300000E+01   1.325457452800000E+01  -9.637896663300000E-01  -2.054710126400000E-01   1.189311925700000E-02  -1.538015626600000E-01   9.530355255300001E-02
   9.227143542000000E-01   1.331823481700000E+01   1.329945191900000E+01  -9.706214635500000E-01  -2.054794579600000E-01   1.146320350000000E-02  -1.483352069800000E-01   9.618322209600000E-02
   9.257938243500000E-01   1.336268314100000E+01   1.334436337900000E+01  -9.772063238799999E-01  -2.054877049600000E-01   1.103030591600000E-02  -1.428195325800000E-01   9.703118480000000E-02
   9.288732945100000E-01   1.340713146500000E+01   1.338930792600000E+01  -9.835419130900001E-01  -2.054957387100000E-01   1.059453678600000E-02  -1.372563586600000E-01   9.784712714600000E-02
   9.319527646600000E-01   1.345157978900000E+01   1.343428453300000E+01  -9.896259815900000E-01  -2.055035447400000E-01   1.015600740900000E-02  -1.316475220200000E-01   9.863074748000000E-02
   9.350322348100000E-01   1.349602811300000E+01   1.347929213200000E+01  -9.954563655599999E-01  -2.055111090200000E-01   9.714830066299999E-03  -1.259948763200000E-01   9.938175612100000E-02
   9.381424128100000E-01   1.354091966700000E+01   1.352477886500000E+01  -1.001085282500000E+00  -2.055184895900000E-01   9.266680994800000E-03  -1.202433013300000E-01   1.001068698800000E-01
   9.412525908200000E-01   1.358581122000000E+01   1.357029489900000E+01  -1.006451263600000E+00  -2.055255963500000E-01   8.816063958099999E-03  -1.144508889700000E-01   1.007981617900000E-01
   9.443627688200000E-01   1.363070277400000E+01   1.361583901000000E+01  -1.011552353500000E+00  -2.055324164200000E-01   8.363097434600000E-03  -1.086195970500000E-01   1.014553712300000E-01
   9.474729468200001E-01   1.367559432800000E+01   1.366140993900000E+01  -1.016386690700000E+00  -2.055389374800000E-01   7.907900759600000E-03  -1.027513980000000E-01   1.020782504700000E-01
   9.505831248300000E-01   1.372048588100000E+01   1.370700639100000E+01  -1.020952508600000E+00  -2.055451477900000E-01   7.450594082500000E-03  -9.684827820700000E-02   1.026665647100000E-01
   9.537627782900000E-01   1.376638022700000E+01   1.375364638000000E+01  -1.025340995500000E+00  -2.055511639500000E-01   6.981016753800000E-03  -9.077927687700001E-02   1.032320581300000E-01
   9.569424317500000E-01   1.381227457300000E+01   1.380031019800000E+01  -1.029445407000000E+00  -2.055568323700000E-01   6.509490482800000E-03  -8.467801708500000E-02   1.037609706100000E-01
   9.601220852100000E-01   1.385816891800000E+01   1.384699635800000E+01  -1.033264170200000E+00  -2.055621424700000E-01   6.036146009100000E-03  -7.854666147599999E-02   1.042530938400000E-01
   9.633017386700000E-01   1.390406326400000E+01   1.389370333700000E+01  -1.036795819700000E+00  -2.055670843400000E-01   5.561114769700000E-03  -7.238738454500000E-02   1.047082339600000E-01
   9.664813921299999E-01   1.394995760900000E+01   1.394042958600000E+01  -1.040038999100000E+00  -2.055716487600000E-01   5.084528848800000E-03  -6.620237178799999E-02   1.051262117500000E-01
   9.698315677100000E-01   1.399831323000000E+01   1.398968083400000E+01  -1.043142645800000E+00  -2.055760403100000E-01   4.580848169000000E-03  -5.966023695100000E-02   1.055262190000000E-01
   9.731817432800000E-01   1.404666885000000E+01   1.403894984900000E+01  -1.045923343500000E+00  -2.055799944000000E-01   4.075744733000000E-03  -5.309454869500000E-02   1.058846136000000E-01
   9.765319188500000E-01   1.409502447000000E+01   1.408823472800000E+01  -1.048379903600000E+00  -2.055835028900000E-01   3.569374997700000E-03  -4.650789658500000E-02   1.062012388600000E-01
   9.798820944200000E-01   1.414338009000000E+01   1.413753354500000E+01  -1.050511275200000E+00  -2.055865585900000E-01   3.061895961400000E-03  -3.990287935200000E-02   1.064759563800000E-01
   9.832322699900000E-01   1.419173571100000E+01   1.418684435000000E+01  -1.052316546200000E+00  -2.055891552300000E-01   2.553465097200000E-03  -3.328210375200000E-02   1.067086460700000E-01
   9.865858159999999E-01   1.424013997900000E+01   1.423621480000000E+01  -1.053796266000000E+00  -2.055912893800000E-01   2.043727635500000E-03  -2.664150366500000E-02   1.068993766900000E-01
   9.899393620000000E-01   1.428854424700000E+01   1.428559330100000E+01  -1.054947818800000E+00  -2.055929538400000E-01   1.533353327000000E-03  -1.999035970400000E-02   1.070478094200000E-01
   9.932929080000000E-01   1.433694851600000E+01   1.433497785200000E+01  -1.055770710000000E+00  -2.055941451800000E-01   1.022501143700000E-03  -1.333130379400000E-02   1.071538792600000E-01
   9.966464540000000E-01   1.438535278400000E+01   1.438436644100000E+01  -1.056264586200000E+00  -2.055948609600000E-01   5.113302633000000E-04  -6.666971325600000E-03   1.072175397600000E-01
   1.000000000000000E+00   1.443375705200000E+01   1.443375705200000E+01  -1.056429235200000E+00  -2.055950997100000E-01   1.245284929800000E-28   0.000000000000000E+00   1.072387630200000E-01
