   0.000000000000000E+00   1.629975786400000E-32   0.000000000000000E+00   0.000000000000000E+00  -9.783063001800000E-01   0.000000000000000E+00   0.000000000000000E+00   0.000000000000000E+00
   2.359249637700000E-02   3.405283609600000E-01   3.405283609600000E-01   0.000000000000000E+00  -9.783063001800000E-01   0.000000000000000E+00   0.000000000000000E+00   0.000000000000000E+00
   4.718499275400000E-02   6.810567219100000E-01   6.810567219100000E-01   0.000000000000000E+00  -9.783063001800000E-01   0.000000000000000E+00   0.000000000000000E+00   0.000000000000000E+00
   7.077748913100000E-02   1.021585082900000E+00   1.021585082900000E+00   0.000000000000000E+00  -9.783063001800000E-01   0.000000000000000E+00   0.000000000000000E+00   0.000000000000000E+00
   9.436998550800001E-02   1.362113443800000E+00   1.362113443800000E+00   0.000000000000000E+00  -9.783063001800000E-01   0.000000000000000E+00   0.000000000000000E+00   0.000000000000000E+00
   1.141274034500000E-01   1.647287214300000E+00   1.647287214300000E+00   0.000000000000000E+00  -9.783063001800000E-01   0.000000000000000E+00   0.000000000000000E+00   0.000000000000000E+00
   1.338848213900000E-01   1.932460984900000E+00   1.932460984900000E+00   0.000000000000000E+00  -9.783063001800000E-01   0.000000000000000E+00   0.000000000000000E+00   0.000000000000000E+00
   1.536422393300000E-01   2.217634755400000E+00   2.217634755400000E+00   0.000000000000000E+00  -9.783063001800000E-01   0.000000000000000E+00   0.000000000000000E+00   0.000000000000000E+00
   1.733996572700000E-01   2.502808525900000E+00   2.502808525900000E+00   0.000000000000000E+00  -9.783063001800000E-01   0.000000000000000E+00   0.000000000000000E+00   0.000000000000000E+00
   1.907324399300000E-01   2.752985699900000E+00   2.752985699900000E+00   0.000000000000000E+00  -9.783063001800000E-01   0.000000000000000E+00   0.000000000000000E+00   0.000000000000000E+00
   2.080652225900000E-01   3.003162873900000E+00   3.003162873900000E+00   0.000000000000000E+00  -9.783063001800000E-01   0.000000000000000E+00   0.000000000000000E+00   0.000000000000000E+00
   2.253980052500000E-01   3.253340047800000E+00   3.253340047800000E+00   0.000000000000000E+00  -9.783063001800000E-01   0.000000000000000E+00   0.000000000000000E+00   0.000000000000000E+00
   2.427307879100000E-01   3.503517221800000E+00   3.503517221800000E+00   0.000000000000000E+00  -9.783063001800000E-01   0.000000000000000E+00   0.000000000000000E+00   0.000000000000000E+00
   2.585681752100000E-01   3.732110222400000E+00   3.732110222400000E+00   0.000000000000000E+00  -9.783063001800000E-01   0.000000000000000E+00   0.000000000000000E+00   0.000000000000000E+00
   2.744055625100000E-01   3.960703223000000E+00   3.960703223000000E+00   0.000000000000000E+00  -9.783063001800000E-01   0.000000000000000E+00   0.000000000000000E+00   0.000000000000000E+00
   2.902429498100000E-01   4.189296223600000E+00   4.189296223600000E+00   0.000000000000000E+00  -9.783063001800000E-01   0.000000000000000E+00   0.000000000000000E+00   0.000000000000000E+00
   3.060803371100000E-01   4.417889224200000E+00   4.417889224200000E+00   0.000000000000000E+00  -9.783063001800000E-01   0.000000000000000E+00   0.000000000000000E+00   0.000000000000000E+00
   3.154583181700000E-01   4.553248724500000E+00   4.553248724500000E+00   0.000000000000000E+00  -9.783063001800000E-01   0.000000000000000E+00   0.000000000000000E+00   0.000000000000000E+00
   3.248362992400000E-01   4.688608224800000E+00   4.688608224800000E+00   0.000000000000000E+00  -9.783063001800000E-01   0.000000000000000E+00   0.000000000000000E+00   0.000000000000000E+00
   3.342142803000000E-01   4.823967725100000E+00   4.823967725100000E+00   0.000000000000000E+00  -9.783063001800000E-01   0.000000000000000E+00   0.000000000000000E+00   0.000000000000000E+00
   3.435922613600000E-01   4.959327225500000E+00   4.959327225500000E+00   0.000000000000000E+00  -9.783063001800000E-01   0.000000000000000E+00   0.000000000000000E+00   0.000000000000000E+00
   3.529181538400000E-01   5.093934891800000E+00   5.093934891800000E+00   0.000000000000000E+00  -9.783063001800000E-01   0.000000000000000E+00   0.000000000000000E+00   0.000000000000000E+00
   3.622440463200000E-01   5.228542558100000E+00   5.228542558100000E+00   0.000000000000000E+00  -9.783063001800000E-01   0.000000000000000E+00   0.000000000000000E+00   0.000000000000000E+00
   3.715699387900000E-01   5.363150224400000E+00   5.363150224400000E+00   0.000000000000000E+00  -9.783063001800000E-01   0.000000000000000E+00   0.000000000000000E+00   0.000000000000000E+00
   3.808958312700000E-01   5.497757890700000E+00   5.497757890700000E+00   0.000000000000000E+00  -9.783063001800000E-01   0.000000000000000E+00   0.000000000000000E+00   0.000000000000000E+00
   3.894287780600000E-01   5.620920371500000E+00   5.620920371500000E+00   0.000000000000000E+00  -9.783063001800000E-01   0.000000000000000E+00   0.000000000000000E+00   0.000000000000000E+00
   3.979617248400000E-01   5.744082852400000E+00   5.744082852400000E+00   0.000000000000000E+00  -9.783063001800000E-01   0.000000000000000E+00   0.000000000000000E+00   0.000000000000000E+00
   4.064946716300000E-01   5.867245333200000E+00   5.867245333200000E+00   0.000000000000000E+00  -9.783063001800000E-01   0.000000000000000E+00   0.000000000000000E+00   0.000000000000000E+00
   4.150276184100000E-01   5.990407814100000E+00   5.990407814100000E+00   0.000000000000000E+00  -9.783063001800000E-01   0.000000000000000E+00   0.000000000000000E+00   0.000000000000000E+00
   4.234978151800000E-01   6.112664576400000E+00   6.112664576400000E+00   0.000000000000000E+00  -9.783063001800000E-01   0.000000000000000E+00   0.000000000000000E+00   0.000000000000000E+00
   4.319680119500000E-01   6.234921338800000E+00   6.234921338800000E+00   0.000000000000000E+00  -9.783063001800000E-01   0.000000000000000E+00   0.000000000000000E+00   0.000000000000000E+00
   4.404382087200000E-01   6.357178101100000E+00   6.357178101100000E+00   0.000000000000000E+00  -9.783063001800000E-01   0.000000000000000E+00   0.000000000000000E+00   0.000000000000000E+00
   4.489084054900000E-01   6.479434863500000E+00   6.479434863500000E+00   0.000000000000000E+00  -9.783063001800000E-01   0.000000000000000E+00   0.000000000000000E+00   0.000000000000000E+00
   4.547649353200000E-01   6.563966592200000E+00   6.563966592200000E+00   0.000000000000000E+00  -9.783063001800000E-01   0.000000000000000E+00   0.000000000000000E+00   0.000000000000000E+00
   4.606214651500000E-01   6.648498321000000E+00   6.648498321000000E+00   0.000000000000000E+00  -9.783063001800000E-01   0.000000000000000E+00   0.000000000000000E+00   0.000000000000000E+00
   4.664779949800000E-01   6.733030049700000E+00   6.733030049700000E+00   0.000000000000000E+00  -9.783063001800000E-01   0.000000000000000E+00   0.000000000000000E+00   0.000000000000000E+00
   4.723345248100000E-01   6.817561778400000E+00   6.817561778400000E+00   0.000000000000000E+00  -9.783063001800000E-01   0.000000000000000E+00   0.000000000000000E+00   0.000000000000000E+00
   4.776521078100000E-01   6.894314479600000E+00   6.894314479600000E+00   0.000000000000000E+00  -9.783063001800000E-01   0.000000000000000E+00   0.000000000000000E+00   0.000000000000000E+00
   4.829696908100000E-01   6.971067180700000E+00   6.971067180700000E+00   0.000000000000000E+00  -9.783063001800000E-01   0.000000000000000E+00   0.000000000000000E+00   0.000000000000000E+00
   4.882872738100000E-01   7.047819881800000E+00   7.047819881800000E+00   0.000000000000000E+00  -9.783063001800000E-01   0.000000000000000E+00   0.000000000000000E+00   0.000000000000000E+00
   4.936048568200000E-01   7.124572583000000E+00   7.124572583000000E+00   0.000000000000000E+00  -9.783063001800000E-01   0.000000000000000E+00   0.000000000000000E+00   0.000000000000000E+00
   4.971915657600000E-01   7.176342268500000E+00   7.176342268500000E+00   0.000000000000000E+00  -9.783063001800000E-01   0.000000000000000E+00   0.000000000000000E+00   0.000000000000000E+00
   5.007782747000000E-01   7.228111954000000E+00   7.228111954000000E+00   0.000000000000000E+00  -9.783063001800000E-01   0.000000000000000E+00   0.000000000000000E+00   0.000000000000000E+00
   5.043649836500000E-01   7.279881639500000E+00   7.279881639500000E+00   0.000000000000000E+00  -9.783063001800000E-01   0.000000000000000E+00   0.000000000000000E+00   0.000000000000000E+00
   5.079516925899999E-01   7.331651325100000E+00   7.331651325100000E+00   0.000000000000000E+00  -9.783063001800000E-01   0.000000000000000E+00   0.000000000000000E+00   0.000000000000000E+00
   5.105357846100000E-01   7.368949481500000E+00   7.368949481500000E+00   0.000000000000000E+00  -9.783063001800000E-01   0.000000000000000E+00   0.000000000000000E+00   0.000000000000000E+00
   5.131198766300000E-01   7.406247637900000E+00   7.406247637900000E+00   0.000000000000000E+00  -9.783063001800000E-01   0.000000000000000E+00   0.000000000000000E+00   0.000000000000000E+00
   5.157039686500000E-01   7.443545794300000E+00   7.443545794300000E+00   0.000000000000000E+00  -9.783063001800000E-01   0.000000000000000E+00   0.000000000000000E+00   0.000000000000000E+00
   5.182880606700000E-01   7.480843950700000E+00   7.480843950700000E+00   0.000000000000000E+00  -9.783063001800000E-01   0.000000000000000E+00   0.000000000000000E+00   0.000000000000000E+00
   5.204735323400000E-01   7.512388517700000E+00   7.512388517700000E+00   0.000000000000000E+00  -9.783063001800000E-01   0.000000000000000E+00   0.000000000000000E+00   0.000000000000000E+00
   5.226590040000000E-01   7.543933084800000E+00   7.543933084800000E+00   0.000000000000000E+00  -9.783063001800000E-01   0.000000000000000E+00   0.000000000000000E+00   0.000000000000000E+00
   5.248444756700000E-01   7.575477651900000E+00   7.575477651900000E+00   0.000000000000000E+00  -9.783063001800000E-01   0.000000000000000E+00   0.000000000000000E+00   0.000000000000000E+00
   5.270299473300000E-01   7.607022218900000E+00   7.607022218900000E+00   0.000000000000000E+00  -9.783063001800000E-01   0.000000000000000E+00   0.000000000000000E+00   0.000000000000000E+00
   5.291707632100000E-01   7.637922235200000E+00   7.637922235200000E+00   0.000000000000000E+00  -9.783063001800000E-01   0.000000000000000E+00   0.000000000000000E+00   0.000000000000000E+00
   5.313115790900000E-01   7.668822251500000E+00   7.668822251500000E+00   0.000000000000000E+00  -9.783063001800000E-01   0.000000000000000E+00   0.000000000000000E+00   0.000000000000000E+00
   5.334523949700000E-01   7.699722267800000E+00   7.699722267800000E+00   0.000000000000000E+00  -9.783063001800000E-01   0.000000000000000E+00   0.000000000000000E+00   0.000000000000000E+00
   5.355932108500000E-01   7.730622284000000E+00   7.730622284000000E+00   0.000000000000000E+00  -9.783063001800000E-01   0.000000000000000E+00   0.000000000000000E+00   0.000000000000000E+00
   5.376678347600000E-01   7.760566901600000E+00   7.760566901600000E+00   0.000000000000000E+00  -9.783063001800000E-01   0.000000000000000E+00   0.000000000000000E+00   0.000000000000000E+00
   5.397424586700000E-01   7.790511519100000E+00   7.790511519100000E+00   0.000000000000000E+00  -9.783063001800000E-01   0.000000000000000E+00   0.000000000000000E+00   0.000000000000000E+00
   5.418170825900001E-01   7.820456136700000E+00   7.820456136700000E+00   0.000000000000000E+00  -9.783063001800000E-01   0.000000000000000E+00   0.000000000000000E+00   0.000000000000000E+00
   5.438917065000000E-01   7.850400754300000E+00   7.850400754300000E+00   0.000000000000000E+00  -9.783063001800000E-01   0.000000000000000E+00   0.000000000000000E+00   0.000000000000000E+00
   5.468703652800000E-01   7.893393991500000E+00   7.893393991500000E+00   0.000000000000000E+00  -9.783063001800000E-01   0.000000000000000E+00   0.000000000000000E+00   0.000000000000000E+00
   5.498490240700000E-01   7.936387228700000E+00   7.936387228700000E+00   0.000000000000000E+00  -9.783063001800000E-01   0.000000000000000E+00   0.000000000000000E+00   0.000000000000000E+00
   5.528276828499999E-01   7.979380465900000E+00   7.979380465900000E+00   0.000000000000000E+00  -9.783063001800000E-01   0.000000000000000E+00   0.000000000000000E+00   0.000000000000000E+00
   5.558063416300000E-01   8.022373703100000E+00   8.022373703100000E+00   0.000000000000000E+00  -9.783063001800000E-01   0.000000000000000E+00   0.000000000000000E+00   0.000000000000000E+00
   5.584430773100000E-01   8.060431705199999E+00   8.060431705199999E+00   0.000000000000000E+00  -9.783063001800000E-01   0.000000000000000E+00   0.000000000000000E+00   0.000000000000000E+00
   5.610798129900000E-01   8.098489707400001E+00   8.098489707400001E+00   0.000000000000000E+00  -9.783063001800000E-01   0.000000000000000E+00   0.000000000000000E+00   0.000000000000000E+00
   5.637165486600000E-01   8.136547709600000E+00   8.136547709600000E+00   0.000000000000000E+00  -9.783063001800000E-01   0.000000000000000E+00   0.000000000000000E+00   0.000000000000000E+00
   5.663532843400000E-01   8.174605711800000E+00   8.174605711800000E+00   0.000000000000000E+00  -9.783063001800000E-01   0.000000000000000E+00   0.000000000000000E+00   0.000000000000000E+00
   5.687417774000000E-01   8.209080640300000E+00   8.209080640300000E+00   0.000000000000000E+00  -9.783063001800000E-01   0.000000000000000E+00   0.000000000000000E+00   0.000000000000000E+00
   5.711302704600000E-01   8.243555568800000E+00   8.243555568800000E+00   0.000000000000000E+00  -9.783063001800000E-01   0.000000000000000E+00   0.000000000000000E+00   0.000000000000000E+00
   5.735187635200000E-01   8.278030497400000E+00   8.278030497400000E+00   0.000000000000000E+00  -9.783063001800000E-01   0.000000000000000E+00   0.000000000000000E+00   0.000000000000000E+00
   5.759072565800000E-01   8.312505425900000E+00   8.312505425900000E+00   0.000000000000000E+00  -9.783063001800000E-01   0.000000000000000E+00   0.000000000000000E+00   0.000000000000000E+00
   5.786331768100000E-01   8.351850696300000E+00   8.351850696300000E+00   0.000000000000000E+00  -9.783063001800000E-01   0.000000000000000E+00   0.000000000000000E+00   0.000000000000000E+00
   5.813590970400000E-01   8.391195966600000E+00   8.391195966600000E+00   0.000000000000000E+00  -9.783063001800000E-01   0.000000000000000E+00   0.000000000000000E+00   0.000000000000000E+00
   5.840850172700000E-01   8.430541237000000E+00   8.430541237000000E+00   0.000000000000000E+00  -9.783063001800000E-01   0.000000000000000E+00   0.000000000000000E+00   0.000000000000000E+00
   5.868109375000000E-01   8.469886507300000E+00   8.469886507300000E+00   0.000000000000000E+00  -9.783063001800000E-01   0.000000000000000E+00   0.000000000000000E+00   0.000000000000000E+00
   5.891619615700000E-01   8.503820617600001E+00   8.503820617600001E+00   0.000000000000000E+00  -9.783063001800000E-01   0.000000000000000E+00   0.000000000000000E+00   0.000000000000000E+00
   5.915129856500000E-01   8.537754727899999E+00   8.537754727899999E+00   0.000000000000000E+00  -9.783063001800000E-01   0.000000000000000E+00   0.000000000000000E+00   0.000000000000000E+00
   5.938640097200000E-01   8.571688838200000E+00   8.571688838200000E+00   0.000000000000000E+00  -9.783063001800000E-01   0.000000000000000E+00   0.000000000000000E+00   0.000000000000000E+00
   5.962150337900000E-01   8.605622948500001E+00   8.605622948500001E+00   0.000000000000000E+00  -9.783063001800000E-01   0.000000000000000E+00   0.000000000000000E+00   0.000000000000000E+00
   5.985066594800000E-01   8.638699717000000E+00   8.638699717000000E+00   0.000000000000000E+00  -9.783063001800000E-01   0.000000000000000E+00   0.000000000000000E+00   0.000000000000000E+00
   6.007982851700000E-01   8.671776485500001E+00   8.671776485500001E+00   0.000000000000000E+00  -9.783063001800000E-01   0.000000000000000E+00   0.000000000000000E+00   0.000000000000000E+00
   6.030899108600000E-01   8.704853253900000E+00   8.704853253900000E+00   0.000000000000000E+00  -9.783063001800000E-01   0.000000000000000E+00   0.000000000000000E+00   0.000000000000000E+00
   6.053815365500000E-01   8.737930022400000E+00   8.737930022400000E+00   0.000000000000000E+00  -9.783063001800000E-01   0.000000000000000E+00   0.000000000000000E+00   0.000000000000000E+00
   6.075962763100000E-01   8.769897037900000E+00   8.769897037900000E+00   0.000000000000000E+00  -9.783063001800000E-01   0.000000000000000E+00   0.000000000000000E+00   0.000000000000000E+00
   6.098110160600000E-01   8.801864053399999E+00   8.801864053399999E+00   0.000000000000000E+00  -9.783063001800000E-01   0.000000000000000E+00   0.000000000000000E+00   0.000000000000000E+00
   6.120257558100000E-01   8.833831069000000E+00   8.833831069000000E+00   0.000000000000000E+00  -9.783063001800000E-01   0.000000000000000E+00   0.000000000000000E+00   0.000000000000000E+00
   6.142404955600000E-01   8.865798084500000E+00   8.865798084500000E+00   0.000000000000000E+00  -9.783063001800000E-01   0.000000000000000E+00   0.000000000000000E+00   0.000000000000000E+00
   6.165681644600000E-01   8.899395091800001E+00   8.899395091800001E+00   0.000000000000000E+00  -9.783063001800000E-01   0.000000000000000E+00   0.000000000000000E+00   0.000000000000000E+00
   6.188958333500000E-01   8.932992099100000E+00   8.932992099100000E+00   0.000000000000000E+00  -9.783063001800000E-01   0.000000000000000E+00   0.000000000000000E+00   0.000000000000000E+00
   6.212235022400000E-01   8.966589106400001E+00   8.966589106400001E+00   0.000000000000000E+00  -9.783063001800000E-01   0.000000000000000E+00   0.000000000000000E+00   0.000000000000000E+00
   6.235511711400000E-01   9.000186113700000E+00   9.000186113700000E+00   0.000000000000000E+00  -9.783063001800000E-01   0.000000000000000E+00   0.000000000000000E+00   0.000000000000000E+00
   6.261020678800000E-01   9.037005137500000E+00   9.037005137500000E+00   0.000000000000000E+00  -9.783063001800000E-01   0.000000000000000E+00   0.000000000000000E+00   0.000000000000000E+00
   6.286529646100000E-01   9.073824161299999E+00   9.073824161299999E+00   0.000000000000000E+00  -9.783063001800000E-01   0.000000000000000E+00   0.000000000000000E+00   0.000000000000000E+00
   6.312038613500000E-01   9.110643185000001E+00   9.110643185000001E+00   0.000000000000000E+00  -9.783063001800000E-01   0.000000000000000E+00   0.000000000000000E+00   0.000000000000000E+00
   6.337547580900000E-01   9.147462208800000E+00   9.147462208800000E+00   0.000000000000000E+00  -9.783063001800000E-01   0.000000000000000E+00   0.000000000000000E+00   0.000000000000000E+00
   6.367558159100000E-01   9.190778748300000E+00   9.190778748300000E+00   0.000000000000000E+00  -9.783063001800000E-01   0.000000000000000E+00   0.000000000000000E+00   0.000000000000000E+00
   6.397568737300000E-01   9.234095287800001E+00   9.234095287800001E+00   0.000000000000000E+00  -9.783063001800000E-01   0.000000000000000E+00   0.000000000000000E+00   0.000000000000000E+00
   6.427579315500001E-01   9.277411827300000E+00   9.277411827300000E+00   0.000000000000000E+00  -9.783063001800000E-01   0.000000000000000E+00   0.000000000000000E+00   0.000000000000000E+00
   6.457589893700000E-01   9.320728366799999E+00   9.320728366799999E+00   0.000000000000000E+00  -9.783063001800000E-01   0.000000000000000E+00   0.000000000000000E+00   0.000000000000000E+00
   6.482187129400000E-01   9.356231419100000E+00   9.356231419100000E+00   0.000000000000000E+00  -9.783063001800000E-01   0.000000000000000E+00   0.000000000000000E+00   0.000000000000000E+00
   6.506784365100000E-01   9.391734471500000E+00   9.391734471500000E+00   0.000000000000000E+00  -9.783063001800000E-01   0.000000000000000E+00   0.000000000000000E+00   0.000000000000000E+00
   6.531381600700000E-01   9.427237523900001E+00   9.427237523900001E+00   0.000000000000000E+00  -9.783063001800000E-01   0.000000000000000E+00   0.000000000000000E+00   0.000000000000000E+00
   6.555978836400000E-01   9.462740576300000E+00   9.462740576300000E+00   0.000000000000000E+00  -9.783063001800000E-01   0.000000000000000E+00   0.000000000000000E+00   0.000000000000000E+00
   6.574825488500000E-01   9.489943376099999E+00   9.489943376099999E+00   0.000000000000000E+00  -9.783063001800000E-01   0.000000000000000E+00   0.000000000000000E+00   0.000000000000000E+00
   6.593672140700000E-01   9.517146175900001E+00   9.517146175900001E+00   0.000000000000000E+00  -9.783063001800000E-01   0.000000000000000E+00   0.000000000000000E+00   0.000000000000000E+00
   6.612518792800000E-01   9.544348975700000E+00   9.544348975700000E+00   0.000000000000000E+00  -9.783063001800000E-01   0.000000000000000E+00   0.000000000000000E+00   0.000000000000000E+00
   6.631365445000000E-01   9.571551775600000E+00   9.571551775600000E+00   0.000000000000000E+00  -9.783063001800000E-01   0.000000000000000E+00   0.000000000000000E+00   0.000000000000000E+00
   6.647829529300000E-01   9.595315634900000E+00   9.595315634900000E+00   0.000000000000000E+00  -9.783063001800000E-01   0.000000000000000E+00   0.000000000000000E+00   0.000000000000000E+00
   6.664293613600000E-01   9.619079494199999E+00   9.619079494199999E+00   0.000000000000000E+00  -9.783063001800000E-01   0.000000000000000E+00   0.000000000000000E+00   0.000000000000000E+00
   6.680757698000001E-01   9.642843353600000E+00   9.642843353600000E+00   0.000000000000000E+00  -9.783063001800000E-01   0.000000000000000E+00   0.000000000000000E+00   0.000000000000000E+00
   6.697221782300000E-01   9.666607212900001E+00   9.666607212900001E+00   0.000000000000000E+00  -9.783063001800000E-01   0.000000000000000E+00   0.000000000000000E+00   0.000000000000000E+00
   6.712831695800000E-01   9.689138182800001E+00   9.689138182800001E+00   0.000000000000000E+00  -9.783063001800000E-01   0.000000000000000E+00   0.000000000000000E+00   0.000000000000000E+00
   6.728441609300000E-01   9.711669152700001E+00   9.711669152700001E+00   0.000000000000000E+00  -9.783063001800000E-01   0.000000000000000E+00   0.000000000000000E+00   0.000000000000000E+00
   6.744051522700000E-01   9.734200122500001E+00   9.734200122500001E+00   0.000000000000000E+00  -9.783063001800000E-01   0.000000000000000E+00   0.000000000000000E+00   0.000000000000000E+00
   6.759661436200000E-01   9.756731092400001E+00   9.756731092400001E+00   0.000000000000000E+00  -9.783063001800000E-01   0.000000000000000E+00   0.000000000000000E+00   0.000000000000000E+00
   6.776065995000000E-01   9.780409034000000E+00   9.780409034000000E+00   0.000000000000000E+00  -9.783063001800000E-01   0.000000000000000E+00   0.000000000000000E+00   0.000000000000000E+00
   6.792470553700000E-01   9.804086975500001E+00   9.804086975500001E+00   0.000000000000000E+00  -9.783063001800000E-01   0.000000000000000E+00   0.000000000000000E+00   0.000000000000000E+00
   6.808875112400000E-01   9.827764917000000E+00   9.827764917000000E+00   0.000000000000000E+00  -9.783063001800000E-01   0.000000000000000E+00   0.000000000000000E+00   0.000000000000000E+00
   6.825279671200000E-01   9.851442858600000E+00   9.851442858600000E+00   0.000000000000000E+00  -9.783063001800000E-01   0.000000000000000E+00   0.000000000000000E+00   0.000000000000000E+00
   6.841147549600000E-01   9.874346168800001E+00   9.874346168800001E+00   0.000000000000000E+00  -9.783063001800000E-01   0.000000000000000E+00   0.000000000000000E+00   0.000000000000000E+00
   6.857015428100000E-01   9.897249479099999E+00   9.897249479099999E+00   0.000000000000000E+00  -9.783063001800000E-01   0.000000000000000E+00   0.000000000000000E+00   0.000000000000000E+00
   6.872883306599999E-01   9.920152789399999E+00   9.920152789399999E+00   0.000000000000000E+00  -9.783063001800000E-01   0.000000000000000E+00   0.000000000000000E+00   0.000000000000000E+00
   6.888751185000000E-01   9.943056099600000E+00   9.943056099600000E+00   0.000000000000000E+00  -9.783063001800000E-01   0.000000000000000E+00   0.000000000000000E+00   0.000000000000000E+00
   6.904732057400000E-01   9.966122502599999E+00   9.966122502599999E+00   0.000000000000000E+00  -9.783063001800000E-01   0.000000000000000E+00   0.000000000000000E+00   0.000000000000000E+00
   6.920712929800000E-01   9.989188905500001E+00   9.989188905500001E+00   0.000000000000000E+00  -9.783063001800000E-01   0.000000000000000E+00   0.000000000000000E+00   0.000000000000000E+00
   6.936693802200000E-01   1.001225530800000E+01   1.001225530800000E+01   0.000000000000000E+00  -9.783063001800000E-01   0.000000000000000E+00   0.000000000000000E+00   0.000000000000000E+00
   6.952674674500000E-01   1.003532171100000E+01   1.003532171100000E+01   0.000000000000000E+00  -9.783063001800000E-01   0.000000000000000E+00   0.000000000000000E+00   0.000000000000000E+00
   6.966087210900000E-01   1.005468104100000E+01   1.005468104100000E+01   0.000000000000000E+00  -9.783063001800000E-01   0.000000000000000E+00   0.000000000000000E+00   0.000000000000000E+00
   6.979499747300000E-01   1.007404037000000E+01   1.007404037000000E+01   0.000000000000000E+00  -9.783063001800000E-01   0.000000000000000E+00   0.000000000000000E+00   0.000000000000000E+00
   6.992912283700000E-01   1.009339969900000E+01   1.009339969900000E+01   0.000000000000000E+00  -9.783063001800000E-01   0.000000000000000E+00   0.000000000000000E+00   0.000000000000000E+00
   7.006324819999999E-01   1.011275902800000E+01   1.011275902800000E+01   0.000000000000000E+00  -9.783063001800000E-01   0.000000000000000E+00   0.000000000000000E+00   0.000000000000000E+00
   7.015918375200000E-01   1.012660613200000E+01   1.012660613200000E+01   0.000000000000000E+00  -9.783063001800000E-01   0.000000000000000E+00   0.000000000000000E+00   0.000000000000000E+00
   7.025511930500000E-01   1.014045323700000E+01   1.014045323700000E+01   0.000000000000000E+00  -9.783063001800000E-01   0.000000000000000E+00   0.000000000000000E+00   0.000000000000000E+00
   7.035105485699999E-01   1.015430034200000E+01   1.015430034200000E+01   0.000000000000000E+00  -9.783063001800000E-01   0.000000000000000E+00   0.000000000000000E+00   0.000000000000000E+00
   7.044699040900000E-01   1.016814744600000E+01   1.016814744600000E+01   0.000000000000000E+00  -9.783063001800000E-01   0.000000000000000E+00   0.000000000000000E+00   0.000000000000000E+00
   7.053949078400000E-01   1.018149872600000E+01   1.018149872600000E+01   0.000000000000000E+00  -9.783063001800000E-01   0.000000000000000E+00   0.000000000000000E+00   0.000000000000000E+00
   7.063199115900000E-01   1.019485000500000E+01   1.019485000500000E+01   0.000000000000000E+00  -9.783063001800000E-01   0.000000000000000E+00   0.000000000000000E+00   0.000000000000000E+00
   7.072449153500000E-01   1.020820128400000E+01   1.020820128400000E+01   0.000000000000000E+00  -9.783063001800000E-01   0.000000000000000E+00   0.000000000000000E+00   0.000000000000000E+00
   7.081699191000000E-01   1.022155256400000E+01   1.022155256400000E+01   0.000000000000000E+00  -9.783063001800000E-01   0.000000000000000E+00   0.000000000000000E+00   0.000000000000000E+00
   7.091591832900001E-01   1.023583136300000E+01   1.023583136300000E+01   0.000000000000000E+00  -9.783063001800000E-01   0.000000000000000E+00   0.000000000000000E+00   0.000000000000000E+00
   7.101484474799999E-01   1.025011016200000E+01   1.025011016200000E+01   0.000000000000000E+00  -9.783063001800000E-01   0.000000000000000E+00   0.000000000000000E+00   0.000000000000000E+00
   7.111377116700000E-01   1.026438896100000E+01   1.026438896100000E+01   0.000000000000000E+00  -9.783063001800000E-01   0.000000000000000E+00   0.000000000000000E+00   0.000000000000000E+00
   7.121269758600000E-01   1.027866776000000E+01   1.027866776000000E+01   0.000000000000000E+00  -9.783063001800000E-01   0.000000000000000E+00   0.000000000000000E+00   0.000000000000000E+00
   7.132785288500000E-01   1.029528899600000E+01   1.029528899600000E+01   0.000000000000000E+00  -9.783063001800000E-01   0.000000000000000E+00   0.000000000000000E+00   0.000000000000000E+00
   7.144300818400000E-01   1.031191023200000E+01   1.031191023200000E+01   0.000000000000000E+00  -9.783063001800000E-01   0.000000000000000E+00   0.000000000000000E+00   0.000000000000000E+00
   7.155816348300000E-01   1.032853146800000E+01   1.032853146800000E+01   0.000000000000000E+00  -9.783063001800000E-01   0.000000000000000E+00   0.000000000000000E+00   0.000000000000000E+00
   7.167331878200000E-01   1.034515270400000E+01   1.034515270400000E+01   0.000000000000000E+00  -9.783063001800000E-01   0.000000000000000E+00   0.000000000000000E+00   0.000000000000000E+00
   7.179597211099999E-01   1.036285618800000E+01   1.036285618800000E+01   0.000000000000000E+00  -9.783063001800000E-01   0.000000000000000E+00   0.000000000000000E+00   0.000000000000000E+00
   7.191862543899999E-01   1.038055967100000E+01   1.038055967100000E+01   0.000000000000000E+00  -9.783063001800000E-01   0.000000000000000E+00   0.000000000000000E+00   0.000000000000000E+00
   7.204127876700001E-01   1.039826315400000E+01   1.039826315400000E+01   0.000000000000000E+00  -9.783063001800000E-01   0.000000000000000E+00   0.000000000000000E+00   0.000000000000000E+00
   7.216393209500001E-01   1.041596663800000E+01   1.041596663800000E+01   0.000000000000000E+00  -9.783063001800000E-01   0.000000000000000E+00   0.000000000000000E+00   0.000000000000000E+00
   7.228527988800000E-01   1.043348168300000E+01   1.043348168300000E+01   0.000000000000000E+00  -9.783063001800000E-01   0.000000000000000E+00   0.000000000000000E+00   0.000000000000000E+00
   7.240662768100000E-01   1.045099672900000E+01   1.045099672900000E+01   0.000000000000000E+00  -9.783063001800000E-01   0.000000000000000E+00   0.000000000000000E+00   0.000000000000000E+00
   7.252797547399999E-01   1.046851177500000E+01   1.046851177500000E+01   0.000000000000000E+00  -9.783063001800000E-01   0.000000000000000E+00   0.000000000000000E+00   0.000000000000000E+00
   7.264932326700000E-01   1.048602682000000E+01   1.048602682000000E+01   0.000000000000000E+00  -9.783063001800000E-01   0.000000000000000E+00   0.000000000000000E+00   0.000000000000000E+00
   7.276121694000000E-01   1.050217728100000E+01   1.050217728100000E+01   0.000000000000000E+00  -9.783063001800000E-01   0.000000000000000E+00   0.000000000000000E+00   0.000000000000000E+00
   7.287311061300000E-01   1.051832774200000E+01   1.051832774200000E+01   0.000000000000000E+00  -9.783063001800000E-01   0.000000000000000E+00   0.000000000000000E+00   0.000000000000000E+00
   7.298500428500000E-01   1.053447820300000E+01   1.053447820300000E+01   0.000000000000000E+00  -9.783063001800000E-01   0.000000000000000E+00   0.000000000000000E+00   0.000000000000000E+00
   7.309689795800000E-01   1.055062866400000E+01   1.055062866400000E+01   0.000000000000000E+00  -9.783063001800000E-01   0.000000000000000E+00   0.000000000000000E+00   0.000000000000000E+00
   7.319220188700000E-01   1.056438460100000E+01   1.056438460100000E+01   0.000000000000000E+00  -9.783063001800000E-01   0.000000000000000E+00   0.000000000000000E+00   0.000000000000000E+00
   7.328750581600000E-01   1.057814053900000E+01   1.057814053900000E+01   0.000000000000000E+00  -9.783063001800000E-01   0.000000000000000E+00   0.000000000000000E+00   0.000000000000000E+00
   7.338280974500000E-01   1.059189647700000E+01   1.059189647700000E+01   0.000000000000000E+00  -9.783063001800000E-01   0.000000000000000E+00   0.000000000000000E+00   0.000000000000000E+00
   7.347811367400000E-01   1.060565241400000E+01   1.060565241400000E+01   0.000000000000000E+00  -9.783063001800000E-01   0.000000000000000E+00   0.000000000000000E+00   0.000000000000000E+00
   7.355521598500000E-01   1.061678117400000E+01   1.061678117400000E+01   0.000000000000000E+00  -9.783063001800000E-01   0.000000000000000E+00   0.000000000000000E+00   0.000000000000000E+00
   7.363231829700000E-01   1.062790993500000E+01   1.062790993500000E+01   0.000000000000000E+00  -9.783063001800000E-01   0.000000000000000E+00   0.000000000000000E+00   0.000000000000000E+00
   7.370942060800000E-01   1.063903869500000E+01   1.063903869500000E+01   0.000000000000000E+00  -9.783063001800000E-01   0.000000000000000E+00   0.000000000000000E+00   0.000000000000000E+00
   7.378652291900000E-01   1.065016745500000E+01   1.065016745500000E+01   0.000000000000000E+00  -9.783063001800000E-01   0.000000000000000E+00   0.000000000000000E+00   0.000000000000000E+00
   7.385883329300000E-01   1.066060455900000E+01   1.066060455900000E+01   0.000000000000000E+00  -9.783063001800000E-01   0.000000000000000E+00   0.000000000000000E+00   0.000000000000000E+00
   7.393114366700000E-01   1.067104166300000E+01   1.067104166300000E+01   0.000000000000000E+00  -9.783063001800000E-01   0.000000000000000E+00   0.000000000000000E+00   0.000000000000000E+00
   7.400345404100001E-01   1.068147876600000E+01   1.068147876600000E+01   0.000000000000000E+00  -9.783063001800000E-01   0.000000000000000E+00   0.000000000000000E+00   0.000000000000000E+00
   7.407576441500000E-01   1.069191587000000E+01   1.069191587000000E+01   0.000000000000000E+00  -9.783063001800000E-01   0.000000000000000E+00   0.000000000000000E+00   0.000000000000000E+00
   7.413557772900000E-01   1.070054917800000E+01   1.070054917800000E+01   0.000000000000000E+00  -9.783063001800000E-01   0.000000000000000E+00   0.000000000000000E+00   0.000000000000000E+00
   7.419539104200000E-01   1.070918248700000E+01   1.070918248700000E+01   0.000000000000000E+00  -9.783063001800000E-01   0.000000000000000E+00   0.000000000000000E+00   0.000000000000000E+00
   7.425520435600000E-01   1.071781579500000E+01   1.071781579500000E+01   0.000000000000000E+00  -9.783063001800000E-01   0.000000000000000E+00   0.000000000000000E+00   0.000000000000000E+00
   7.431501767000001E-01   1.072644910400000E+01   1.072644910400000E+01   0.000000000000000E+00  -9.783063001800000E-01   0.000000000000000E+00   0.000000000000000E+00   0.000000000000000E+00
   7.437466479100000E-01   1.073505842400000E+01   1.073505842400000E+01   0.000000000000000E+00  -9.783063001800000E-01   0.000000000000000E+00   0.000000000000000E+00   0.000000000000000E+00
   7.443431191200000E-01   1.074366774500000E+01   1.074366774500000E+01   0.000000000000000E+00  -9.783063001800000E-01   0.000000000000000E+00   0.000000000000000E+00   0.000000000000000E+00
   7.449395903400000E-01   1.075227706500000E+01   1.075227706500000E+01   0.000000000000000E+00  -9.783063001800000E-01   0.000000000000000E+00   0.000000000000000E+00   0.000000000000000E+00
   7.455360615500000E-01   1.076088638600000E+01   1.076088638600000E+01   0.000000000000000E+00  -9.783063001800000E-01   0.000000000000000E+00   0.000000000000000E+00   0.000000000000000E+00
   7.461157350800000E-01   1.076925325300000E+01   1.076925325300000E+01   0.000000000000000E+00  -9.783063001800000E-01   0.000000000000000E+00   0.000000000000000E+00   0.000000000000000E+00
   7.466954086100001E-01   1.077762012000000E+01   1.077762012000000E+01   0.000000000000000E+00  -9.783063001800000E-01   0.000000000000000E+00   0.000000000000000E+00   0.000000000000000E+00
   7.472750821400000E-01   1.078598698700000E+01   1.078598698700000E+01   0.000000000000000E+00  -9.783063001800000E-01   0.000000000000000E+00   0.000000000000000E+00   0.000000000000000E+00
   7.478547556700000E-01   1.079435385400000E+01   1.079435385400000E+01   0.000000000000000E+00  -9.783063001800000E-01   0.000000000000000E+00   0.000000000000000E+00   0.000000000000000E+00
   7.484095469399999E-01   1.080236157600000E+01   1.080236157600000E+01   0.000000000000000E+00  -9.783063001800000E-01   0.000000000000000E+00   0.000000000000000E+00   0.000000000000000E+00
   7.489643382200000E-01   1.081036929800000E+01   1.081036929800000E+01   0.000000000000000E+00  -9.783063001800000E-01   0.000000000000000E+00   0.000000000000000E+00   0.000000000000000E+00
   7.495191294900000E-01   1.081837702100000E+01   1.081837702100000E+01   0.000000000000000E+00  -9.783063001800000E-01   0.000000000000000E+00   0.000000000000000E+00   0.000000000000000E+00
   7.500739207600000E-01   1.082638474300000E+01   1.082638474300000E+01   0.000000000000000E+00  -9.783063001800000E-01   0.000000000000000E+00   0.000000000000000E+00   0.000000000000000E+00
   7.506507837100000E-01   1.083471104300000E+01   1.083471104300000E+01   0.000000000000000E+00  -9.783063001800000E-01   0.000000000000000E+00   0.000000000000000E+00   0.000000000000000E+00
   7.512276466600000E-01   1.084303734300000E+01   1.084303734300000E+01   0.000000000000000E+00  -9.783063001800000E-01   0.000000000000000E+00   0.000000000000000E+00   0.000000000000000E+00
   7.518045096000000E-01   1.085136364200000E+01   1.085136364200000E+01   0.000000000000000E+00  -9.783063001800000E-01   0.000000000000000E+00   0.000000000000000E+00   0.000000000000000E+00
   7.523813725500000E-01   1.085968994200000E+01   1.085968994200000E+01   0.000000000000000E+00  -9.783063001800000E-01   0.000000000000000E+00   0.000000000000000E+00   0.000000000000000E+00
   7.528556869400000E-01   1.086653608000000E+01   1.086653608000000E+01   0.000000000000000E+00  -9.783063001800000E-01   0.000000000000000E+00   0.000000000000000E+00   0.000000000000000E+00
   7.533300013300001E-01   1.087338221900000E+01   1.087338221900000E+01   0.000000000000000E+00  -9.783063001800000E-01   0.000000000000000E+00   0.000000000000000E+00   0.000000000000000E+00
   7.538043157200000E-01   1.088022835800000E+01   1.088022835800000E+01   0.000000000000000E+00  -9.783063001800000E-01   0.000000000000000E+00   0.000000000000000E+00   0.000000000000000E+00
   7.542786301100000E-01   1.088707449600000E+01   1.088707449600000E+01   0.000000000000000E+00  -9.783063001800000E-01   0.000000000000000E+00   0.000000000000000E+00   0.000000000000000E+00
   7.547983280900000E-01   1.089457569100000E+01   1.089457569100000E+01   0.000000000000000E+00  -9.783063001800000E-01   0.000000000000000E+00   0.000000000000000E+00   0.000000000000000E+00
   7.553180260700000E-01   1.090207688500000E+01   1.090207688500000E+01   0.000000000000000E+00  -9.783063001800000E-01   0.000000000000000E+00   0.000000000000000E+00   0.000000000000000E+00
   7.558377240500000E-01   1.090957808000000E+01   1.090957808000000E+01   0.000000000000000E+00  -9.783063001800000E-01   0.000000000000000E+00   0.000000000000000E+00   0.000000000000000E+00
   7.563574220200000E-01   1.091707927400000E+01   1.091707927400000E+01   0.000000000000000E+00  -9.783063001800000E-01   0.000000000000000E+00   0.000000000000000E+00   0.000000000000000E+00
   7.568332937600000E-01   1.092394789100000E+01   1.092394789100000E+01   0.000000000000000E+00  -9.783063001800000E-01   0.000000000000000E+00   0.000000000000000E+00   0.000000000000000E+00
   7.573091654900000E-01   1.093081650800000E+01   1.093081650800000E+01   0.000000000000000E+00  -9.783063001800000E-01   0.000000000000000E+00   0.000000000000000E+00   0.000000000000000E+00
   7.577850372200000E-01   1.093768512500000E+01   1.093768512500000E+01   0.000000000000000E+00  -9.783063001800000E-01   0.000000000000000E+00   0.000000000000000E+00   0.000000000000000E+00
   7.582609089500000E-01   1.094455374200000E+01   1.094455374200000E+01   0.000000000000000E+00  -9.783063001800000E-01   0.000000000000000E+00   0.000000000000000E+00   0.000000000000000E+00
   7.588665388300000E-01   1.095329525600000E+01   1.095329525600000E+01   0.000000000000000E+00  -9.783063001800000E-01   0.000000000000000E+00   0.000000000000000E+00   0.000000000000000E+00
   7.594721687200000E-01   1.096203677100000E+01   1.096203677100000E+01   0.000000000000000E+00  -9.783063001800000E-01   0.000000000000000E+00   0.000000000000000E+00   0.000000000000000E+00
   7.600777986000000E-01   1.097077828600000E+01   1.097077828600000E+01   0.000000000000000E+00  -9.783063001800000E-01   0.000000000000000E+00   0.000000000000000E+00   0.000000000000000E+00
   7.606834284800000E-01   1.097951980000000E+01   1.097951980000000E+01   0.000000000000000E+00  -9.783063001800000E-01   0.000000000000000E+00   0.000000000000000E+00   0.000000000000000E+00
   7.612438873400000E-01   1.098760932700000E+01   1.098760932700000E+01   0.000000000000000E+00  -9.783063001800000E-01   0.000000000000000E+00   0.000000000000000E+00   0.000000000000000E+00
   7.618043462000000E-01   1.099569885400000E+01   1.099569885400000E+01   0.000000000000000E+00  -9.783063001800000E-01   0.000000000000000E+00   0.000000000000000E+00   0.000000000000000E+00
   7.623648050700000E-01   1.100378838100000E+01   1.100378838100000E+01   0.000000000000000E+00  -9.783063001800000E-01   0.000000000000000E+00   0.000000000000000E+00   0.000000000000000E+00
   7.629252639300000E-01   1.101187790800000E+01   1.101187790800000E+01   0.000000000000000E+00  -9.783063001800000E-01   0.000000000000000E+00   0.000000000000000E+00   0.000000000000000E+00
   7.633755639299999E-01   1.101837742900000E+01   1.101837742900000E+01   0.000000000000000E+00  -9.783063001800000E-01   0.000000000000000E+00   0.000000000000000E+00   0.000000000000000E+00
   7.638258639200000E-01   1.102487695000000E+01   1.102487695000000E+01   0.000000000000000E+00  -9.783063001800000E-01   0.000000000000000E+00   0.000000000000000E+00   0.000000000000000E+00
   7.642761639200000E-01   1.103137647100000E+01   1.103137647100000E+01   0.000000000000000E+00  -9.783063001800000E-01   0.000000000000000E+00   0.000000000000000E+00   0.000000000000000E+00
   7.647264639100000E-01   1.103787599100000E+01   1.103787599100000E+01   0.000000000000000E+00  -9.783063001800000E-01   0.000000000000000E+00   0.000000000000000E+00   0.000000000000000E+00
   7.651670496800000E-01   1.104423529900000E+01   1.104423529900000E+01   0.000000000000000E+00  -9.783063001800000E-01   0.000000000000000E+00   0.000000000000000E+00   0.000000000000000E+00
   7.656076354500000E-01   1.105059460700000E+01   1.105059460700000E+01   0.000000000000000E+00  -9.783063001800000E-01   0.000000000000000E+00   0.000000000000000E+00   0.000000000000000E+00
   7.660482212200000E-01   1.105695391500000E+01   1.105695391500000E+01   0.000000000000000E+00  -9.783063001800000E-01   0.000000000000000E+00   0.000000000000000E+00   0.000000000000000E+00
   7.664888069900000E-01   1.106331322300000E+01   1.106331322300000E+01   0.000000000000000E+00  -9.783063001800000E-01   0.000000000000000E+00   0.000000000000000E+00   0.000000000000000E+00
   7.669729153100000E-01   1.107030072500000E+01   1.107030072500000E+01   0.000000000000000E+00  -9.783063001800000E-01   0.000000000000000E+00   0.000000000000000E+00   0.000000000000000E+00
   7.674570236200000E-01   1.107728822700000E+01   1.107728822700000E+01   0.000000000000000E+00  -9.783063001800000E-01   0.000000000000000E+00   0.000000000000000E+00   0.000000000000000E+00
   7.679411319400000E-01   1.108427572900000E+01   1.108427572900000E+01   0.000000000000000E+00  -9.783063001800000E-01   0.000000000000000E+00   0.000000000000000E+00   0.000000000000000E+00
   7.684252402500000E-01   1.109126323000000E+01   1.109126323000000E+01   0.000000000000000E+00  -9.783063001800000E-01   0.000000000000000E+00   0.000000000000000E+00   0.000000000000000E+00
   7.690385074700000E-01   1.110011498100000E+01   1.110011498100000E+01   0.000000000000000E+00  -9.783063001800000E-01   0.000000000000000E+00   0.000000000000000E+00   0.000000000000000E+00
   7.696517747000000E-01   1.110896673100000E+01   1.110896673100000E+01   0.000000000000000E+00  -9.783063001800000E-01   0.000000000000000E+00   0.000000000000000E+00   0.000000000000000E+00
   7.702650419200000E-01   1.111781848100000E+01   1.111781848100000E+01   0.000000000000000E+00  -9.783063001800000E-01   0.000000000000000E+00   0.000000000000000E+00   0.000000000000000E+00
   7.708783091400000E-01   1.112667023100000E+01   1.112667023100000E+01   0.000000000000000E+00  -9.783063001800000E-01   0.000000000000000E+00   0.000000000000000E+00   0.000000000000000E+00
   7.714315222500000E-01   1.113465517400000E+01   1.113465517400000E+01   0.000000000000000E+00  -9.783063001800000E-01   0.000000000000000E+00   0.000000000000000E+00   0.000000000000000E+00
   7.719847353700000E-01   1.114264011800000E+01   1.114264011800000E+01   0.000000000000000E+00  -9.783063001800000E-01   0.000000000000000E+00   0.000000000000000E+00   0.000000000000000E+00
   7.725379484800000E-01   1.115062506200000E+01   1.115062506200000E+01   0.000000000000000E+00  -9.783063001800000E-01   0.000000000000000E+00   0.000000000000000E+00   0.000000000000000E+00
   7.730911616000000E-01   1.115861000600000E+01   1.115861000600000E+01   0.000000000000000E+00  -9.783063001800000E-01   0.000000000000000E+00   0.000000000000000E+00   0.000000000000000E+00
   7.738846514900000E-01   1.117006304600000E+01   1.117006304600000E+01   0.000000000000000E+00  -9.783063001800000E-01   0.000000000000000E+00   0.000000000000000E+00   0.000000000000000E+00
   7.746781413700000E-01   1.118151608600000E+01   1.118151608600000E+01   0.000000000000000E+00  -9.783063001800000E-01   0.000000000000000E+00   0.000000000000000E+00   0.000000000000000E+00
   7.754716312500000E-01   1.119296912600000E+01   1.119296912600000E+01   0.000000000000000E+00  -9.783063001800000E-01   0.000000000000000E+00   0.000000000000000E+00   0.000000000000000E+00
   7.762651211400000E-01   1.120442216600000E+01   1.120442216600000E+01   0.000000000000000E+00  -9.783063001800000E-01   0.000000000000000E+00   0.000000000000000E+00   0.000000000000000E+00
   7.768990149400000E-01   1.121357163600000E+01   1.121357163600000E+01   0.000000000000000E+00  -9.783063001800000E-01   0.000000000000000E+00   0.000000000000000E+00   0.000000000000000E+00
   7.775329087400000E-01   1.122272110500000E+01   1.122272110500000E+01   0.000000000000000E+00  -9.783063001800000E-01   0.000000000000000E+00   0.000000000000000E+00   0.000000000000000E+00
   7.781668025400000E-01   1.123187057400000E+01   1.123187057400000E+01   0.000000000000000E+00  -9.783063001800000E-01   0.000000000000000E+00   0.000000000000000E+00   0.000000000000000E+00
   7.788006963400000E-01   1.124102004300000E+01   1.124102004300000E+01   0.000000000000000E+00  -9.783063001800000E-01   0.000000000000000E+00   0.000000000000000E+00   0.000000000000000E+00
   7.793692256200000E-01   1.124922605600000E+01   1.124922605600000E+01   0.000000000000000E+00  -9.783063001800000E-01   0.000000000000000E+00   0.000000000000000E+00   0.000000000000000E+00
   7.799377548999999E-01   1.125743207000000E+01   1.125743207000000E+01   0.000000000000000E+00  -9.783063001800000E-01   0.000000000000000E+00   0.000000000000000E+00   0.000000000000000E+00
   7.805062841900000E-01   1.126563808400000E+01   1.126563808400000E+01   0.000000000000000E+00  -9.783063001800000E-01   0.000000000000000E+00   0.000000000000000E+00   0.000000000000000E+00
   7.810748134700000E-01   1.127384409700000E+01   1.127384409700000E+01   0.000000000000000E+00  -9.783063001800000E-01   0.000000000000000E+00   0.000000000000000E+00   0.000000000000000E+00
   7.816796823800000E-01   1.128257462800000E+01   1.128257462800000E+01   0.000000000000000E+00  -9.783063001800000E-01   0.000000000000000E+00   0.000000000000000E+00   0.000000000000000E+00
   7.822845512800000E-01   1.129130515900000E+01   1.129130515900000E+01   0.000000000000000E+00  -9.783063001800000E-01   0.000000000000000E+00   0.000000000000000E+00   0.000000000000000E+00
   7.828894201900000E-01   1.130003569000000E+01   1.130003569000000E+01   0.000000000000000E+00  -9.783063001800000E-01   0.000000000000000E+00   0.000000000000000E+00   0.000000000000000E+00
   7.834942891000000E-01   1.130876622000000E+01   1.130876622000000E+01   0.000000000000000E+00  -9.783063001800000E-01   0.000000000000000E+00   0.000000000000000E+00   0.000000000000000E+00
   7.840884891600000E-01   1.131734276000000E+01   1.131734276000000E+01   0.000000000000000E+00  -9.783063001800000E-01   0.000000000000000E+00   0.000000000000000E+00   0.000000000000000E+00
   7.846826892200000E-01   1.132591929900000E+01   1.132591929900000E+01   0.000000000000000E+00  -9.783063001800000E-01   0.000000000000000E+00   0.000000000000000E+00   0.000000000000000E+00
   7.852768892799999E-01   1.133449583800000E+01   1.133449583800000E+01   0.000000000000000E+00  -9.783063001800000E-01   0.000000000000000E+00   0.000000000000000E+00   0.000000000000000E+00
   7.858710893400001E-01   1.134307237800000E+01   1.134307237800000E+01   0.000000000000000E+00  -9.783063001800000E-01   0.000000000000000E+00   0.000000000000000E+00   0.000000000000000E+00
   7.864260617600000E-01   1.135108271500000E+01   1.135108271500000E+01   0.000000000000000E+00  -9.783063001800000E-01   0.000000000000000E+00   0.000000000000000E+00   0.000000000000000E+00
   7.869810341700000E-01   1.135909305200000E+01   1.135909305200000E+01   0.000000000000000E+00  -9.783063001800000E-01   0.000000000000000E+00   0.000000000000000E+00   0.000000000000000E+00
   7.875360065900000E-01   1.136710338900000E+01   1.136710338900000E+01   0.000000000000000E+00  -9.783063001800000E-01   0.000000000000000E+00   0.000000000000000E+00   0.000000000000000E+00
   7.880909790000000E-01   1.137511372600000E+01   1.137511372600000E+01   0.000000000000000E+00  -9.783063001800000E-01   0.000000000000000E+00   0.000000000000000E+00   0.000000000000000E+00
   7.886300783800000E-01   1.138289495500000E+01   1.138289495500000E+01   0.000000000000000E+00  -9.783063001800000E-01   0.000000000000000E+00   0.000000000000000E+00   0.000000000000000E+00
   7.891691777500000E-01   1.139067618500000E+01   1.139067618500000E+01   0.000000000000000E+00  -9.783063001800000E-01   0.000000000000000E+00   0.000000000000000E+00   0.000000000000000E+00
   7.897082771200000E-01   1.139845741400000E+01   1.139845741400000E+01   0.000000000000000E+00  -9.783063001800000E-01   0.000000000000000E+00   0.000000000000000E+00   0.000000000000000E+00
   7.902473765000000E-01   1.140623864300000E+01   1.140623864300000E+01   0.000000000000000E+00  -9.783063001800000E-01   0.000000000000000E+00   0.000000000000000E+00   0.000000000000000E+00
   7.907978984700000E-01   1.141418474400000E+01   1.141418474400000E+01   0.000000000000000E+00  -9.783063001800000E-01   0.000000000000000E+00   0.000000000000000E+00   0.000000000000000E+00
   7.913484204400000E-01   1.142213084400000E+01   1.142213084400000E+01   0.000000000000000E+00  -9.783063001800000E-01   0.000000000000000E+00   0.000000000000000E+00   0.000000000000000E+00
   7.918989424100000E-01   1.143007694500000E+01   1.143007694500000E+01   0.000000000000000E+00  -9.783063001800000E-01   0.000000000000000E+00   0.000000000000000E+00   0.000000000000000E+00
   7.924494643800000E-01   1.143802304500000E+01   1.143802304500000E+01   0.000000000000000E+00  -9.783063001800000E-01   0.000000000000000E+00   0.000000000000000E+00   0.000000000000000E+00
   7.931129060300000E-01   1.144759900000000E+01   1.144759900000000E+01   0.000000000000000E+00  -9.783063001800000E-01   0.000000000000000E+00   0.000000000000000E+00   0.000000000000000E+00
   7.937763476700000E-01   1.145717495600000E+01   1.145717495600000E+01   0.000000000000000E+00  -9.783063001800000E-01   0.000000000000000E+00   0.000000000000000E+00   0.000000000000000E+00
   7.944397893200000E-01   1.146675091100000E+01   1.146675091100000E+01   0.000000000000000E+00  -9.783063001800000E-01   0.000000000000000E+00   0.000000000000000E+00   0.000000000000000E+00
   7.951032309600000E-01   1.147632686700000E+01   1.147632686700000E+01   0.000000000000000E+00  -9.783063001800000E-01   0.000000000000000E+00   0.000000000000000E+00   0.000000000000000E+00
   7.964428759700000E-01   1.149566297800000E+01   1.149566297800000E+01   0.000000000000000E+00  -9.783063001800000E-01   0.000000000000000E+00   0.000000000000000E+00   0.000000000000000E+00
   7.977825209800000E-01   1.151499908800000E+01   1.151499908800000E+01   0.000000000000000E+00  -9.783063001800000E-01   0.000000000000000E+00   0.000000000000000E+00   0.000000000000000E+00
   7.991221659900000E-01   1.153433519900000E+01   1.153433519900000E+01   0.000000000000000E+00  -9.783063001800000E-01   0.000000000000000E+00   0.000000000000000E+00   0.000000000000000E+00
   8.004618110000000E-01   1.155367130900000E+01   1.155367130900000E+01   0.000000000000000E+00  -9.783063001800000E-01   0.000000000000000E+00   0.000000000000000E+00   0.000000000000000E+00
   8.025764675400000E-01   1.158419374800000E+01   1.158419374800000E+01   0.000000000000000E+00  -9.783063001800000E-01   0.000000000000000E+00   0.000000000000000E+00   0.000000000000000E+00
   8.046911240800000E-01   1.161471618700000E+01   1.161471618700000E+01   0.000000000000000E+00  -9.783063001800000E-01   0.000000000000000E+00   0.000000000000000E+00   0.000000000000000E+00
   8.068057806200000E-01   1.164523862600000E+01   1.164523862600000E+01   0.000000000000000E+00  -9.783063001800000E-01   0.000000000000000E+00   0.000000000000000E+00   0.000000000000000E+00
   8.089204371700000E-01   1.167576106400000E+01   1.167576106400000E+01   0.000000000000000E+00  -9.783063001800000E-01   0.000000000000000E+00   0.000000000000000E+00   0.000000000000000E+00
   8.131085852300000E-01   1.173621177600000E+01   1.173621177600000E+01   0.000000000000000E+00  -9.783063001800000E-01   0.000000000000000E+00   0.000000000000000E+00   0.000000000000000E+00
   8.172967333000000E-01   1.179666248800000E+01   1.179666248800000E+01   0.000000000000000E+00  -9.783063001800000E-01   0.000000000000000E+00   0.000000000000000E+00   0.000000000000000E+00
   8.214848813700000E-01   1.185711320000000E+01   1.185711320000000E+01   0.000000000000000E+00  -9.783063001800000E-01   0.000000000000000E+00   0.000000000000000E+00   0.000000000000000E+00
   8.256730294300000E-01   1.191756391100000E+01   1.191756391100000E+01   0.000000000000000E+00  -9.783063001800000E-01   0.000000000000000E+00   0.000000000000000E+00   0.000000000000000E+00
   8.292925485100000E-01   1.196980717000000E+01   1.196980717000000E+01   0.000000000000000E+00  -9.783063001800000E-01   0.000000000000000E+00   0.000000000000000E+00   0.000000000000000E+00
   8.329120675800000E-01   1.202205042900000E+01   1.202205042900000E+01   0.000000000000000E+00  -9.783063001800000E-01   0.000000000000000E+00   0.000000000000000E+00   0.000000000000000E+00
   8.365315866500000E-01   1.207429368800000E+01   1.207429368800000E+01   0.000000000000000E+00  -9.783063001800000E-01   0.000000000000000E+00   0.000000000000000E+00   0.000000000000000E+00
   8.401511057200000E-01   1.212653694700000E+01   1.212653694700000E+01   0.000000000000000E+00  -9.783063001800000E-01   0.000000000000000E+00   0.000000000000000E+00   0.000000000000000E+00
   8.454106075400000E-01   1.220245131800000E+01   1.220245131800000E+01   0.000000000000000E+00  -9.783063001800000E-01   0.000000000000000E+00   0.000000000000000E+00   0.000000000000000E+00
   8.506701093600000E-01   1.227836569000000E+01   1.227836569000000E+01   0.000000000000000E+00  -9.783063001800000E-01   0.000000000000000E+00   0.000000000000000E+00   0.000000000000000E+00
   8.559296111800000E-01   1.235428006100000E+01   1.235428006100000E+01   0.000000000000000E+00  -9.783063001800000E-01   0.000000000000000E+00   0.000000000000000E+00   0.000000000000000E+00
   8.611891130000000E-01   1.243019443300000E+01   1.243019443300000E+01   0.000000000000000E+00  -9.783063001800000E-01   0.000000000000000E+00   0.000000000000000E+00   0.000000000000000E+00
   8.706236681300000E-01   1.256637050900000E+01   1.256637050900000E+01   0.000000000000000E+00  -9.783063001800000E-01   0.000000000000000E+00   0.000000000000000E+00   0.000000000000000E+00
   8.800582232500000E-01   1.270254658600000E+01   1.270254658600000E+01   0.000000000000000E+00  -9.783063001800000E-01   0.000000000000000E+00   0.000000000000000E+00   0.000000000000000E+00
   8.894927783700000E-01   1.283872266200000E+01   1.283872266200000E+01   0.000000000000000E+00  -9.783063001800000E-01   0.000000000000000E+00   0.000000000000000E+00   0.000000000000000E+00
   8.989273334900000E-01   1.297489873900000E+01   1.297489873900000E+01   0.000000000000000E+00  -9.783063001800000E-01   0.000000000000000E+00   0.000000000000000E+00   0.000000000000000E+00
   9.115643829300000E-01   1.315729884000000E+01   1.315729884000000E+01   0.000000000000000E+00  -9.783063001800000E-01   0.000000000000000E+00   0.000000000000000E+00   0.000000000000000E+00
   9.242014323700000E-01   1.333969894200000E+01   1.333969894200000E+01   0.000000000000000E+00  -9.783063001800000E-01   0.000000000000000E+00   0.000000000000000E+00   0.000000000000000E+00
   9.368384818100000E-01   1.352209904300000E+01   1.352209904300000E+01   0.000000000000000E+00  -9.783063001800000E-01   0.000000000000000E+00   0.000000000000000E+00   0.000000000000000E+00
   9.494755312499999E-01   1.370449914500000E+01   1.370449914500000E+01   0.000000000000000E+00  -9.783063001800000E-01   0.000000000000000E+00   0.000000000000000E+00   0.000000000000000E+00
   9.621066484400000E-01   1.388681362200000E+01   1.388681362200000E+01   0.000000000000000E+00  -9.783063001800000E-01   0.000000000000000E+00   0.000000000000000E+00   0.000000000000000E+00
   9.747377656200000E-01   1.406912809800000E+01   1.406912809800000E+01   0.000000000000000E+00  -9.783063001800000E-01   0.000000000000000E+00   0.000000000000000E+00   0.000000000000000E+00
   9.873688828100000E-01   1.425144257500000E+01   1.425144257500000E+01   0.000000000000000E+00  -9.783063001800000E-01   0.000000000000000E+00   0.000000000000000E+00   0.000000000000000E+00
   1.000000000000000E+00   1.443375705200000E+01   1.443375705200000E+01   0.000000000000000E+00  -9.783063001800000E-01   0.000000000000000E+00   0.000000000000000E+00   0.000000000000000E+00
