   0.000000000000000E+00   3.056222938100000E-31   0.000000000000000E+00   0.000000000000000E+00  -9.996420110300001E-01   0.000000000000000E+00   0.000000000000000E+00   0.000000000000000E+00
   1.120179523600000E-02   1.616839909800000E-01   1.616839909800000E-01   0.000000000000000E+00  -9.996420110300001E-01   0.000000000000000E+00   0.000000000000000E+00   0.000000000000000E+00
   2.240359047200000E-02   3.233679819600000E-01   3.233679819600000E-01   0.000000000000000E+00  -9.996420110300001E-01   0.000000000000000E+00   0.000000000000000E+00   0.000000000000000E+00
   3.360538570700000E-02   4.850519729400000E-01   4.850519729400000E-01   0.000000000000000E+00  -9.996420110300001E-01   0.000000000000000E+00   0.000000000000000E+00   0.000000000000000E+00
   4.480718094300000E-02   6.467359639200000E-01   6.467359639200000E-01   0.000000000000000E+00  -9.996420110300001E-01   0.000000000000000E+00   0.000000000000000E+00   0.000000000000000E+00
   5.269010972400000E-02   7.605162428100000E-01   7.605162428100000E-01   0.000000000000000E+00  -9.996420110300001E-01   0.000000000000000E+00   0.000000000000000E+00   0.000000000000000E+00
   6.057303850600000E-02   8.742965216900001E-01   8.742965216900001E-01   0.000000000000000E+00  -9.996420110300001E-01   0.000000000000000E+00   0.000000000000000E+00   0.000000000000000E+00
   6.845596728700000E-02   9.880768005800000E-01   9.880768005800000E-01   0.000000000000000E+00  -9.996420110300001E-01   0.000000000000000E+00   0.000000000000000E+00   0.000000000000000E+00
   7.633889606800000E-02   1.101857079500000E+00   1.101857079500000E+00   0.000000000000000E+00  -9.996420110300001E-01   0.000000000000000E+00   0.000000000000000E+00   0.000000000000000E+00
   8.288016171900001E-02   1.196272118700000E+00   1.196272118700000E+00   0.000000000000000E+00  -9.996420110300001E-01   0.000000000000000E+00   0.000000000000000E+00   0.000000000000000E+00
   8.942142736900000E-02   1.290687157900000E+00   1.290687157900000E+00   0.000000000000000E+00  -9.996420110300001E-01   0.000000000000000E+00   0.000000000000000E+00   0.000000000000000E+00
   9.596269302000000E-02   1.385102197100000E+00   1.385102197100000E+00   0.000000000000000E+00  -9.996420110300001E-01   0.000000000000000E+00   0.000000000000000E+00   0.000000000000000E+00
   1.025039586700000E-01   1.479517236300000E+00   1.479517236300000E+00   0.000000000000000E+00  -9.996420110300001E-01   0.000000000000000E+00   0.000000000000000E+00   0.000000000000000E+00
   1.078223738100000E-01   1.556281948400000E+00   1.556281948400000E+00   0.000000000000000E+00  -9.996420110300001E-01   0.000000000000000E+00   0.000000000000000E+00   0.000000000000000E+00
   1.131407889600000E-01   1.633046660500000E+00   1.633046660500000E+00   0.000000000000000E+00  -9.996420110300001E-01   0.000000000000000E+00   0.000000000000000E+00   0.000000000000000E+00
   1.184592041000000E-01   1.709811372600000E+00   1.709811372600000E+00   0.000000000000000E+00  -9.996420110300001E-01   0.000000000000000E+00   0.000000000000000E+00   0.000000000000000E+00
   1.237776192500000E-01   1.786576084700000E+00   1.786576084700000E+00   0.000000000000000E+00  -9.996420110300001E-01   0.000000000000000E+00   0.000000000000000E+00   0.000000000000000E+00
   1.288834707200000E-01   1.860272704400000E+00   1.860272704400000E+00   0.000000000000000E+00  -9.996420110300001E-01   0.000000000000000E+00   0.000000000000000E+00   0.000000000000000E+00
   1.339893222000000E-01   1.933969324200000E+00   1.933969324200000E+00   0.000000000000000E+00  -9.996420110300001E-01   0.000000000000000E+00   0.000000000000000E+00   0.000000000000000E+00
   1.390951736700000E-01   2.007665943900000E+00   2.007665943900000E+00   0.000000000000000E+00  -9.996420110300001E-01   0.000000000000000E+00   0.000000000000000E+00   0.000000000000000E+00
   1.442010251500000E-01   2.081362563600000E+00   2.081362563600000E+00   0.000000000000000E+00  -9.996420110300001E-01   0.000000000000000E+00   0.000000000000000E+00   0.000000000000000E+00
   1.494131207900000E-01   2.156592685800000E+00   2.156592685800000E+00   0.000000000000000E+00  -9.996420110300001E-01   0.000000000000000E+00   0.000000000000000E+00   0.000000000000000E+00
   1.546252164300000E-01   2.231822808000000E+00   2.231822808000000E+00   0.000000000000000E+00  -9.996420110300001E-01   0.000000000000000E+00   0.000000000000000E+00   0.000000000000000E+00
   1.598373120700000E-01   2.307052930200000E+00   2.307052930200000E+00   0.000000000000000E+00  -9.996420110300001E-01   0.000000000000000E+00   0.000000000000000E+00   0.000000000000000E+00
   1.650494077100000E-01   2.382283052400000E+00   2.382283052400000E+00   0.000000000000000E+00  -9.996420110300001E-01   0.000000000000000E+00   0.000000000000000E+00   0.000000000000000E+00
   1.708491113200000E-01   2.465994565400000E+00   2.465994565400000E+00   0.000000000000000E+00  -9.996420110300001E-01   0.000000000000000E+00   0.000000000000000E+00   0.000000000000000E+00
   1.766488149400000E-01   2.549706078300000E+00   2.549706078300000E+00   0.000000000000000E+00  -9.996420110300001E-01   0.000000000000000E+00   0.000000000000000E+00   0.000000000000000E+00
   1.824485185500000E-01   2.633417591300000E+00   2.633417591300000E+00   0.000000000000000E+00  -9.996420110300001E-01   0.000000000000000E+00   0.000000000000000E+00   0.000000000000000E+00
   1.882482221700000E-01   2.717129104300000E+00   2.717129104300000E+00   0.000000000000000E+00  -9.996420110300001E-01   0.000000000000000E+00   0.000000000000000E+00   0.000000000000000E+00
   1.928472826300000E-01   2.783510825600000E+00   2.783510825600000E+00   0.000000000000000E+00  -9.996420110300001E-01   0.000000000000000E+00   0.000000000000000E+00   0.000000000000000E+00
   1.974463430900000E-01   2.849892547000000E+00   2.849892547000000E+00   0.000000000000000E+00  -9.996420110300001E-01   0.000000000000000E+00   0.000000000000000E+00   0.000000000000000E+00
   2.020454035500000E-01   2.916274268300000E+00   2.916274268300000E+00   0.000000000000000E+00  -9.996420110300001E-01   0.000000000000000E+00   0.000000000000000E+00   0.000000000000000E+00
   2.066444640100000E-01   2.982655989700000E+00   2.982655989700000E+00   0.000000000000000E+00  -9.996420110300001E-01   0.000000000000000E+00   0.000000000000000E+00   0.000000000000000E+00
   2.104371488900000E-01   3.037398681900000E+00   3.037398681900000E+00   0.000000000000000E+00  -9.996420110300001E-01   0.000000000000000E+00   0.000000000000000E+00   0.000000000000000E+00
   2.142298337800000E-01   3.092141374000000E+00   3.092141374000000E+00   0.000000000000000E+00  -9.996420110300001E-01   0.000000000000000E+00   0.000000000000000E+00   0.000000000000000E+00
   2.180225186600000E-01   3.146884066200000E+00   3.146884066200000E+00   0.000000000000000E+00  -9.996420110300001E-01   0.000000000000000E+00   0.000000000000000E+00   0.000000000000000E+00
   2.218152035500000E-01   3.201626758400000E+00   3.201626758400000E+00   0.000000000000000E+00  -9.996420110300001E-01   0.000000000000000E+00   0.000000000000000E+00   0.000000000000000E+00
   2.258392850700000E-01   3.259709373500000E+00   3.259709373500000E+00   0.000000000000000E+00  -9.996420110300001E-01   0.000000000000000E+00   0.000000000000000E+00   0.000000000000000E+00
   2.298633666000000E-01   3.317791988700000E+00   3.317791988700000E+00   0.000000000000000E+00  -9.996420110300001E-01   0.000000000000000E+00   0.000000000000000E+00   0.000000000000000E+00
   2.338874481300000E-01   3.375874603800000E+00   3.375874603800000E+00   0.000000000000000E+00  -9.996420110300001E-01   0.000000000000000E+00   0.000000000000000E+00   0.000000000000000E+00
   2.379115296600000E-01   3.433957219000000E+00   3.433957219000000E+00   0.000000000000000E+00  -9.996420110300001E-01   0.000000000000000E+00   0.000000000000000E+00   0.000000000000000E+00
   2.415510412700000E-01   3.486489045300000E+00   3.486489045300000E+00   0.000000000000000E+00  -9.996420110300001E-01   0.000000000000000E+00   0.000000000000000E+00   0.000000000000000E+00
   2.451905528700000E-01   3.539020871600000E+00   3.539020871600000E+00   0.000000000000000E+00  -9.996420110300001E-01   0.000000000000000E+00   0.000000000000000E+00   0.000000000000000E+00
   2.488300644800000E-01   3.591552697900000E+00   3.591552697900000E+00   0.000000000000000E+00  -9.996420110300001E-01   0.000000000000000E+00   0.000000000000000E+00   0.000000000000000E+00
   2.524695760900000E-01   3.644084524300000E+00   3.644084524300000E+00   0.000000000000000E+00  -9.996420110300001E-01   0.000000000000000E+00   0.000000000000000E+00   0.000000000000000E+00
   2.559073828400000E-01   3.693704991700000E+00   3.693704991700000E+00   0.000000000000000E+00  -9.996420110300001E-01   0.000000000000000E+00   0.000000000000000E+00   0.000000000000000E+00
   2.593451895900000E-01   3.743325459200000E+00   3.743325459200000E+00   0.000000000000000E+00  -9.996420110300001E-01   0.000000000000000E+00   0.000000000000000E+00   0.000000000000000E+00
   2.627829963400000E-01   3.792945926600000E+00   3.792945926600000E+00   0.000000000000000E+00  -9.996420110300001E-01   0.000000000000000E+00   0.000000000000000E+00   0.000000000000000E+00
   2.662208030900000E-01   3.842566394100000E+00   3.842566394100000E+00   0.000000000000000E+00  -9.996420110300001E-01   0.000000000000000E+00   0.000000000000000E+00   0.000000000000000E+00
   2.699527660900000E-01   3.896432641200000E+00   3.896432641200000E+00   0.000000000000000E+00  -9.996420110300001E-01   0.000000000000000E+00   0.000000000000000E+00   0.000000000000000E+00
   2.736847290800000E-01   3.950298888400000E+00   3.950298888400000E+00   0.000000000000000E+00  -9.996420110300001E-01   0.000000000000000E+00   0.000000000000000E+00   0.000000000000000E+00
   2.774166920800000E-01   4.004165135600000E+00   4.004165135600000E+00   0.000000000000000E+00  -9.996420110300001E-01   0.000000000000000E+00   0.000000000000000E+00   0.000000000000000E+00
   2.811486550700000E-01   4.058031382800000E+00   4.058031382800000E+00   0.000000000000000E+00  -9.996420110300001E-01   0.000000000000000E+00   0.000000000000000E+00   0.000000000000000E+00
   2.853058733400000E-01   4.118035661200000E+00   4.118035661200000E+00   0.000000000000000E+00  -9.996420110300001E-01   0.000000000000000E+00   0.000000000000000E+00   0.000000000000000E+00
   2.894630916000000E-01   4.178039939700000E+00   4.178039939700000E+00   0.000000000000000E+00  -9.996420110300001E-01   0.000000000000000E+00   0.000000000000000E+00   0.000000000000000E+00
   2.936203098700000E-01   4.238044218200000E+00   4.238044218200000E+00   0.000000000000000E+00  -9.996420110300001E-01   0.000000000000000E+00   0.000000000000000E+00   0.000000000000000E+00
   2.977775281300000E-01   4.298048496600000E+00   4.298048496600000E+00   0.000000000000000E+00  -9.996420110300001E-01   0.000000000000000E+00   0.000000000000000E+00   0.000000000000000E+00
   3.026277574500000E-01   4.368055528200000E+00   4.368055528200000E+00   0.000000000000000E+00  -9.996420110300001E-01   0.000000000000000E+00   0.000000000000000E+00   0.000000000000000E+00
   3.074779867700000E-01   4.438062559900000E+00   4.438062559900000E+00   0.000000000000000E+00  -9.996420110300001E-01   0.000000000000000E+00   0.000000000000000E+00   0.000000000000000E+00
   3.123282160900000E-01   4.508069591500000E+00   4.508069591500000E+00   0.000000000000000E+00  -9.996420110300001E-01   0.000000000000000E+00   0.000000000000000E+00   0.000000000000000E+00
   3.171784454000000E-01   4.578076623100000E+00   4.578076623100000E+00   0.000000000000000E+00  -9.996420110300001E-01   0.000000000000000E+00   0.000000000000000E+00   0.000000000000000E+00
   3.214286024000000E-01   4.639422356600000E+00   4.639422356600000E+00   0.000000000000000E+00  -9.996420110300001E-01   0.000000000000000E+00   0.000000000000000E+00   0.000000000000000E+00
   3.256787594000000E-01   4.700768090100000E+00   4.700768090100000E+00   0.000000000000000E+00  -9.996420110300001E-01   0.000000000000000E+00   0.000000000000000E+00   0.000000000000000E+00
   3.299289163900000E-01   4.762113823600000E+00   4.762113823600000E+00   0.000000000000000E+00  -9.996420110300001E-01   0.000000000000000E+00   0.000000000000000E+00   0.000000000000000E+00
   3.341790733900000E-01   4.823459557200000E+00   4.823459557200000E+00   0.000000000000000E+00  -9.996420110300001E-01   0.000000000000000E+00   0.000000000000000E+00   0.000000000000000E+00
   3.378004426000000E-01   4.875729520600000E+00   4.875729520600000E+00   0.000000000000000E+00  -9.996420110300001E-01   0.000000000000000E+00   0.000000000000000E+00   0.000000000000000E+00
   3.414218118200000E-01   4.927999484000000E+00   4.927999484000000E+00   0.000000000000000E+00  -9.996420110300001E-01   0.000000000000000E+00   0.000000000000000E+00   0.000000000000000E+00
   3.450431810300000E-01   4.980269447400000E+00   4.980269447400000E+00   0.000000000000000E+00  -9.996420110300001E-01   0.000000000000000E+00   0.000000000000000E+00   0.000000000000000E+00
   3.486645502400000E-01   5.032539410800000E+00   5.032539410800000E+00   0.000000000000000E+00  -9.996420110300001E-01   0.000000000000000E+00   0.000000000000000E+00   0.000000000000000E+00
   3.523746793700000E-01   5.086090513300000E+00   5.086090513300000E+00   0.000000000000000E+00  -9.996420110300001E-01   0.000000000000000E+00   0.000000000000000E+00   0.000000000000000E+00
   3.560848085000000E-01   5.139641615700000E+00   5.139641615700000E+00   0.000000000000000E+00  -9.996420110300001E-01   0.000000000000000E+00   0.000000000000000E+00   0.000000000000000E+00
   3.597949376200000E-01   5.193192718200000E+00   5.193192718200000E+00   0.000000000000000E+00  -9.996420110300001E-01   0.000000000000000E+00   0.000000000000000E+00   0.000000000000000E+00
   3.635050667500000E-01   5.246743820600000E+00   5.246743820600000E+00   0.000000000000000E+00  -9.996420110300001E-01   0.000000000000000E+00   0.000000000000000E+00   0.000000000000000E+00
   3.678337361400000E-01   5.309222782900000E+00   5.309222782900000E+00   0.000000000000000E+00  -9.996420110300001E-01   0.000000000000000E+00   0.000000000000000E+00   0.000000000000000E+00
   3.721624055200000E-01   5.371701745200000E+00   5.371701745200000E+00   0.000000000000000E+00  -9.996420110300001E-01   0.000000000000000E+00   0.000000000000000E+00   0.000000000000000E+00
   3.764910749100000E-01   5.434180707500000E+00   5.434180707500000E+00   0.000000000000000E+00  -9.996420110300001E-01   0.000000000000000E+00   0.000000000000000E+00   0.000000000000000E+00
   3.808197443000000E-01   5.496659669800000E+00   5.496659669800000E+00   0.000000000000000E+00  -9.996420110300001E-01   0.000000000000000E+00   0.000000000000000E+00   0.000000000000000E+00
   3.848954755800000E-01   5.555487784900000E+00   5.555487784900000E+00   0.000000000000000E+00  -9.996420110300001E-01   0.000000000000000E+00   0.000000000000000E+00   0.000000000000000E+00
   3.889712068600000E-01   5.614315900000000E+00   5.614315900000000E+00   0.000000000000000E+00  -9.996420110300001E-01   0.000000000000000E+00   0.000000000000000E+00   0.000000000000000E+00
   3.930469381400000E-01   5.673144015100000E+00   5.673144015100000E+00   0.000000000000000E+00  -9.996420110300001E-01   0.000000000000000E+00   0.000000000000000E+00   0.000000000000000E+00
   3.971226694200000E-01   5.731972130200000E+00   5.731972130200000E+00   0.000000000000000E+00  -9.996420110300001E-01   0.000000000000000E+00   0.000000000000000E+00   0.000000000000000E+00
   4.021837926900000E-01   5.805023154000000E+00   5.805023154000000E+00   0.000000000000000E+00  -9.996420110300001E-01   0.000000000000000E+00   0.000000000000000E+00   0.000000000000000E+00
   4.072449159700000E-01   5.878074177800000E+00   5.878074177800000E+00   0.000000000000000E+00  -9.996420110300001E-01   0.000000000000000E+00   0.000000000000000E+00   0.000000000000000E+00
   4.123060392500000E-01   5.951125201600000E+00   5.951125201600000E+00   0.000000000000000E+00  -9.996420110300001E-01   0.000000000000000E+00   0.000000000000000E+00   0.000000000000000E+00
   4.173671625300000E-01   6.024176225400000E+00   6.024176225400000E+00   0.000000000000000E+00  -9.996420110300001E-01   0.000000000000000E+00   0.000000000000000E+00   0.000000000000000E+00
   4.215363785300000E-01   6.084353676300000E+00   6.084353676300000E+00   0.000000000000000E+00  -9.996420110300001E-01   0.000000000000000E+00   0.000000000000000E+00   0.000000000000000E+00
   4.257055945400000E-01   6.144531127200000E+00   6.144531127200000E+00   0.000000000000000E+00  -9.996420110300001E-01   0.000000000000000E+00   0.000000000000000E+00   0.000000000000000E+00
   4.298748105400000E-01   6.204708578200000E+00   6.204708578200000E+00   0.000000000000000E+00  -9.996420110300001E-01   0.000000000000000E+00   0.000000000000000E+00   0.000000000000000E+00
   4.340440265500000E-01   6.264886029100000E+00   6.264886029100000E+00   0.000000000000000E+00  -9.996420110300001E-01   0.000000000000000E+00   0.000000000000000E+00   0.000000000000000E+00
   4.379148248700000E-01   6.320756191700000E+00   6.320756191700000E+00   0.000000000000000E+00  -9.996420110300001E-01   0.000000000000000E+00   0.000000000000000E+00   0.000000000000000E+00
   4.417856232000000E-01   6.376626354300000E+00   6.376626354300000E+00   0.000000000000000E+00  -9.996420110300001E-01   0.000000000000000E+00   0.000000000000000E+00   0.000000000000000E+00
   4.456564215200000E-01   6.432496516900000E+00   6.432496516900000E+00   0.000000000000000E+00  -9.996420110300001E-01   0.000000000000000E+00   0.000000000000000E+00   0.000000000000000E+00
   4.495272198500000E-01   6.488366679600000E+00   6.488366679600000E+00   0.000000000000000E+00  -9.996420110300001E-01   0.000000000000000E+00   0.000000000000000E+00   0.000000000000000E+00
   4.535870330300000E-01   6.546965036600000E+00   6.546965036600000E+00   0.000000000000000E+00  -9.996420110300001E-01   0.000000000000000E+00   0.000000000000000E+00   0.000000000000000E+00
   4.576468462000000E-01   6.605563393700000E+00   6.605563393700000E+00   0.000000000000000E+00  -9.996420110300001E-01   0.000000000000000E+00   0.000000000000000E+00   0.000000000000000E+00
   4.617066593800000E-01   6.664161750800000E+00   6.664161750800000E+00   0.000000000000000E+00  -9.996420110300001E-01   0.000000000000000E+00   0.000000000000000E+00   0.000000000000000E+00
   4.657664725600000E-01   6.722760107900000E+00   6.722760107900000E+00   0.000000000000000E+00  -9.996420110300001E-01   0.000000000000000E+00   0.000000000000000E+00   0.000000000000000E+00
   4.692906335100000E-01   6.773626990800000E+00   6.773626990800000E+00   0.000000000000000E+00  -9.996420110300001E-01   0.000000000000000E+00   0.000000000000000E+00   0.000000000000000E+00
   4.728147944600000E-01   6.824493873800000E+00   6.824493873800000E+00   0.000000000000000E+00  -9.996420110300001E-01   0.000000000000000E+00   0.000000000000000E+00   0.000000000000000E+00
   4.763389554100000E-01   6.875360756800000E+00   6.875360756800000E+00   0.000000000000000E+00  -9.996420110300001E-01   0.000000000000000E+00   0.000000000000000E+00   0.000000000000000E+00
   4.798631163600000E-01   6.926227639800000E+00   6.926227639800000E+00   0.000000000000000E+00  -9.996420110300001E-01   0.000000000000000E+00   0.000000000000000E+00   0.000000000000000E+00
   4.827934556700000E-01   6.968523445400000E+00   6.968523445400000E+00   0.000000000000000E+00  -9.996420110300001E-01   0.000000000000000E+00   0.000000000000000E+00   0.000000000000000E+00
   4.857237949700000E-01   7.010819251000000E+00   7.010819251000000E+00   0.000000000000000E+00  -9.996420110300001E-01   0.000000000000000E+00   0.000000000000000E+00   0.000000000000000E+00
   4.886541342800000E-01   7.053115056600000E+00   7.053115056600000E+00   0.000000000000000E+00  -9.996420110300001E-01   0.000000000000000E+00   0.000000000000000E+00   0.000000000000000E+00
   4.915844735900000E-01   7.095410862300000E+00   7.095410862300000E+00   0.000000000000000E+00  -9.996420110300001E-01   0.000000000000000E+00   0.000000000000000E+00   0.000000000000000E+00
   4.947002525100000E-01   7.140383258300000E+00   7.140383258300000E+00   0.000000000000000E+00  -9.996420110300001E-01   0.000000000000000E+00   0.000000000000000E+00   0.000000000000000E+00
   4.978160314400000E-01   7.185355654300000E+00   7.185355654300000E+00   0.000000000000000E+00  -9.996420110300001E-01   0.000000000000000E+00   0.000000000000000E+00   0.000000000000000E+00
   5.009318103600000E-01   7.230328050400000E+00   7.230328050400000E+00   0.000000000000000E+00  -9.996420110300001E-01   0.000000000000000E+00   0.000000000000000E+00   0.000000000000000E+00
   5.040475892900000E-01   7.275300446400000E+00   7.275300446400000E+00   0.000000000000000E+00  -9.996420110300001E-01   0.000000000000000E+00   0.000000000000000E+00   0.000000000000000E+00
   5.072145256200000E-01   7.321011236100000E+00   7.321011236100000E+00   0.000000000000000E+00  -9.996420110300001E-01   0.000000000000000E+00   0.000000000000000E+00   0.000000000000000E+00
   5.103814619600000E-01   7.366722025700000E+00   7.366722025700000E+00   0.000000000000000E+00  -9.996420110300001E-01   0.000000000000000E+00   0.000000000000000E+00   0.000000000000000E+00
   5.135483982900000E-01   7.412432815300000E+00   7.412432815300000E+00   0.000000000000000E+00  -9.996420110300001E-01   0.000000000000000E+00   0.000000000000000E+00   0.000000000000000E+00
   5.167153346200000E-01   7.458143605000000E+00   7.458143605000000E+00   0.000000000000000E+00  -9.996420110300001E-01   0.000000000000000E+00   0.000000000000000E+00   0.000000000000000E+00
   5.195801101000000E-01   7.499493078300000E+00   7.499493078300000E+00   0.000000000000000E+00  -9.996420110300001E-01   0.000000000000000E+00   0.000000000000000E+00   0.000000000000000E+00
   5.224448855900000E-01   7.540842551600000E+00   7.540842551600000E+00   0.000000000000000E+00  -9.996420110300001E-01   0.000000000000000E+00   0.000000000000000E+00   0.000000000000000E+00
   5.253096610700000E-01   7.582192025000000E+00   7.582192025000000E+00   0.000000000000000E+00  -9.996420110300001E-01   0.000000000000000E+00   0.000000000000000E+00   0.000000000000000E+00
   5.281744365500000E-01   7.623541498300000E+00   7.623541498300000E+00   0.000000000000000E+00  -9.996420110300001E-01   0.000000000000000E+00   0.000000000000000E+00   0.000000000000000E+00
   5.310959395900000E-01   7.665709763300000E+00   7.665709763300000E+00   0.000000000000000E+00  -9.996420110300001E-01   0.000000000000000E+00   0.000000000000000E+00   0.000000000000000E+00
   5.340174426299999E-01   7.707878028400000E+00   7.707878028400000E+00   0.000000000000000E+00  -9.996420110300001E-01   0.000000000000000E+00   0.000000000000000E+00   0.000000000000000E+00
   5.369389456600000E-01   7.750046293400000E+00   7.750046293400000E+00   0.000000000000000E+00  -9.996420110300001E-01   0.000000000000000E+00   0.000000000000000E+00   0.000000000000000E+00
   5.398604487000001E-01   7.792214558500000E+00   7.792214558500000E+00   0.000000000000000E+00  -9.996420110300001E-01   0.000000000000000E+00   0.000000000000000E+00   0.000000000000000E+00
   5.438050865300000E-01   7.849150502600000E+00   7.849150502600000E+00   0.000000000000000E+00  -9.996420110300001E-01   0.000000000000000E+00   0.000000000000000E+00   0.000000000000000E+00
   5.477497243600000E-01   7.906086446700000E+00   7.906086446700000E+00   0.000000000000000E+00  -9.996420110300001E-01   0.000000000000000E+00   0.000000000000000E+00   0.000000000000000E+00
   5.516943621900000E-01   7.963022390800000E+00   7.963022390800000E+00   0.000000000000000E+00  -9.996420110300001E-01   0.000000000000000E+00   0.000000000000000E+00   0.000000000000000E+00
   5.556390000200000E-01   8.019958334800000E+00   8.019958334800000E+00   0.000000000000000E+00  -9.996420110300001E-01   0.000000000000000E+00   0.000000000000000E+00   0.000000000000000E+00
   5.595187169300000E-01   8.075957226200000E+00   8.075957226200000E+00   0.000000000000000E+00  -9.996420110300001E-01   0.000000000000000E+00   0.000000000000000E+00   0.000000000000000E+00
   5.633984338400000E-01   8.131956117500000E+00   8.131956117500000E+00   0.000000000000000E+00  -9.996420110300001E-01   0.000000000000000E+00   0.000000000000000E+00   0.000000000000000E+00
   5.672781507500000E-01   8.187955008799999E+00   8.187955008799999E+00   0.000000000000000E+00  -9.996420110300001E-01   0.000000000000000E+00   0.000000000000000E+00   0.000000000000000E+00
   5.711578676600000E-01   8.243953900099999E+00   8.243953900099999E+00   0.000000000000000E+00  -9.996420110300001E-01   0.000000000000000E+00   0.000000000000000E+00   0.000000000000000E+00
   5.746104847500000E-01   8.293788136400000E+00   8.293788136400000E+00   0.000000000000000E+00  -9.996420110300001E-01   0.000000000000000E+00   0.000000000000000E+00   0.000000000000000E+00
   5.780631018400000E-01   8.343622372700001E+00   8.343622372700001E+00   0.000000000000000E+00  -9.996420110300001E-01   0.000000000000000E+00   0.000000000000000E+00   0.000000000000000E+00
   5.815157189300000E-01   8.393456608999999E+00   8.393456608999999E+00   0.000000000000000E+00  -9.996420110300001E-01   0.000000000000000E+00   0.000000000000000E+00   0.000000000000000E+00
   5.849683360300000E-01   8.443290845300000E+00   8.443290845300000E+00   0.000000000000000E+00  -9.996420110300001E-01   0.000000000000000E+00   0.000000000000000E+00   0.000000000000000E+00
   5.882425492400000E-01   8.490550043300001E+00   8.490550043300001E+00   0.000000000000000E+00  -9.996420110300001E-01   0.000000000000000E+00   0.000000000000000E+00   0.000000000000000E+00
   5.915167624500000E-01   8.537809241300000E+00   8.537809241300000E+00   0.000000000000000E+00  -9.996420110300001E-01   0.000000000000000E+00   0.000000000000000E+00   0.000000000000000E+00
   5.947909756600001E-01   8.585068439300001E+00   8.585068439300001E+00   0.000000000000000E+00  -9.996420110300001E-01   0.000000000000000E+00   0.000000000000000E+00   0.000000000000000E+00
   5.980651888700000E-01   8.632327637400000E+00   8.632327637400000E+00   0.000000000000000E+00  -9.996420110300001E-01   0.000000000000000E+00   0.000000000000000E+00   0.000000000000000E+00
   6.011073355200000E-01   8.676237243099999E+00   8.676237243099999E+00   0.000000000000000E+00  -9.996420110300001E-01   0.000000000000000E+00   0.000000000000000E+00   0.000000000000000E+00
   6.041494821700000E-01   8.720146848800001E+00   8.720146848800001E+00   0.000000000000000E+00  -9.996420110300001E-01   0.000000000000000E+00   0.000000000000000E+00   0.000000000000000E+00
   6.071916288200000E-01   8.764056454500000E+00   8.764056454500000E+00   0.000000000000000E+00  -9.996420110300001E-01   0.000000000000000E+00   0.000000000000000E+00   0.000000000000000E+00
   6.102337754800000E-01   8.807966060100000E+00   8.807966060100000E+00   0.000000000000000E+00  -9.996420110300001E-01   0.000000000000000E+00   0.000000000000000E+00   0.000000000000000E+00
   6.134074516600000E-01   8.853774131100000E+00   8.853774131100000E+00   0.000000000000000E+00  -9.996420110300001E-01   0.000000000000000E+00   0.000000000000000E+00   0.000000000000000E+00
   6.165811278400000E-01   8.899582202100000E+00   8.899582202100000E+00   0.000000000000000E+00  -9.996420110300001E-01   0.000000000000000E+00   0.000000000000000E+00   0.000000000000000E+00
   6.197548040200000E-01   8.945390272999999E+00   8.945390272999999E+00   0.000000000000000E+00  -9.996420110300001E-01   0.000000000000000E+00   0.000000000000000E+00   0.000000000000000E+00
   6.229284802000000E-01   8.991198344000001E+00   8.991198344000001E+00   0.000000000000000E+00  -9.996420110300001E-01   0.000000000000000E+00   0.000000000000000E+00   0.000000000000000E+00
   6.265753885300001E-01   9.043836932800000E+00   9.043836932800000E+00   0.000000000000000E+00  -9.996420110300001E-01   0.000000000000000E+00   0.000000000000000E+00   0.000000000000000E+00
   6.302222968600000E-01   9.096475521600000E+00   9.096475521600000E+00   0.000000000000000E+00  -9.996420110300001E-01   0.000000000000000E+00   0.000000000000000E+00   0.000000000000000E+00
   6.338692051800000E-01   9.149114110399999E+00   9.149114110399999E+00   0.000000000000000E+00  -9.996420110300001E-01   0.000000000000000E+00   0.000000000000000E+00   0.000000000000000E+00
   6.375161135100000E-01   9.201752699200000E+00   9.201752699200000E+00   0.000000000000000E+00  -9.996420110300001E-01   0.000000000000000E+00   0.000000000000000E+00   0.000000000000000E+00
   6.409235595400000E-01   9.250934947399999E+00   9.250934947399999E+00   0.000000000000000E+00  -9.996420110300001E-01   0.000000000000000E+00   0.000000000000000E+00   0.000000000000000E+00
   6.443310055800000E-01   9.300117195600000E+00   9.300117195600000E+00   0.000000000000000E+00  -9.996420110300001E-01   0.000000000000000E+00   0.000000000000000E+00   0.000000000000000E+00
   6.477384516100000E-01   9.349299443800000E+00   9.349299443800000E+00   0.000000000000000E+00  -9.996420110300001E-01   0.000000000000000E+00   0.000000000000000E+00   0.000000000000000E+00
   6.511458976500000E-01   9.398481692000001E+00   9.398481692000001E+00   0.000000000000000E+00  -9.996420110300001E-01   0.000000000000000E+00   0.000000000000000E+00   0.000000000000000E+00
   6.544058287600000E-01   9.445534745800000E+00   9.445534745800000E+00   0.000000000000000E+00  -9.996420110300001E-01   0.000000000000000E+00   0.000000000000000E+00   0.000000000000000E+00
   6.576657598800000E-01   9.492587799500001E+00   9.492587799500001E+00   0.000000000000000E+00  -9.996420110300001E-01   0.000000000000000E+00   0.000000000000000E+00   0.000000000000000E+00
   6.609256910000000E-01   9.539640853300000E+00   9.539640853300000E+00   0.000000000000000E+00  -9.996420110300001E-01   0.000000000000000E+00   0.000000000000000E+00   0.000000000000000E+00
   6.641856221100000E-01   9.586693907000001E+00   9.586693907000001E+00   0.000000000000000E+00  -9.996420110300001E-01   0.000000000000000E+00   0.000000000000000E+00   0.000000000000000E+00
   6.667148033500000E-01   9.623199494500000E+00   9.623199494500000E+00   0.000000000000000E+00  -9.996420110300001E-01   0.000000000000000E+00   0.000000000000000E+00   0.000000000000000E+00
   6.692439845800000E-01   9.659705082000000E+00   9.659705082000000E+00   0.000000000000000E+00  -9.996420110300001E-01   0.000000000000000E+00   0.000000000000000E+00   0.000000000000000E+00
   6.717731658200000E-01   9.696210669499999E+00   9.696210669499999E+00   0.000000000000000E+00  -9.996420110300001E-01   0.000000000000000E+00   0.000000000000000E+00   0.000000000000000E+00
   6.743023470600000E-01   9.732716257000000E+00   9.732716257000000E+00   0.000000000000000E+00  -9.996420110300001E-01   0.000000000000000E+00   0.000000000000000E+00   0.000000000000000E+00
   6.765863714900000E-01   9.765683310800000E+00   9.765683310800000E+00   0.000000000000000E+00  -9.996420110300001E-01   0.000000000000000E+00   0.000000000000000E+00   0.000000000000000E+00
   6.788703959300000E-01   9.798650364700000E+00   9.798650364700000E+00   0.000000000000000E+00  -9.996420110300001E-01   0.000000000000000E+00   0.000000000000000E+00   0.000000000000000E+00
   6.811544203700000E-01   9.831617418500000E+00   9.831617418500000E+00   0.000000000000000E+00  -9.996420110300001E-01   0.000000000000000E+00   0.000000000000000E+00   0.000000000000000E+00
   6.834384448100000E-01   9.864584472300001E+00   9.864584472300001E+00   0.000000000000000E+00  -9.996420110300001E-01   0.000000000000000E+00   0.000000000000000E+00   0.000000000000000E+00
   6.864239342600000E-01   9.907676301800000E+00   9.907676301800000E+00   0.000000000000000E+00  -9.996420110300001E-01   0.000000000000000E+00   0.000000000000000E+00   0.000000000000000E+00
   6.894094237200000E-01   9.950768131300000E+00   9.950768131300000E+00   0.000000000000000E+00  -9.996420110300001E-01   0.000000000000000E+00   0.000000000000000E+00   0.000000000000000E+00
   6.923949131800000E-01   9.993859960800000E+00   9.993859960800000E+00   0.000000000000000E+00  -9.996420110300001E-01   0.000000000000000E+00   0.000000000000000E+00   0.000000000000000E+00
   6.953804026300000E-01   1.003695179000000E+01   1.003695179000000E+01   0.000000000000000E+00  -9.996420110300001E-01   0.000000000000000E+00   0.000000000000000E+00   0.000000000000000E+00
   6.980952154100000E-01   1.007613673800000E+01   1.007613673800000E+01   0.000000000000000E+00  -9.996420110300001E-01   0.000000000000000E+00   0.000000000000000E+00   0.000000000000000E+00
   7.008100282000000E-01   1.011532168700000E+01   1.011532168700000E+01   0.000000000000000E+00  -9.996420110300001E-01   0.000000000000000E+00   0.000000000000000E+00   0.000000000000000E+00
   7.035248409800000E-01   1.015450663500000E+01   1.015450663500000E+01   0.000000000000000E+00  -9.996420110300001E-01   0.000000000000000E+00   0.000000000000000E+00   0.000000000000000E+00
   7.062396537600000E-01   1.019369158300000E+01   1.019369158300000E+01   0.000000000000000E+00  -9.996420110300001E-01   0.000000000000000E+00   0.000000000000000E+00   0.000000000000000E+00
   7.083659716700000E-01   1.022438233900000E+01   1.022438233900000E+01   0.000000000000000E+00  -9.996420110300001E-01   0.000000000000000E+00   0.000000000000000E+00   0.000000000000000E+00
   7.104922895800000E-01   1.025507309500000E+01   1.025507309500000E+01   0.000000000000000E+00  -9.996420110300001E-01   0.000000000000000E+00   0.000000000000000E+00   0.000000000000000E+00
   7.126186074899999E-01   1.028576385100000E+01   1.028576385100000E+01   0.000000000000000E+00  -9.996420110300001E-01   0.000000000000000E+00   0.000000000000000E+00   0.000000000000000E+00
   7.147449254000000E-01   1.031645460700000E+01   1.031645460700000E+01   0.000000000000000E+00  -9.996420110300001E-01   0.000000000000000E+00   0.000000000000000E+00   0.000000000000000E+00
   7.171221416900000E-01   1.035076677000000E+01   1.035076677000000E+01   0.000000000000000E+00  -9.996420110300001E-01   0.000000000000000E+00   0.000000000000000E+00   0.000000000000000E+00
   7.194993579800000E-01   1.038507893200000E+01   1.038507893200000E+01   0.000000000000000E+00  -9.996420110300001E-01   0.000000000000000E+00   0.000000000000000E+00   0.000000000000000E+00
   7.218765742700000E-01   1.041939109400000E+01   1.041939109400000E+01   0.000000000000000E+00  -9.996420110300001E-01   0.000000000000000E+00   0.000000000000000E+00   0.000000000000000E+00
   7.242537905600001E-01   1.045370325700000E+01   1.045370325700000E+01   0.000000000000000E+00  -9.996420110300001E-01   0.000000000000000E+00   0.000000000000000E+00   0.000000000000000E+00
   7.265164247900000E-01   1.048636157000000E+01   1.048636157000000E+01   0.000000000000000E+00  -9.996420110300001E-01   0.000000000000000E+00   0.000000000000000E+00   0.000000000000000E+00
   7.287790590200000E-01   1.051901988300000E+01   1.051901988300000E+01   0.000000000000000E+00  -9.996420110300001E-01   0.000000000000000E+00   0.000000000000000E+00   0.000000000000000E+00
   7.310416932600000E-01   1.055167819500000E+01   1.055167819500000E+01   0.000000000000000E+00  -9.996420110300001E-01   0.000000000000000E+00   0.000000000000000E+00   0.000000000000000E+00
   7.333043274900000E-01   1.058433650800000E+01   1.058433650800000E+01   0.000000000000000E+00  -9.996420110300001E-01   0.000000000000000E+00   0.000000000000000E+00   0.000000000000000E+00
   7.352459905099999E-01   1.061236200000000E+01   1.061236200000000E+01   0.000000000000000E+00  -9.996420110300001E-01   0.000000000000000E+00   0.000000000000000E+00   0.000000000000000E+00
   7.371876535200000E-01   1.064038749300000E+01   1.064038749300000E+01   0.000000000000000E+00  -9.996420110300001E-01   0.000000000000000E+00   0.000000000000000E+00   0.000000000000000E+00
   7.391293165400000E-01   1.066841298500000E+01   1.066841298500000E+01   0.000000000000000E+00  -9.996420110300001E-01   0.000000000000000E+00   0.000000000000000E+00   0.000000000000000E+00
   7.410709795600000E-01   1.069643847700000E+01   1.069643847700000E+01   0.000000000000000E+00  -9.996420110300001E-01   0.000000000000000E+00   0.000000000000000E+00   0.000000000000000E+00
   7.428972769300000E-01   1.072279881000000E+01   1.072279881000000E+01   0.000000000000000E+00  -9.996420110300001E-01   0.000000000000000E+00   0.000000000000000E+00   0.000000000000000E+00
   7.447235742900000E-01   1.074915914200000E+01   1.074915914200000E+01   0.000000000000000E+00  -9.996420110300001E-01   0.000000000000000E+00   0.000000000000000E+00   0.000000000000000E+00
   7.465498716600000E-01   1.077551947500000E+01   1.077551947500000E+01   0.000000000000000E+00  -9.996420110300001E-01   0.000000000000000E+00   0.000000000000000E+00   0.000000000000000E+00
   7.483761690300000E-01   1.080187980700000E+01   1.080187980700000E+01   0.000000000000000E+00  -9.996420110300001E-01   0.000000000000000E+00   0.000000000000000E+00   0.000000000000000E+00
   7.501882402300000E-01   1.082803480300000E+01   1.082803480300000E+01   0.000000000000000E+00  -9.996420110300001E-01   0.000000000000000E+00   0.000000000000000E+00   0.000000000000000E+00
   7.520003114400000E-01   1.085418979800000E+01   1.085418979800000E+01   0.000000000000000E+00  -9.996420110300001E-01   0.000000000000000E+00   0.000000000000000E+00   0.000000000000000E+00
   7.538123826499999E-01   1.088034479400000E+01   1.088034479400000E+01   0.000000000000000E+00  -9.996420110300001E-01   0.000000000000000E+00   0.000000000000000E+00   0.000000000000000E+00
   7.556244538600000E-01   1.090649979000000E+01   1.090649979000000E+01   0.000000000000000E+00  -9.996420110300001E-01   0.000000000000000E+00   0.000000000000000E+00   0.000000000000000E+00
   7.574517948100000E-01   1.093287518500000E+01   1.093287518500000E+01   0.000000000000000E+00  -9.996420110300001E-01   0.000000000000000E+00   0.000000000000000E+00   0.000000000000000E+00
   7.592791357699999E-01   1.095925058000000E+01   1.095925058000000E+01   0.000000000000000E+00  -9.996420110300001E-01   0.000000000000000E+00   0.000000000000000E+00   0.000000000000000E+00
   7.611064767200000E-01   1.098562597600000E+01   1.098562597600000E+01   0.000000000000000E+00  -9.996420110300001E-01   0.000000000000000E+00   0.000000000000000E+00   0.000000000000000E+00
   7.629338176800000E-01   1.101200137100000E+01   1.101200137100000E+01   0.000000000000000E+00  -9.996420110300001E-01   0.000000000000000E+00   0.000000000000000E+00   0.000000000000000E+00
   7.651837757100000E-01   1.104447671900000E+01   1.104447671900000E+01   0.000000000000000E+00  -9.996420110300001E-01   0.000000000000000E+00   0.000000000000000E+00   0.000000000000000E+00
   7.674337337400000E-01   1.107695206600000E+01   1.107695206600000E+01   0.000000000000000E+00  -9.996420110300001E-01   0.000000000000000E+00   0.000000000000000E+00   0.000000000000000E+00
   7.696836917700000E-01   1.110942741400000E+01   1.110942741400000E+01   0.000000000000000E+00  -9.996420110300001E-01   0.000000000000000E+00   0.000000000000000E+00   0.000000000000000E+00
   7.719336498000000E-01   1.114190276100000E+01   1.114190276100000E+01   0.000000000000000E+00  -9.996420110300001E-01   0.000000000000000E+00   0.000000000000000E+00   0.000000000000000E+00
   7.746153071700000E-01   1.118060915200000E+01   1.118060915200000E+01   0.000000000000000E+00  -9.996420110300001E-01   0.000000000000000E+00   0.000000000000000E+00   0.000000000000000E+00
   7.772969645300000E-01   1.121931554300000E+01   1.121931554300000E+01   0.000000000000000E+00  -9.996420110300001E-01   0.000000000000000E+00   0.000000000000000E+00   0.000000000000000E+00
   7.799786219000000E-01   1.125802193400000E+01   1.125802193400000E+01   0.000000000000000E+00  -9.996420110300001E-01   0.000000000000000E+00   0.000000000000000E+00   0.000000000000000E+00
   7.826602792700000E-01   1.129672832500000E+01   1.129672832500000E+01   0.000000000000000E+00  -9.996420110300001E-01   0.000000000000000E+00   0.000000000000000E+00   0.000000000000000E+00
   7.850223404400000E-01   1.133082174200000E+01   1.133082174200000E+01   0.000000000000000E+00  -9.996420110300001E-01   0.000000000000000E+00   0.000000000000000E+00   0.000000000000000E+00
   7.873844016100000E-01   1.136491515900000E+01   1.136491515900000E+01   0.000000000000000E+00  -9.996420110300001E-01   0.000000000000000E+00   0.000000000000000E+00   0.000000000000000E+00
   7.897464627800000E-01   1.139900857700000E+01   1.139900857700000E+01   0.000000000000000E+00  -9.996420110300001E-01   0.000000000000000E+00   0.000000000000000E+00   0.000000000000000E+00
   7.921085239600000E-01   1.143310199400000E+01   1.143310199400000E+01   0.000000000000000E+00  -9.996420110300001E-01   0.000000000000000E+00   0.000000000000000E+00   0.000000000000000E+00
   7.947008339100000E-01   1.147051876600000E+01   1.147051876600000E+01   0.000000000000000E+00  -9.996420110300001E-01   0.000000000000000E+00   0.000000000000000E+00   0.000000000000000E+00
   7.972931438500001E-01   1.150793553800000E+01   1.150793553800000E+01   0.000000000000000E+00  -9.996420110300001E-01   0.000000000000000E+00   0.000000000000000E+00   0.000000000000000E+00
   7.998854538000000E-01   1.154535231000000E+01   1.154535231000000E+01   0.000000000000000E+00  -9.996420110300001E-01   0.000000000000000E+00   0.000000000000000E+00   0.000000000000000E+00
   8.024777637500000E-01   1.158276908200000E+01   1.158276908200000E+01   0.000000000000000E+00  -9.996420110300001E-01   0.000000000000000E+00   0.000000000000000E+00   0.000000000000000E+00
   8.048080718100000E-01   1.161640418200000E+01   1.161640418200000E+01   0.000000000000000E+00  -9.996420110300001E-01   0.000000000000000E+00   0.000000000000000E+00   0.000000000000000E+00
   8.071383798700000E-01   1.165003928200000E+01   1.165003928200000E+01   0.000000000000000E+00  -9.996420110300001E-01   0.000000000000000E+00   0.000000000000000E+00   0.000000000000000E+00
   8.094686879300000E-01   1.168367438300000E+01   1.168367438300000E+01   0.000000000000000E+00  -9.996420110300001E-01   0.000000000000000E+00   0.000000000000000E+00   0.000000000000000E+00
   8.117989959900000E-01   1.171730948300000E+01   1.171730948300000E+01   0.000000000000000E+00  -9.996420110300001E-01   0.000000000000000E+00   0.000000000000000E+00   0.000000000000000E+00
   8.141287521600000E-01   1.175093661800000E+01   1.175093661800000E+01   0.000000000000000E+00  -9.996420110300001E-01   0.000000000000000E+00   0.000000000000000E+00   0.000000000000000E+00
   8.164585083300000E-01   1.178456375200000E+01   1.178456375200000E+01   0.000000000000000E+00  -9.996420110300001E-01   0.000000000000000E+00   0.000000000000000E+00   0.000000000000000E+00
   8.187882645000000E-01   1.181819088700000E+01   1.181819088700000E+01   0.000000000000000E+00  -9.996420110300001E-01   0.000000000000000E+00   0.000000000000000E+00   0.000000000000000E+00
   8.211180206699999E-01   1.185181802100000E+01   1.185181802100000E+01   0.000000000000000E+00  -9.996420110300001E-01   0.000000000000000E+00   0.000000000000000E+00   0.000000000000000E+00
   8.231733753700000E-01   1.188148451200000E+01   1.188148451200000E+01   0.000000000000000E+00  -9.996420110300001E-01   0.000000000000000E+00   0.000000000000000E+00   0.000000000000000E+00
   8.252287300600000E-01   1.191115100200000E+01   1.191115100200000E+01   0.000000000000000E+00  -9.996420110300001E-01   0.000000000000000E+00   0.000000000000000E+00   0.000000000000000E+00
   8.272840847500000E-01   1.194081749200000E+01   1.194081749200000E+01   0.000000000000000E+00  -9.996420110300001E-01   0.000000000000000E+00   0.000000000000000E+00   0.000000000000000E+00
   8.293394394400000E-01   1.197048398300000E+01   1.197048398300000E+01   0.000000000000000E+00  -9.996420110300001E-01   0.000000000000000E+00   0.000000000000000E+00   0.000000000000000E+00
   8.312567926000000E-01   1.199815859200000E+01   1.199815859200000E+01   0.000000000000000E+00  -9.996420110300001E-01   0.000000000000000E+00   0.000000000000000E+00   0.000000000000000E+00
   8.331741457500000E-01   1.202583320200000E+01   1.202583320200000E+01   0.000000000000000E+00  -9.996420110300001E-01   0.000000000000000E+00   0.000000000000000E+00   0.000000000000000E+00
   8.350914989000000E-01   1.205350781100000E+01   1.205350781100000E+01   0.000000000000000E+00  -9.996420110300001E-01   0.000000000000000E+00   0.000000000000000E+00   0.000000000000000E+00
   8.370088520500000E-01   1.208118242100000E+01   1.208118242100000E+01   0.000000000000000E+00  -9.996420110300001E-01   0.000000000000000E+00   0.000000000000000E+00   0.000000000000000E+00
   8.389030614000000E-01   1.210852297800000E+01   1.210852297800000E+01   0.000000000000000E+00  -9.996420110300001E-01   0.000000000000000E+00   0.000000000000000E+00   0.000000000000000E+00
   8.407972707500000E-01   1.213586353600000E+01   1.213586353600000E+01   0.000000000000000E+00  -9.996420110300001E-01   0.000000000000000E+00   0.000000000000000E+00   0.000000000000000E+00
   8.426914800999999E-01   1.216320409400000E+01   1.216320409400000E+01   0.000000000000000E+00  -9.996420110300001E-01   0.000000000000000E+00   0.000000000000000E+00   0.000000000000000E+00
   8.445856894500000E-01   1.219054465100000E+01   1.219054465100000E+01   0.000000000000000E+00  -9.996420110300001E-01   0.000000000000000E+00   0.000000000000000E+00   0.000000000000000E+00
   8.465809352000000E-01   1.221934354300000E+01   1.221934354300000E+01   0.000000000000000E+00  -9.996420110300001E-01   0.000000000000000E+00   0.000000000000000E+00   0.000000000000000E+00
   8.485761809400000E-01   1.224814243600000E+01   1.224814243600000E+01   0.000000000000000E+00  -9.996420110300001E-01   0.000000000000000E+00   0.000000000000000E+00   0.000000000000000E+00
   8.505714266900000E-01   1.227694132800000E+01   1.227694132800000E+01   0.000000000000000E+00  -9.996420110300001E-01   0.000000000000000E+00   0.000000000000000E+00   0.000000000000000E+00
   8.525666724400000E-01   1.230574022100000E+01   1.230574022100000E+01   0.000000000000000E+00  -9.996420110300001E-01   0.000000000000000E+00   0.000000000000000E+00   0.000000000000000E+00
   8.554537428400000E-01   1.234741149300000E+01   1.234741149300000E+01   0.000000000000000E+00  -9.996420110300001E-01   0.000000000000000E+00   0.000000000000000E+00   0.000000000000000E+00
   8.583408132400000E-01   1.238908276600000E+01   1.238908276600000E+01   0.000000000000000E+00  -9.996420110300001E-01   0.000000000000000E+00   0.000000000000000E+00   0.000000000000000E+00
   8.612278836500000E-01   1.243075403900000E+01   1.243075403900000E+01   0.000000000000000E+00  -9.996420110300001E-01   0.000000000000000E+00   0.000000000000000E+00   0.000000000000000E+00
   8.641149540500001E-01   1.247242531200000E+01   1.247242531200000E+01   0.000000000000000E+00  -9.996420110300001E-01   0.000000000000000E+00   0.000000000000000E+00   0.000000000000000E+00
   8.669445655000000E-01   1.251326723600000E+01   1.251326723600000E+01   0.000000000000000E+00  -9.996420110300001E-01   0.000000000000000E+00   0.000000000000000E+00   0.000000000000000E+00
   8.697741769500000E-01   1.255410916000000E+01   1.255410916000000E+01   0.000000000000000E+00  -9.996420110300001E-01   0.000000000000000E+00   0.000000000000000E+00   0.000000000000000E+00
   8.726037884000000E-01   1.259495108400000E+01   1.259495108400000E+01   0.000000000000000E+00  -9.996420110300001E-01   0.000000000000000E+00   0.000000000000000E+00   0.000000000000000E+00
   8.754333998500000E-01   1.263579300900000E+01   1.263579300900000E+01   0.000000000000000E+00  -9.996420110300001E-01   0.000000000000000E+00   0.000000000000000E+00   0.000000000000000E+00
   8.779229917000000E-01   1.267172717300000E+01   1.267172717300000E+01   0.000000000000000E+00  -9.996420110300001E-01   0.000000000000000E+00   0.000000000000000E+00   0.000000000000000E+00
   8.804125835600000E-01   1.270766133700000E+01   1.270766133700000E+01   0.000000000000000E+00  -9.996420110300001E-01   0.000000000000000E+00   0.000000000000000E+00   0.000000000000000E+00
   8.829021754200000E-01   1.274359550100000E+01   1.274359550100000E+01   0.000000000000000E+00  -9.996420110300001E-01   0.000000000000000E+00   0.000000000000000E+00   0.000000000000000E+00
   8.853917672800000E-01   1.277952966500000E+01   1.277952966500000E+01   0.000000000000000E+00  -9.996420110300001E-01   0.000000000000000E+00   0.000000000000000E+00   0.000000000000000E+00
   8.875407939300000E-01   1.281054819300000E+01   1.281054819300000E+01   0.000000000000000E+00  -9.996420110300001E-01   0.000000000000000E+00   0.000000000000000E+00   0.000000000000000E+00
   8.896898205800000E-01   1.284156672200000E+01   1.284156672200000E+01   0.000000000000000E+00  -9.996420110300001E-01   0.000000000000000E+00   0.000000000000000E+00   0.000000000000000E+00
   8.918388472300000E-01   1.287258525000000E+01   1.287258525000000E+01   0.000000000000000E+00  -9.996420110300001E-01   0.000000000000000E+00   0.000000000000000E+00   0.000000000000000E+00
   8.939878738800000E-01   1.290360377900000E+01   1.290360377900000E+01   0.000000000000000E+00  -9.996420110300001E-01   0.000000000000000E+00   0.000000000000000E+00   0.000000000000000E+00
   8.959621299900000E-01   1.293209971200000E+01   1.293209971200000E+01   0.000000000000000E+00  -9.996420110300001E-01   0.000000000000000E+00   0.000000000000000E+00   0.000000000000000E+00
   8.979363860900000E-01   1.296059564500000E+01   1.296059564500000E+01   0.000000000000000E+00  -9.996420110300001E-01   0.000000000000000E+00   0.000000000000000E+00   0.000000000000000E+00
   8.999106422000001E-01   1.298909157800000E+01   1.298909157800000E+01   0.000000000000000E+00  -9.996420110300001E-01   0.000000000000000E+00   0.000000000000000E+00   0.000000000000000E+00
   9.018848983000000E-01   1.301758751100000E+01   1.301758751100000E+01   0.000000000000000E+00  -9.996420110300001E-01   0.000000000000000E+00   0.000000000000000E+00   0.000000000000000E+00
   9.039579710500000E-01   1.304750973900000E+01   1.304750973900000E+01   0.000000000000000E+00  -9.996420110300001E-01   0.000000000000000E+00   0.000000000000000E+00   0.000000000000000E+00
   9.060310438000000E-01   1.307743196800000E+01   1.307743196800000E+01   0.000000000000000E+00  -9.996420110300001E-01   0.000000000000000E+00   0.000000000000000E+00   0.000000000000000E+00
   9.081041165500000E-01   1.310735419600000E+01   1.310735419600000E+01   0.000000000000000E+00  -9.996420110300001E-01   0.000000000000000E+00   0.000000000000000E+00   0.000000000000000E+00
   9.101771893100000E-01   1.313727642500000E+01   1.313727642500000E+01   0.000000000000000E+00  -9.996420110300001E-01   0.000000000000000E+00   0.000000000000000E+00   0.000000000000000E+00
   9.118748892900000E-01   1.316178061400000E+01   1.316178061400000E+01   0.000000000000000E+00  -9.996420110300001E-01   0.000000000000000E+00   0.000000000000000E+00   0.000000000000000E+00
   9.135725892800000E-01   1.318628480300000E+01   1.318628480300000E+01   0.000000000000000E+00  -9.996420110300001E-01   0.000000000000000E+00   0.000000000000000E+00   0.000000000000000E+00
   9.152702892700000E-01   1.321078899200000E+01   1.321078899200000E+01   0.000000000000000E+00  -9.996420110300001E-01   0.000000000000000E+00   0.000000000000000E+00   0.000000000000000E+00
   9.169679892600000E-01   1.323529318100000E+01   1.323529318100000E+01   0.000000000000000E+00  -9.996420110300001E-01   0.000000000000000E+00   0.000000000000000E+00   0.000000000000000E+00
   9.188148384400000E-01   1.326195015400000E+01   1.326195015400000E+01   0.000000000000000E+00  -9.996420110300001E-01   0.000000000000000E+00   0.000000000000000E+00   0.000000000000000E+00
   9.206616876200000E-01   1.328860712600000E+01   1.328860712600000E+01   0.000000000000000E+00  -9.996420110300001E-01   0.000000000000000E+00   0.000000000000000E+00   0.000000000000000E+00
   9.225085368100000E-01   1.331526409900000E+01   1.331526409900000E+01   0.000000000000000E+00  -9.996420110300001E-01   0.000000000000000E+00   0.000000000000000E+00   0.000000000000000E+00
   9.243553859900000E-01   1.334192107100000E+01   1.334192107100000E+01   0.000000000000000E+00  -9.996420110300001E-01   0.000000000000000E+00   0.000000000000000E+00   0.000000000000000E+00
   9.259690973400000E-01   1.336521298900000E+01   1.336521298900000E+01   0.000000000000000E+00  -9.996420110300001E-01   0.000000000000000E+00   0.000000000000000E+00   0.000000000000000E+00
   9.275828087000000E-01   1.338850490600000E+01   1.338850490600000E+01   0.000000000000000E+00  -9.996420110300001E-01   0.000000000000000E+00   0.000000000000000E+00   0.000000000000000E+00
   9.291965200500000E-01   1.341179682400000E+01   1.341179682400000E+01   0.000000000000000E+00  -9.996420110300001E-01   0.000000000000000E+00   0.000000000000000E+00   0.000000000000000E+00
   9.308102314000000E-01   1.343508874200000E+01   1.343508874200000E+01   0.000000000000000E+00  -9.996420110300001E-01   0.000000000000000E+00   0.000000000000000E+00   0.000000000000000E+00
   9.325993055300000E-01   1.346091180300000E+01   1.346091180300000E+01   0.000000000000000E+00  -9.996420110300001E-01   0.000000000000000E+00   0.000000000000000E+00   0.000000000000000E+00
   9.343883796500000E-01   1.348673486400000E+01   1.348673486400000E+01   0.000000000000000E+00  -9.996420110300001E-01   0.000000000000000E+00   0.000000000000000E+00   0.000000000000000E+00
   9.361774537799999E-01   1.351255792500000E+01   1.351255792500000E+01   0.000000000000000E+00  -9.996420110300001E-01   0.000000000000000E+00   0.000000000000000E+00   0.000000000000000E+00
   9.379665279100000E-01   1.353838098700000E+01   1.353838098700000E+01   0.000000000000000E+00  -9.996420110300001E-01   0.000000000000000E+00   0.000000000000000E+00   0.000000000000000E+00
   9.406713940300000E-01   1.357742236700000E+01   1.357742236700000E+01   0.000000000000000E+00  -9.996420110300001E-01   0.000000000000000E+00   0.000000000000000E+00   0.000000000000000E+00
   9.433762601600000E-01   1.361646374800000E+01   1.361646374800000E+01   0.000000000000000E+00  -9.996420110300001E-01   0.000000000000000E+00   0.000000000000000E+00   0.000000000000000E+00
   9.460811262800000E-01   1.365550512800000E+01   1.365550512800000E+01   0.000000000000000E+00  -9.996420110300001E-01   0.000000000000000E+00   0.000000000000000E+00   0.000000000000000E+00
   9.487859924099999E-01   1.369454650900000E+01   1.369454650900000E+01   0.000000000000000E+00  -9.996420110300001E-01   0.000000000000000E+00   0.000000000000000E+00   0.000000000000000E+00
   9.513412396599999E-01   1.373142832700000E+01   1.373142832700000E+01   0.000000000000000E+00  -9.996420110300001E-01   0.000000000000000E+00   0.000000000000000E+00   0.000000000000000E+00
   9.538964869200000E-01   1.376831014500000E+01   1.376831014500000E+01   0.000000000000000E+00  -9.996420110300001E-01   0.000000000000000E+00   0.000000000000000E+00   0.000000000000000E+00
   9.564517341800000E-01   1.380519196300000E+01   1.380519196300000E+01   0.000000000000000E+00  -9.996420110300001E-01   0.000000000000000E+00   0.000000000000000E+00   0.000000000000000E+00
   9.590069814400000E-01   1.384207378100000E+01   1.384207378100000E+01   0.000000000000000E+00  -9.996420110300001E-01   0.000000000000000E+00   0.000000000000000E+00   0.000000000000000E+00
   9.614269849000000E-01   1.387700352300000E+01   1.387700352300000E+01   0.000000000000000E+00  -9.996420110300001E-01   0.000000000000000E+00   0.000000000000000E+00   0.000000000000000E+00
   9.638469883600000E-01   1.391193326500000E+01   1.391193326500000E+01   0.000000000000000E+00  -9.996420110300001E-01   0.000000000000000E+00   0.000000000000000E+00   0.000000000000000E+00
   9.662669918200000E-01   1.394686300700000E+01   1.394686300700000E+01   0.000000000000000E+00  -9.996420110300001E-01   0.000000000000000E+00   0.000000000000000E+00   0.000000000000000E+00
   9.686869952800000E-01   1.398179274900000E+01   1.398179274900000E+01   0.000000000000000E+00  -9.996420110300001E-01   0.000000000000000E+00   0.000000000000000E+00   0.000000000000000E+00
   9.719552752700000E-01   1.402896630900000E+01   1.402896630900000E+01   0.000000000000000E+00  -9.996420110300001E-01   0.000000000000000E+00   0.000000000000000E+00   0.000000000000000E+00
   9.752235552700000E-01   1.407613986800000E+01   1.407613986800000E+01   0.000000000000000E+00  -9.996420110300001E-01   0.000000000000000E+00   0.000000000000000E+00   0.000000000000000E+00
   9.784918352600001E-01   1.412331342800000E+01   1.412331342800000E+01   0.000000000000000E+00  -9.996420110300001E-01   0.000000000000000E+00   0.000000000000000E+00   0.000000000000000E+00
   9.817601152500000E-01   1.417048698700000E+01   1.417048698700000E+01   0.000000000000000E+00  -9.996420110300001E-01   0.000000000000000E+00   0.000000000000000E+00   0.000000000000000E+00
   9.863200864400000E-01   1.423630450300000E+01   1.423630450300000E+01   0.000000000000000E+00  -9.996420110300001E-01   0.000000000000000E+00   0.000000000000000E+00   0.000000000000000E+00
   9.908800576300000E-01   1.430212201900000E+01   1.430212201900000E+01   0.000000000000000E+00  -9.996420110300001E-01   0.000000000000000E+00   0.000000000000000E+00   0.000000000000000E+00
   9.954400288100000E-01   1.436793953600000E+01   1.436793953600000E+01   0.000000000000000E+00  -9.996420110300001E-01   0.000000000000000E+00   0.000000000000000E+00   0.000000000000000E+00
   1.000000000000000E+00   1.443375705200000E+01   1.443375705200000E+01   0.000000000000000E+00  -9.996420110300001E-01   0.000000000000000E+00   0.000000000000000E+00   0.000000000000000E+00
