   0.000000000000000E+00   1.815692680300000E-30   0.000000000000000E+00   0.000000000000000E+00  -9.912834239400000E-01   0.000000000000000E+00   0.000000000000000E+00   0.000000000000000E+00
   1.984743953800000E-02   2.864731204000000E-01   2.864731204000000E-01   0.000000000000000E+00  -9.912834239400000E-01   0.000000000000000E+00   0.000000000000000E+00   0.000000000000000E+00
   3.969487907700000E-02   5.729462408000000E-01   5.729462408000000E-01   0.000000000000000E+00  -9.912834239400000E-01   0.000000000000000E+00   0.000000000000000E+00   0.000000000000000E+00
   5.954231861500000E-02   8.594193612000000E-01   8.594193612000000E-01   0.000000000000000E+00  -9.912834239400000E-01   0.000000000000000E+00   0.000000000000000E+00   0.000000000000000E+00
   7.938975815300001E-02   1.145892481600000E+00   1.145892481600000E+00   0.000000000000000E+00  -9.912834239400000E-01   0.000000000000000E+00   0.000000000000000E+00   0.000000000000000E+00
   9.630470550100000E-02   1.390038722200000E+00   1.390038722200000E+00   0.000000000000000E+00  -9.912834239400000E-01   0.000000000000000E+00   0.000000000000000E+00   0.000000000000000E+00
   1.132196528500000E-01   1.634184962700000E+00   1.634184962700000E+00   0.000000000000000E+00  -9.912834239400000E-01   0.000000000000000E+00   0.000000000000000E+00   0.000000000000000E+00
   1.301346002000000E-01   1.878331203300000E+00   1.878331203300000E+00   0.000000000000000E+00  -9.912834239400000E-01   0.000000000000000E+00   0.000000000000000E+00   0.000000000000000E+00
   1.470495475500000E-01   2.122477443900000E+00   2.122477443900000E+00   0.000000000000000E+00  -9.912834239400000E-01   0.000000000000000E+00   0.000000000000000E+00   0.000000000000000E+00
   1.632712039500000E-01   2.356616891400000E+00   2.356616891400000E+00   0.000000000000000E+00  -9.912834239400000E-01   0.000000000000000E+00   0.000000000000000E+00   0.000000000000000E+00
   1.794928603500000E-01   2.590756338900000E+00   2.590756338900000E+00   0.000000000000000E+00  -9.912834239400000E-01   0.000000000000000E+00   0.000000000000000E+00   0.000000000000000E+00
   1.957145167600000E-01   2.824895786400000E+00   2.824895786400000E+00   0.000000000000000E+00  -9.912834239400000E-01   0.000000000000000E+00   0.000000000000000E+00   0.000000000000000E+00
   2.119361731600000E-01   3.059035233900000E+00   3.059035233900000E+00   0.000000000000000E+00  -9.912834239400000E-01   0.000000000000000E+00   0.000000000000000E+00   0.000000000000000E+00
   2.278426470800000E-01   3.288625414100000E+00   3.288625414100000E+00   0.000000000000000E+00  -9.912834239400000E-01   0.000000000000000E+00   0.000000000000000E+00   0.000000000000000E+00
   2.437491210100000E-01   3.518215594300000E+00   3.518215594300000E+00   0.000000000000000E+00  -9.912834239400000E-01   0.000000000000000E+00   0.000000000000000E+00   0.000000000000000E+00
   2.596555949300000E-01   3.747805774400000E+00   3.747805774400000E+00   0.000000000000000E+00  -9.912834239400000E-01   0.000000000000000E+00   0.000000000000000E+00   0.000000000000000E+00
   2.755620688600000E-01   3.977395954600000E+00   3.977395954600000E+00   0.000000000000000E+00  -9.912834239400000E-01   0.000000000000000E+00   0.000000000000000E+00   0.000000000000000E+00
   2.864631476600000E-01   4.134739477700000E+00   4.134739477700000E+00   0.000000000000000E+00  -9.912834239400000E-01   0.000000000000000E+00   0.000000000000000E+00   0.000000000000000E+00
   2.973642264600000E-01   4.292083000700000E+00   4.292083000700000E+00   0.000000000000000E+00  -9.912834239400000E-01   0.000000000000000E+00   0.000000000000000E+00   0.000000000000000E+00
   3.082653052600000E-01   4.449426523800000E+00   4.449426523800000E+00   0.000000000000000E+00  -9.912834239400000E-01   0.000000000000000E+00   0.000000000000000E+00   0.000000000000000E+00
   3.191663840700000E-01   4.606770046800000E+00   4.606770046800000E+00   0.000000000000000E+00  -9.912834239400000E-01   0.000000000000000E+00   0.000000000000000E+00   0.000000000000000E+00
   3.288279503200000E-01   4.746222746900000E+00   4.746222746900000E+00   0.000000000000000E+00  -9.912834239400000E-01   0.000000000000000E+00   0.000000000000000E+00   0.000000000000000E+00
   3.384895165800000E-01   4.885675447000000E+00   4.885675447000000E+00   0.000000000000000E+00  -9.912834239400000E-01   0.000000000000000E+00   0.000000000000000E+00   0.000000000000000E+00
   3.481510828400000E-01   5.025128147100000E+00   5.025128147100000E+00   0.000000000000000E+00  -9.912834239400000E-01   0.000000000000000E+00   0.000000000000000E+00   0.000000000000000E+00
   3.578126491000000E-01   5.164580847200000E+00   5.164580847200000E+00   0.000000000000000E+00  -9.912834239400000E-01   0.000000000000000E+00   0.000000000000000E+00   0.000000000000000E+00
   3.658203872900000E-01   5.280162594800000E+00   5.280162594800000E+00   0.000000000000000E+00  -9.912834239400000E-01   0.000000000000000E+00   0.000000000000000E+00   0.000000000000000E+00
   3.738281254800000E-01   5.395744342400000E+00   5.395744342400000E+00   0.000000000000000E+00  -9.912834239400000E-01   0.000000000000000E+00   0.000000000000000E+00   0.000000000000000E+00
   3.818358636700000E-01   5.511326090000000E+00   5.511326090000000E+00   0.000000000000000E+00  -9.912834239400000E-01   0.000000000000000E+00   0.000000000000000E+00   0.000000000000000E+00
   3.898436018600000E-01   5.626907837600000E+00   5.626907837600000E+00   0.000000000000000E+00  -9.912834239400000E-01   0.000000000000000E+00   0.000000000000000E+00   0.000000000000000E+00
   3.967724735800000E-01   5.726917488500000E+00   5.726917488500000E+00   0.000000000000000E+00  -9.912834239400000E-01   0.000000000000000E+00   0.000000000000000E+00   0.000000000000000E+00
   4.037013452900000E-01   5.826927139500000E+00   5.826927139500000E+00   0.000000000000000E+00  -9.912834239400000E-01   0.000000000000000E+00   0.000000000000000E+00   0.000000000000000E+00
   4.106302170000000E-01   5.926936790400000E+00   5.926936790400000E+00   0.000000000000000E+00  -9.912834239400000E-01   0.000000000000000E+00   0.000000000000000E+00   0.000000000000000E+00
   4.175590887100000E-01   6.026946441300000E+00   6.026946441300000E+00   0.000000000000000E+00  -9.912834239400000E-01   0.000000000000000E+00   0.000000000000000E+00   0.000000000000000E+00
   4.226396088400000E-01   6.100277434600000E+00   6.100277434600000E+00   0.000000000000000E+00  -9.912834239400000E-01   0.000000000000000E+00   0.000000000000000E+00   0.000000000000000E+00
   4.277201289700000E-01   6.173608427800000E+00   6.173608427800000E+00   0.000000000000000E+00  -9.912834239400000E-01   0.000000000000000E+00   0.000000000000000E+00   0.000000000000000E+00
   4.328006490900000E-01   6.246939421000000E+00   6.246939421000000E+00   0.000000000000000E+00  -9.912834239400000E-01   0.000000000000000E+00   0.000000000000000E+00   0.000000000000000E+00
   4.378811692200000E-01   6.320270414200000E+00   6.320270414200000E+00   0.000000000000000E+00  -9.912834239400000E-01   0.000000000000000E+00   0.000000000000000E+00   0.000000000000000E+00
   4.424284413800000E-01   6.385904635700000E+00   6.385904635700000E+00   0.000000000000000E+00  -9.912834239400000E-01   0.000000000000000E+00   0.000000000000000E+00   0.000000000000000E+00
   4.469757135300000E-01   6.451538857200000E+00   6.451538857200000E+00   0.000000000000000E+00  -9.912834239400000E-01   0.000000000000000E+00   0.000000000000000E+00   0.000000000000000E+00
   4.515229856800000E-01   6.517173078800000E+00   6.517173078800000E+00   0.000000000000000E+00  -9.912834239400000E-01   0.000000000000000E+00   0.000000000000000E+00   0.000000000000000E+00
   4.560702578400000E-01   6.582807300300000E+00   6.582807300300000E+00   0.000000000000000E+00  -9.912834239400000E-01   0.000000000000000E+00   0.000000000000000E+00   0.000000000000000E+00
   4.605488970600000E-01   6.647450890700000E+00   6.647450890700000E+00   0.000000000000000E+00  -9.912834239400000E-01   0.000000000000000E+00   0.000000000000000E+00   0.000000000000000E+00
   4.650275362800000E-01   6.712094481100000E+00   6.712094481100000E+00   0.000000000000000E+00  -9.912834239400000E-01   0.000000000000000E+00   0.000000000000000E+00   0.000000000000000E+00
   4.695061755000000E-01   6.776738071600000E+00   6.776738071600000E+00   0.000000000000000E+00  -9.912834239400000E-01   0.000000000000000E+00   0.000000000000000E+00   0.000000000000000E+00
   4.739848147200000E-01   6.841381662000000E+00   6.841381662000000E+00   0.000000000000000E+00  -9.912834239400000E-01   0.000000000000000E+00   0.000000000000000E+00   0.000000000000000E+00
   4.787143413400000E-01   6.909646500200000E+00   6.909646500200000E+00   0.000000000000000E+00  -9.912834239400000E-01   0.000000000000000E+00   0.000000000000000E+00   0.000000000000000E+00
   4.834438679600000E-01   6.977911338400000E+00   6.977911338400000E+00   0.000000000000000E+00  -9.912834239400000E-01   0.000000000000000E+00   0.000000000000000E+00   0.000000000000000E+00
   4.881733945700000E-01   7.046176176500000E+00   7.046176176500000E+00   0.000000000000000E+00  -9.912834239400000E-01   0.000000000000000E+00   0.000000000000000E+00   0.000000000000000E+00
   4.929029211900000E-01   7.114441014700000E+00   7.114441014700000E+00   0.000000000000000E+00  -9.912834239400000E-01   0.000000000000000E+00   0.000000000000000E+00   0.000000000000000E+00
   4.983655518800000E-01   7.193287299000000E+00   7.193287299000000E+00   0.000000000000000E+00  -9.912834239400000E-01   0.000000000000000E+00   0.000000000000000E+00   0.000000000000000E+00
   5.038281825800000E-01   7.272133583300000E+00   7.272133583300000E+00   0.000000000000000E+00  -9.912834239400000E-01   0.000000000000000E+00   0.000000000000000E+00   0.000000000000000E+00
   5.092908132700000E-01   7.350979867500000E+00   7.350979867500000E+00   0.000000000000000E+00  -9.912834239400000E-01   0.000000000000000E+00   0.000000000000000E+00   0.000000000000000E+00
   5.147534439600000E-01   7.429826151800000E+00   7.429826151800000E+00   0.000000000000000E+00  -9.912834239400000E-01   0.000000000000000E+00   0.000000000000000E+00   0.000000000000000E+00
   5.210812843300000E-01   7.521160662300000E+00   7.521160662300000E+00   0.000000000000000E+00  -9.912834239400000E-01   0.000000000000000E+00   0.000000000000000E+00   0.000000000000000E+00
   5.274091246900000E-01   7.612495172800000E+00   7.612495172800000E+00   0.000000000000000E+00  -9.912834239400000E-01   0.000000000000000E+00   0.000000000000000E+00   0.000000000000000E+00
   5.337369650600000E-01   7.703829683300000E+00   7.703829683300000E+00   0.000000000000000E+00  -9.912834239400000E-01   0.000000000000000E+00   0.000000000000000E+00   0.000000000000000E+00
   5.400648054200000E-01   7.795164193800000E+00   7.795164193800000E+00   0.000000000000000E+00  -9.912834239400000E-01   0.000000000000000E+00   0.000000000000000E+00   0.000000000000000E+00
   5.455520184400000E-01   7.874365293400000E+00   7.874365293400000E+00   0.000000000000000E+00  -9.912834239400000E-01   0.000000000000000E+00   0.000000000000000E+00   0.000000000000000E+00
   5.510392314600000E-01   7.953566393000000E+00   7.953566393000000E+00   0.000000000000000E+00  -9.912834239400000E-01   0.000000000000000E+00   0.000000000000000E+00   0.000000000000000E+00
   5.565264444800000E-01   8.032767492600000E+00   8.032767492600000E+00   0.000000000000000E+00  -9.912834239400000E-01   0.000000000000000E+00   0.000000000000000E+00   0.000000000000000E+00
   5.620136574900000E-01   8.111968592200000E+00   8.111968592200000E+00   0.000000000000000E+00  -9.912834239400000E-01   0.000000000000000E+00   0.000000000000000E+00   0.000000000000000E+00
   5.668380631000000E-01   8.181602890700001E+00   8.181602890700001E+00   0.000000000000000E+00  -9.912834239400000E-01   0.000000000000000E+00   0.000000000000000E+00   0.000000000000000E+00
   5.716624687200000E-01   8.251237189199999E+00   8.251237189199999E+00   0.000000000000000E+00  -9.912834239400000E-01   0.000000000000000E+00   0.000000000000000E+00   0.000000000000000E+00
   5.764868743300000E-01   8.320871487700000E+00   8.320871487700000E+00   0.000000000000000E+00  -9.912834239400000E-01   0.000000000000000E+00   0.000000000000000E+00   0.000000000000000E+00
   5.813112799400000E-01   8.390505786300000E+00   8.390505786300000E+00   0.000000000000000E+00  -9.912834239400000E-01   0.000000000000000E+00   0.000000000000000E+00   0.000000000000000E+00
   5.862631015100001E-01   8.461979175700000E+00   8.461979175700000E+00   0.000000000000000E+00  -9.912834239400000E-01   0.000000000000000E+00   0.000000000000000E+00   0.000000000000000E+00
   5.912149230700000E-01   8.533452565199999E+00   8.533452565199999E+00   0.000000000000000E+00  -9.912834239400000E-01   0.000000000000000E+00   0.000000000000000E+00   0.000000000000000E+00
   5.961667446400000E-01   8.604925954600001E+00   8.604925954600001E+00   0.000000000000000E+00  -9.912834239400000E-01   0.000000000000000E+00   0.000000000000000E+00   0.000000000000000E+00
   6.011185662000000E-01   8.676399344000000E+00   8.676399344000000E+00   0.000000000000000E+00  -9.912834239400000E-01   0.000000000000000E+00   0.000000000000000E+00   0.000000000000000E+00
   6.056389040400000E-01   8.741644802200000E+00   8.741644802200000E+00   0.000000000000000E+00  -9.912834239400000E-01   0.000000000000000E+00   0.000000000000000E+00   0.000000000000000E+00
   6.101592418800000E-01   8.806890260399999E+00   8.806890260399999E+00   0.000000000000000E+00  -9.912834239400000E-01   0.000000000000000E+00   0.000000000000000E+00   0.000000000000000E+00
   6.146795797200000E-01   8.872135718499999E+00   8.872135718499999E+00   0.000000000000000E+00  -9.912834239400000E-01   0.000000000000000E+00   0.000000000000000E+00   0.000000000000000E+00
   6.191999175600000E-01   8.937381176700001E+00   8.937381176700001E+00   0.000000000000000E+00  -9.912834239400000E-01   0.000000000000000E+00   0.000000000000000E+00   0.000000000000000E+00
   6.226309867499999E-01   8.986904395800000E+00   8.986904395800000E+00   0.000000000000000E+00  -9.912834239400000E-01   0.000000000000000E+00   0.000000000000000E+00   0.000000000000000E+00
   6.260620559400000E-01   9.036427614799999E+00   9.036427614799999E+00   0.000000000000000E+00  -9.912834239400000E-01   0.000000000000000E+00   0.000000000000000E+00   0.000000000000000E+00
   6.294931251200000E-01   9.085950833900000E+00   9.085950833900000E+00   0.000000000000000E+00  -9.912834239400000E-01   0.000000000000000E+00   0.000000000000000E+00   0.000000000000000E+00
   6.329241943100000E-01   9.135474052999999E+00   9.135474052999999E+00   0.000000000000000E+00  -9.912834239400000E-01   0.000000000000000E+00   0.000000000000000E+00   0.000000000000000E+00
   6.356500375500000E-01   9.174818212000000E+00   9.174818212000000E+00   0.000000000000000E+00  -9.912834239400000E-01   0.000000000000000E+00   0.000000000000000E+00   0.000000000000000E+00
   6.383758807800000E-01   9.214162371100000E+00   9.214162371100000E+00   0.000000000000000E+00  -9.912834239400000E-01   0.000000000000000E+00   0.000000000000000E+00   0.000000000000000E+00
   6.411017240200000E-01   9.253506530099999E+00   9.253506530099999E+00   0.000000000000000E+00  -9.912834239400000E-01   0.000000000000000E+00   0.000000000000000E+00   0.000000000000000E+00
   6.438275672600000E-01   9.292850689200000E+00   9.292850689200000E+00   0.000000000000000E+00  -9.912834239400000E-01   0.000000000000000E+00   0.000000000000000E+00   0.000000000000000E+00
   6.466189075800000E-01   9.333140217300000E+00   9.333140217300000E+00   0.000000000000000E+00  -9.912834239400000E-01   0.000000000000000E+00   0.000000000000000E+00   0.000000000000000E+00
   6.494102479000000E-01   9.373429745299999E+00   9.373429745299999E+00   0.000000000000000E+00  -9.912834239400000E-01   0.000000000000000E+00   0.000000000000000E+00   0.000000000000000E+00
   6.522015882300000E-01   9.413719273400000E+00   9.413719273400000E+00   0.000000000000000E+00  -9.912834239400000E-01   0.000000000000000E+00   0.000000000000000E+00   0.000000000000000E+00
   6.549929285500000E-01   9.454008801500001E+00   9.454008801500001E+00   0.000000000000000E+00  -9.912834239400000E-01   0.000000000000000E+00   0.000000000000000E+00   0.000000000000000E+00
   6.574961681900000E-01   9.490139954300000E+00   9.490139954300000E+00   0.000000000000000E+00  -9.912834239400000E-01   0.000000000000000E+00   0.000000000000000E+00   0.000000000000000E+00
   6.599994078300000E-01   9.526271107099999E+00   9.526271107099999E+00   0.000000000000000E+00  -9.912834239400000E-01   0.000000000000000E+00   0.000000000000000E+00   0.000000000000000E+00
   6.625026474700000E-01   9.562402259900001E+00   9.562402259900001E+00   0.000000000000000E+00  -9.912834239400000E-01   0.000000000000000E+00   0.000000000000000E+00   0.000000000000000E+00
   6.650058871100000E-01   9.598533412700000E+00   9.598533412700000E+00   0.000000000000000E+00  -9.912834239400000E-01   0.000000000000000E+00   0.000000000000000E+00   0.000000000000000E+00
   6.672662843000000E-01   9.631159436600001E+00   9.631159436600001E+00   0.000000000000000E+00  -9.912834239400000E-01   0.000000000000000E+00   0.000000000000000E+00   0.000000000000000E+00
   6.695266815000001E-01   9.663785460500000E+00   9.663785460500000E+00   0.000000000000000E+00  -9.912834239400000E-01   0.000000000000000E+00   0.000000000000000E+00   0.000000000000000E+00
   6.717870786900000E-01   9.696411484500000E+00   9.696411484500000E+00   0.000000000000000E+00  -9.912834239400000E-01   0.000000000000000E+00   0.000000000000000E+00   0.000000000000000E+00
   6.740474758800000E-01   9.729037508399999E+00   9.729037508399999E+00   0.000000000000000E+00  -9.912834239400000E-01   0.000000000000000E+00   0.000000000000000E+00   0.000000000000000E+00
   6.760075779700000E-01   9.757329145700000E+00   9.757329145700000E+00   0.000000000000000E+00  -9.912834239400000E-01   0.000000000000000E+00   0.000000000000000E+00   0.000000000000000E+00
   6.779676800600000E-01   9.785620783100001E+00   9.785620783100001E+00   0.000000000000000E+00  -9.912834239400000E-01   0.000000000000000E+00   0.000000000000000E+00   0.000000000000000E+00
   6.799277821500000E-01   9.813912420499999E+00   9.813912420499999E+00   0.000000000000000E+00  -9.912834239400000E-01   0.000000000000000E+00   0.000000000000000E+00   0.000000000000000E+00
   6.818878842400000E-01   9.842204057800000E+00   9.842204057800000E+00   0.000000000000000E+00  -9.912834239400000E-01   0.000000000000000E+00   0.000000000000000E+00   0.000000000000000E+00
   6.837559271700000E-01   9.869166935699999E+00   9.869166935699999E+00   0.000000000000000E+00  -9.912834239400000E-01   0.000000000000000E+00   0.000000000000000E+00   0.000000000000000E+00
   6.856239701100000E-01   9.896129813600000E+00   9.896129813600000E+00   0.000000000000000E+00  -9.912834239400000E-01   0.000000000000000E+00   0.000000000000000E+00   0.000000000000000E+00
   6.874920130400000E-01   9.923092691400001E+00   9.923092691400001E+00   0.000000000000000E+00  -9.912834239400000E-01   0.000000000000000E+00   0.000000000000000E+00   0.000000000000000E+00
   6.893600559700001E-01   9.950055569300000E+00   9.950055569300000E+00   0.000000000000000E+00  -9.912834239400000E-01   0.000000000000000E+00   0.000000000000000E+00   0.000000000000000E+00
   6.912618336800000E-01   9.977505366700001E+00   9.977505366700001E+00   0.000000000000000E+00  -9.912834239400000E-01   0.000000000000000E+00   0.000000000000000E+00   0.000000000000000E+00
   6.931636113900000E-01   1.000495516400000E+01   1.000495516400000E+01   0.000000000000000E+00  -9.912834239400000E-01   0.000000000000000E+00   0.000000000000000E+00   0.000000000000000E+00
   6.950653891000000E-01   1.003240496200000E+01   1.003240496200000E+01   0.000000000000000E+00  -9.912834239400000E-01   0.000000000000000E+00   0.000000000000000E+00   0.000000000000000E+00
   6.969671668100000E-01   1.005985475900000E+01   1.005985475900000E+01   0.000000000000000E+00  -9.912834239400000E-01   0.000000000000000E+00   0.000000000000000E+00   0.000000000000000E+00
   6.988707067800000E-01   1.008732999200000E+01   1.008732999200000E+01   0.000000000000000E+00  -9.912834239400000E-01   0.000000000000000E+00   0.000000000000000E+00   0.000000000000000E+00
   7.007742467600000E-01   1.011480522600000E+01   1.011480522600000E+01   0.000000000000000E+00  -9.912834239400000E-01   0.000000000000000E+00   0.000000000000000E+00   0.000000000000000E+00
   7.026777867300000E-01   1.014228045900000E+01   1.014228045900000E+01   0.000000000000000E+00  -9.912834239400000E-01   0.000000000000000E+00   0.000000000000000E+00   0.000000000000000E+00
   7.045813267000000E-01   1.016975569300000E+01   1.016975569300000E+01   0.000000000000000E+00  -9.912834239400000E-01   0.000000000000000E+00   0.000000000000000E+00   0.000000000000000E+00
   7.062905162799999E-01   1.019442572000000E+01   1.019442572000000E+01   0.000000000000000E+00  -9.912834239400000E-01   0.000000000000000E+00   0.000000000000000E+00   0.000000000000000E+00
   7.079997058700001E-01   1.021909574700000E+01   1.021909574700000E+01   0.000000000000000E+00  -9.912834239400000E-01   0.000000000000000E+00   0.000000000000000E+00   0.000000000000000E+00
   7.097088954500000E-01   1.024376577500000E+01   1.024376577500000E+01   0.000000000000000E+00  -9.912834239400000E-01   0.000000000000000E+00   0.000000000000000E+00   0.000000000000000E+00
   7.114180850300000E-01   1.026843580200000E+01   1.026843580200000E+01   0.000000000000000E+00  -9.912834239400000E-01   0.000000000000000E+00   0.000000000000000E+00   0.000000000000000E+00
   7.131207088900000E-01   1.029301106100000E+01   1.029301106100000E+01   0.000000000000000E+00  -9.912834239400000E-01   0.000000000000000E+00   0.000000000000000E+00   0.000000000000000E+00
   7.148233327500000E-01   1.031758632000000E+01   1.031758632000000E+01   0.000000000000000E+00  -9.912834239400000E-01   0.000000000000000E+00   0.000000000000000E+00   0.000000000000000E+00
   7.165259566000000E-01   1.034216157900000E+01   1.034216157900000E+01   0.000000000000000E+00  -9.912834239400000E-01   0.000000000000000E+00   0.000000000000000E+00   0.000000000000000E+00
   7.182285804600000E-01   1.036673683800000E+01   1.036673683800000E+01   0.000000000000000E+00  -9.912834239400000E-01   0.000000000000000E+00   0.000000000000000E+00   0.000000000000000E+00
   7.197790833400000E-01   1.038911642000000E+01   1.038911642000000E+01   0.000000000000000E+00  -9.912834239400000E-01   0.000000000000000E+00   0.000000000000000E+00   0.000000000000000E+00
   7.213295862200000E-01   1.041149600200000E+01   1.041149600200000E+01   0.000000000000000E+00  -9.912834239400000E-01   0.000000000000000E+00   0.000000000000000E+00   0.000000000000000E+00
   7.228800891000000E-01   1.043387558400000E+01   1.043387558400000E+01   0.000000000000000E+00  -9.912834239400000E-01   0.000000000000000E+00   0.000000000000000E+00   0.000000000000000E+00
   7.244305919800000E-01   1.045625516600000E+01   1.045625516600000E+01   0.000000000000000E+00  -9.912834239400000E-01   0.000000000000000E+00   0.000000000000000E+00   0.000000000000000E+00
   7.256463712600000E-01   1.047380342800000E+01   1.047380342800000E+01   0.000000000000000E+00  -9.912834239400000E-01   0.000000000000000E+00   0.000000000000000E+00   0.000000000000000E+00
   7.268621505400000E-01   1.049135169100000E+01   1.049135169100000E+01   0.000000000000000E+00  -9.912834239400000E-01   0.000000000000000E+00   0.000000000000000E+00   0.000000000000000E+00
   7.280779298200000E-01   1.050889995400000E+01   1.050889995400000E+01   0.000000000000000E+00  -9.912834239400000E-01   0.000000000000000E+00   0.000000000000000E+00   0.000000000000000E+00
   7.292937091000000E-01   1.052644821700000E+01   1.052644821700000E+01   0.000000000000000E+00  -9.912834239400000E-01   0.000000000000000E+00   0.000000000000000E+00   0.000000000000000E+00
   7.304383758100000E-01   1.054297005800000E+01   1.054297005800000E+01   0.000000000000000E+00  -9.912834239400000E-01   0.000000000000000E+00   0.000000000000000E+00   0.000000000000000E+00
   7.315830425199999E-01   1.055949189900000E+01   1.055949189900000E+01   0.000000000000000E+00  -9.912834239400000E-01   0.000000000000000E+00   0.000000000000000E+00   0.000000000000000E+00
   7.327277092400000E-01   1.057601374000000E+01   1.057601374000000E+01   0.000000000000000E+00  -9.912834239400000E-01   0.000000000000000E+00   0.000000000000000E+00   0.000000000000000E+00
   7.338723759500000E-01   1.059253558200000E+01   1.059253558200000E+01   0.000000000000000E+00  -9.912834239400000E-01   0.000000000000000E+00   0.000000000000000E+00   0.000000000000000E+00
   7.349853847300000E-01   1.060860048000000E+01   1.060860048000000E+01   0.000000000000000E+00  -9.912834239400000E-01   0.000000000000000E+00   0.000000000000000E+00   0.000000000000000E+00
   7.360983935099999E-01   1.062466537800000E+01   1.062466537800000E+01   0.000000000000000E+00  -9.912834239400000E-01   0.000000000000000E+00   0.000000000000000E+00   0.000000000000000E+00
   7.372114022800000E-01   1.064073027700000E+01   1.064073027700000E+01   0.000000000000000E+00  -9.912834239400000E-01   0.000000000000000E+00   0.000000000000000E+00   0.000000000000000E+00
   7.383244110600000E-01   1.065679517500000E+01   1.065679517500000E+01   0.000000000000000E+00  -9.912834239400000E-01   0.000000000000000E+00   0.000000000000000E+00   0.000000000000000E+00
   7.393569804200000E-01   1.067169903000000E+01   1.067169903000000E+01   0.000000000000000E+00  -9.912834239400000E-01   0.000000000000000E+00   0.000000000000000E+00   0.000000000000000E+00
   7.403895497800000E-01   1.068660288500000E+01   1.068660288500000E+01   0.000000000000000E+00  -9.912834239400000E-01   0.000000000000000E+00   0.000000000000000E+00   0.000000000000000E+00
   7.414221191400000E-01   1.070150674100000E+01   1.070150674100000E+01   0.000000000000000E+00  -9.912834239400000E-01   0.000000000000000E+00   0.000000000000000E+00   0.000000000000000E+00
   7.424546885000000E-01   1.071641059600000E+01   1.071641059600000E+01   0.000000000000000E+00  -9.912834239400000E-01   0.000000000000000E+00   0.000000000000000E+00   0.000000000000000E+00
   7.434795187700000E-01   1.073120274700000E+01   1.073120274700000E+01   0.000000000000000E+00  -9.912834239400000E-01   0.000000000000000E+00   0.000000000000000E+00   0.000000000000000E+00
   7.445043490500000E-01   1.074599489800000E+01   1.074599489800000E+01   0.000000000000000E+00  -9.912834239400000E-01   0.000000000000000E+00   0.000000000000000E+00   0.000000000000000E+00
   7.455291793300000E-01   1.076078705000000E+01   1.076078705000000E+01   0.000000000000000E+00  -9.912834239400000E-01   0.000000000000000E+00   0.000000000000000E+00   0.000000000000000E+00
   7.465540096000000E-01   1.077557920100000E+01   1.077557920100000E+01   0.000000000000000E+00  -9.912834239400000E-01   0.000000000000000E+00   0.000000000000000E+00   0.000000000000000E+00
   7.476083655900000E-01   1.079079751900000E+01   1.079079751900000E+01   0.000000000000000E+00  -9.912834239400000E-01   0.000000000000000E+00   0.000000000000000E+00   0.000000000000000E+00
   7.486627215800000E-01   1.080601583700000E+01   1.080601583700000E+01   0.000000000000000E+00  -9.912834239400000E-01   0.000000000000000E+00   0.000000000000000E+00   0.000000000000000E+00
   7.497170775699999E-01   1.082123415500000E+01   1.082123415500000E+01   0.000000000000000E+00  -9.912834239400000E-01   0.000000000000000E+00   0.000000000000000E+00   0.000000000000000E+00
   7.507714335600000E-01   1.083645247400000E+01   1.083645247400000E+01   0.000000000000000E+00  -9.912834239400000E-01   0.000000000000000E+00   0.000000000000000E+00   0.000000000000000E+00
   7.518511210500000E-01   1.085203642000000E+01   1.085203642000000E+01   0.000000000000000E+00  -9.912834239400000E-01   0.000000000000000E+00   0.000000000000000E+00   0.000000000000000E+00
   7.529308085300001E-01   1.086762036700000E+01   1.086762036700000E+01   0.000000000000000E+00  -9.912834239400000E-01   0.000000000000000E+00   0.000000000000000E+00   0.000000000000000E+00
   7.540104960200000E-01   1.088320431400000E+01   1.088320431400000E+01   0.000000000000000E+00  -9.912834239400000E-01   0.000000000000000E+00   0.000000000000000E+00   0.000000000000000E+00
   7.550901835000000E-01   1.089878826100000E+01   1.089878826100000E+01   0.000000000000000E+00  -9.912834239400000E-01   0.000000000000000E+00   0.000000000000000E+00   0.000000000000000E+00
   7.562227817800000E-01   1.091513590900000E+01   1.091513590900000E+01   0.000000000000000E+00  -9.912834239400000E-01   0.000000000000000E+00   0.000000000000000E+00   0.000000000000000E+00
   7.573553800700000E-01   1.093148355800000E+01   1.093148355800000E+01   0.000000000000000E+00  -9.912834239400000E-01   0.000000000000000E+00   0.000000000000000E+00   0.000000000000000E+00
   7.584879783500000E-01   1.094783120600000E+01   1.094783120600000E+01   0.000000000000000E+00  -9.912834239400000E-01   0.000000000000000E+00   0.000000000000000E+00   0.000000000000000E+00
   7.596205766300000E-01   1.096417885500000E+01   1.096417885500000E+01   0.000000000000000E+00  -9.912834239400000E-01   0.000000000000000E+00   0.000000000000000E+00   0.000000000000000E+00
   7.609271115900000E-01   1.098303706300000E+01   1.098303706300000E+01   0.000000000000000E+00  -9.912834239400000E-01   0.000000000000000E+00   0.000000000000000E+00   0.000000000000000E+00
   7.622336465500000E-01   1.100189527100000E+01   1.100189527100000E+01   0.000000000000000E+00  -9.912834239400000E-01   0.000000000000000E+00   0.000000000000000E+00   0.000000000000000E+00
   7.635401815100000E-01   1.102075347900000E+01   1.102075347900000E+01   0.000000000000000E+00  -9.912834239400000E-01   0.000000000000000E+00   0.000000000000000E+00   0.000000000000000E+00
   7.648467164600000E-01   1.103961168700000E+01   1.103961168700000E+01   0.000000000000000E+00  -9.912834239400000E-01   0.000000000000000E+00   0.000000000000000E+00   0.000000000000000E+00
   7.662108949999999E-01   1.105930190900000E+01   1.105930190900000E+01   0.000000000000000E+00  -9.912834239400000E-01   0.000000000000000E+00   0.000000000000000E+00   0.000000000000000E+00
   7.675750735300000E-01   1.107899213100000E+01   1.107899213100000E+01   0.000000000000000E+00  -9.912834239400000E-01   0.000000000000000E+00   0.000000000000000E+00   0.000000000000000E+00
   7.689392520700000E-01   1.109868235200000E+01   1.109868235200000E+01   0.000000000000000E+00  -9.912834239400000E-01   0.000000000000000E+00   0.000000000000000E+00   0.000000000000000E+00
   7.703034305999999E-01   1.111837257400000E+01   1.111837257400000E+01   0.000000000000000E+00  -9.912834239400000E-01   0.000000000000000E+00   0.000000000000000E+00   0.000000000000000E+00
   7.716459722600000E-01   1.113775049400000E+01   1.113775049400000E+01   0.000000000000000E+00  -9.912834239400000E-01   0.000000000000000E+00   0.000000000000000E+00   0.000000000000000E+00
   7.729885139200000E-01   1.115712841400000E+01   1.115712841400000E+01   0.000000000000000E+00  -9.912834239400000E-01   0.000000000000000E+00   0.000000000000000E+00   0.000000000000000E+00
   7.743310555700000E-01   1.117650633400000E+01   1.117650633400000E+01   0.000000000000000E+00  -9.912834239400000E-01   0.000000000000000E+00   0.000000000000000E+00   0.000000000000000E+00
   7.756735972300000E-01   1.119588425400000E+01   1.119588425400000E+01   0.000000000000000E+00  -9.912834239400000E-01   0.000000000000000E+00   0.000000000000000E+00   0.000000000000000E+00
   7.769653044100000E-01   1.121452844200000E+01   1.121452844200000E+01   0.000000000000000E+00  -9.912834239400000E-01   0.000000000000000E+00   0.000000000000000E+00   0.000000000000000E+00
   7.782570115900000E-01   1.123317262900000E+01   1.123317262900000E+01   0.000000000000000E+00  -9.912834239400000E-01   0.000000000000000E+00   0.000000000000000E+00   0.000000000000000E+00
   7.795487187700000E-01   1.125181681700000E+01   1.125181681700000E+01   0.000000000000000E+00  -9.912834239400000E-01   0.000000000000000E+00   0.000000000000000E+00   0.000000000000000E+00
   7.808404259500000E-01   1.127046100500000E+01   1.127046100500000E+01   0.000000000000000E+00  -9.912834239400000E-01   0.000000000000000E+00   0.000000000000000E+00   0.000000000000000E+00
   7.819570469600000E-01   1.128657804100000E+01   1.128657804100000E+01   0.000000000000000E+00  -9.912834239400000E-01   0.000000000000000E+00   0.000000000000000E+00   0.000000000000000E+00
   7.830736679600000E-01   1.130269507700000E+01   1.130269507700000E+01   0.000000000000000E+00  -9.912834239400000E-01   0.000000000000000E+00   0.000000000000000E+00   0.000000000000000E+00
   7.841902889600000E-01   1.131881211300000E+01   1.131881211300000E+01   0.000000000000000E+00  -9.912834239400000E-01   0.000000000000000E+00   0.000000000000000E+00   0.000000000000000E+00
   7.853069099700000E-01   1.133492915000000E+01   1.133492915000000E+01   0.000000000000000E+00  -9.912834239400000E-01   0.000000000000000E+00   0.000000000000000E+00   0.000000000000000E+00
   7.861365605000000E-01   1.134690412400000E+01   1.134690412400000E+01   0.000000000000000E+00  -9.912834239400000E-01   0.000000000000000E+00   0.000000000000000E+00   0.000000000000000E+00
   7.869662110300000E-01   1.135887909800000E+01   1.135887909800000E+01   0.000000000000000E+00  -9.912834239400000E-01   0.000000000000000E+00   0.000000000000000E+00   0.000000000000000E+00
   7.877958615600000E-01   1.137085407200000E+01   1.137085407200000E+01   0.000000000000000E+00  -9.912834239400000E-01   0.000000000000000E+00   0.000000000000000E+00   0.000000000000000E+00
   7.886255120900000E-01   1.138282904700000E+01   1.138282904700000E+01   0.000000000000000E+00  -9.912834239400000E-01   0.000000000000000E+00   0.000000000000000E+00   0.000000000000000E+00
   7.894767282400000E-01   1.139511529400000E+01   1.139511529400000E+01   0.000000000000000E+00  -9.912834239400000E-01   0.000000000000000E+00   0.000000000000000E+00   0.000000000000000E+00
   7.903279443900000E-01   1.140740154100000E+01   1.140740154100000E+01   0.000000000000000E+00  -9.912834239400000E-01   0.000000000000000E+00   0.000000000000000E+00   0.000000000000000E+00
   7.911791605400000E-01   1.141968778800000E+01   1.141968778800000E+01   0.000000000000000E+00  -9.912834239400000E-01   0.000000000000000E+00   0.000000000000000E+00   0.000000000000000E+00
   7.920303766900000E-01   1.143197403500000E+01   1.143197403500000E+01   0.000000000000000E+00  -9.912834239400000E-01   0.000000000000000E+00   0.000000000000000E+00   0.000000000000000E+00
   7.928707296900001E-01   1.144410348600000E+01   1.144410348600000E+01   0.000000000000000E+00  -9.912834239400000E-01   0.000000000000000E+00   0.000000000000000E+00   0.000000000000000E+00
   7.937110827000000E-01   1.145623293700000E+01   1.145623293700000E+01   0.000000000000000E+00  -9.912834239400000E-01   0.000000000000000E+00   0.000000000000000E+00   0.000000000000000E+00
   7.945514357100000E-01   1.146836238800000E+01   1.146836238800000E+01   0.000000000000000E+00  -9.912834239400000E-01   0.000000000000000E+00   0.000000000000000E+00   0.000000000000000E+00
   7.953917887200000E-01   1.148049183900000E+01   1.148049183900000E+01   0.000000000000000E+00  -9.912834239400000E-01   0.000000000000000E+00   0.000000000000000E+00   0.000000000000000E+00
   7.962208886400000E-01   1.149245886600000E+01   1.149245886600000E+01   0.000000000000000E+00  -9.912834239400000E-01   0.000000000000000E+00   0.000000000000000E+00   0.000000000000000E+00
   7.970499885700000E-01   1.150442589300000E+01   1.150442589300000E+01   0.000000000000000E+00  -9.912834239400000E-01   0.000000000000000E+00   0.000000000000000E+00   0.000000000000000E+00
   7.978790885000000E-01   1.151639292000000E+01   1.151639292000000E+01   0.000000000000000E+00  -9.912834239400000E-01   0.000000000000000E+00   0.000000000000000E+00   0.000000000000000E+00
   7.987081884300000E-01   1.152835994700000E+01   1.152835994700000E+01   0.000000000000000E+00  -9.912834239400000E-01   0.000000000000000E+00   0.000000000000000E+00   0.000000000000000E+00
   7.996949033100000E-01   1.154260195000000E+01   1.154260195000000E+01   0.000000000000000E+00  -9.912834239400000E-01   0.000000000000000E+00   0.000000000000000E+00   0.000000000000000E+00
   8.006816181900001E-01   1.155684395300000E+01   1.155684395300000E+01   0.000000000000000E+00  -9.912834239400000E-01   0.000000000000000E+00   0.000000000000000E+00   0.000000000000000E+00
   8.016683330800000E-01   1.157108595600000E+01   1.157108595600000E+01   0.000000000000000E+00  -9.912834239400000E-01   0.000000000000000E+00   0.000000000000000E+00   0.000000000000000E+00
   8.026550479600000E-01   1.158532795900000E+01   1.158532795900000E+01   0.000000000000000E+00  -9.912834239400000E-01   0.000000000000000E+00   0.000000000000000E+00   0.000000000000000E+00
   8.035919889200001E-01   1.159885153700000E+01   1.159885153700000E+01   0.000000000000000E+00  -9.912834239400000E-01   0.000000000000000E+00   0.000000000000000E+00   0.000000000000000E+00
   8.045289298800000E-01   1.161237511500000E+01   1.161237511500000E+01   0.000000000000000E+00  -9.912834239400000E-01   0.000000000000000E+00   0.000000000000000E+00   0.000000000000000E+00
   8.054658708300000E-01   1.162589869300000E+01   1.162589869300000E+01   0.000000000000000E+00  -9.912834239400000E-01   0.000000000000000E+00   0.000000000000000E+00   0.000000000000000E+00
   8.064028117900000E-01   1.163942227100000E+01   1.163942227100000E+01   0.000000000000000E+00  -9.912834239400000E-01   0.000000000000000E+00   0.000000000000000E+00   0.000000000000000E+00
   8.073615492800000E-01   1.165326045500000E+01   1.165326045500000E+01   0.000000000000000E+00  -9.912834239400000E-01   0.000000000000000E+00   0.000000000000000E+00   0.000000000000000E+00
   8.083202867700000E-01   1.166709863900000E+01   1.166709863900000E+01   0.000000000000000E+00  -9.912834239400000E-01   0.000000000000000E+00   0.000000000000000E+00   0.000000000000000E+00
   8.092790242600000E-01   1.168093682400000E+01   1.168093682400000E+01   0.000000000000000E+00  -9.912834239400000E-01   0.000000000000000E+00   0.000000000000000E+00   0.000000000000000E+00
   8.102377617500000E-01   1.169477500800000E+01   1.169477500800000E+01   0.000000000000000E+00  -9.912834239400000E-01   0.000000000000000E+00   0.000000000000000E+00   0.000000000000000E+00
   8.112013002500000E-01   1.170868248800000E+01   1.170868248800000E+01   0.000000000000000E+00  -9.912834239400000E-01   0.000000000000000E+00   0.000000000000000E+00   0.000000000000000E+00
   8.121648387600000E-01   1.172258996900000E+01   1.172258996900000E+01   0.000000000000000E+00  -9.912834239400000E-01   0.000000000000000E+00   0.000000000000000E+00   0.000000000000000E+00
   8.131283772600000E-01   1.173649744900000E+01   1.173649744900000E+01   0.000000000000000E+00  -9.912834239400000E-01   0.000000000000000E+00   0.000000000000000E+00   0.000000000000000E+00
   8.140919157600000E-01   1.175040493000000E+01   1.175040493000000E+01   0.000000000000000E+00  -9.912834239400000E-01   0.000000000000000E+00   0.000000000000000E+00   0.000000000000000E+00
   8.148973370500000E-01   1.176203018500000E+01   1.176203018500000E+01   0.000000000000000E+00  -9.912834239400000E-01   0.000000000000000E+00   0.000000000000000E+00   0.000000000000000E+00
   8.157027583499999E-01   1.177365544100000E+01   1.177365544100000E+01   0.000000000000000E+00  -9.912834239400000E-01   0.000000000000000E+00   0.000000000000000E+00   0.000000000000000E+00
   8.165081796400000E-01   1.178528069600000E+01   1.178528069600000E+01   0.000000000000000E+00  -9.912834239400000E-01   0.000000000000000E+00   0.000000000000000E+00   0.000000000000000E+00
   8.173136009400001E-01   1.179690595100000E+01   1.179690595100000E+01   0.000000000000000E+00  -9.912834239400000E-01   0.000000000000000E+00   0.000000000000000E+00   0.000000000000000E+00
   8.180091623100000E-01   1.180694551500000E+01   1.180694551500000E+01   0.000000000000000E+00  -9.912834239400000E-01   0.000000000000000E+00   0.000000000000000E+00   0.000000000000000E+00
   8.187047236800000E-01   1.181698507900000E+01   1.181698507900000E+01   0.000000000000000E+00  -9.912834239400000E-01   0.000000000000000E+00   0.000000000000000E+00   0.000000000000000E+00
   8.194002850500000E-01   1.182702464300000E+01   1.182702464300000E+01   0.000000000000000E+00  -9.912834239400000E-01   0.000000000000000E+00   0.000000000000000E+00   0.000000000000000E+00
   8.200958464200000E-01   1.183706420700000E+01   1.183706420700000E+01   0.000000000000000E+00  -9.912834239400000E-01   0.000000000000000E+00   0.000000000000000E+00   0.000000000000000E+00
   8.208488136600000E-01   1.184793235300000E+01   1.184793235300000E+01   0.000000000000000E+00  -9.912834239400000E-01   0.000000000000000E+00   0.000000000000000E+00   0.000000000000000E+00
   8.216017809000000E-01   1.185880049900000E+01   1.185880049900000E+01   0.000000000000000E+00  -9.912834239400000E-01   0.000000000000000E+00   0.000000000000000E+00   0.000000000000000E+00
   8.223547481400000E-01   1.186966864500000E+01   1.186966864500000E+01   0.000000000000000E+00  -9.912834239400000E-01   0.000000000000000E+00   0.000000000000000E+00   0.000000000000000E+00
   8.231077153800000E-01   1.188053679100000E+01   1.188053679100000E+01   0.000000000000000E+00  -9.912834239400000E-01   0.000000000000000E+00   0.000000000000000E+00   0.000000000000000E+00
   8.239111873000000E-01   1.189213391000000E+01   1.189213391000000E+01   0.000000000000000E+00  -9.912834239400000E-01   0.000000000000000E+00   0.000000000000000E+00   0.000000000000000E+00
   8.247146592200000E-01   1.190373102800000E+01   1.190373102800000E+01   0.000000000000000E+00  -9.912834239400000E-01   0.000000000000000E+00   0.000000000000000E+00   0.000000000000000E+00
   8.255181311499999E-01   1.191532814700000E+01   1.191532814700000E+01   0.000000000000000E+00  -9.912834239400000E-01   0.000000000000000E+00   0.000000000000000E+00   0.000000000000000E+00
   8.263216030700000E-01   1.192692526600000E+01   1.192692526600000E+01   0.000000000000000E+00  -9.912834239400000E-01   0.000000000000000E+00   0.000000000000000E+00   0.000000000000000E+00
   8.269939980600000E-01   1.193663045200000E+01   1.193663045200000E+01   0.000000000000000E+00  -9.912834239400000E-01   0.000000000000000E+00   0.000000000000000E+00   0.000000000000000E+00
   8.276663930600000E-01   1.194633563700000E+01   1.194633563700000E+01   0.000000000000000E+00  -9.912834239400000E-01   0.000000000000000E+00   0.000000000000000E+00   0.000000000000000E+00
   8.283387880500001E-01   1.195604082300000E+01   1.195604082300000E+01   0.000000000000000E+00  -9.912834239400000E-01   0.000000000000000E+00   0.000000000000000E+00   0.000000000000000E+00
   8.290111830400000E-01   1.196574600900000E+01   1.196574600900000E+01   0.000000000000000E+00  -9.912834239400000E-01   0.000000000000000E+00   0.000000000000000E+00   0.000000000000000E+00
   8.296768014100000E-01   1.197535338300000E+01   1.197535338300000E+01   0.000000000000000E+00  -9.912834239400000E-01   0.000000000000000E+00   0.000000000000000E+00   0.000000000000000E+00
   8.303424197800000E-01   1.198496075700000E+01   1.198496075700000E+01   0.000000000000000E+00  -9.912834239400000E-01   0.000000000000000E+00   0.000000000000000E+00   0.000000000000000E+00
   8.310080381500000E-01   1.199456813100000E+01   1.199456813100000E+01   0.000000000000000E+00  -9.912834239400000E-01   0.000000000000000E+00   0.000000000000000E+00   0.000000000000000E+00
   8.316736565200000E-01   1.200417550500000E+01   1.200417550500000E+01   0.000000000000000E+00  -9.912834239400000E-01   0.000000000000000E+00   0.000000000000000E+00   0.000000000000000E+00
   8.324976470300000E-01   1.201606878400000E+01   1.201606878400000E+01   0.000000000000000E+00  -9.912834239400000E-01   0.000000000000000E+00   0.000000000000000E+00   0.000000000000000E+00
   8.333216375400000E-01   1.202796206200000E+01   1.202796206200000E+01   0.000000000000000E+00  -9.912834239400000E-01   0.000000000000000E+00   0.000000000000000E+00   0.000000000000000E+00
   8.341456280600000E-01   1.203985534100000E+01   1.203985534100000E+01   0.000000000000000E+00  -9.912834239400000E-01   0.000000000000000E+00   0.000000000000000E+00   0.000000000000000E+00
   8.349696185700000E-01   1.205174862000000E+01   1.205174862000000E+01   0.000000000000000E+00  -9.912834239400000E-01   0.000000000000000E+00   0.000000000000000E+00   0.000000000000000E+00
   8.360471873200001E-01   1.206730198600000E+01   1.206730198600000E+01   0.000000000000000E+00  -9.912834239400000E-01   0.000000000000000E+00   0.000000000000000E+00   0.000000000000000E+00
   8.371247560700000E-01   1.208285535100000E+01   1.208285535100000E+01   0.000000000000000E+00  -9.912834239400000E-01   0.000000000000000E+00   0.000000000000000E+00   0.000000000000000E+00
   8.382023248200000E-01   1.209840871700000E+01   1.209840871700000E+01   0.000000000000000E+00  -9.912834239400000E-01   0.000000000000000E+00   0.000000000000000E+00   0.000000000000000E+00
   8.392798935700000E-01   1.211396208200000E+01   1.211396208200000E+01   0.000000000000000E+00  -9.912834239400000E-01   0.000000000000000E+00   0.000000000000000E+00   0.000000000000000E+00
   8.404058419600000E-01   1.213021374800000E+01   1.213021374800000E+01   0.000000000000000E+00  -9.912834239400000E-01   0.000000000000000E+00   0.000000000000000E+00   0.000000000000000E+00
   8.415317903600000E-01   1.214646541400000E+01   1.214646541400000E+01   0.000000000000000E+00  -9.912834239400000E-01   0.000000000000000E+00   0.000000000000000E+00   0.000000000000000E+00
   8.426577387500001E-01   1.216271707900000E+01   1.216271707900000E+01   0.000000000000000E+00  -9.912834239400000E-01   0.000000000000000E+00   0.000000000000000E+00   0.000000000000000E+00
   8.437836871400000E-01   1.217896874500000E+01   1.217896874500000E+01   0.000000000000000E+00  -9.912834239400000E-01   0.000000000000000E+00   0.000000000000000E+00   0.000000000000000E+00
   8.448301869600000E-01   1.219407366900000E+01   1.219407366900000E+01   0.000000000000000E+00  -9.912834239400000E-01   0.000000000000000E+00   0.000000000000000E+00   0.000000000000000E+00
   8.458766867800001E-01   1.220917859300000E+01   1.220917859300000E+01   0.000000000000000E+00  -9.912834239400000E-01   0.000000000000000E+00   0.000000000000000E+00   0.000000000000000E+00
   8.469231866000000E-01   1.222428351700000E+01   1.222428351700000E+01   0.000000000000000E+00  -9.912834239400000E-01   0.000000000000000E+00   0.000000000000000E+00   0.000000000000000E+00
   8.479696864200000E-01   1.223938844100000E+01   1.223938844100000E+01   0.000000000000000E+00  -9.912834239400000E-01   0.000000000000000E+00   0.000000000000000E+00   0.000000000000000E+00
   8.489702926200000E-01   1.225383094800000E+01   1.225383094800000E+01   0.000000000000000E+00  -9.912834239400000E-01   0.000000000000000E+00   0.000000000000000E+00   0.000000000000000E+00
   8.499708988100000E-01   1.226827345500000E+01   1.226827345500000E+01   0.000000000000000E+00  -9.912834239400000E-01   0.000000000000000E+00   0.000000000000000E+00   0.000000000000000E+00
   8.509715050100000E-01   1.228271596100000E+01   1.228271596100000E+01   0.000000000000000E+00  -9.912834239400000E-01   0.000000000000000E+00   0.000000000000000E+00   0.000000000000000E+00
   8.519721112100000E-01   1.229715846800000E+01   1.229715846800000E+01   0.000000000000000E+00  -9.912834239400000E-01   0.000000000000000E+00   0.000000000000000E+00   0.000000000000000E+00
   8.528497521200000E-01   1.230982612400000E+01   1.230982612400000E+01   0.000000000000000E+00  -9.912834239400000E-01   0.000000000000000E+00   0.000000000000000E+00   0.000000000000000E+00
   8.537273930300000E-01   1.232249378000000E+01   1.232249378000000E+01   0.000000000000000E+00  -9.912834239400000E-01   0.000000000000000E+00   0.000000000000000E+00   0.000000000000000E+00
   8.546050339300000E-01   1.233516143500000E+01   1.233516143500000E+01   0.000000000000000E+00  -9.912834239400000E-01   0.000000000000000E+00   0.000000000000000E+00   0.000000000000000E+00
   8.554826748400000E-01   1.234782909100000E+01   1.234782909100000E+01   0.000000000000000E+00  -9.912834239400000E-01   0.000000000000000E+00   0.000000000000000E+00   0.000000000000000E+00
   8.565069775000000E-01   1.236261362700000E+01   1.236261362700000E+01   0.000000000000000E+00  -9.912834239400000E-01   0.000000000000000E+00   0.000000000000000E+00   0.000000000000000E+00
   8.575312801500000E-01   1.237739816200000E+01   1.237739816200000E+01   0.000000000000000E+00  -9.912834239400000E-01   0.000000000000000E+00   0.000000000000000E+00   0.000000000000000E+00
   8.585555828000000E-01   1.239218269800000E+01   1.239218269800000E+01   0.000000000000000E+00  -9.912834239400000E-01   0.000000000000000E+00   0.000000000000000E+00   0.000000000000000E+00
   8.595798854600000E-01   1.240696723300000E+01   1.240696723300000E+01   0.000000000000000E+00  -9.912834239400000E-01   0.000000000000000E+00   0.000000000000000E+00   0.000000000000000E+00
   8.609813458900000E-01   1.242719557300000E+01   1.242719557300000E+01   0.000000000000000E+00  -9.912834239400000E-01   0.000000000000000E+00   0.000000000000000E+00   0.000000000000000E+00
   8.623828063300000E-01   1.244742391200000E+01   1.244742391200000E+01   0.000000000000000E+00  -9.912834239400000E-01   0.000000000000000E+00   0.000000000000000E+00   0.000000000000000E+00
   8.637842667600000E-01   1.246765225200000E+01   1.246765225200000E+01   0.000000000000000E+00  -9.912834239400000E-01   0.000000000000000E+00   0.000000000000000E+00   0.000000000000000E+00
   8.651857272000000E-01   1.248788059100000E+01   1.248788059100000E+01   0.000000000000000E+00  -9.912834239400000E-01   0.000000000000000E+00   0.000000000000000E+00   0.000000000000000E+00
   8.666039713300000E-01   1.250835118300000E+01   1.250835118300000E+01   0.000000000000000E+00  -9.912834239400000E-01   0.000000000000000E+00   0.000000000000000E+00   0.000000000000000E+00
   8.680222154700000E-01   1.252882177400000E+01   1.252882177400000E+01   0.000000000000000E+00  -9.912834239400000E-01   0.000000000000000E+00   0.000000000000000E+00   0.000000000000000E+00
   8.694404596000000E-01   1.254929236500000E+01   1.254929236500000E+01   0.000000000000000E+00  -9.912834239400000E-01   0.000000000000000E+00   0.000000000000000E+00   0.000000000000000E+00
   8.708587037300000E-01   1.256976295600000E+01   1.256976295600000E+01   0.000000000000000E+00  -9.912834239400000E-01   0.000000000000000E+00   0.000000000000000E+00   0.000000000000000E+00
   8.727958403600000E-01   1.259772311600000E+01   1.259772311600000E+01   0.000000000000000E+00  -9.912834239400000E-01   0.000000000000000E+00   0.000000000000000E+00   0.000000000000000E+00
   8.747329769800000E-01   1.262568327500000E+01   1.262568327500000E+01   0.000000000000000E+00  -9.912834239400000E-01   0.000000000000000E+00   0.000000000000000E+00   0.000000000000000E+00
   8.766701136100000E-01   1.265364343500000E+01   1.265364343500000E+01   0.000000000000000E+00  -9.912834239400000E-01   0.000000000000000E+00   0.000000000000000E+00   0.000000000000000E+00
   8.786072502400000E-01   1.268160359400000E+01   1.268160359400000E+01   0.000000000000000E+00  -9.912834239400000E-01   0.000000000000000E+00   0.000000000000000E+00   0.000000000000000E+00
   8.814883964800000E-01   1.272318935900000E+01   1.272318935900000E+01   0.000000000000000E+00  -9.912834239400000E-01   0.000000000000000E+00   0.000000000000000E+00   0.000000000000000E+00
   8.843695427300000E-01   1.276477512400000E+01   1.276477512400000E+01   0.000000000000000E+00  -9.912834239400000E-01   0.000000000000000E+00   0.000000000000000E+00   0.000000000000000E+00
   8.872506889700000E-01   1.280636088900000E+01   1.280636088900000E+01   0.000000000000000E+00  -9.912834239400000E-01   0.000000000000000E+00   0.000000000000000E+00   0.000000000000000E+00
   8.901318352199999E-01   1.284794665400000E+01   1.284794665400000E+01   0.000000000000000E+00  -9.912834239400000E-01   0.000000000000000E+00   0.000000000000000E+00   0.000000000000000E+00
   8.932536643800000E-01   1.289300637800000E+01   1.289300637800000E+01   0.000000000000000E+00  -9.912834239400000E-01   0.000000000000000E+00   0.000000000000000E+00   0.000000000000000E+00
   8.963754935400000E-01   1.293806610100000E+01   1.293806610100000E+01   0.000000000000000E+00  -9.912834239400000E-01   0.000000000000000E+00   0.000000000000000E+00   0.000000000000000E+00
   8.994973227100000E-01   1.298312582500000E+01   1.298312582500000E+01   0.000000000000000E+00  -9.912834239400000E-01   0.000000000000000E+00   0.000000000000000E+00   0.000000000000000E+00
   9.026191518700000E-01   1.302818554900000E+01   1.302818554900000E+01   0.000000000000000E+00  -9.912834239400000E-01   0.000000000000000E+00   0.000000000000000E+00   0.000000000000000E+00
   9.056818207800000E-01   1.307239136800000E+01   1.307239136800000E+01   0.000000000000000E+00  -9.912834239400000E-01   0.000000000000000E+00   0.000000000000000E+00   0.000000000000000E+00
   9.087444896900000E-01   1.311659718700000E+01   1.311659718700000E+01   0.000000000000000E+00  -9.912834239400000E-01   0.000000000000000E+00   0.000000000000000E+00   0.000000000000000E+00
   9.118071585999999E-01   1.316080300500000E+01   1.316080300500000E+01   0.000000000000000E+00  -9.912834239400000E-01   0.000000000000000E+00   0.000000000000000E+00   0.000000000000000E+00
   9.148698275100000E-01   1.320500882400000E+01   1.320500882400000E+01   0.000000000000000E+00  -9.912834239400000E-01   0.000000000000000E+00   0.000000000000000E+00   0.000000000000000E+00
   9.186363418400000E-01   1.325937377700000E+01   1.325937377700000E+01   0.000000000000000E+00  -9.912834239400000E-01   0.000000000000000E+00   0.000000000000000E+00   0.000000000000000E+00
   9.224028561800000E-01   1.331373873000000E+01   1.331373873000000E+01   0.000000000000000E+00  -9.912834239400000E-01   0.000000000000000E+00   0.000000000000000E+00   0.000000000000000E+00
   9.261693705100000E-01   1.336810368300000E+01   1.336810368300000E+01   0.000000000000000E+00  -9.912834239400000E-01   0.000000000000000E+00   0.000000000000000E+00   0.000000000000000E+00
   9.299358848500000E-01   1.342246863600000E+01   1.342246863600000E+01   0.000000000000000E+00  -9.912834239400000E-01   0.000000000000000E+00   0.000000000000000E+00   0.000000000000000E+00
   9.347539345100000E-01   1.349201119400000E+01   1.349201119400000E+01   0.000000000000000E+00  -9.912834239400000E-01   0.000000000000000E+00   0.000000000000000E+00   0.000000000000000E+00
   9.395719841800000E-01   1.356155375300000E+01   1.356155375300000E+01   0.000000000000000E+00  -9.912834239400000E-01   0.000000000000000E+00   0.000000000000000E+00   0.000000000000000E+00
   9.443900338500000E-01   1.363109631100000E+01   1.363109631100000E+01   0.000000000000000E+00  -9.912834239400000E-01   0.000000000000000E+00   0.000000000000000E+00   0.000000000000000E+00
   9.492080835200000E-01   1.370063886900000E+01   1.370063886900000E+01   0.000000000000000E+00  -9.912834239400000E-01   0.000000000000000E+00   0.000000000000000E+00   0.000000000000000E+00
   9.534557435200000E-01   1.376194856200000E+01   1.376194856200000E+01   0.000000000000000E+00  -9.912834239400000E-01   0.000000000000000E+00   0.000000000000000E+00   0.000000000000000E+00
   9.577034035100001E-01   1.382325825400000E+01   1.382325825400000E+01   0.000000000000000E+00  -9.912834239400000E-01   0.000000000000000E+00   0.000000000000000E+00   0.000000000000000E+00
   9.619510635100000E-01   1.388456794700000E+01   1.388456794700000E+01   0.000000000000000E+00  -9.912834239400000E-01   0.000000000000000E+00   0.000000000000000E+00   0.000000000000000E+00
   9.661987235000000E-01   1.394587763900000E+01   1.394587763900000E+01   0.000000000000000E+00  -9.912834239400000E-01   0.000000000000000E+00   0.000000000000000E+00   0.000000000000000E+00
   9.704238042200000E-01   1.400686142800000E+01   1.400686142800000E+01   0.000000000000000E+00  -9.912834239400000E-01   0.000000000000000E+00   0.000000000000000E+00   0.000000000000000E+00
   9.746488849500000E-01   1.406784521600000E+01   1.406784521600000E+01   0.000000000000000E+00  -9.912834239400000E-01   0.000000000000000E+00   0.000000000000000E+00   0.000000000000000E+00
   9.788739656700000E-01   1.412882900500000E+01   1.412882900500000E+01   0.000000000000000E+00  -9.912834239400000E-01   0.000000000000000E+00   0.000000000000000E+00   0.000000000000000E+00
   9.830990464000000E-01   1.418981279400000E+01   1.418981279400000E+01   0.000000000000000E+00  -9.912834239400000E-01   0.000000000000000E+00   0.000000000000000E+00   0.000000000000000E+00
   9.873242848000000E-01   1.425079885800000E+01   1.425079885800000E+01   0.000000000000000E+00  -9.912834239400000E-01   0.000000000000000E+00   0.000000000000000E+00   0.000000000000000E+00
   9.915495232000000E-01   1.431178492300000E+01   1.431178492300000E+01   0.000000000000000E+00  -9.912834239400000E-01   0.000000000000000E+00   0.000000000000000E+00   0.000000000000000E+00
   9.957747616000000E-01   1.437277098700000E+01   1.437277098700000E+01   0.000000000000000E+00  -9.912834239400000E-01   0.000000000000000E+00   0.000000000000000E+00   0.000000000000000E+00
   1.000000000000000E+00   1.443375705200000E+01   1.443375705200000E+01   0.000000000000000E+00  -9.912834239400000E-01   0.000000000000000E+00   0.000000000000000E+00   0.000000000000000E+00
