   0.000000000000000E+00   8.671165997300000E-32   0.000000000000000E+00   0.000000000000000E+00  -9.996130272900000E-01   0.000000000000000E+00   0.000000000000000E+00   0.000000000000000E+00
   5.785135446100000E-03   8.350123954200001E-02   8.350123954200001E-02   0.000000000000000E+00  -9.996130272900000E-01   0.000000000000000E+00   0.000000000000000E+00   0.000000000000000E+00
   1.157027089200000E-02   1.670024790800000E-01   1.670024790800000E-01   0.000000000000000E+00  -9.996130272900000E-01   0.000000000000000E+00   0.000000000000000E+00   0.000000000000000E+00
   1.735540633800000E-02   2.505037186300000E-01   2.505037186300000E-01   0.000000000000000E+00  -9.996130272900000E-01   0.000000000000000E+00   0.000000000000000E+00   0.000000000000000E+00
   2.314054178500000E-02   3.340049581700000E-01   3.340049581700000E-01   0.000000000000000E+00  -9.996130272900000E-01   0.000000000000000E+00   0.000000000000000E+00   0.000000000000000E+00
   2.890013213700000E-02   4.171374860400000E-01   4.171374860400000E-01   0.000000000000000E+00  -9.996130272900000E-01   0.000000000000000E+00   0.000000000000000E+00   0.000000000000000E+00
   3.465972248900000E-02   5.002700139000000E-01   5.002700139000000E-01   0.000000000000000E+00  -9.996130272900000E-01   0.000000000000000E+00   0.000000000000000E+00   0.000000000000000E+00
   4.041931284200000E-02   5.834025417699999E-01   5.834025417699999E-01   0.000000000000000E+00  -9.996130272900000E-01   0.000000000000000E+00   0.000000000000000E+00   0.000000000000000E+00
   4.617890319400000E-02   6.665350696300000E-01   6.665350696300000E-01   0.000000000000000E+00  -9.996130272900000E-01   0.000000000000000E+00   0.000000000000000E+00   0.000000000000000E+00
   5.147492017100000E-02   7.429764920100000E-01   7.429764920100000E-01   0.000000000000000E+00  -9.996130272900000E-01   0.000000000000000E+00   0.000000000000000E+00   0.000000000000000E+00
   5.677093714700000E-02   8.194179144000000E-01   8.194179144000000E-01   0.000000000000000E+00  -9.996130272900000E-01   0.000000000000000E+00   0.000000000000000E+00   0.000000000000000E+00
   6.206695412400000E-02   8.958593367800000E-01   8.958593367800000E-01   0.000000000000000E+00  -9.996130272900000E-01   0.000000000000000E+00   0.000000000000000E+00   0.000000000000000E+00
   6.736297110000000E-02   9.723007591600000E-01   9.723007591600000E-01   0.000000000000000E+00  -9.996130272900000E-01   0.000000000000000E+00   0.000000000000000E+00   0.000000000000000E+00
   7.249769314500000E-02   1.046414089700000E+00   1.046414089700000E+00   0.000000000000000E+00  -9.996130272900000E-01   0.000000000000000E+00   0.000000000000000E+00   0.000000000000000E+00
   7.763241518900001E-02   1.120527420200000E+00   1.120527420200000E+00   0.000000000000000E+00  -9.996130272900000E-01   0.000000000000000E+00   0.000000000000000E+00   0.000000000000000E+00
   8.276713723400000E-02   1.194640750700000E+00   1.194640750700000E+00   0.000000000000000E+00  -9.996130272900000E-01   0.000000000000000E+00   0.000000000000000E+00   0.000000000000000E+00
   8.790185927800000E-02   1.268754081200000E+00   1.268754081200000E+00   0.000000000000000E+00  -9.996130272900000E-01   0.000000000000000E+00   0.000000000000000E+00   0.000000000000000E+00
   9.429350758500001E-02   1.361009580100000E+00   1.361009580100000E+00   0.000000000000000E+00  -9.996130272900000E-01   0.000000000000000E+00   0.000000000000000E+00   0.000000000000000E+00
   1.006851558900000E-01   1.453265078900000E+00   1.453265078900000E+00   0.000000000000000E+00  -9.996130272900000E-01   0.000000000000000E+00   0.000000000000000E+00   0.000000000000000E+00
   1.070768042000000E-01   1.545520577700000E+00   1.545520577700000E+00   0.000000000000000E+00  -9.996130272900000E-01   0.000000000000000E+00   0.000000000000000E+00   0.000000000000000E+00
   1.134684525100000E-01   1.637776076500000E+00   1.637776076500000E+00   0.000000000000000E+00  -9.996130272900000E-01   0.000000000000000E+00   0.000000000000000E+00   0.000000000000000E+00
   1.205698683900000E-01   1.740276188100000E+00   1.740276188100000E+00   0.000000000000000E+00  -9.996130272900000E-01   0.000000000000000E+00   0.000000000000000E+00   0.000000000000000E+00
   1.276712842700000E-01   1.842776299700000E+00   1.842776299700000E+00   0.000000000000000E+00  -9.996130272900000E-01   0.000000000000000E+00   0.000000000000000E+00   0.000000000000000E+00
   1.347727001600000E-01   1.945276411300000E+00   1.945276411300000E+00   0.000000000000000E+00  -9.996130272900000E-01   0.000000000000000E+00   0.000000000000000E+00   0.000000000000000E+00
   1.418741160400000E-01   2.047776522900000E+00   2.047776522900000E+00   0.000000000000000E+00  -9.996130272900000E-01   0.000000000000000E+00   0.000000000000000E+00   0.000000000000000E+00
   1.483371100800000E-01   2.141061808700000E+00   2.141061808700000E+00   0.000000000000000E+00  -9.996130272900000E-01   0.000000000000000E+00   0.000000000000000E+00   0.000000000000000E+00
   1.548001041200000E-01   2.234347094500000E+00   2.234347094500000E+00   0.000000000000000E+00  -9.996130272900000E-01   0.000000000000000E+00   0.000000000000000E+00   0.000000000000000E+00
   1.612630981600000E-01   2.327632380300000E+00   2.327632380300000E+00   0.000000000000000E+00  -9.996130272900000E-01   0.000000000000000E+00   0.000000000000000E+00   0.000000000000000E+00
   1.677260922000000E-01   2.420917666100000E+00   2.420917666100000E+00   0.000000000000000E+00  -9.996130272900000E-01   0.000000000000000E+00   0.000000000000000E+00   0.000000000000000E+00
   1.735921563200000E-01   2.505587010500000E+00   2.505587010500000E+00   0.000000000000000E+00  -9.996130272900000E-01   0.000000000000000E+00   0.000000000000000E+00   0.000000000000000E+00
   1.794582204500000E-01   2.590256354900000E+00   2.590256354900000E+00   0.000000000000000E+00  -9.996130272900000E-01   0.000000000000000E+00   0.000000000000000E+00   0.000000000000000E+00
   1.853242845700000E-01   2.674925699300000E+00   2.674925699300000E+00   0.000000000000000E+00  -9.996130272900000E-01   0.000000000000000E+00   0.000000000000000E+00   0.000000000000000E+00
   1.911903486900000E-01   2.759595043700000E+00   2.759595043700000E+00   0.000000000000000E+00  -9.996130272900000E-01   0.000000000000000E+00   0.000000000000000E+00   0.000000000000000E+00
   1.967202809300000E-01   2.839412742200000E+00   2.839412742200000E+00   0.000000000000000E+00  -9.996130272900000E-01   0.000000000000000E+00   0.000000000000000E+00   0.000000000000000E+00
   2.022502131800000E-01   2.919230440700000E+00   2.919230440700000E+00   0.000000000000000E+00  -9.996130272900000E-01   0.000000000000000E+00   0.000000000000000E+00   0.000000000000000E+00
   2.077801454200000E-01   2.999048139200000E+00   2.999048139200000E+00   0.000000000000000E+00  -9.996130272900000E-01   0.000000000000000E+00   0.000000000000000E+00   0.000000000000000E+00
   2.133100776600000E-01   3.078865837700000E+00   3.078865837700000E+00   0.000000000000000E+00  -9.996130272900000E-01   0.000000000000000E+00   0.000000000000000E+00   0.000000000000000E+00
   2.184127071600000E-01   3.152515952200000E+00   3.152515952200000E+00   0.000000000000000E+00  -9.996130272900000E-01   0.000000000000000E+00   0.000000000000000E+00   0.000000000000000E+00
   2.235153366600000E-01   3.226166066800000E+00   3.226166066800000E+00   0.000000000000000E+00  -9.996130272900000E-01   0.000000000000000E+00   0.000000000000000E+00   0.000000000000000E+00
   2.286179661600000E-01   3.299816181300000E+00   3.299816181300000E+00   0.000000000000000E+00  -9.996130272900000E-01   0.000000000000000E+00   0.000000000000000E+00   0.000000000000000E+00
   2.337205956600000E-01   3.373466295900000E+00   3.373466295900000E+00   0.000000000000000E+00  -9.996130272900000E-01   0.000000000000000E+00   0.000000000000000E+00   0.000000000000000E+00
   2.384399801900000E-01   3.441584745600000E+00   3.441584745600000E+00   0.000000000000000E+00  -9.996130272900000E-01   0.000000000000000E+00   0.000000000000000E+00   0.000000000000000E+00
   2.431593647300000E-01   3.509703195400000E+00   3.509703195400000E+00   0.000000000000000E+00  -9.996130272900000E-01   0.000000000000000E+00   0.000000000000000E+00   0.000000000000000E+00
   2.478787492600000E-01   3.577821645100000E+00   3.577821645100000E+00   0.000000000000000E+00  -9.996130272900000E-01   0.000000000000000E+00   0.000000000000000E+00   0.000000000000000E+00
   2.525981337900000E-01   3.645940094900000E+00   3.645940094900000E+00   0.000000000000000E+00  -9.996130272900000E-01   0.000000000000000E+00   0.000000000000000E+00   0.000000000000000E+00
   2.577618169200000E-01   3.720471442700000E+00   3.720471442700000E+00   0.000000000000000E+00  -9.996130272900000E-01   0.000000000000000E+00   0.000000000000000E+00   0.000000000000000E+00
   2.629255000500000E-01   3.795002790500000E+00   3.795002790500000E+00   0.000000000000000E+00  -9.996130272900000E-01   0.000000000000000E+00   0.000000000000000E+00   0.000000000000000E+00
   2.680891831800000E-01   3.869534138300000E+00   3.869534138300000E+00   0.000000000000000E+00  -9.996130272900000E-01   0.000000000000000E+00   0.000000000000000E+00   0.000000000000000E+00
   2.732528663100000E-01   3.944065486100000E+00   3.944065486100000E+00   0.000000000000000E+00  -9.996130272900000E-01   0.000000000000000E+00   0.000000000000000E+00   0.000000000000000E+00
   2.782404844700000E-01   4.016055554800000E+00   4.016055554800000E+00   0.000000000000000E+00  -9.996130272900000E-01   0.000000000000000E+00   0.000000000000000E+00   0.000000000000000E+00
   2.832281026200000E-01   4.088045623600000E+00   4.088045623600000E+00   0.000000000000000E+00  -9.996130272900000E-01   0.000000000000000E+00   0.000000000000000E+00   0.000000000000000E+00
   2.882157207800000E-01   4.160035692300000E+00   4.160035692300000E+00   0.000000000000000E+00  -9.996130272900000E-01   0.000000000000000E+00   0.000000000000000E+00   0.000000000000000E+00
   2.932033389400000E-01   4.232025761000000E+00   4.232025761000000E+00   0.000000000000000E+00  -9.996130272900000E-01   0.000000000000000E+00   0.000000000000000E+00   0.000000000000000E+00
   2.976935480800000E-01   4.296836349000000E+00   4.296836349000000E+00   0.000000000000000E+00  -9.996130272900000E-01   0.000000000000000E+00   0.000000000000000E+00   0.000000000000000E+00
   3.021837572300000E-01   4.361646936900000E+00   4.361646936900000E+00   0.000000000000000E+00  -9.996130272900000E-01   0.000000000000000E+00   0.000000000000000E+00   0.000000000000000E+00
   3.066739663700000E-01   4.426457524800000E+00   4.426457524800000E+00   0.000000000000000E+00  -9.996130272900000E-01   0.000000000000000E+00   0.000000000000000E+00   0.000000000000000E+00
   3.111641755200000E-01   4.491268112700000E+00   4.491268112700000E+00   0.000000000000000E+00  -9.996130272900000E-01   0.000000000000000E+00   0.000000000000000E+00   0.000000000000000E+00
   3.160805402700000E-01   4.562229727100000E+00   4.562229727100000E+00   0.000000000000000E+00  -9.996130272900000E-01   0.000000000000000E+00   0.000000000000000E+00   0.000000000000000E+00
   3.209969050100000E-01   4.633191341400000E+00   4.633191341400000E+00   0.000000000000000E+00  -9.996130272900000E-01   0.000000000000000E+00   0.000000000000000E+00   0.000000000000000E+00
   3.259132697600000E-01   4.704152955800000E+00   4.704152955800000E+00   0.000000000000000E+00  -9.996130272900000E-01   0.000000000000000E+00   0.000000000000000E+00   0.000000000000000E+00
   3.308296345100000E-01   4.775114570100000E+00   4.775114570100000E+00   0.000000000000000E+00  -9.996130272900000E-01   0.000000000000000E+00   0.000000000000000E+00   0.000000000000000E+00
   3.362605552300000E-01   4.853503160400000E+00   4.853503160400000E+00   0.000000000000000E+00  -9.996130272900000E-01   0.000000000000000E+00   0.000000000000000E+00   0.000000000000000E+00
   3.416914759500000E-01   4.931891750600000E+00   4.931891750600000E+00   0.000000000000000E+00  -9.996130272900000E-01   0.000000000000000E+00   0.000000000000000E+00   0.000000000000000E+00
   3.471223966700000E-01   5.010280340900000E+00   5.010280340900000E+00   0.000000000000000E+00  -9.996130272900000E-01   0.000000000000000E+00   0.000000000000000E+00   0.000000000000000E+00
   3.525533174000000E-01   5.088668931200000E+00   5.088668931200000E+00   0.000000000000000E+00  -9.996130272900000E-01   0.000000000000000E+00   0.000000000000000E+00   0.000000000000000E+00
   3.574870274100000E-01   5.159880902900000E+00   5.159880902900000E+00   0.000000000000000E+00  -9.996130272900000E-01   0.000000000000000E+00   0.000000000000000E+00   0.000000000000000E+00
   3.624207374300000E-01   5.231092874700000E+00   5.231092874700000E+00   0.000000000000000E+00  -9.996130272900000E-01   0.000000000000000E+00   0.000000000000000E+00   0.000000000000000E+00
   3.673544474500000E-01   5.302304846500000E+00   5.302304846500000E+00   0.000000000000000E+00  -9.996130272900000E-01   0.000000000000000E+00   0.000000000000000E+00   0.000000000000000E+00
   3.722881574700000E-01   5.373516818200000E+00   5.373516818200000E+00   0.000000000000000E+00  -9.996130272900000E-01   0.000000000000000E+00   0.000000000000000E+00   0.000000000000000E+00
   3.758979675800000E-01   5.425619940400000E+00   5.425619940400000E+00   0.000000000000000E+00  -9.996130272900000E-01   0.000000000000000E+00   0.000000000000000E+00   0.000000000000000E+00
   3.795077776900000E-01   5.477723062500000E+00   5.477723062500000E+00   0.000000000000000E+00  -9.996130272900000E-01   0.000000000000000E+00   0.000000000000000E+00   0.000000000000000E+00
   3.831175878000000E-01   5.529826184700000E+00   5.529826184700000E+00   0.000000000000000E+00  -9.996130272900000E-01   0.000000000000000E+00   0.000000000000000E+00   0.000000000000000E+00
   3.867273979100000E-01   5.581929306800000E+00   5.581929306800000E+00   0.000000000000000E+00  -9.996130272900000E-01   0.000000000000000E+00   0.000000000000000E+00   0.000000000000000E+00
   3.902550518300000E-01   5.632846606400000E+00   5.632846606400000E+00   0.000000000000000E+00  -9.996130272900000E-01   0.000000000000000E+00   0.000000000000000E+00   0.000000000000000E+00
   3.937827057500000E-01   5.683763906000000E+00   5.683763906000000E+00   0.000000000000000E+00  -9.996130272900000E-01   0.000000000000000E+00   0.000000000000000E+00   0.000000000000000E+00
   3.973103596600000E-01   5.734681205600000E+00   5.734681205600000E+00   0.000000000000000E+00  -9.996130272900000E-01   0.000000000000000E+00   0.000000000000000E+00   0.000000000000000E+00
   4.008380135800000E-01   5.785598505200000E+00   5.785598505200000E+00   0.000000000000000E+00  -9.996130272900000E-01   0.000000000000000E+00   0.000000000000000E+00   0.000000000000000E+00
   4.044289273000000E-01   5.837428881400000E+00   5.837428881400000E+00   0.000000000000000E+00  -9.996130272900000E-01   0.000000000000000E+00   0.000000000000000E+00   0.000000000000000E+00
   4.080198410100000E-01   5.889259257600000E+00   5.889259257600000E+00   0.000000000000000E+00  -9.996130272900000E-01   0.000000000000000E+00   0.000000000000000E+00   0.000000000000000E+00
   4.116107547300000E-01   5.941089633800000E+00   5.941089633800000E+00   0.000000000000000E+00  -9.996130272900000E-01   0.000000000000000E+00   0.000000000000000E+00   0.000000000000000E+00
   4.152016684500000E-01   5.992920010000000E+00   5.992920010000000E+00   0.000000000000000E+00  -9.996130272900000E-01   0.000000000000000E+00   0.000000000000000E+00   0.000000000000000E+00
   4.184269157500000E-01   6.039472445900000E+00   6.039472445900000E+00   0.000000000000000E+00  -9.996130272900000E-01   0.000000000000000E+00   0.000000000000000E+00   0.000000000000000E+00
   4.216521630400000E-01   6.086024881800000E+00   6.086024881800000E+00   0.000000000000000E+00  -9.996130272900000E-01   0.000000000000000E+00   0.000000000000000E+00   0.000000000000000E+00
   4.248774103400000E-01   6.132577317700000E+00   6.132577317700000E+00   0.000000000000000E+00  -9.996130272900000E-01   0.000000000000000E+00   0.000000000000000E+00   0.000000000000000E+00
   4.281026576300000E-01   6.179129753500000E+00   6.179129753500000E+00   0.000000000000000E+00  -9.996130272900000E-01   0.000000000000000E+00   0.000000000000000E+00   0.000000000000000E+00
   4.312747064100000E-01   6.224914335000000E+00   6.224914335000000E+00   0.000000000000000E+00  -9.996130272900000E-01   0.000000000000000E+00   0.000000000000000E+00   0.000000000000000E+00
   4.344467551800000E-01   6.270698916400000E+00   6.270698916400000E+00   0.000000000000000E+00  -9.996130272900000E-01   0.000000000000000E+00   0.000000000000000E+00   0.000000000000000E+00
   4.376188039600000E-01   6.316483497800000E+00   6.316483497800000E+00   0.000000000000000E+00  -9.996130272900000E-01   0.000000000000000E+00   0.000000000000000E+00   0.000000000000000E+00
   4.407908527400000E-01   6.362268079200000E+00   6.362268079200000E+00   0.000000000000000E+00  -9.996130272900000E-01   0.000000000000000E+00   0.000000000000000E+00   0.000000000000000E+00
   4.445868197900000E-01   6.417058145300000E+00   6.417058145300000E+00   0.000000000000000E+00  -9.996130272900000E-01   0.000000000000000E+00   0.000000000000000E+00   0.000000000000000E+00
   4.483827868400000E-01   6.471848211500000E+00   6.471848211500000E+00   0.000000000000000E+00  -9.996130272900000E-01   0.000000000000000E+00   0.000000000000000E+00   0.000000000000000E+00
   4.521787538900000E-01   6.526638277700000E+00   6.526638277700000E+00   0.000000000000000E+00  -9.996130272900000E-01   0.000000000000000E+00   0.000000000000000E+00   0.000000000000000E+00
   4.559747209300000E-01   6.581428343800000E+00   6.581428343800000E+00   0.000000000000000E+00  -9.996130272900000E-01   0.000000000000000E+00   0.000000000000000E+00   0.000000000000000E+00
   4.597175395600000E-01   6.635451278500000E+00   6.635451278500000E+00   0.000000000000000E+00  -9.996130272900000E-01   0.000000000000000E+00   0.000000000000000E+00   0.000000000000000E+00
   4.634603581800000E-01   6.689474213300000E+00   6.689474213300000E+00   0.000000000000000E+00  -9.996130272900000E-01   0.000000000000000E+00   0.000000000000000E+00   0.000000000000000E+00
   4.672031768100000E-01   6.743497148000000E+00   6.743497148000000E+00   0.000000000000000E+00  -9.996130272900000E-01   0.000000000000000E+00   0.000000000000000E+00   0.000000000000000E+00
   4.709459954300000E-01   6.797520082700000E+00   6.797520082700000E+00   0.000000000000000E+00  -9.996130272900000E-01   0.000000000000000E+00   0.000000000000000E+00   0.000000000000000E+00
   4.739075883500000E-01   6.840266995300000E+00   6.840266995300000E+00   0.000000000000000E+00  -9.996130272900000E-01   0.000000000000000E+00   0.000000000000000E+00   0.000000000000000E+00
   4.768691812600000E-01   6.883013907900000E+00   6.883013907900000E+00   0.000000000000000E+00  -9.996130272900000E-01   0.000000000000000E+00   0.000000000000000E+00   0.000000000000000E+00
   4.798307741700000E-01   6.925760820500000E+00   6.925760820500000E+00   0.000000000000000E+00  -9.996130272900000E-01   0.000000000000000E+00   0.000000000000000E+00   0.000000000000000E+00
   4.827923670900000E-01   6.968507733100000E+00   6.968507733100000E+00   0.000000000000000E+00  -9.996130272900000E-01   0.000000000000000E+00   0.000000000000000E+00   0.000000000000000E+00
   4.863845316800000E-01   7.020356164100000E+00   7.020356164100000E+00   0.000000000000000E+00  -9.996130272900000E-01   0.000000000000000E+00   0.000000000000000E+00   0.000000000000000E+00
   4.899766962700000E-01   7.072204595200000E+00   7.072204595200000E+00   0.000000000000000E+00  -9.996130272900000E-01   0.000000000000000E+00   0.000000000000000E+00   0.000000000000000E+00
   4.935688608700000E-01   7.124053026200000E+00   7.124053026200000E+00   0.000000000000000E+00  -9.996130272900000E-01   0.000000000000000E+00   0.000000000000000E+00   0.000000000000000E+00
   4.971610254600000E-01   7.175901457300000E+00   7.175901457300000E+00   0.000000000000000E+00  -9.996130272900000E-01   0.000000000000000E+00   0.000000000000000E+00   0.000000000000000E+00
   5.015323998000000E-01   7.238996812400000E+00   7.238996812400000E+00   0.000000000000000E+00  -9.996130272900000E-01   0.000000000000000E+00   0.000000000000000E+00   0.000000000000000E+00
   5.059037741400000E-01   7.302092167600000E+00   7.302092167600000E+00   0.000000000000000E+00  -9.996130272900000E-01   0.000000000000000E+00   0.000000000000000E+00   0.000000000000000E+00
   5.102751484800000E-01   7.365187522800000E+00   7.365187522800000E+00   0.000000000000000E+00  -9.996130272900000E-01   0.000000000000000E+00   0.000000000000000E+00   0.000000000000000E+00
   5.146465228200000E-01   7.428282878000000E+00   7.428282878000000E+00   0.000000000000000E+00  -9.996130272900000E-01   0.000000000000000E+00   0.000000000000000E+00   0.000000000000000E+00
   5.193636602200000E-01   7.496368893200000E+00   7.496368893200000E+00   0.000000000000000E+00  -9.996130272900000E-01   0.000000000000000E+00   0.000000000000000E+00   0.000000000000000E+00
   5.240807976200000E-01   7.564454908500000E+00   7.564454908500000E+00   0.000000000000000E+00  -9.996130272900000E-01   0.000000000000000E+00   0.000000000000000E+00   0.000000000000000E+00
   5.287979350200001E-01   7.632540923700000E+00   7.632540923700000E+00   0.000000000000000E+00  -9.996130272900000E-01   0.000000000000000E+00   0.000000000000000E+00   0.000000000000000E+00
   5.335150724300000E-01   7.700626939000000E+00   7.700626939000000E+00   0.000000000000000E+00  -9.996130272900000E-01   0.000000000000000E+00   0.000000000000000E+00   0.000000000000000E+00
   5.365734169300000E-01   7.744770340600000E+00   7.744770340600000E+00   0.000000000000000E+00  -9.996130272900000E-01   0.000000000000000E+00   0.000000000000000E+00   0.000000000000000E+00
   5.396317614400000E-01   7.788913742200000E+00   7.788913742200000E+00   0.000000000000000E+00  -9.996130272900000E-01   0.000000000000000E+00   0.000000000000000E+00   0.000000000000000E+00
   5.426901059500000E-01   7.833057143800000E+00   7.833057143800000E+00   0.000000000000000E+00  -9.996130272900000E-01   0.000000000000000E+00   0.000000000000000E+00   0.000000000000000E+00
   5.457484504600000E-01   7.877200545400000E+00   7.877200545400000E+00   0.000000000000000E+00  -9.996130272900000E-01   0.000000000000000E+00   0.000000000000000E+00   0.000000000000000E+00
   5.489437916900000E-01   7.923321324500000E+00   7.923321324500000E+00   0.000000000000000E+00  -9.996130272900000E-01   0.000000000000000E+00   0.000000000000000E+00   0.000000000000000E+00
   5.521391329300001E-01   7.969442103500000E+00   7.969442103500000E+00   0.000000000000000E+00  -9.996130272900000E-01   0.000000000000000E+00   0.000000000000000E+00   0.000000000000000E+00
   5.553344741600000E-01   8.015562882599999E+00   8.015562882599999E+00   0.000000000000000E+00  -9.996130272900000E-01   0.000000000000000E+00   0.000000000000000E+00   0.000000000000000E+00
   5.585298153900000E-01   8.061683661700000E+00   8.061683661700000E+00   0.000000000000000E+00  -9.996130272900000E-01   0.000000000000000E+00   0.000000000000000E+00   0.000000000000000E+00
   5.613613560200000E-01   8.102553431100000E+00   8.102553431100000E+00   0.000000000000000E+00  -9.996130272900000E-01   0.000000000000000E+00   0.000000000000000E+00   0.000000000000000E+00
   5.641928966400001E-01   8.143423200599999E+00   8.143423200599999E+00   0.000000000000000E+00  -9.996130272900000E-01   0.000000000000000E+00   0.000000000000000E+00   0.000000000000000E+00
   5.670244372600000E-01   8.184292970000000E+00   8.184292970000000E+00   0.000000000000000E+00  -9.996130272900000E-01   0.000000000000000E+00   0.000000000000000E+00   0.000000000000000E+00
   5.698559778900000E-01   8.225162739400000E+00   8.225162739400000E+00   0.000000000000000E+00  -9.996130272900000E-01   0.000000000000000E+00   0.000000000000000E+00   0.000000000000000E+00
   5.725992535500000E-01   8.264758513900000E+00   8.264758513900000E+00   0.000000000000000E+00  -9.996130272900000E-01   0.000000000000000E+00   0.000000000000000E+00   0.000000000000000E+00
   5.753425292200000E-01   8.304354288400001E+00   8.304354288400001E+00   0.000000000000000E+00  -9.996130272900000E-01   0.000000000000000E+00   0.000000000000000E+00   0.000000000000000E+00
   5.780858048900001E-01   8.343950062899999E+00   8.343950062899999E+00   0.000000000000000E+00  -9.996130272900000E-01   0.000000000000000E+00   0.000000000000000E+00   0.000000000000000E+00
   5.808290805500000E-01   8.383545837400000E+00   8.383545837400000E+00   0.000000000000000E+00  -9.996130272900000E-01   0.000000000000000E+00   0.000000000000000E+00   0.000000000000000E+00
   5.835409893800000E-01   8.422688870600000E+00   8.422688870600000E+00   0.000000000000000E+00  -9.996130272900000E-01   0.000000000000000E+00   0.000000000000000E+00   0.000000000000000E+00
   5.862528982200000E-01   8.461831903900000E+00   8.461831903900000E+00   0.000000000000000E+00  -9.996130272900000E-01   0.000000000000000E+00   0.000000000000000E+00   0.000000000000000E+00
   5.889648070500000E-01   8.500974937100001E+00   8.500974937100001E+00   0.000000000000000E+00  -9.996130272900000E-01   0.000000000000000E+00   0.000000000000000E+00   0.000000000000000E+00
   5.916767158800000E-01   8.540117970300001E+00   8.540117970300001E+00   0.000000000000000E+00  -9.996130272900000E-01   0.000000000000000E+00   0.000000000000000E+00   0.000000000000000E+00
   5.942829407600000E-01   8.577735587099999E+00   8.577735587099999E+00   0.000000000000000E+00  -9.996130272900000E-01   0.000000000000000E+00   0.000000000000000E+00   0.000000000000000E+00
   5.968891656500001E-01   8.615353204000000E+00   8.615353204000000E+00   0.000000000000000E+00  -9.996130272900000E-01   0.000000000000000E+00   0.000000000000000E+00   0.000000000000000E+00
   5.994953905400000E-01   8.652970820800000E+00   8.652970820800000E+00   0.000000000000000E+00  -9.996130272900000E-01   0.000000000000000E+00   0.000000000000000E+00   0.000000000000000E+00
   6.021016154200000E-01   8.690588437600001E+00   8.690588437600001E+00   0.000000000000000E+00  -9.996130272900000E-01   0.000000000000000E+00   0.000000000000000E+00   0.000000000000000E+00
   6.044479070700000E-01   8.724454241200000E+00   8.724454241200000E+00   0.000000000000000E+00  -9.996130272900000E-01   0.000000000000000E+00   0.000000000000000E+00   0.000000000000000E+00
   6.067941987100000E-01   8.758320044700000E+00   8.758320044700000E+00   0.000000000000000E+00  -9.996130272900000E-01   0.000000000000000E+00   0.000000000000000E+00   0.000000000000000E+00
   6.091404903500000E-01   8.792185848300001E+00   8.792185848300001E+00   0.000000000000000E+00  -9.996130272900000E-01   0.000000000000000E+00   0.000000000000000E+00   0.000000000000000E+00
   6.114867820000000E-01   8.826051651800000E+00   8.826051651800000E+00   0.000000000000000E+00  -9.996130272900000E-01   0.000000000000000E+00   0.000000000000000E+00   0.000000000000000E+00
   6.140252341400000E-01   8.862691053400001E+00   8.862691053400001E+00   0.000000000000000E+00  -9.996130272900000E-01   0.000000000000000E+00   0.000000000000000E+00   0.000000000000000E+00
   6.165636862900000E-01   8.899330454999999E+00   8.899330454999999E+00   0.000000000000000E+00  -9.996130272900000E-01   0.000000000000000E+00   0.000000000000000E+00   0.000000000000000E+00
   6.191021384399999E-01   8.935969856600000E+00   8.935969856600000E+00   0.000000000000000E+00  -9.996130272900000E-01   0.000000000000000E+00   0.000000000000000E+00   0.000000000000000E+00
   6.216405905800000E-01   8.972609258100000E+00   8.972609258100000E+00   0.000000000000000E+00  -9.996130272900000E-01   0.000000000000000E+00   0.000000000000000E+00   0.000000000000000E+00
   6.256922243100000E-01   9.031089554999999E+00   9.031089554999999E+00   0.000000000000000E+00  -9.996130272900000E-01   0.000000000000000E+00   0.000000000000000E+00   0.000000000000000E+00
   6.297438580400000E-01   9.089569851900000E+00   9.089569851900000E+00   0.000000000000000E+00  -9.996130272900000E-01   0.000000000000000E+00   0.000000000000000E+00   0.000000000000000E+00
   6.337954917700001E-01   9.148050148799999E+00   9.148050148799999E+00   0.000000000000000E+00  -9.996130272900000E-01   0.000000000000000E+00   0.000000000000000E+00   0.000000000000000E+00
   6.378471255000000E-01   9.206530445700000E+00   9.206530445700000E+00   0.000000000000000E+00  -9.996130272900000E-01   0.000000000000000E+00   0.000000000000000E+00   0.000000000000000E+00
   6.406540617699999E-01   9.247045082000000E+00   9.247045082000000E+00   0.000000000000000E+00  -9.996130272900000E-01   0.000000000000000E+00   0.000000000000000E+00   0.000000000000000E+00
   6.434609980500000E-01   9.287559718300001E+00   9.287559718300001E+00   0.000000000000000E+00  -9.996130272900000E-01   0.000000000000000E+00   0.000000000000000E+00   0.000000000000000E+00
   6.462679343300000E-01   9.328074354600000E+00   9.328074354600000E+00   0.000000000000000E+00  -9.996130272900000E-01   0.000000000000000E+00   0.000000000000000E+00   0.000000000000000E+00
   6.490748706100000E-01   9.368588990899999E+00   9.368588990899999E+00   0.000000000000000E+00  -9.996130272900000E-01   0.000000000000000E+00   0.000000000000000E+00   0.000000000000000E+00
   6.518903799500000E-01   9.409227368800000E+00   9.409227368800000E+00   0.000000000000000E+00  -9.996130272900000E-01   0.000000000000000E+00   0.000000000000000E+00   0.000000000000000E+00
   6.547058893000000E-01   9.449865746600000E+00   9.449865746600000E+00   0.000000000000000E+00  -9.996130272900000E-01   0.000000000000000E+00   0.000000000000000E+00   0.000000000000000E+00
   6.575213986400000E-01   9.490504124499999E+00   9.490504124499999E+00   0.000000000000000E+00  -9.996130272900000E-01   0.000000000000000E+00   0.000000000000000E+00   0.000000000000000E+00
   6.603369079900000E-01   9.531142502400000E+00   9.531142502400000E+00   0.000000000000000E+00  -9.996130272900000E-01   0.000000000000000E+00   0.000000000000000E+00   0.000000000000000E+00
   6.630326304200000E-01   9.570051905100000E+00   9.570051905100000E+00   0.000000000000000E+00  -9.996130272900000E-01   0.000000000000000E+00   0.000000000000000E+00   0.000000000000000E+00
   6.657283528600000E-01   9.608961307800000E+00   9.608961307800000E+00   0.000000000000000E+00  -9.996130272900000E-01   0.000000000000000E+00   0.000000000000000E+00   0.000000000000000E+00
   6.684240753000000E-01   9.647870710499999E+00   9.647870710499999E+00   0.000000000000000E+00  -9.996130272900000E-01   0.000000000000000E+00   0.000000000000000E+00   0.000000000000000E+00
   6.711197977300000E-01   9.686780113199999E+00   9.686780113199999E+00   0.000000000000000E+00  -9.996130272900000E-01   0.000000000000000E+00   0.000000000000000E+00   0.000000000000000E+00
   6.740687226500000E-01   9.729344179200000E+00   9.729344179200000E+00   0.000000000000000E+00  -9.996130272900000E-01   0.000000000000000E+00   0.000000000000000E+00   0.000000000000000E+00
   6.770176475800000E-01   9.771908245100001E+00   9.771908245100001E+00   0.000000000000000E+00  -9.996130272900000E-01   0.000000000000000E+00   0.000000000000000E+00   0.000000000000000E+00
   6.799665725000000E-01   9.814472310999999E+00   9.814472310999999E+00   0.000000000000000E+00  -9.996130272900000E-01   0.000000000000000E+00   0.000000000000000E+00   0.000000000000000E+00
   6.829154974300000E-01   9.857036376900000E+00   9.857036376900000E+00   0.000000000000000E+00  -9.996130272900000E-01   0.000000000000000E+00   0.000000000000000E+00   0.000000000000000E+00
   6.851775569400000E-01   9.889686394400000E+00   9.889686394400000E+00   0.000000000000000E+00  -9.996130272900000E-01   0.000000000000000E+00   0.000000000000000E+00   0.000000000000000E+00
   6.874396164600000E-01   9.922336411900000E+00   9.922336411900000E+00   0.000000000000000E+00  -9.996130272900000E-01   0.000000000000000E+00   0.000000000000000E+00   0.000000000000000E+00
   6.897016759800000E-01   9.954986429400000E+00   9.954986429400000E+00   0.000000000000000E+00  -9.996130272900000E-01   0.000000000000000E+00   0.000000000000000E+00   0.000000000000000E+00
   6.919637354900000E-01   9.987636446900000E+00   9.987636446900000E+00   0.000000000000000E+00  -9.996130272900000E-01   0.000000000000000E+00   0.000000000000000E+00   0.000000000000000E+00
   6.944343992499999E-01   1.002329740700000E+01   1.002329740700000E+01   0.000000000000000E+00  -9.996130272900000E-01   0.000000000000000E+00   0.000000000000000E+00   0.000000000000000E+00
   6.969050630100000E-01   1.005895836800000E+01   1.005895836800000E+01   0.000000000000000E+00  -9.996130272900000E-01   0.000000000000000E+00   0.000000000000000E+00   0.000000000000000E+00
   6.993757267700000E-01   1.009461932800000E+01   1.009461932800000E+01   0.000000000000000E+00  -9.996130272900000E-01   0.000000000000000E+00   0.000000000000000E+00   0.000000000000000E+00
   7.018463905200000E-01   1.013028028900000E+01   1.013028028900000E+01   0.000000000000000E+00  -9.996130272900000E-01   0.000000000000000E+00   0.000000000000000E+00   0.000000000000000E+00
   7.041120278900000E-01   1.016298194800000E+01   1.016298194800000E+01   0.000000000000000E+00  -9.996130272900000E-01   0.000000000000000E+00   0.000000000000000E+00   0.000000000000000E+00
   7.063776652500000E-01   1.019568360700000E+01   1.019568360700000E+01   0.000000000000000E+00  -9.996130272900000E-01   0.000000000000000E+00   0.000000000000000E+00   0.000000000000000E+00
   7.086433026200000E-01   1.022838526700000E+01   1.022838526700000E+01   0.000000000000000E+00  -9.996130272900000E-01   0.000000000000000E+00   0.000000000000000E+00   0.000000000000000E+00
   7.109089399800000E-01   1.026108692600000E+01   1.026108692600000E+01   0.000000000000000E+00  -9.996130272900000E-01   0.000000000000000E+00   0.000000000000000E+00   0.000000000000000E+00
   7.136592423200000E-01   1.030078412200000E+01   1.030078412200000E+01   0.000000000000000E+00  -9.996130272900000E-01   0.000000000000000E+00   0.000000000000000E+00   0.000000000000000E+00
   7.164095446600000E-01   1.034048131700000E+01   1.034048131700000E+01   0.000000000000000E+00  -9.996130272900000E-01   0.000000000000000E+00   0.000000000000000E+00   0.000000000000000E+00
   7.191598470000000E-01   1.038017851300000E+01   1.038017851300000E+01   0.000000000000000E+00  -9.996130272900000E-01   0.000000000000000E+00   0.000000000000000E+00   0.000000000000000E+00
   7.219101493400000E-01   1.041987570900000E+01   1.041987570900000E+01   0.000000000000000E+00  -9.996130272900000E-01   0.000000000000000E+00   0.000000000000000E+00   0.000000000000000E+00
   7.249453181200000E-01   1.046368459800000E+01   1.046368459800000E+01   0.000000000000000E+00  -9.996130272900000E-01   0.000000000000000E+00   0.000000000000000E+00   0.000000000000000E+00
   7.279804869099999E-01   1.050749348700000E+01   1.050749348700000E+01   0.000000000000000E+00  -9.996130272900000E-01   0.000000000000000E+00   0.000000000000000E+00   0.000000000000000E+00
   7.310156557000000E-01   1.055130237600000E+01   1.055130237600000E+01   0.000000000000000E+00  -9.996130272900000E-01   0.000000000000000E+00   0.000000000000000E+00   0.000000000000000E+00
   7.340508244900000E-01   1.059511126400000E+01   1.059511126400000E+01   0.000000000000000E+00  -9.996130272900000E-01   0.000000000000000E+00   0.000000000000000E+00   0.000000000000000E+00
   7.365001430500000E-01   1.063046413400000E+01   1.063046413400000E+01   0.000000000000000E+00  -9.996130272900000E-01   0.000000000000000E+00   0.000000000000000E+00   0.000000000000000E+00
   7.389494616200000E-01   1.066581700300000E+01   1.066581700300000E+01   0.000000000000000E+00  -9.996130272900000E-01   0.000000000000000E+00   0.000000000000000E+00   0.000000000000000E+00
   7.413987801800000E-01   1.070116987200000E+01   1.070116987200000E+01   0.000000000000000E+00  -9.996130272900000E-01   0.000000000000000E+00   0.000000000000000E+00   0.000000000000000E+00
   7.438480987500000E-01   1.073652274100000E+01   1.073652274100000E+01   0.000000000000000E+00  -9.996130272900000E-01   0.000000000000000E+00   0.000000000000000E+00   0.000000000000000E+00
   7.466963658400000E-01   1.077763393600000E+01   1.077763393600000E+01   0.000000000000000E+00  -9.996130272900000E-01   0.000000000000000E+00   0.000000000000000E+00   0.000000000000000E+00
   7.495446329400000E-01   1.081874513100000E+01   1.081874513100000E+01   0.000000000000000E+00  -9.996130272900000E-01   0.000000000000000E+00   0.000000000000000E+00   0.000000000000000E+00
   7.523929000300000E-01   1.085985632700000E+01   1.085985632700000E+01   0.000000000000000E+00  -9.996130272900000E-01   0.000000000000000E+00   0.000000000000000E+00   0.000000000000000E+00
   7.552411671300000E-01   1.090096752200000E+01   1.090096752200000E+01   0.000000000000000E+00  -9.996130272900000E-01   0.000000000000000E+00   0.000000000000000E+00   0.000000000000000E+00
   7.577623542400000E-01   1.093735772400000E+01   1.093735772400000E+01   0.000000000000000E+00  -9.996130272900000E-01   0.000000000000000E+00   0.000000000000000E+00   0.000000000000000E+00
   7.602835413400000E-01   1.097374792600000E+01   1.097374792600000E+01   0.000000000000000E+00  -9.996130272900000E-01   0.000000000000000E+00   0.000000000000000E+00   0.000000000000000E+00
   7.628047284500000E-01   1.101013812900000E+01   1.101013812900000E+01   0.000000000000000E+00  -9.996130272900000E-01   0.000000000000000E+00   0.000000000000000E+00   0.000000000000000E+00
   7.653259155600000E-01   1.104652833100000E+01   1.104652833100000E+01   0.000000000000000E+00  -9.996130272900000E-01   0.000000000000000E+00   0.000000000000000E+00   0.000000000000000E+00
   7.677742202700000E-01   1.108186656600000E+01   1.108186656600000E+01   0.000000000000000E+00  -9.996130272900000E-01   0.000000000000000E+00   0.000000000000000E+00   0.000000000000000E+00
   7.702225249800000E-01   1.111720480200000E+01   1.111720480200000E+01   0.000000000000000E+00  -9.996130272900000E-01   0.000000000000000E+00   0.000000000000000E+00   0.000000000000000E+00
   7.726708296900000E-01   1.115254303700000E+01   1.115254303700000E+01   0.000000000000000E+00  -9.996130272900000E-01   0.000000000000000E+00   0.000000000000000E+00   0.000000000000000E+00
   7.751191344100000E-01   1.118788127200000E+01   1.118788127200000E+01   0.000000000000000E+00  -9.996130272900000E-01   0.000000000000000E+00   0.000000000000000E+00   0.000000000000000E+00
   7.777541521900000E-01   1.122591447900000E+01   1.122591447900000E+01   0.000000000000000E+00  -9.996130272900000E-01   0.000000000000000E+00   0.000000000000000E+00   0.000000000000000E+00
   7.803891699700000E-01   1.126394768500000E+01   1.126394768500000E+01   0.000000000000000E+00  -9.996130272900000E-01   0.000000000000000E+00   0.000000000000000E+00   0.000000000000000E+00
   7.830241877500000E-01   1.130198089200000E+01   1.130198089200000E+01   0.000000000000000E+00  -9.996130272900000E-01   0.000000000000000E+00   0.000000000000000E+00   0.000000000000000E+00
   7.856592055300000E-01   1.134001409800000E+01   1.134001409800000E+01   0.000000000000000E+00  -9.996130272900000E-01   0.000000000000000E+00   0.000000000000000E+00   0.000000000000000E+00
   7.879502623700000E-01   1.137308265600000E+01   1.137308265600000E+01   0.000000000000000E+00  -9.996130272900000E-01   0.000000000000000E+00   0.000000000000000E+00   0.000000000000000E+00
   7.902413192100000E-01   1.140615121400000E+01   1.140615121400000E+01   0.000000000000000E+00  -9.996130272900000E-01   0.000000000000000E+00   0.000000000000000E+00   0.000000000000000E+00
   7.925323760400000E-01   1.143921977200000E+01   1.143921977200000E+01   0.000000000000000E+00  -9.996130272900000E-01   0.000000000000000E+00   0.000000000000000E+00   0.000000000000000E+00
   7.948234328800000E-01   1.147228832900000E+01   1.147228832900000E+01   0.000000000000000E+00  -9.996130272900000E-01   0.000000000000000E+00   0.000000000000000E+00   0.000000000000000E+00
   7.973714749600000E-01   1.150906615000000E+01   1.150906615000000E+01   0.000000000000000E+00  -9.996130272900000E-01   0.000000000000000E+00   0.000000000000000E+00   0.000000000000000E+00
   7.999195170300000E-01   1.154584397000000E+01   1.154584397000000E+01   0.000000000000000E+00  -9.996130272900000E-01   0.000000000000000E+00   0.000000000000000E+00   0.000000000000000E+00
   8.024675591100000E-01   1.158262179000000E+01   1.158262179000000E+01   0.000000000000000E+00  -9.996130272900000E-01   0.000000000000000E+00   0.000000000000000E+00   0.000000000000000E+00
   8.050156011800000E-01   1.161939961100000E+01   1.161939961100000E+01   0.000000000000000E+00  -9.996130272900000E-01   0.000000000000000E+00   0.000000000000000E+00   0.000000000000000E+00
   8.073853721900000E-01   1.165360431000000E+01   1.165360431000000E+01   0.000000000000000E+00  -9.996130272900000E-01   0.000000000000000E+00   0.000000000000000E+00   0.000000000000000E+00
   8.097551432000000E-01   1.168780900900000E+01   1.168780900900000E+01   0.000000000000000E+00  -9.996130272900000E-01   0.000000000000000E+00   0.000000000000000E+00   0.000000000000000E+00
   8.121249142100000E-01   1.172201370800000E+01   1.172201370800000E+01   0.000000000000000E+00  -9.996130272900000E-01   0.000000000000000E+00   0.000000000000000E+00   0.000000000000000E+00
   8.144946852200000E-01   1.175621840700000E+01   1.175621840700000E+01   0.000000000000000E+00  -9.996130272900000E-01   0.000000000000000E+00   0.000000000000000E+00   0.000000000000000E+00
   8.164834087900000E-01   1.178492316000000E+01   1.178492316000000E+01   0.000000000000000E+00  -9.996130272900000E-01   0.000000000000000E+00   0.000000000000000E+00   0.000000000000000E+00
   8.184721323700000E-01   1.181362791200000E+01   1.181362791200000E+01   0.000000000000000E+00  -9.996130272900000E-01   0.000000000000000E+00   0.000000000000000E+00   0.000000000000000E+00
   8.204608559400000E-01   1.184233266500000E+01   1.184233266500000E+01   0.000000000000000E+00  -9.996130272900000E-01   0.000000000000000E+00   0.000000000000000E+00   0.000000000000000E+00
   8.224495795200000E-01   1.187103741800000E+01   1.187103741800000E+01   0.000000000000000E+00  -9.996130272900000E-01   0.000000000000000E+00   0.000000000000000E+00   0.000000000000000E+00
   8.242519915500000E-01   1.189705299600000E+01   1.189705299600000E+01   0.000000000000000E+00  -9.996130272900000E-01   0.000000000000000E+00   0.000000000000000E+00   0.000000000000000E+00
   8.260544035800000E-01   1.192306857300000E+01   1.192306857300000E+01   0.000000000000000E+00  -9.996130272900000E-01   0.000000000000000E+00   0.000000000000000E+00   0.000000000000000E+00
   8.278568156000000E-01   1.194908415000000E+01   1.194908415000000E+01   0.000000000000000E+00  -9.996130272900000E-01   0.000000000000000E+00   0.000000000000000E+00   0.000000000000000E+00
   8.296592276300000E-01   1.197509972800000E+01   1.197509972800000E+01   0.000000000000000E+00  -9.996130272900000E-01   0.000000000000000E+00   0.000000000000000E+00   0.000000000000000E+00
   8.316415132900000E-01   1.200371155700000E+01   1.200371155700000E+01   0.000000000000000E+00  -9.996130272900000E-01   0.000000000000000E+00   0.000000000000000E+00   0.000000000000000E+00
   8.336237989600001E-01   1.203232338700000E+01   1.203232338700000E+01   0.000000000000000E+00  -9.996130272900000E-01   0.000000000000000E+00   0.000000000000000E+00   0.000000000000000E+00
   8.356060846200000E-01   1.206093521700000E+01   1.206093521700000E+01   0.000000000000000E+00  -9.996130272900000E-01   0.000000000000000E+00   0.000000000000000E+00   0.000000000000000E+00
   8.375883702800000E-01   1.208954704600000E+01   1.208954704600000E+01   0.000000000000000E+00  -9.996130272900000E-01   0.000000000000000E+00   0.000000000000000E+00   0.000000000000000E+00
   8.398419560200000E-01   1.212207475500000E+01   1.212207475500000E+01   0.000000000000000E+00  -9.996130272900000E-01   0.000000000000000E+00   0.000000000000000E+00   0.000000000000000E+00
   8.420955417500000E-01   1.215460246400000E+01   1.215460246400000E+01   0.000000000000000E+00  -9.996130272900000E-01   0.000000000000000E+00   0.000000000000000E+00   0.000000000000000E+00
   8.443491274900000E-01   1.218713017300000E+01   1.218713017300000E+01   0.000000000000000E+00  -9.996130272900000E-01   0.000000000000000E+00   0.000000000000000E+00   0.000000000000000E+00
   8.466027132300000E-01   1.221965788200000E+01   1.221965788200000E+01   0.000000000000000E+00  -9.996130272900000E-01   0.000000000000000E+00   0.000000000000000E+00   0.000000000000000E+00
   8.489494693000000E-01   1.225353038900000E+01   1.225353038900000E+01   0.000000000000000E+00  -9.996130272900000E-01   0.000000000000000E+00   0.000000000000000E+00   0.000000000000000E+00
   8.512962253700000E-01   1.228740289600000E+01   1.228740289600000E+01   0.000000000000000E+00  -9.996130272900000E-01   0.000000000000000E+00   0.000000000000000E+00   0.000000000000000E+00
   8.536429814399999E-01   1.232127540300000E+01   1.232127540300000E+01   0.000000000000000E+00  -9.996130272900000E-01   0.000000000000000E+00   0.000000000000000E+00   0.000000000000000E+00
   8.559897375100000E-01   1.235514791000000E+01   1.235514791000000E+01   0.000000000000000E+00  -9.996130272900000E-01   0.000000000000000E+00   0.000000000000000E+00   0.000000000000000E+00
   8.581311507500000E-01   1.238605654900000E+01   1.238605654900000E+01   0.000000000000000E+00  -9.996130272900000E-01   0.000000000000000E+00   0.000000000000000E+00   0.000000000000000E+00
   8.602725639900000E-01   1.241696518700000E+01   1.241696518700000E+01   0.000000000000000E+00  -9.996130272900000E-01   0.000000000000000E+00   0.000000000000000E+00   0.000000000000000E+00
   8.624139772300000E-01   1.244787382600000E+01   1.244787382600000E+01   0.000000000000000E+00  -9.996130272900000E-01   0.000000000000000E+00   0.000000000000000E+00   0.000000000000000E+00
   8.645553904600000E-01   1.247878246400000E+01   1.247878246400000E+01   0.000000000000000E+00  -9.996130272900000E-01   0.000000000000000E+00   0.000000000000000E+00   0.000000000000000E+00
   8.667620842300000E-01   1.251063334600000E+01   1.251063334600000E+01   0.000000000000000E+00  -9.996130272900000E-01   0.000000000000000E+00   0.000000000000000E+00   0.000000000000000E+00
   8.689687780100001E-01   1.254248422800000E+01   1.254248422800000E+01   0.000000000000000E+00  -9.996130272900000E-01   0.000000000000000E+00   0.000000000000000E+00   0.000000000000000E+00
   8.711754717800000E-01   1.257433510900000E+01   1.257433510900000E+01   0.000000000000000E+00  -9.996130272900000E-01   0.000000000000000E+00   0.000000000000000E+00   0.000000000000000E+00
   8.733821655500000E-01   1.260618599100000E+01   1.260618599100000E+01   0.000000000000000E+00  -9.996130272900000E-01   0.000000000000000E+00   0.000000000000000E+00   0.000000000000000E+00
   8.750401763000000E-01   1.263011731500000E+01   1.263011731500000E+01   0.000000000000000E+00  -9.996130272900000E-01   0.000000000000000E+00   0.000000000000000E+00   0.000000000000000E+00
   8.766981870500000E-01   1.265404864000000E+01   1.265404864000000E+01   0.000000000000000E+00  -9.996130272900000E-01   0.000000000000000E+00   0.000000000000000E+00   0.000000000000000E+00
   8.783561978000000E-01   1.267797996400000E+01   1.267797996400000E+01   0.000000000000000E+00  -9.996130272900000E-01   0.000000000000000E+00   0.000000000000000E+00   0.000000000000000E+00
   8.800142085500000E-01   1.270191128800000E+01   1.270191128800000E+01   0.000000000000000E+00  -9.996130272900000E-01   0.000000000000000E+00   0.000000000000000E+00   0.000000000000000E+00
   8.820063384000000E-01   1.273066520700000E+01   1.273066520700000E+01   0.000000000000000E+00  -9.996130272900000E-01   0.000000000000000E+00   0.000000000000000E+00   0.000000000000000E+00
   8.839984682599999E-01   1.275941912500000E+01   1.275941912500000E+01   0.000000000000000E+00  -9.996130272900000E-01   0.000000000000000E+00   0.000000000000000E+00   0.000000000000000E+00
   8.859905981200000E-01   1.278817304400000E+01   1.278817304400000E+01   0.000000000000000E+00  -9.996130272900000E-01   0.000000000000000E+00   0.000000000000000E+00   0.000000000000000E+00
   8.879827279800000E-01   1.281692696200000E+01   1.281692696200000E+01   0.000000000000000E+00  -9.996130272900000E-01   0.000000000000000E+00   0.000000000000000E+00   0.000000000000000E+00
   8.895190384700000E-01   1.283910169400000E+01   1.283910169400000E+01   0.000000000000000E+00  -9.996130272900000E-01   0.000000000000000E+00   0.000000000000000E+00   0.000000000000000E+00
   8.910553489700000E-01   1.286127642700000E+01   1.286127642700000E+01   0.000000000000000E+00  -9.996130272900000E-01   0.000000000000000E+00   0.000000000000000E+00   0.000000000000000E+00
   8.925916594700000E-01   1.288345115900000E+01   1.288345115900000E+01   0.000000000000000E+00  -9.996130272900000E-01   0.000000000000000E+00   0.000000000000000E+00   0.000000000000000E+00
   8.941279699600000E-01   1.290562589200000E+01   1.290562589200000E+01   0.000000000000000E+00  -9.996130272900000E-01   0.000000000000000E+00   0.000000000000000E+00   0.000000000000000E+00
   8.957621754200000E-01   1.292921361600000E+01   1.292921361600000E+01   0.000000000000000E+00  -9.996130272900000E-01   0.000000000000000E+00   0.000000000000000E+00   0.000000000000000E+00
   8.973963808800000E-01   1.295280134100000E+01   1.295280134100000E+01   0.000000000000000E+00  -9.996130272900000E-01   0.000000000000000E+00   0.000000000000000E+00   0.000000000000000E+00
   8.990305863300000E-01   1.297638906500000E+01   1.297638906500000E+01   0.000000000000000E+00  -9.996130272900000E-01   0.000000000000000E+00   0.000000000000000E+00   0.000000000000000E+00
   9.006647917900000E-01   1.299997679000000E+01   1.299997679000000E+01   0.000000000000000E+00  -9.996130272900000E-01   0.000000000000000E+00   0.000000000000000E+00   0.000000000000000E+00
   9.024779105400000E-01   1.302614690600000E+01   1.302614690600000E+01   0.000000000000000E+00  -9.996130272900000E-01   0.000000000000000E+00   0.000000000000000E+00   0.000000000000000E+00
   9.042910292900000E-01   1.305231702100000E+01   1.305231702100000E+01   0.000000000000000E+00  -9.996130272900000E-01   0.000000000000000E+00   0.000000000000000E+00   0.000000000000000E+00
   9.061041480399999E-01   1.307848713700000E+01   1.307848713700000E+01   0.000000000000000E+00  -9.996130272900000E-01   0.000000000000000E+00   0.000000000000000E+00   0.000000000000000E+00
   9.079172667800000E-01   1.310465725200000E+01   1.310465725200000E+01   0.000000000000000E+00  -9.996130272900000E-01   0.000000000000000E+00   0.000000000000000E+00   0.000000000000000E+00
   9.097664809400000E-01   1.313134836000000E+01   1.313134836000000E+01   0.000000000000000E+00  -9.996130272900000E-01   0.000000000000000E+00   0.000000000000000E+00   0.000000000000000E+00
   9.116156950900000E-01   1.315803946800000E+01   1.315803946800000E+01   0.000000000000000E+00  -9.996130272900000E-01   0.000000000000000E+00   0.000000000000000E+00   0.000000000000000E+00
   9.134649092400000E-01   1.318473057500000E+01   1.318473057500000E+01   0.000000000000000E+00  -9.996130272900000E-01   0.000000000000000E+00   0.000000000000000E+00   0.000000000000000E+00
   9.153141233900000E-01   1.321142168300000E+01   1.321142168300000E+01   0.000000000000000E+00  -9.996130272900000E-01   0.000000000000000E+00   0.000000000000000E+00   0.000000000000000E+00
   9.172032810300000E-01   1.323868932600000E+01   1.323868932600000E+01   0.000000000000000E+00  -9.996130272900000E-01   0.000000000000000E+00   0.000000000000000E+00   0.000000000000000E+00
   9.190924386700000E-01   1.326595696800000E+01   1.326595696800000E+01   0.000000000000000E+00  -9.996130272900000E-01   0.000000000000000E+00   0.000000000000000E+00   0.000000000000000E+00
   9.209815963100000E-01   1.329322461000000E+01   1.329322461000000E+01   0.000000000000000E+00  -9.996130272900000E-01   0.000000000000000E+00   0.000000000000000E+00   0.000000000000000E+00
   9.228707539500000E-01   1.332049225300000E+01   1.332049225300000E+01   0.000000000000000E+00  -9.996130272900000E-01   0.000000000000000E+00   0.000000000000000E+00   0.000000000000000E+00
   9.246356777800000E-01   1.334596673500000E+01   1.334596673500000E+01   0.000000000000000E+00  -9.996130272900000E-01   0.000000000000000E+00   0.000000000000000E+00   0.000000000000000E+00
   9.264006016100000E-01   1.337144121700000E+01   1.337144121700000E+01   0.000000000000000E+00  -9.996130272900000E-01   0.000000000000000E+00   0.000000000000000E+00   0.000000000000000E+00
   9.281655254500000E-01   1.339691569800000E+01   1.339691569800000E+01   0.000000000000000E+00  -9.996130272900000E-01   0.000000000000000E+00   0.000000000000000E+00   0.000000000000000E+00
   9.299304492800000E-01   1.342239018000000E+01   1.342239018000000E+01   0.000000000000000E+00  -9.996130272900000E-01   0.000000000000000E+00   0.000000000000000E+00   0.000000000000000E+00
   9.316064224700000E-01   1.344658077000000E+01   1.344658077000000E+01   0.000000000000000E+00  -9.996130272900000E-01   0.000000000000000E+00   0.000000000000000E+00   0.000000000000000E+00
   9.332823956500000E-01   1.347077136000000E+01   1.347077136000000E+01   0.000000000000000E+00  -9.996130272900000E-01   0.000000000000000E+00   0.000000000000000E+00   0.000000000000000E+00
   9.349583688400001E-01   1.349496195000000E+01   1.349496195000000E+01   0.000000000000000E+00  -9.996130272900000E-01   0.000000000000000E+00   0.000000000000000E+00   0.000000000000000E+00
   9.366343420200000E-01   1.351915253900000E+01   1.351915253900000E+01   0.000000000000000E+00  -9.996130272900000E-01   0.000000000000000E+00   0.000000000000000E+00   0.000000000000000E+00
   9.387502135600000E-01   1.354969251500000E+01   1.354969251500000E+01   0.000000000000000E+00  -9.996130272900000E-01   0.000000000000000E+00   0.000000000000000E+00   0.000000000000000E+00
   9.408660851000000E-01   1.358023249100000E+01   1.358023249100000E+01   0.000000000000000E+00  -9.996130272900000E-01   0.000000000000000E+00   0.000000000000000E+00   0.000000000000000E+00
   9.429819566400000E-01   1.361077246700000E+01   1.361077246700000E+01   0.000000000000000E+00  -9.996130272900000E-01   0.000000000000000E+00   0.000000000000000E+00   0.000000000000000E+00
   9.450978281800000E-01   1.364131244200000E+01   1.364131244200000E+01   0.000000000000000E+00  -9.996130272900000E-01   0.000000000000000E+00   0.000000000000000E+00   0.000000000000000E+00
   9.473367335500000E-01   1.367362825900000E+01   1.367362825900000E+01   0.000000000000000E+00  -9.996130272900000E-01   0.000000000000000E+00   0.000000000000000E+00   0.000000000000000E+00
   9.495756389200000E-01   1.370594407500000E+01   1.370594407500000E+01   0.000000000000000E+00  -9.996130272900000E-01   0.000000000000000E+00   0.000000000000000E+00   0.000000000000000E+00
   9.518145442900000E-01   1.373825989100000E+01   1.373825989100000E+01   0.000000000000000E+00  -9.996130272900000E-01   0.000000000000000E+00   0.000000000000000E+00   0.000000000000000E+00
   9.540534496600001E-01   1.377057570700000E+01   1.377057570700000E+01   0.000000000000000E+00  -9.996130272900000E-01   0.000000000000000E+00   0.000000000000000E+00   0.000000000000000E+00
   9.569705405700000E-01   1.381268028800000E+01   1.381268028800000E+01   0.000000000000000E+00  -9.996130272900000E-01   0.000000000000000E+00   0.000000000000000E+00   0.000000000000000E+00
   9.598876314700000E-01   1.385478487000000E+01   1.385478487000000E+01   0.000000000000000E+00  -9.996130272900000E-01   0.000000000000000E+00   0.000000000000000E+00   0.000000000000000E+00
   9.628047223800000E-01   1.389688945100000E+01   1.389688945100000E+01   0.000000000000000E+00  -9.996130272900000E-01   0.000000000000000E+00   0.000000000000000E+00   0.000000000000000E+00
   9.657218132800000E-01   1.393899403300000E+01   1.393899403300000E+01   0.000000000000000E+00  -9.996130272900000E-01   0.000000000000000E+00   0.000000000000000E+00   0.000000000000000E+00
   9.699838077800000E-01   1.400051062600000E+01   1.400051062600000E+01   0.000000000000000E+00  -9.996130272900000E-01   0.000000000000000E+00   0.000000000000000E+00   0.000000000000000E+00
   9.742458022700000E-01   1.406202721900000E+01   1.406202721900000E+01   0.000000000000000E+00  -9.996130272900000E-01   0.000000000000000E+00   0.000000000000000E+00   0.000000000000000E+00
   9.785077967700000E-01   1.412354381200000E+01   1.412354381200000E+01   0.000000000000000E+00  -9.996130272900000E-01   0.000000000000000E+00   0.000000000000000E+00   0.000000000000000E+00
   9.827697912600000E-01   1.418506040500000E+01   1.418506040500000E+01   0.000000000000000E+00  -9.996130272900000E-01   0.000000000000000E+00   0.000000000000000E+00   0.000000000000000E+00
   9.870773434500000E-01   1.424723456700000E+01   1.424723456700000E+01   0.000000000000000E+00  -9.996130272900000E-01   0.000000000000000E+00   0.000000000000000E+00   0.000000000000000E+00
   9.913848956300000E-01   1.430940872900000E+01   1.430940872900000E+01   0.000000000000000E+00  -9.996130272900000E-01   0.000000000000000E+00   0.000000000000000E+00   0.000000000000000E+00
   9.956924478200000E-01   1.437158289000000E+01   1.437158289000000E+01   0.000000000000000E+00  -9.996130272900000E-01   0.000000000000000E+00   0.000000000000000E+00   0.000000000000000E+00
   1.000000000000000E+00   1.443375705200000E+01   1.443375705200000E+01   0.000000000000000E+00  -9.996130272900000E-01   0.000000000000000E+00   0.000000000000000E+00   0.000000000000000E+00
