   0.000000000000000E+00  -7.744392000499999E-32   0.000000000000000E+00   0.000000000000000E+00  -9.136421925000000E-01   0.000000000000000E+00   0.000000000000000E+00   0.000000000000000E+00
   3.046009550700000E-02   4.396536183300000E-01   4.396536183300000E-01   0.000000000000000E+00  -9.136421925000000E-01   0.000000000000000E+00   0.000000000000000E+00   0.000000000000000E+00
   6.092019101400000E-02   8.793072366600000E-01   8.793072366600000E-01   0.000000000000000E+00  -9.136421925000000E-01   0.000000000000000E+00   0.000000000000000E+00   0.000000000000000E+00
   9.138028652100000E-02   1.318960855000000E+00   1.318960855000000E+00   0.000000000000000E+00  -9.136421925000000E-01   0.000000000000000E+00   0.000000000000000E+00   0.000000000000000E+00
   1.218403820300000E-01   1.758614473300000E+00   1.758614473300000E+00   0.000000000000000E+00  -9.136421925000000E-01   0.000000000000000E+00   0.000000000000000E+00   0.000000000000000E+00
   1.416610108300000E-01   2.044700614100000E+00   2.044700614100000E+00   0.000000000000000E+00  -9.136421925000000E-01   0.000000000000000E+00   0.000000000000000E+00   0.000000000000000E+00
   1.614816396300000E-01   2.330786754800000E+00   2.330786754800000E+00   0.000000000000000E+00  -9.136421925000000E-01   0.000000000000000E+00   0.000000000000000E+00   0.000000000000000E+00
   1.813022684300000E-01   2.616872895500000E+00   2.616872895500000E+00   0.000000000000000E+00  -9.136421925000000E-01   0.000000000000000E+00   0.000000000000000E+00   0.000000000000000E+00
   2.011228972300000E-01   2.902959036200000E+00   2.902959036200000E+00   0.000000000000000E+00  -9.136421925000000E-01   0.000000000000000E+00   0.000000000000000E+00   0.000000000000000E+00
   2.160098342600000E-01   3.117833468600000E+00   3.117833468600000E+00   0.000000000000000E+00  -9.136421925000000E-01   0.000000000000000E+00   0.000000000000000E+00   0.000000000000000E+00
   2.308967712900000E-01   3.332707900900000E+00   3.332707900900000E+00   0.000000000000000E+00  -9.136421925000000E-01   0.000000000000000E+00   0.000000000000000E+00   0.000000000000000E+00
   2.457837083200000E-01   3.547582333200000E+00   3.547582333200000E+00   0.000000000000000E+00  -9.136421925000000E-01   0.000000000000000E+00   0.000000000000000E+00   0.000000000000000E+00
   2.606706453500000E-01   3.762456765600000E+00   3.762456765600000E+00   0.000000000000000E+00  -9.136421925000000E-01   0.000000000000000E+00   0.000000000000000E+00   0.000000000000000E+00
   2.760049689500000E-01   3.983788667000000E+00   3.983788667000000E+00   0.000000000000000E+00  -9.136421925000000E-01   0.000000000000000E+00   0.000000000000000E+00   0.000000000000000E+00
   2.913392925600000E-01   4.205120568500000E+00   4.205120568500000E+00   0.000000000000000E+00  -9.136421925000000E-01   0.000000000000000E+00   0.000000000000000E+00   0.000000000000000E+00
   3.066736161600000E-01   4.426452469900000E+00   4.426452469900000E+00   0.000000000000000E+00  -9.136421925000000E-01   0.000000000000000E+00   0.000000000000000E+00   0.000000000000000E+00
   3.220079397600000E-01   4.647784371400000E+00   4.647784371400000E+00   0.000000000000000E+00  -9.136421925000000E-01   0.000000000000000E+00   0.000000000000000E+00   0.000000000000000E+00
   3.321565062500000E-01   4.794266314400000E+00   4.794266314400000E+00   0.000000000000000E+00  -9.136421925000000E-01   0.000000000000000E+00   0.000000000000000E+00   0.000000000000000E+00
   3.423050727300000E-01   4.940748257500000E+00   4.940748257500000E+00   0.000000000000000E+00  -9.136421925000000E-01   0.000000000000000E+00   0.000000000000000E+00   0.000000000000000E+00
   3.524536392200000E-01   5.087230200600000E+00   5.087230200600000E+00   0.000000000000000E+00  -9.136421925000000E-01   0.000000000000000E+00   0.000000000000000E+00   0.000000000000000E+00
   3.626022057000000E-01   5.233712143600000E+00   5.233712143600000E+00   0.000000000000000E+00  -9.136421925000000E-01   0.000000000000000E+00   0.000000000000000E+00   0.000000000000000E+00
   3.711517013500000E-01   5.357113486800000E+00   5.357113486800000E+00   0.000000000000000E+00  -9.136421925000000E-01   0.000000000000000E+00   0.000000000000000E+00   0.000000000000000E+00
   3.797011970000000E-01   5.480514829900000E+00   5.480514829900000E+00   0.000000000000000E+00  -9.136421925000000E-01   0.000000000000000E+00   0.000000000000000E+00   0.000000000000000E+00
   3.882506926500000E-01   5.603916173000000E+00   5.603916173000000E+00   0.000000000000000E+00  -9.136421925000000E-01   0.000000000000000E+00   0.000000000000000E+00   0.000000000000000E+00
   3.968001883100000E-01   5.727317516200000E+00   5.727317516200000E+00   0.000000000000000E+00  -9.136421925000000E-01   0.000000000000000E+00   0.000000000000000E+00   0.000000000000000E+00
   4.040023174800000E-01   5.831271298900000E+00   5.831271298900000E+00   0.000000000000000E+00  -9.136421925000000E-01   0.000000000000000E+00   0.000000000000000E+00   0.000000000000000E+00
   4.112044466500000E-01   5.935225081700000E+00   5.935225081700000E+00   0.000000000000000E+00  -9.136421925000000E-01   0.000000000000000E+00   0.000000000000000E+00   0.000000000000000E+00
   4.184065758300000E-01   6.039178864500000E+00   6.039178864500000E+00   0.000000000000000E+00  -9.136421925000000E-01   0.000000000000000E+00   0.000000000000000E+00   0.000000000000000E+00
   4.256087050000000E-01   6.143132647200000E+00   6.143132647200000E+00   0.000000000000000E+00  -9.136421925000000E-01   0.000000000000000E+00   0.000000000000000E+00   0.000000000000000E+00
   4.331092179900000E-01   6.251393229500000E+00   6.251393229500000E+00   0.000000000000000E+00  -9.136421925000000E-01   0.000000000000000E+00   0.000000000000000E+00   0.000000000000000E+00
   4.406097309800000E-01   6.359653811800000E+00   6.359653811800000E+00   0.000000000000000E+00  -9.136421925000000E-01   0.000000000000000E+00   0.000000000000000E+00   0.000000000000000E+00
   4.481102439800000E-01   6.467914394100000E+00   6.467914394100000E+00   0.000000000000000E+00  -9.136421925000000E-01   0.000000000000000E+00   0.000000000000000E+00   0.000000000000000E+00
   4.556107569700000E-01   6.576174976300000E+00   6.576174976300000E+00   0.000000000000000E+00  -9.136421925000000E-01   0.000000000000000E+00   0.000000000000000E+00   0.000000000000000E+00
   4.621402042400000E-01   6.670419431900000E+00   6.670419431900000E+00   0.000000000000000E+00  -9.136421925000000E-01   0.000000000000000E+00   0.000000000000000E+00   0.000000000000000E+00
   4.686696515100000E-01   6.764663887600000E+00   6.764663887600000E+00   0.000000000000000E+00  -9.136421925000000E-01   0.000000000000000E+00   0.000000000000000E+00   0.000000000000000E+00
   4.751990987800000E-01   6.858908343200000E+00   6.858908343200000E+00   0.000000000000000E+00  -9.136421925000000E-01   0.000000000000000E+00   0.000000000000000E+00   0.000000000000000E+00
   4.817285460600000E-01   6.953152798800000E+00   6.953152798800000E+00   0.000000000000000E+00  -9.136421925000000E-01   0.000000000000000E+00   0.000000000000000E+00   0.000000000000000E+00
   4.876914044600000E-01   7.039219248400000E+00   7.039219248400000E+00   0.000000000000000E+00  -9.136421925000000E-01   0.000000000000000E+00   0.000000000000000E+00   0.000000000000000E+00
   4.936542628700000E-01   7.125285698000000E+00   7.125285698000000E+00   0.000000000000000E+00  -9.136421925000000E-01   0.000000000000000E+00   0.000000000000000E+00   0.000000000000000E+00
   4.996171212800000E-01   7.211352147600000E+00   7.211352147600000E+00   0.000000000000000E+00  -9.136421925000000E-01   0.000000000000000E+00   0.000000000000000E+00   0.000000000000000E+00
   5.055799796900000E-01   7.297418597200000E+00   7.297418597200000E+00   0.000000000000000E+00  -9.136421925000000E-01   0.000000000000000E+00   0.000000000000000E+00   0.000000000000000E+00
   5.112408358500000E-01   7.379126019700000E+00   7.379126019700000E+00   0.000000000000000E+00  -9.136421925000000E-01   0.000000000000000E+00   0.000000000000000E+00   0.000000000000000E+00
   5.169016920100000E-01   7.460833442300000E+00   7.460833442300000E+00   0.000000000000000E+00  -9.136421925000000E-01   0.000000000000000E+00   0.000000000000000E+00   0.000000000000000E+00
   5.225625481700000E-01   7.542540864800000E+00   7.542540864800000E+00   0.000000000000000E+00  -9.136421925000000E-01   0.000000000000000E+00   0.000000000000000E+00   0.000000000000000E+00
   5.282234043400000E-01   7.624248287400000E+00   7.624248287400000E+00   0.000000000000000E+00  -9.136421925000000E-01   0.000000000000000E+00   0.000000000000000E+00   0.000000000000000E+00
   5.326393167300000E-01   7.687986494000000E+00   7.687986494000000E+00   0.000000000000000E+00  -9.136421925000000E-01   0.000000000000000E+00   0.000000000000000E+00   0.000000000000000E+00
   5.370552291300000E-01   7.751724700700000E+00   7.751724700700000E+00   0.000000000000000E+00  -9.136421925000000E-01   0.000000000000000E+00   0.000000000000000E+00   0.000000000000000E+00
   5.414711415200000E-01   7.815462907400000E+00   7.815462907400000E+00   0.000000000000000E+00  -9.136421925000000E-01   0.000000000000000E+00   0.000000000000000E+00   0.000000000000000E+00
   5.458870539200000E-01   7.879201114000000E+00   7.879201114000000E+00   0.000000000000000E+00  -9.136421925000000E-01   0.000000000000000E+00   0.000000000000000E+00   0.000000000000000E+00
   5.492401077700000E-01   7.927598278700000E+00   7.927598278700000E+00   0.000000000000000E+00  -9.136421925000000E-01   0.000000000000000E+00   0.000000000000000E+00   0.000000000000000E+00
   5.525931616200001E-01   7.975995443400000E+00   7.975995443400000E+00   0.000000000000000E+00  -9.136421925000000E-01   0.000000000000000E+00   0.000000000000000E+00   0.000000000000000E+00
   5.559462154700000E-01   8.024392607999999E+00   8.024392607999999E+00   0.000000000000000E+00  -9.136421925000000E-01   0.000000000000000E+00   0.000000000000000E+00   0.000000000000000E+00
   5.592992693200000E-01   8.072789772700000E+00   8.072789772700000E+00   0.000000000000000E+00  -9.136421925000000E-01   0.000000000000000E+00   0.000000000000000E+00   0.000000000000000E+00
   5.621765077699999E-01   8.114319133400000E+00   8.114319133400000E+00   0.000000000000000E+00  -9.136421925000000E-01   0.000000000000000E+00   0.000000000000000E+00   0.000000000000000E+00
   5.650537462100000E-01   8.155848494200001E+00   8.155848494200001E+00   0.000000000000000E+00  -9.136421925000000E-01   0.000000000000000E+00   0.000000000000000E+00   0.000000000000000E+00
   5.679309846600000E-01   8.197377854899999E+00   8.197377854899999E+00   0.000000000000000E+00  -9.136421925000000E-01   0.000000000000000E+00   0.000000000000000E+00   0.000000000000000E+00
   5.708082231100000E-01   8.238907215699999E+00   8.238907215699999E+00   0.000000000000000E+00  -9.136421925000000E-01   0.000000000000000E+00   0.000000000000000E+00   0.000000000000000E+00
   5.736836818900000E-01   8.280410889100001E+00   8.280410889100001E+00   0.000000000000000E+00  -9.136421925000000E-01   0.000000000000000E+00   0.000000000000000E+00   0.000000000000000E+00
   5.765591406700000E-01   8.321914562600000E+00   8.321914562600000E+00   0.000000000000000E+00  -9.136421925000000E-01   0.000000000000000E+00   0.000000000000000E+00   0.000000000000000E+00
   5.794345994600000E-01   8.363418236099999E+00   8.363418236099999E+00   0.000000000000000E+00  -9.136421925000000E-01   0.000000000000000E+00   0.000000000000000E+00   0.000000000000000E+00
   5.823100582400000E-01   8.404921909500001E+00   8.404921909500001E+00   0.000000000000000E+00  -9.136421925000000E-01   0.000000000000000E+00   0.000000000000000E+00   0.000000000000000E+00
   5.850907261400000E-01   8.445057394499999E+00   8.445057394499999E+00   0.000000000000000E+00  -9.136421925000000E-01   0.000000000000000E+00   0.000000000000000E+00   0.000000000000000E+00
   5.878713940500000E-01   8.485192879500000E+00   8.485192879500000E+00   0.000000000000000E+00  -9.136421925000000E-01   0.000000000000000E+00   0.000000000000000E+00   0.000000000000000E+00
   5.906520619600000E-01   8.525328364500000E+00   8.525328364500000E+00   0.000000000000000E+00  -9.136421925000000E-01   0.000000000000000E+00   0.000000000000000E+00   0.000000000000000E+00
   5.934327298600000E-01   8.565463849500000E+00   8.565463849500000E+00   0.000000000000000E+00  -9.136421925000000E-01   0.000000000000000E+00   0.000000000000000E+00   0.000000000000000E+00
   5.966519809800001E-01   8.611929738100001E+00   8.611929738100001E+00   0.000000000000000E+00  -9.136421925000000E-01   0.000000000000000E+00   0.000000000000000E+00   0.000000000000000E+00
   5.998712321000000E-01   8.658395626700001E+00   8.658395626700001E+00   0.000000000000000E+00  -9.136421925000000E-01   0.000000000000000E+00   0.000000000000000E+00   0.000000000000000E+00
   6.030904832200000E-01   8.704861515199999E+00   8.704861515199999E+00   0.000000000000000E+00  -9.136421925000000E-01   0.000000000000000E+00   0.000000000000000E+00   0.000000000000000E+00
   6.063097343500000E-01   8.751327403800000E+00   8.751327403800000E+00   0.000000000000000E+00  -9.136421925000000E-01   0.000000000000000E+00   0.000000000000000E+00   0.000000000000000E+00
   6.096060327700000E-01   8.798905374500000E+00   8.798905374500000E+00   0.000000000000000E+00  -9.136421925000000E-01   0.000000000000000E+00   0.000000000000000E+00   0.000000000000000E+00
   6.129023312000000E-01   8.846483345099999E+00   8.846483345099999E+00   0.000000000000000E+00  -9.136421925000000E-01   0.000000000000000E+00   0.000000000000000E+00   0.000000000000000E+00
   6.161986296300000E-01   8.894061315800000E+00   8.894061315800000E+00   0.000000000000000E+00  -9.136421925000000E-01   0.000000000000000E+00   0.000000000000000E+00   0.000000000000000E+00
   6.194949280499999E-01   8.941639286499999E+00   8.941639286499999E+00   0.000000000000000E+00  -9.136421925000000E-01   0.000000000000000E+00   0.000000000000000E+00   0.000000000000000E+00
   6.227336801100000E-01   8.988386646800000E+00   8.988386646800000E+00   0.000000000000000E+00  -9.136421925000000E-01   0.000000000000000E+00   0.000000000000000E+00   0.000000000000000E+00
   6.259724321700000E-01   9.035134007200000E+00   9.035134007200000E+00   0.000000000000000E+00  -9.136421925000000E-01   0.000000000000000E+00   0.000000000000000E+00   0.000000000000000E+00
   6.292111842300000E-01   9.081881367599999E+00   9.081881367599999E+00   0.000000000000000E+00  -9.136421925000000E-01   0.000000000000000E+00   0.000000000000000E+00   0.000000000000000E+00
   6.324499362900000E-01   9.128628728000001E+00   9.128628728000001E+00   0.000000000000000E+00  -9.136421925000000E-01   0.000000000000000E+00   0.000000000000000E+00   0.000000000000000E+00
   6.354213302300000E-01   9.171517106200000E+00   9.171517106200000E+00   0.000000000000000E+00  -9.136421925000000E-01   0.000000000000000E+00   0.000000000000000E+00   0.000000000000000E+00
   6.383927241700000E-01   9.214405484500000E+00   9.214405484500000E+00   0.000000000000000E+00  -9.136421925000000E-01   0.000000000000000E+00   0.000000000000000E+00   0.000000000000000E+00
   6.413641181100000E-01   9.257293862699999E+00   9.257293862699999E+00   0.000000000000000E+00  -9.136421925000000E-01   0.000000000000000E+00   0.000000000000000E+00   0.000000000000000E+00
   6.443355120599999E-01   9.300182241000000E+00   9.300182241000000E+00   0.000000000000000E+00  -9.136421925000000E-01   0.000000000000000E+00   0.000000000000000E+00   0.000000000000000E+00
   6.475250269900000E-01   9.346218924600000E+00   9.346218924600000E+00   0.000000000000000E+00  -9.136421925000000E-01   0.000000000000000E+00   0.000000000000000E+00   0.000000000000000E+00
   6.507145419200000E-01   9.392255608299999E+00   9.392255608299999E+00   0.000000000000000E+00  -9.136421925000000E-01   0.000000000000000E+00   0.000000000000000E+00   0.000000000000000E+00
   6.539040568600000E-01   9.438292292000000E+00   9.438292292000000E+00   0.000000000000000E+00  -9.136421925000000E-01   0.000000000000000E+00   0.000000000000000E+00   0.000000000000000E+00
   6.570935717900001E-01   9.484328975600000E+00   9.484328975600000E+00   0.000000000000000E+00  -9.136421925000000E-01   0.000000000000000E+00   0.000000000000000E+00   0.000000000000000E+00
   6.595839232700000E-01   9.520274103900000E+00   9.520274103900000E+00   0.000000000000000E+00  -9.136421925000000E-01   0.000000000000000E+00   0.000000000000000E+00   0.000000000000000E+00
   6.620742747600000E-01   9.556219232200000E+00   9.556219232200000E+00   0.000000000000000E+00  -9.136421925000000E-01   0.000000000000000E+00   0.000000000000000E+00   0.000000000000000E+00
   6.645646262400000E-01   9.592164360500000E+00   9.592164360500000E+00   0.000000000000000E+00  -9.136421925000000E-01   0.000000000000000E+00   0.000000000000000E+00   0.000000000000000E+00
   6.670549777200000E-01   9.628109488800000E+00   9.628109488800000E+00   0.000000000000000E+00  -9.136421925000000E-01   0.000000000000000E+00   0.000000000000000E+00   0.000000000000000E+00
   6.690111873400000E-01   9.656344943100001E+00   9.656344943100001E+00   0.000000000000000E+00  -9.136421925000000E-01   0.000000000000000E+00   0.000000000000000E+00   0.000000000000000E+00
   6.709673969500000E-01   9.684580397400000E+00   9.684580397400000E+00   0.000000000000000E+00  -9.136421925000000E-01   0.000000000000000E+00   0.000000000000000E+00   0.000000000000000E+00
   6.729236065600001E-01   9.712815851700000E+00   9.712815851700000E+00   0.000000000000000E+00  -9.136421925000000E-01   0.000000000000000E+00   0.000000000000000E+00   0.000000000000000E+00
   6.748798161800000E-01   9.741051305999999E+00   9.741051305999999E+00   0.000000000000000E+00  -9.136421925000000E-01   0.000000000000000E+00   0.000000000000000E+00   0.000000000000000E+00
   6.767035657700000E-01   9.767374864600001E+00   9.767374864600001E+00   0.000000000000000E+00  -9.136421925000000E-01   0.000000000000000E+00   0.000000000000000E+00   0.000000000000000E+00
   6.785273153700000E-01   9.793698423200000E+00   9.793698423200000E+00   0.000000000000000E+00  -9.136421925000000E-01   0.000000000000000E+00   0.000000000000000E+00   0.000000000000000E+00
   6.803510649700000E-01   9.820021981800000E+00   9.820021981800000E+00   0.000000000000000E+00  -9.136421925000000E-01   0.000000000000000E+00   0.000000000000000E+00   0.000000000000000E+00
   6.821748145700000E-01   9.846345540400000E+00   9.846345540400000E+00   0.000000000000000E+00  -9.136421925000000E-01   0.000000000000000E+00   0.000000000000000E+00   0.000000000000000E+00
   6.839449062900000E-01   9.871894614300000E+00   9.871894614300000E+00   0.000000000000000E+00  -9.136421925000000E-01   0.000000000000000E+00   0.000000000000000E+00   0.000000000000000E+00
   6.857149980100000E-01   9.897443688199999E+00   9.897443688199999E+00   0.000000000000000E+00  -9.136421925000000E-01   0.000000000000000E+00   0.000000000000000E+00   0.000000000000000E+00
   6.874850897400000E-01   9.922992762100000E+00   9.922992762100000E+00   0.000000000000000E+00  -9.136421925000000E-01   0.000000000000000E+00   0.000000000000000E+00   0.000000000000000E+00
   6.892551814600000E-01   9.948541836000000E+00   9.948541836000000E+00   0.000000000000000E+00  -9.136421925000000E-01   0.000000000000000E+00   0.000000000000000E+00   0.000000000000000E+00
   6.906591093900000E-01   9.968805790699999E+00   9.968805790699999E+00   0.000000000000000E+00  -9.136421925000000E-01   0.000000000000000E+00   0.000000000000000E+00   0.000000000000000E+00
   6.920630373200000E-01   9.989069745400000E+00   9.989069745400000E+00   0.000000000000000E+00  -9.136421925000000E-01   0.000000000000000E+00   0.000000000000000E+00   0.000000000000000E+00
   6.934669652600000E-01   1.000933370000000E+01   1.000933370000000E+01   0.000000000000000E+00  -9.136421925000000E-01   0.000000000000000E+00   0.000000000000000E+00   0.000000000000000E+00
   6.948708931899999E-01   1.002959765500000E+01   1.002959765500000E+01   0.000000000000000E+00  -9.136421925000000E-01   0.000000000000000E+00   0.000000000000000E+00   0.000000000000000E+00
   6.963223098600000E-01   1.005054705000000E+01   1.005054705000000E+01   0.000000000000000E+00  -9.136421925000000E-01   0.000000000000000E+00   0.000000000000000E+00   0.000000000000000E+00
   6.977737265400000E-01   1.007149644600000E+01   1.007149644600000E+01   0.000000000000000E+00  -9.136421925000000E-01   0.000000000000000E+00   0.000000000000000E+00   0.000000000000000E+00
   6.992251432100000E-01   1.009244584200000E+01   1.009244584200000E+01   0.000000000000000E+00  -9.136421925000000E-01   0.000000000000000E+00   0.000000000000000E+00   0.000000000000000E+00
   7.006765598900000E-01   1.011339523700000E+01   1.011339523700000E+01   0.000000000000000E+00  -9.136421925000000E-01   0.000000000000000E+00   0.000000000000000E+00   0.000000000000000E+00
   7.023666144500000E-01   1.013778907400000E+01   1.013778907400000E+01   0.000000000000000E+00  -9.136421925000000E-01   0.000000000000000E+00   0.000000000000000E+00   0.000000000000000E+00
   7.040566690100000E-01   1.016218291100000E+01   1.016218291100000E+01   0.000000000000000E+00  -9.136421925000000E-01   0.000000000000000E+00   0.000000000000000E+00   0.000000000000000E+00
   7.057467235800000E-01   1.018657674800000E+01   1.018657674800000E+01   0.000000000000000E+00  -9.136421925000000E-01   0.000000000000000E+00   0.000000000000000E+00   0.000000000000000E+00
   7.074367781400001E-01   1.021097058500000E+01   1.021097058500000E+01   0.000000000000000E+00  -9.136421925000000E-01   0.000000000000000E+00   0.000000000000000E+00   0.000000000000000E+00
   7.093642350700000E-01   1.023879103000000E+01   1.023879103000000E+01   0.000000000000000E+00  -9.136421925000000E-01   0.000000000000000E+00   0.000000000000000E+00   0.000000000000000E+00
   7.112916920000000E-01   1.026661147500000E+01   1.026661147500000E+01   0.000000000000000E+00  -9.136421925000000E-01   0.000000000000000E+00   0.000000000000000E+00   0.000000000000000E+00
   7.132191489400000E-01   1.029443192100000E+01   1.029443192100000E+01   0.000000000000000E+00  -9.136421925000000E-01   0.000000000000000E+00   0.000000000000000E+00   0.000000000000000E+00
   7.151466058700000E-01   1.032225236600000E+01   1.032225236600000E+01   0.000000000000000E+00  -9.136421925000000E-01   0.000000000000000E+00   0.000000000000000E+00   0.000000000000000E+00
   7.170752469000000E-01   1.035008990200000E+01   1.035008990200000E+01   0.000000000000000E+00  -9.136421925000000E-01   0.000000000000000E+00   0.000000000000000E+00   0.000000000000000E+00
   7.190038879300000E-01   1.037792743800000E+01   1.037792743800000E+01   0.000000000000000E+00  -9.136421925000000E-01   0.000000000000000E+00   0.000000000000000E+00   0.000000000000000E+00
   7.209325289600000E-01   1.040576497400000E+01   1.040576497400000E+01   0.000000000000000E+00  -9.136421925000000E-01   0.000000000000000E+00   0.000000000000000E+00   0.000000000000000E+00
   7.228611699900001E-01   1.043360251000000E+01   1.043360251000000E+01   0.000000000000000E+00  -9.136421925000000E-01   0.000000000000000E+00   0.000000000000000E+00   0.000000000000000E+00
   7.247208435400000E-01   1.046044458600000E+01   1.046044458600000E+01   0.000000000000000E+00  -9.136421925000000E-01   0.000000000000000E+00   0.000000000000000E+00   0.000000000000000E+00
   7.265805171000000E-01   1.048728666300000E+01   1.048728666300000E+01   0.000000000000000E+00  -9.136421925000000E-01   0.000000000000000E+00   0.000000000000000E+00   0.000000000000000E+00
   7.284401906600000E-01   1.051412873900000E+01   1.051412873900000E+01   0.000000000000000E+00  -9.136421925000000E-01   0.000000000000000E+00   0.000000000000000E+00   0.000000000000000E+00
   7.302998642200000E-01   1.054097081500000E+01   1.054097081500000E+01   0.000000000000000E+00  -9.136421925000000E-01   0.000000000000000E+00   0.000000000000000E+00   0.000000000000000E+00
   7.320851908600000E-01   1.056673978600000E+01   1.056673978600000E+01   0.000000000000000E+00  -9.136421925000000E-01   0.000000000000000E+00   0.000000000000000E+00   0.000000000000000E+00
   7.338705175100000E-01   1.059250875700000E+01   1.059250875700000E+01   0.000000000000000E+00  -9.136421925000000E-01   0.000000000000000E+00   0.000000000000000E+00   0.000000000000000E+00
   7.356558441500000E-01   1.061827772800000E+01   1.061827772800000E+01   0.000000000000000E+00  -9.136421925000000E-01   0.000000000000000E+00   0.000000000000000E+00   0.000000000000000E+00
   7.374411708000000E-01   1.064404669900000E+01   1.064404669900000E+01   0.000000000000000E+00  -9.136421925000000E-01   0.000000000000000E+00   0.000000000000000E+00   0.000000000000000E+00
   7.387381903800000E-01   1.066276756500000E+01   1.066276756500000E+01   0.000000000000000E+00  -9.136421925000000E-01   0.000000000000000E+00   0.000000000000000E+00   0.000000000000000E+00
   7.400352099500001E-01   1.068148843000000E+01   1.068148843000000E+01   0.000000000000000E+00  -9.136421925000000E-01   0.000000000000000E+00   0.000000000000000E+00   0.000000000000000E+00
   7.413322295300000E-01   1.070020929600000E+01   1.070020929600000E+01   0.000000000000000E+00  -9.136421925000000E-01   0.000000000000000E+00   0.000000000000000E+00   0.000000000000000E+00
   7.426292491099999E-01   1.071893016100000E+01   1.071893016100000E+01   0.000000000000000E+00  -9.136421925000000E-01   0.000000000000000E+00   0.000000000000000E+00   0.000000000000000E+00
   7.439267053900001E-01   1.073765733000000E+01   1.073765733000000E+01   0.000000000000000E+00  -9.136421925000000E-01   0.000000000000000E+00   0.000000000000000E+00   0.000000000000000E+00
   7.452241616600001E-01   1.075638449900000E+01   1.075638449900000E+01   0.000000000000000E+00  -9.136421925000000E-01   0.000000000000000E+00   0.000000000000000E+00   0.000000000000000E+00
   7.465216179400000E-01   1.077511166700000E+01   1.077511166700000E+01   0.000000000000000E+00  -9.136421925000000E-01   0.000000000000000E+00   0.000000000000000E+00   0.000000000000000E+00
   7.478190742200000E-01   1.079383883600000E+01   1.079383883600000E+01   0.000000000000000E+00  -9.136421925000000E-01   0.000000000000000E+00   0.000000000000000E+00   0.000000000000000E+00
   7.495086313400000E-01   1.081822549300000E+01   1.081822549300000E+01   0.000000000000000E+00  -9.136421925000000E-01   0.000000000000000E+00   0.000000000000000E+00   0.000000000000000E+00
   7.511981884700000E-01   1.084261215000000E+01   1.084261215000000E+01   0.000000000000000E+00  -9.136421925000000E-01   0.000000000000000E+00   0.000000000000000E+00   0.000000000000000E+00
   7.528877456000000E-01   1.086699880700000E+01   1.086699880700000E+01   0.000000000000000E+00  -9.136421925000000E-01   0.000000000000000E+00   0.000000000000000E+00   0.000000000000000E+00
   7.545773027300000E-01   1.089138546500000E+01   1.089138546500000E+01   0.000000000000000E+00  -9.136421925000000E-01   0.000000000000000E+00   0.000000000000000E+00   0.000000000000000E+00
   7.561252636100000E-01   1.091372835600000E+01   1.091372835600000E+01   0.000000000000000E+00  -9.136421925000000E-01   0.000000000000000E+00   0.000000000000000E+00   0.000000000000000E+00
   7.576732245000000E-01   1.093607124700000E+01   1.093607124700000E+01   0.000000000000000E+00  -9.136421925000000E-01   0.000000000000000E+00   0.000000000000000E+00   0.000000000000000E+00
   7.592211853900001E-01   1.095841413900000E+01   1.095841413900000E+01   0.000000000000000E+00  -9.136421925000000E-01   0.000000000000000E+00   0.000000000000000E+00   0.000000000000000E+00
   7.607691462700000E-01   1.098075703000000E+01   1.098075703000000E+01   0.000000000000000E+00  -9.136421925000000E-01   0.000000000000000E+00   0.000000000000000E+00   0.000000000000000E+00
   7.623125615400000E-01   1.100303431100000E+01   1.100303431100000E+01   0.000000000000000E+00  -9.136421925000000E-01   0.000000000000000E+00   0.000000000000000E+00   0.000000000000000E+00
   7.638559768099999E-01   1.102531159200000E+01   1.102531159200000E+01   0.000000000000000E+00  -9.136421925000000E-01   0.000000000000000E+00   0.000000000000000E+00   0.000000000000000E+00
   7.653993920800000E-01   1.104758887300000E+01   1.104758887300000E+01   0.000000000000000E+00  -9.136421925000000E-01   0.000000000000000E+00   0.000000000000000E+00   0.000000000000000E+00
   7.669428073500000E-01   1.106986615400000E+01   1.106986615400000E+01   0.000000000000000E+00  -9.136421925000000E-01   0.000000000000000E+00   0.000000000000000E+00   0.000000000000000E+00
   7.686899987600000E-01   1.109508469000000E+01   1.109508469000000E+01   0.000000000000000E+00  -9.136421925000000E-01   0.000000000000000E+00   0.000000000000000E+00   0.000000000000000E+00
   7.704371901700000E-01   1.112030322700000E+01   1.112030322700000E+01   0.000000000000000E+00  -9.136421925000000E-01   0.000000000000000E+00   0.000000000000000E+00   0.000000000000000E+00
   7.721843815800000E-01   1.114552176300000E+01   1.114552176300000E+01   0.000000000000000E+00  -9.136421925000000E-01   0.000000000000000E+00   0.000000000000000E+00   0.000000000000000E+00
   7.739315729900000E-01   1.117074029900000E+01   1.117074029900000E+01   0.000000000000000E+00  -9.136421925000000E-01   0.000000000000000E+00   0.000000000000000E+00   0.000000000000000E+00
   7.753299253500000E-01   1.119092377800000E+01   1.119092377800000E+01   0.000000000000000E+00  -9.136421925000000E-01   0.000000000000000E+00   0.000000000000000E+00   0.000000000000000E+00
   7.767282777000000E-01   1.121110725600000E+01   1.121110725600000E+01   0.000000000000000E+00  -9.136421925000000E-01   0.000000000000000E+00   0.000000000000000E+00   0.000000000000000E+00
   7.781266300600000E-01   1.123129073400000E+01   1.123129073400000E+01   0.000000000000000E+00  -9.136421925000000E-01   0.000000000000000E+00   0.000000000000000E+00   0.000000000000000E+00
   7.795249824100000E-01   1.125147421200000E+01   1.125147421200000E+01   0.000000000000000E+00  -9.136421925000000E-01   0.000000000000000E+00   0.000000000000000E+00   0.000000000000000E+00
   7.807319078300000E-01   1.126889468000000E+01   1.126889468000000E+01   0.000000000000000E+00  -9.136421925000000E-01   0.000000000000000E+00   0.000000000000000E+00   0.000000000000000E+00
   7.819388332400000E-01   1.128631514800000E+01   1.128631514800000E+01   0.000000000000000E+00  -9.136421925000000E-01   0.000000000000000E+00   0.000000000000000E+00   0.000000000000000E+00
   7.831457586500000E-01   1.130373561700000E+01   1.130373561700000E+01   0.000000000000000E+00  -9.136421925000000E-01   0.000000000000000E+00   0.000000000000000E+00   0.000000000000000E+00
   7.843526840600000E-01   1.132115608500000E+01   1.132115608500000E+01   0.000000000000000E+00  -9.136421925000000E-01   0.000000000000000E+00   0.000000000000000E+00   0.000000000000000E+00
   7.855016383000000E-01   1.133773981100000E+01   1.133773981100000E+01   0.000000000000000E+00  -9.136421925000000E-01   0.000000000000000E+00   0.000000000000000E+00   0.000000000000000E+00
   7.866505925400000E-01   1.135432353800000E+01   1.135432353800000E+01   0.000000000000000E+00  -9.136421925000000E-01   0.000000000000000E+00   0.000000000000000E+00   0.000000000000000E+00
   7.877995467900000E-01   1.137090726400000E+01   1.137090726400000E+01   0.000000000000000E+00  -9.136421925000000E-01   0.000000000000000E+00   0.000000000000000E+00   0.000000000000000E+00
   7.889485010300000E-01   1.138749099000000E+01   1.138749099000000E+01   0.000000000000000E+00  -9.136421925000000E-01   0.000000000000000E+00   0.000000000000000E+00   0.000000000000000E+00
   7.903863614400000E-01   1.140824471800000E+01   1.140824471800000E+01   0.000000000000000E+00  -9.136421925000000E-01   0.000000000000000E+00   0.000000000000000E+00   0.000000000000000E+00
   7.918242218600000E-01   1.142899844600000E+01   1.142899844600000E+01   0.000000000000000E+00  -9.136421925000000E-01   0.000000000000000E+00   0.000000000000000E+00   0.000000000000000E+00
   7.932620822699999E-01   1.144975217400000E+01   1.144975217400000E+01   0.000000000000000E+00  -9.136421925000000E-01   0.000000000000000E+00   0.000000000000000E+00   0.000000000000000E+00
   7.946999426900000E-01   1.147050590200000E+01   1.147050590200000E+01   0.000000000000000E+00  -9.136421925000000E-01   0.000000000000000E+00   0.000000000000000E+00   0.000000000000000E+00
   7.958403583100000E-01   1.148696638400000E+01   1.148696638400000E+01   0.000000000000000E+00  -9.136421925000000E-01   0.000000000000000E+00   0.000000000000000E+00   0.000000000000000E+00
   7.969807739300000E-01   1.150342686600000E+01   1.150342686600000E+01   0.000000000000000E+00  -9.136421925000000E-01   0.000000000000000E+00   0.000000000000000E+00   0.000000000000000E+00
   7.981211895500000E-01   1.151988734800000E+01   1.151988734800000E+01   0.000000000000000E+00  -9.136421925000000E-01   0.000000000000000E+00   0.000000000000000E+00   0.000000000000000E+00
   7.992616051700000E-01   1.153634783000000E+01   1.153634783000000E+01   0.000000000000000E+00  -9.136421925000000E-01   0.000000000000000E+00   0.000000000000000E+00   0.000000000000000E+00
   8.003945251000000E-01   1.155270012100000E+01   1.155270012100000E+01   0.000000000000000E+00  -9.136421925000000E-01   0.000000000000000E+00   0.000000000000000E+00   0.000000000000000E+00
   8.015274450200000E-01   1.156905241200000E+01   1.156905241200000E+01   0.000000000000000E+00  -9.136421925000000E-01   0.000000000000000E+00   0.000000000000000E+00   0.000000000000000E+00
   8.026603649500000E-01   1.158540470300000E+01   1.158540470300000E+01   0.000000000000000E+00  -9.136421925000000E-01   0.000000000000000E+00   0.000000000000000E+00   0.000000000000000E+00
   8.037932848800000E-01   1.160175699400000E+01   1.160175699400000E+01   0.000000000000000E+00  -9.136421925000000E-01   0.000000000000000E+00   0.000000000000000E+00   0.000000000000000E+00
   8.050702251400000E-01   1.162018804000000E+01   1.162018804000000E+01   0.000000000000000E+00  -9.136421925000000E-01   0.000000000000000E+00   0.000000000000000E+00   0.000000000000000E+00
   8.063471654100000E-01   1.163861908500000E+01   1.163861908500000E+01   0.000000000000000E+00  -9.136421925000000E-01   0.000000000000000E+00   0.000000000000000E+00   0.000000000000000E+00
   8.076241056800000E-01   1.165705013100000E+01   1.165705013100000E+01   0.000000000000000E+00  -9.136421925000000E-01   0.000000000000000E+00   0.000000000000000E+00   0.000000000000000E+00
   8.089010459500000E-01   1.167548117600000E+01   1.167548117600000E+01   0.000000000000000E+00  -9.136421925000000E-01   0.000000000000000E+00   0.000000000000000E+00   0.000000000000000E+00
   8.099040781700000E-01   1.168995870000000E+01   1.168995870000000E+01   0.000000000000000E+00  -9.136421925000000E-01   0.000000000000000E+00   0.000000000000000E+00   0.000000000000000E+00
   8.109071103800000E-01   1.170443622300000E+01   1.170443622300000E+01   0.000000000000000E+00  -9.136421925000000E-01   0.000000000000000E+00   0.000000000000000E+00   0.000000000000000E+00
   8.119101426000001E-01   1.171891374600000E+01   1.171891374600000E+01   0.000000000000000E+00  -9.136421925000000E-01   0.000000000000000E+00   0.000000000000000E+00   0.000000000000000E+00
   8.129131748100000E-01   1.173339127000000E+01   1.173339127000000E+01   0.000000000000000E+00  -9.136421925000000E-01   0.000000000000000E+00   0.000000000000000E+00   0.000000000000000E+00
   8.138548298400000E-01   1.174698289000000E+01   1.174698289000000E+01   0.000000000000000E+00  -9.136421925000000E-01   0.000000000000000E+00   0.000000000000000E+00   0.000000000000000E+00
   8.147964848800000E-01   1.176057451000000E+01   1.176057451000000E+01   0.000000000000000E+00  -9.136421925000000E-01   0.000000000000000E+00   0.000000000000000E+00   0.000000000000000E+00
   8.157381399100000E-01   1.177416613000000E+01   1.177416613000000E+01   0.000000000000000E+00  -9.136421925000000E-01   0.000000000000000E+00   0.000000000000000E+00   0.000000000000000E+00
   8.166797949500000E-01   1.178775775000000E+01   1.178775775000000E+01   0.000000000000000E+00  -9.136421925000000E-01   0.000000000000000E+00   0.000000000000000E+00   0.000000000000000E+00
   8.174479777700000E-01   1.179884551400000E+01   1.179884551400000E+01   0.000000000000000E+00  -9.136421925000000E-01   0.000000000000000E+00   0.000000000000000E+00   0.000000000000000E+00
   8.182161605800000E-01   1.180993327800000E+01   1.180993327800000E+01   0.000000000000000E+00  -9.136421925000000E-01   0.000000000000000E+00   0.000000000000000E+00   0.000000000000000E+00
   8.189843434000000E-01   1.182102104200000E+01   1.182102104200000E+01   0.000000000000000E+00  -9.136421925000000E-01   0.000000000000000E+00   0.000000000000000E+00   0.000000000000000E+00
   8.197525262200001E-01   1.183210880600000E+01   1.183210880600000E+01   0.000000000000000E+00  -9.136421925000000E-01   0.000000000000000E+00   0.000000000000000E+00   0.000000000000000E+00
   8.204593671300000E-01   1.184231117600000E+01   1.184231117600000E+01   0.000000000000000E+00  -9.136421925000000E-01   0.000000000000000E+00   0.000000000000000E+00   0.000000000000000E+00
   8.211662080300000E-01   1.185251354600000E+01   1.185251354600000E+01   0.000000000000000E+00  -9.136421925000000E-01   0.000000000000000E+00   0.000000000000000E+00   0.000000000000000E+00
   8.218730489400000E-01   1.186271591600000E+01   1.186271591600000E+01   0.000000000000000E+00  -9.136421925000000E-01   0.000000000000000E+00   0.000000000000000E+00   0.000000000000000E+00
   8.225798898400000E-01   1.187291828600000E+01   1.187291828600000E+01   0.000000000000000E+00  -9.136421925000000E-01   0.000000000000000E+00   0.000000000000000E+00   0.000000000000000E+00
   8.232889485300000E-01   1.188315266700000E+01   1.188315266700000E+01   0.000000000000000E+00  -9.136421925000000E-01   0.000000000000000E+00   0.000000000000000E+00   0.000000000000000E+00
   8.239980072200001E-01   1.189338704800000E+01   1.189338704800000E+01   0.000000000000000E+00  -9.136421925000000E-01   0.000000000000000E+00   0.000000000000000E+00   0.000000000000000E+00
   8.247070659100000E-01   1.190362142800000E+01   1.190362142800000E+01   0.000000000000000E+00  -9.136421925000000E-01   0.000000000000000E+00   0.000000000000000E+00   0.000000000000000E+00
   8.254161246000000E-01   1.191385580900000E+01   1.191385580900000E+01   0.000000000000000E+00  -9.136421925000000E-01   0.000000000000000E+00   0.000000000000000E+00   0.000000000000000E+00
   8.264194441200000E-01   1.192833747900000E+01   1.192833747900000E+01   0.000000000000000E+00  -9.136421925000000E-01   0.000000000000000E+00   0.000000000000000E+00   0.000000000000000E+00
   8.274227636300000E-01   1.194281915000000E+01   1.194281915000000E+01   0.000000000000000E+00  -9.136421925000000E-01   0.000000000000000E+00   0.000000000000000E+00   0.000000000000000E+00
   8.284260831500000E-01   1.195730082000000E+01   1.195730082000000E+01   0.000000000000000E+00  -9.136421925000000E-01   0.000000000000000E+00   0.000000000000000E+00   0.000000000000000E+00
   8.294294026600000E-01   1.197178249000000E+01   1.197178249000000E+01   0.000000000000000E+00  -9.136421925000000E-01   0.000000000000000E+00   0.000000000000000E+00   0.000000000000000E+00
   8.304416504700000E-01   1.198639302900000E+01   1.198639302900000E+01   0.000000000000000E+00  -9.136421925000000E-01   0.000000000000000E+00   0.000000000000000E+00   0.000000000000000E+00
   8.314538982900000E-01   1.200100356800000E+01   1.200100356800000E+01   0.000000000000000E+00  -9.136421925000000E-01   0.000000000000000E+00   0.000000000000000E+00   0.000000000000000E+00
   8.324661461000000E-01   1.201561410700000E+01   1.201561410700000E+01   0.000000000000000E+00  -9.136421925000000E-01   0.000000000000000E+00   0.000000000000000E+00   0.000000000000000E+00
   8.334783939100000E-01   1.203022464600000E+01   1.203022464600000E+01   0.000000000000000E+00  -9.136421925000000E-01   0.000000000000000E+00   0.000000000000000E+00   0.000000000000000E+00
   8.347703800000000E-01   1.204887285900000E+01   1.204887285900000E+01   0.000000000000000E+00  -9.136421925000000E-01   0.000000000000000E+00   0.000000000000000E+00   0.000000000000000E+00
   8.360623660800000E-01   1.206752107200000E+01   1.206752107200000E+01   0.000000000000000E+00  -9.136421925000000E-01   0.000000000000000E+00   0.000000000000000E+00   0.000000000000000E+00
   8.373543521700000E-01   1.208616928600000E+01   1.208616928600000E+01   0.000000000000000E+00  -9.136421925000000E-01   0.000000000000000E+00   0.000000000000000E+00   0.000000000000000E+00
   8.386463382600000E-01   1.210481749900000E+01   1.210481749900000E+01   0.000000000000000E+00  -9.136421925000000E-01   0.000000000000000E+00   0.000000000000000E+00   0.000000000000000E+00
   8.400901709400000E-01   1.212565742900000E+01   1.212565742900000E+01   0.000000000000000E+00  -9.136421925000000E-01   0.000000000000000E+00   0.000000000000000E+00   0.000000000000000E+00
   8.415340036200000E-01   1.214649735900000E+01   1.214649735900000E+01   0.000000000000000E+00  -9.136421925000000E-01   0.000000000000000E+00   0.000000000000000E+00   0.000000000000000E+00
   8.429778363000000E-01   1.216733728900000E+01   1.216733728900000E+01   0.000000000000000E+00  -9.136421925000000E-01   0.000000000000000E+00   0.000000000000000E+00   0.000000000000000E+00
   8.444216689800000E-01   1.218817721900000E+01   1.218817721900000E+01   0.000000000000000E+00  -9.136421925000000E-01   0.000000000000000E+00   0.000000000000000E+00   0.000000000000000E+00
   8.453505269800000E-01   1.220158413000000E+01   1.220158413000000E+01   0.000000000000000E+00  -9.136421925000000E-01   0.000000000000000E+00   0.000000000000000E+00   0.000000000000000E+00
   8.462793849900000E-01   1.221499104100000E+01   1.221499104100000E+01   0.000000000000000E+00  -9.136421925000000E-01   0.000000000000000E+00   0.000000000000000E+00   0.000000000000000E+00
   8.472082429900000E-01   1.222839795200000E+01   1.222839795200000E+01   0.000000000000000E+00  -9.136421925000000E-01   0.000000000000000E+00   0.000000000000000E+00   0.000000000000000E+00
   8.481371009999999E-01   1.224180486300000E+01   1.224180486300000E+01   0.000000000000000E+00  -9.136421925000000E-01   0.000000000000000E+00   0.000000000000000E+00   0.000000000000000E+00
   8.489710928799999E-01   1.225384249900000E+01   1.225384249900000E+01   0.000000000000000E+00  -9.136421925000000E-01   0.000000000000000E+00   0.000000000000000E+00   0.000000000000000E+00
   8.498050847600001E-01   1.226588013500000E+01   1.226588013500000E+01   0.000000000000000E+00  -9.136421925000000E-01   0.000000000000000E+00   0.000000000000000E+00   0.000000000000000E+00
   8.506390766400000E-01   1.227791777100000E+01   1.227791777100000E+01   0.000000000000000E+00  -9.136421925000000E-01   0.000000000000000E+00   0.000000000000000E+00   0.000000000000000E+00
   8.514730685200000E-01   1.228995540700000E+01   1.228995540700000E+01   0.000000000000000E+00  -9.136421925000000E-01   0.000000000000000E+00   0.000000000000000E+00   0.000000000000000E+00
   8.522377603500000E-01   1.230099278300000E+01   1.230099278300000E+01   0.000000000000000E+00  -9.136421925000000E-01   0.000000000000000E+00   0.000000000000000E+00   0.000000000000000E+00
   8.530024521700000E-01   1.231203015900000E+01   1.231203015900000E+01   0.000000000000000E+00  -9.136421925000000E-01   0.000000000000000E+00   0.000000000000000E+00   0.000000000000000E+00
   8.537671439900000E-01   1.232306753500000E+01   1.232306753500000E+01   0.000000000000000E+00  -9.136421925000000E-01   0.000000000000000E+00   0.000000000000000E+00   0.000000000000000E+00
   8.545318358100000E-01   1.233410491100000E+01   1.233410491100000E+01   0.000000000000000E+00  -9.136421925000000E-01   0.000000000000000E+00   0.000000000000000E+00   0.000000000000000E+00
   8.552586608500000E-01   1.234459572700000E+01   1.234459572700000E+01   0.000000000000000E+00  -9.136421925000000E-01   0.000000000000000E+00   0.000000000000000E+00   0.000000000000000E+00
   8.559854859000000E-01   1.235508654300000E+01   1.235508654300000E+01   0.000000000000000E+00  -9.136421925000000E-01   0.000000000000000E+00   0.000000000000000E+00   0.000000000000000E+00
   8.567123109400000E-01   1.236557736000000E+01   1.236557736000000E+01   0.000000000000000E+00  -9.136421925000000E-01   0.000000000000000E+00   0.000000000000000E+00   0.000000000000000E+00
   8.574391359900000E-01   1.237606817600000E+01   1.237606817600000E+01   0.000000000000000E+00  -9.136421925000000E-01   0.000000000000000E+00   0.000000000000000E+00   0.000000000000000E+00
   8.582580697500000E-01   1.238788846700000E+01   1.238788846700000E+01   0.000000000000000E+00  -9.136421925000000E-01   0.000000000000000E+00   0.000000000000000E+00   0.000000000000000E+00
   8.590770035100000E-01   1.239970875800000E+01   1.239970875800000E+01   0.000000000000000E+00  -9.136421925000000E-01   0.000000000000000E+00   0.000000000000000E+00   0.000000000000000E+00
   8.598959372700000E-01   1.241152904800000E+01   1.241152904800000E+01   0.000000000000000E+00  -9.136421925000000E-01   0.000000000000000E+00   0.000000000000000E+00   0.000000000000000E+00
   8.607148710200000E-01   1.242334933900000E+01   1.242334933900000E+01   0.000000000000000E+00  -9.136421925000000E-01   0.000000000000000E+00   0.000000000000000E+00   0.000000000000000E+00
   8.615948729900000E-01   1.243605107400000E+01   1.243605107400000E+01   0.000000000000000E+00  -9.136421925000000E-01   0.000000000000000E+00   0.000000000000000E+00   0.000000000000000E+00
   8.624748749500000E-01   1.244875280800000E+01   1.244875280800000E+01   0.000000000000000E+00  -9.136421925000000E-01   0.000000000000000E+00   0.000000000000000E+00   0.000000000000000E+00
   8.633548769100000E-01   1.246145454300000E+01   1.246145454300000E+01   0.000000000000000E+00  -9.136421925000000E-01   0.000000000000000E+00   0.000000000000000E+00   0.000000000000000E+00
   8.642348788799999E-01   1.247415627800000E+01   1.247415627800000E+01   0.000000000000000E+00  -9.136421925000000E-01   0.000000000000000E+00   0.000000000000000E+00   0.000000000000000E+00
   8.657270770900000E-01   1.249569430400000E+01   1.249569430400000E+01   0.000000000000000E+00  -9.136421925000000E-01   0.000000000000000E+00   0.000000000000000E+00   0.000000000000000E+00
   8.672192753100000E-01   1.251723233100000E+01   1.251723233100000E+01   0.000000000000000E+00  -9.136421925000000E-01   0.000000000000000E+00   0.000000000000000E+00   0.000000000000000E+00
   8.687114735200000E-01   1.253877035700000E+01   1.253877035700000E+01   0.000000000000000E+00  -9.136421925000000E-01   0.000000000000000E+00   0.000000000000000E+00   0.000000000000000E+00
   8.702036717400000E-01   1.256030838400000E+01   1.256030838400000E+01   0.000000000000000E+00  -9.136421925000000E-01   0.000000000000000E+00   0.000000000000000E+00   0.000000000000000E+00
   8.718660212800000E-01   1.258430233300000E+01   1.258430233300000E+01   0.000000000000000E+00  -9.136421925000000E-01   0.000000000000000E+00   0.000000000000000E+00   0.000000000000000E+00
   8.735283708300000E-01   1.260829628300000E+01   1.260829628300000E+01   0.000000000000000E+00  -9.136421925000000E-01   0.000000000000000E+00   0.000000000000000E+00   0.000000000000000E+00
   8.751907203700000E-01   1.263229023200000E+01   1.263229023200000E+01   0.000000000000000E+00  -9.136421925000000E-01   0.000000000000000E+00   0.000000000000000E+00   0.000000000000000E+00
   8.768530699200000E-01   1.265628418200000E+01   1.265628418200000E+01   0.000000000000000E+00  -9.136421925000000E-01   0.000000000000000E+00   0.000000000000000E+00   0.000000000000000E+00
   8.781754319400000E-01   1.267537083400000E+01   1.267537083400000E+01   0.000000000000000E+00  -9.136421925000000E-01   0.000000000000000E+00   0.000000000000000E+00   0.000000000000000E+00
   8.794977939500001E-01   1.269445748600000E+01   1.269445748600000E+01   0.000000000000000E+00  -9.136421925000000E-01   0.000000000000000E+00   0.000000000000000E+00   0.000000000000000E+00
   8.808201559700000E-01   1.271354413800000E+01   1.271354413800000E+01   0.000000000000000E+00  -9.136421925000000E-01   0.000000000000000E+00   0.000000000000000E+00   0.000000000000000E+00
   8.821425179900000E-01   1.273263079000000E+01   1.273263079000000E+01   0.000000000000000E+00  -9.136421925000000E-01   0.000000000000000E+00   0.000000000000000E+00   0.000000000000000E+00
   8.831701570700000E-01   1.274746348300000E+01   1.274746348300000E+01   0.000000000000000E+00  -9.136421925000000E-01   0.000000000000000E+00   0.000000000000000E+00   0.000000000000000E+00
   8.841977961500000E-01   1.276229617600000E+01   1.276229617600000E+01   0.000000000000000E+00  -9.136421925000000E-01   0.000000000000000E+00   0.000000000000000E+00   0.000000000000000E+00
   8.852254352300000E-01   1.277712886800000E+01   1.277712886800000E+01   0.000000000000000E+00  -9.136421925000000E-01   0.000000000000000E+00   0.000000000000000E+00   0.000000000000000E+00
   8.862530743100000E-01   1.279196156100000E+01   1.279196156100000E+01   0.000000000000000E+00  -9.136421925000000E-01   0.000000000000000E+00   0.000000000000000E+00   0.000000000000000E+00
   8.873449216500000E-01   1.280772102000000E+01   1.280772102000000E+01   0.000000000000000E+00  -9.136421925000000E-01   0.000000000000000E+00   0.000000000000000E+00   0.000000000000000E+00
   8.884367689900000E-01   1.282348048000000E+01   1.282348048000000E+01   0.000000000000000E+00  -9.136421925000000E-01   0.000000000000000E+00   0.000000000000000E+00   0.000000000000000E+00
   8.895286163300000E-01   1.283923993900000E+01   1.283923993900000E+01   0.000000000000000E+00  -9.136421925000000E-01   0.000000000000000E+00   0.000000000000000E+00   0.000000000000000E+00
   8.906204636700000E-01   1.285499939800000E+01   1.285499939800000E+01   0.000000000000000E+00  -9.136421925000000E-01   0.000000000000000E+00   0.000000000000000E+00   0.000000000000000E+00
   8.919326051399999E-01   1.287393852900000E+01   1.287393852900000E+01   0.000000000000000E+00  -9.136421925000000E-01   0.000000000000000E+00   0.000000000000000E+00   0.000000000000000E+00
   8.932447466100000E-01   1.289287766100000E+01   1.289287766100000E+01   0.000000000000000E+00  -9.136421925000000E-01   0.000000000000000E+00   0.000000000000000E+00   0.000000000000000E+00
   8.945568880900000E-01   1.291181679200000E+01   1.291181679200000E+01   0.000000000000000E+00  -9.136421925000000E-01   0.000000000000000E+00   0.000000000000000E+00   0.000000000000000E+00
   8.958690295600000E-01   1.293075592300000E+01   1.293075592300000E+01   0.000000000000000E+00  -9.136421925000000E-01   0.000000000000000E+00   0.000000000000000E+00   0.000000000000000E+00
   8.979432390400000E-01   1.296069455900000E+01   1.296069455900000E+01   0.000000000000000E+00  -9.136421925000000E-01   0.000000000000000E+00   0.000000000000000E+00   0.000000000000000E+00
   9.000174485300000E-01   1.299063319500000E+01   1.299063319500000E+01   0.000000000000000E+00  -9.136421925000000E-01   0.000000000000000E+00   0.000000000000000E+00   0.000000000000000E+00
   9.020916580100000E-01   1.302057183000000E+01   1.302057183000000E+01   0.000000000000000E+00  -9.136421925000000E-01   0.000000000000000E+00   0.000000000000000E+00   0.000000000000000E+00
   9.041658675000001E-01   1.305051046600000E+01   1.305051046600000E+01   0.000000000000000E+00  -9.136421925000000E-01   0.000000000000000E+00   0.000000000000000E+00   0.000000000000000E+00
   9.059677859700001E-01   1.307651892000000E+01   1.307651892000000E+01   0.000000000000000E+00  -9.136421925000000E-01   0.000000000000000E+00   0.000000000000000E+00   0.000000000000000E+00
   9.077697044400000E-01   1.310252737300000E+01   1.310252737300000E+01   0.000000000000000E+00  -9.136421925000000E-01   0.000000000000000E+00   0.000000000000000E+00   0.000000000000000E+00
   9.095716229100000E-01   1.312853582600000E+01   1.312853582600000E+01   0.000000000000000E+00  -9.136421925000000E-01   0.000000000000000E+00   0.000000000000000E+00   0.000000000000000E+00
   9.113735413800000E-01   1.315454428000000E+01   1.315454428000000E+01   0.000000000000000E+00  -9.136421925000000E-01   0.000000000000000E+00   0.000000000000000E+00   0.000000000000000E+00
   9.135573790400000E-01   1.318606526200000E+01   1.318606526200000E+01   0.000000000000000E+00  -9.136421925000000E-01   0.000000000000000E+00   0.000000000000000E+00   0.000000000000000E+00
   9.157412167000000E-01   1.321758624400000E+01   1.321758624400000E+01   0.000000000000000E+00  -9.136421925000000E-01   0.000000000000000E+00   0.000000000000000E+00   0.000000000000000E+00
   9.179250543600000E-01   1.324910722700000E+01   1.324910722700000E+01   0.000000000000000E+00  -9.136421925000000E-01   0.000000000000000E+00   0.000000000000000E+00   0.000000000000000E+00
   9.201088920300000E-01   1.328062820900000E+01   1.328062820900000E+01   0.000000000000000E+00  -9.136421925000000E-01   0.000000000000000E+00   0.000000000000000E+00   0.000000000000000E+00
   9.231865825100000E-01   1.332505084600000E+01   1.332505084600000E+01   0.000000000000000E+00  -9.136421925000000E-01   0.000000000000000E+00   0.000000000000000E+00   0.000000000000000E+00
   9.262642730000000E-01   1.336947348200000E+01   1.336947348200000E+01   0.000000000000000E+00  -9.136421925000000E-01   0.000000000000000E+00   0.000000000000000E+00   0.000000000000000E+00
   9.293419634800000E-01   1.341389611900000E+01   1.341389611900000E+01   0.000000000000000E+00  -9.136421925000000E-01   0.000000000000000E+00   0.000000000000000E+00   0.000000000000000E+00
   9.324196539700000E-01   1.345831875600000E+01   1.345831875600000E+01   0.000000000000000E+00  -9.136421925000000E-01   0.000000000000000E+00   0.000000000000000E+00   0.000000000000000E+00
   9.354518405800000E-01   1.350208460100000E+01   1.350208460100000E+01   0.000000000000000E+00  -9.136421925000000E-01   0.000000000000000E+00   0.000000000000000E+00   0.000000000000000E+00
   9.384840271900000E-01   1.354585044600000E+01   1.354585044600000E+01   0.000000000000000E+00  -9.136421925000000E-01   0.000000000000000E+00   0.000000000000000E+00   0.000000000000000E+00
   9.415162138099999E-01   1.358961629100000E+01   1.358961629100000E+01   0.000000000000000E+00  -9.136421925000000E-01   0.000000000000000E+00   0.000000000000000E+00   0.000000000000000E+00
   9.445484004200000E-01   1.363338213500000E+01   1.363338213500000E+01   0.000000000000000E+00  -9.136421925000000E-01   0.000000000000000E+00   0.000000000000000E+00   0.000000000000000E+00
   9.474385886200000E-01   1.367509841000000E+01   1.367509841000000E+01   0.000000000000000E+00  -9.136421925000000E-01   0.000000000000000E+00   0.000000000000000E+00   0.000000000000000E+00
   9.503287768200001E-01   1.371681468400000E+01   1.371681468400000E+01   0.000000000000000E+00  -9.136421925000000E-01   0.000000000000000E+00   0.000000000000000E+00   0.000000000000000E+00
   9.532189650100000E-01   1.375853095800000E+01   1.375853095800000E+01   0.000000000000000E+00  -9.136421925000000E-01   0.000000000000000E+00   0.000000000000000E+00   0.000000000000000E+00
   9.561091532100000E-01   1.380024723300000E+01   1.380024723300000E+01   0.000000000000000E+00  -9.136421925000000E-01   0.000000000000000E+00   0.000000000000000E+00   0.000000000000000E+00
   9.597200641800000E-01   1.385236624400000E+01   1.385236624400000E+01   0.000000000000000E+00  -9.136421925000000E-01   0.000000000000000E+00   0.000000000000000E+00   0.000000000000000E+00
   9.633309751400000E-01   1.390448525600000E+01   1.390448525600000E+01   0.000000000000000E+00  -9.136421925000000E-01   0.000000000000000E+00   0.000000000000000E+00   0.000000000000000E+00
   9.669418861100000E-01   1.395660426800000E+01   1.395660426800000E+01   0.000000000000000E+00  -9.136421925000000E-01   0.000000000000000E+00   0.000000000000000E+00   0.000000000000000E+00
   9.705527970700000E-01   1.400872327900000E+01   1.400872327900000E+01   0.000000000000000E+00  -9.136421925000000E-01   0.000000000000000E+00   0.000000000000000E+00   0.000000000000000E+00
   9.742336851300000E-01   1.406185232300000E+01   1.406185232300000E+01   0.000000000000000E+00  -9.136421925000000E-01   0.000000000000000E+00   0.000000000000000E+00   0.000000000000000E+00
   9.779145731900000E-01   1.411498136700000E+01   1.411498136700000E+01   0.000000000000000E+00  -9.136421925000000E-01   0.000000000000000E+00   0.000000000000000E+00   0.000000000000000E+00
   9.815954612500000E-01   1.416811041100000E+01   1.416811041100000E+01   0.000000000000000E+00  -9.136421925000000E-01   0.000000000000000E+00   0.000000000000000E+00   0.000000000000000E+00
   9.852763493100000E-01   1.422123945500000E+01   1.422123945500000E+01   0.000000000000000E+00  -9.136421925000000E-01   0.000000000000000E+00   0.000000000000000E+00   0.000000000000000E+00
   9.889572619900000E-01   1.427436885400000E+01   1.427436885400000E+01   0.000000000000000E+00  -9.136421925000000E-01   0.000000000000000E+00   0.000000000000000E+00   0.000000000000000E+00
   9.926381746600000E-01   1.432749825400000E+01   1.432749825400000E+01   0.000000000000000E+00  -9.136421925000000E-01   0.000000000000000E+00   0.000000000000000E+00   0.000000000000000E+00
   9.963190873300000E-01   1.438062765300000E+01   1.438062765300000E+01   0.000000000000000E+00  -9.136421925000000E-01   0.000000000000000E+00   0.000000000000000E+00   0.000000000000000E+00
   1.000000000000000E+00   1.443375705200000E+01   1.443375705200000E+01   0.000000000000000E+00  -9.136421925000000E-01   0.000000000000000E+00   0.000000000000000E+00   0.000000000000000E+00
