   0.000000000000000E+00  -8.140728513900000E-31   0.000000000000000E+00   0.000000000000000E+00  -9.984237379999999E-01   0.000000000000000E+00   0.000000000000000E+00   0.000000000000000E+00
   9.547626587900000E-03   1.378081225900000E-01   1.378081225900000E-01   0.000000000000000E+00  -9.984237379999999E-01   0.000000000000000E+00   0.000000000000000E+00   0.000000000000000E+00
   1.909525317600000E-02   2.756162451900000E-01   2.756162451900000E-01   0.000000000000000E+00  -9.984237379999999E-01   0.000000000000000E+00   0.000000000000000E+00   0.000000000000000E+00
   2.864287976400000E-02   4.134243677800000E-01   4.134243677800000E-01   0.000000000000000E+00  -9.984237379999999E-01   0.000000000000000E+00   0.000000000000000E+00   0.000000000000000E+00
   3.819050635200000E-02   5.512324903700000E-01   5.512324903700000E-01   0.000000000000000E+00  -9.984237379999999E-01   0.000000000000000E+00   0.000000000000000E+00   0.000000000000000E+00
   4.809478890800000E-02   6.941884985700000E-01   6.941884985700000E-01   0.000000000000000E+00  -9.984237379999999E-01   0.000000000000000E+00   0.000000000000000E+00   0.000000000000000E+00
   5.799907146500000E-02   8.371445067700000E-01   8.371445067700000E-01   0.000000000000000E+00  -9.984237379999999E-01   0.000000000000000E+00   0.000000000000000E+00   0.000000000000000E+00
   6.790335402200000E-02   9.801005149699999E-01   9.801005149699999E-01   0.000000000000000E+00  -9.984237379999999E-01   0.000000000000000E+00   0.000000000000000E+00   0.000000000000000E+00
   7.780763657799999E-02   1.123056523200000E+00   1.123056523200000E+00   0.000000000000000E+00  -9.984237379999999E-01   0.000000000000000E+00   0.000000000000000E+00   0.000000000000000E+00
   8.599531194000000E-02   1.241235440200000E+00   1.241235440200000E+00   0.000000000000000E+00  -9.984237379999999E-01   0.000000000000000E+00   0.000000000000000E+00   0.000000000000000E+00
   9.418298730200000E-02   1.359414357200000E+00   1.359414357200000E+00   0.000000000000000E+00  -9.984237379999999E-01   0.000000000000000E+00   0.000000000000000E+00   0.000000000000000E+00
   1.023706626600000E-01   1.477593274100000E+00   1.477593274100000E+00   0.000000000000000E+00  -9.984237379999999E-01   0.000000000000000E+00   0.000000000000000E+00   0.000000000000000E+00
   1.105583380300000E-01   1.595772191100000E+00   1.595772191100000E+00   0.000000000000000E+00  -9.984237379999999E-01   0.000000000000000E+00   0.000000000000000E+00   0.000000000000000E+00
   1.195522636500000E-01   1.725588328500000E+00   1.725588328500000E+00   0.000000000000000E+00  -9.984237379999999E-01   0.000000000000000E+00   0.000000000000000E+00   0.000000000000000E+00
   1.285461892700000E-01   1.855404465900000E+00   1.855404465900000E+00   0.000000000000000E+00  -9.984237379999999E-01   0.000000000000000E+00   0.000000000000000E+00   0.000000000000000E+00
   1.375401148900000E-01   1.985220603200000E+00   1.985220603200000E+00   0.000000000000000E+00  -9.984237379999999E-01   0.000000000000000E+00   0.000000000000000E+00   0.000000000000000E+00
   1.465340405100000E-01   2.115036740600000E+00   2.115036740600000E+00   0.000000000000000E+00  -9.984237379999999E-01   0.000000000000000E+00   0.000000000000000E+00   0.000000000000000E+00
   1.545059717300000E-01   2.230101659100000E+00   2.230101659100000E+00   0.000000000000000E+00  -9.984237379999999E-01   0.000000000000000E+00   0.000000000000000E+00   0.000000000000000E+00
   1.624779029500000E-01   2.345166577500000E+00   2.345166577500000E+00   0.000000000000000E+00  -9.984237379999999E-01   0.000000000000000E+00   0.000000000000000E+00   0.000000000000000E+00
   1.704498341700000E-01   2.460231496000000E+00   2.460231496000000E+00   0.000000000000000E+00  -9.984237379999999E-01   0.000000000000000E+00   0.000000000000000E+00   0.000000000000000E+00
   1.784217654000000E-01   2.575296414500000E+00   2.575296414500000E+00   0.000000000000000E+00  -9.984237379999999E-01   0.000000000000000E+00   0.000000000000000E+00   0.000000000000000E+00
   1.851679136200000E-01   2.672668679000000E+00   2.672668679000000E+00   0.000000000000000E+00  -9.984237379999999E-01   0.000000000000000E+00   0.000000000000000E+00   0.000000000000000E+00
   1.919140618400000E-01   2.770040943400000E+00   2.770040943400000E+00   0.000000000000000E+00  -9.984237379999999E-01   0.000000000000000E+00   0.000000000000000E+00   0.000000000000000E+00
   1.986602100600000E-01   2.867413207800000E+00   2.867413207800000E+00   0.000000000000000E+00  -9.984237379999999E-01   0.000000000000000E+00   0.000000000000000E+00   0.000000000000000E+00
   2.054063582800000E-01   2.964785472300000E+00   2.964785472300000E+00   0.000000000000000E+00  -9.984237379999999E-01   0.000000000000000E+00   0.000000000000000E+00   0.000000000000000E+00
   2.122929367000000E-01   3.064184672200000E+00   3.064184672200000E+00   0.000000000000000E+00  -9.984237379999999E-01   0.000000000000000E+00   0.000000000000000E+00   0.000000000000000E+00
   2.191795151200000E-01   3.163583872100000E+00   3.163583872100000E+00   0.000000000000000E+00  -9.984237379999999E-01   0.000000000000000E+00   0.000000000000000E+00   0.000000000000000E+00
   2.260660935500000E-01   3.262983072000000E+00   3.262983072000000E+00   0.000000000000000E+00  -9.984237379999999E-01   0.000000000000000E+00   0.000000000000000E+00   0.000000000000000E+00
   2.329526719700000E-01   3.362382271900000E+00   3.362382271900000E+00   0.000000000000000E+00  -9.984237379999999E-01   0.000000000000000E+00   0.000000000000000E+00   0.000000000000000E+00
   2.400387731000000E-01   3.464661334000000E+00   3.464661334000000E+00   0.000000000000000E+00  -9.984237379999999E-01   0.000000000000000E+00   0.000000000000000E+00   0.000000000000000E+00
   2.471248742300000E-01   3.566940396200000E+00   3.566940396200000E+00   0.000000000000000E+00  -9.984237379999999E-01   0.000000000000000E+00   0.000000000000000E+00   0.000000000000000E+00
   2.542109753600000E-01   3.669219458300000E+00   3.669219458300000E+00   0.000000000000000E+00  -9.984237379999999E-01   0.000000000000000E+00   0.000000000000000E+00   0.000000000000000E+00
   2.612970764900000E-01   3.771498520500000E+00   3.771498520500000E+00   0.000000000000000E+00  -9.984237379999999E-01   0.000000000000000E+00   0.000000000000000E+00   0.000000000000000E+00
   2.682489172300000E-01   3.871839700800000E+00   3.871839700800000E+00   0.000000000000000E+00  -9.984237379999999E-01   0.000000000000000E+00   0.000000000000000E+00   0.000000000000000E+00
   2.752007579700000E-01   3.972180881100000E+00   3.972180881100000E+00   0.000000000000000E+00  -9.984237379999999E-01   0.000000000000000E+00   0.000000000000000E+00   0.000000000000000E+00
   2.821525987200000E-01   4.072522061500000E+00   4.072522061500000E+00   0.000000000000000E+00  -9.984237379999999E-01   0.000000000000000E+00   0.000000000000000E+00   0.000000000000000E+00
   2.891044394600000E-01   4.172863241800000E+00   4.172863241800000E+00   0.000000000000000E+00  -9.984237379999999E-01   0.000000000000000E+00   0.000000000000000E+00   0.000000000000000E+00
   2.948670744600000E-01   4.256039715400000E+00   4.256039715400000E+00   0.000000000000000E+00  -9.984237379999999E-01   0.000000000000000E+00   0.000000000000000E+00   0.000000000000000E+00
   3.006297094600000E-01   4.339216189000000E+00   4.339216189000000E+00   0.000000000000000E+00  -9.984237379999999E-01   0.000000000000000E+00   0.000000000000000E+00   0.000000000000000E+00
   3.063923444600000E-01   4.422392662500000E+00   4.422392662500000E+00   0.000000000000000E+00  -9.984237379999999E-01   0.000000000000000E+00   0.000000000000000E+00   0.000000000000000E+00
   3.121549794600000E-01   4.505569136100000E+00   4.505569136100000E+00   0.000000000000000E+00  -9.984237379999999E-01   0.000000000000000E+00   0.000000000000000E+00   0.000000000000000E+00
   3.184020789200000E-01   4.595738252000000E+00   4.595738252000000E+00   0.000000000000000E+00  -9.984237379999999E-01   0.000000000000000E+00   0.000000000000000E+00   0.000000000000000E+00
   3.246491783800000E-01   4.685907367900000E+00   4.685907367900000E+00   0.000000000000000E+00  -9.984237379999999E-01   0.000000000000000E+00   0.000000000000000E+00   0.000000000000000E+00
   3.308962778400000E-01   4.776076483800000E+00   4.776076483800000E+00   0.000000000000000E+00  -9.984237379999999E-01   0.000000000000000E+00   0.000000000000000E+00   0.000000000000000E+00
   3.371433773000000E-01   4.866245599600000E+00   4.866245599600000E+00   0.000000000000000E+00  -9.984237379999999E-01   0.000000000000000E+00   0.000000000000000E+00   0.000000000000000E+00
   3.439718502400000E-01   4.964806119000000E+00   4.964806119000000E+00   0.000000000000000E+00  -9.984237379999999E-01   0.000000000000000E+00   0.000000000000000E+00   0.000000000000000E+00
   3.508003231700000E-01   5.063366638400000E+00   5.063366638400000E+00   0.000000000000000E+00  -9.984237379999999E-01   0.000000000000000E+00   0.000000000000000E+00   0.000000000000000E+00
   3.576287961100000E-01   5.161927157800000E+00   5.161927157800000E+00   0.000000000000000E+00  -9.984237379999999E-01   0.000000000000000E+00   0.000000000000000E+00   0.000000000000000E+00
   3.644572690400000E-01   5.260487677200000E+00   5.260487677200000E+00   0.000000000000000E+00  -9.984237379999999E-01   0.000000000000000E+00   0.000000000000000E+00   0.000000000000000E+00
   3.711896418200000E-01   5.357661110200000E+00   5.357661110200000E+00   0.000000000000000E+00  -9.984237379999999E-01   0.000000000000000E+00   0.000000000000000E+00   0.000000000000000E+00
   3.779220145900000E-01   5.454834543200000E+00   5.454834543200000E+00   0.000000000000000E+00  -9.984237379999999E-01   0.000000000000000E+00   0.000000000000000E+00   0.000000000000000E+00
   3.846543873600000E-01   5.552007976200000E+00   5.552007976200000E+00   0.000000000000000E+00  -9.984237379999999E-01   0.000000000000000E+00   0.000000000000000E+00   0.000000000000000E+00
   3.913867601400000E-01   5.649181409200000E+00   5.649181409200000E+00   0.000000000000000E+00  -9.984237379999999E-01   0.000000000000000E+00   0.000000000000000E+00   0.000000000000000E+00
   3.968641571600000E-01   5.728240827100000E+00   5.728240827100000E+00   0.000000000000000E+00  -9.984237379999999E-01   0.000000000000000E+00   0.000000000000000E+00   0.000000000000000E+00
   4.023415541900000E-01   5.807300245000000E+00   5.807300245000000E+00   0.000000000000000E+00  -9.984237379999999E-01   0.000000000000000E+00   0.000000000000000E+00   0.000000000000000E+00
   4.078189512100000E-01   5.886359662900000E+00   5.886359662900000E+00   0.000000000000000E+00  -9.984237379999999E-01   0.000000000000000E+00   0.000000000000000E+00   0.000000000000000E+00
   4.132963482300000E-01   5.965419080900000E+00   5.965419080900000E+00   0.000000000000000E+00  -9.984237379999999E-01   0.000000000000000E+00   0.000000000000000E+00   0.000000000000000E+00
   4.182376279600000E-01   6.036740312000000E+00   6.036740312000000E+00   0.000000000000000E+00  -9.984237379999999E-01   0.000000000000000E+00   0.000000000000000E+00   0.000000000000000E+00
   4.231789076900000E-01   6.108061543100000E+00   6.108061543100000E+00   0.000000000000000E+00  -9.984237379999999E-01   0.000000000000000E+00   0.000000000000000E+00   0.000000000000000E+00
   4.281201874100000E-01   6.179382774200000E+00   6.179382774200000E+00   0.000000000000000E+00  -9.984237379999999E-01   0.000000000000000E+00   0.000000000000000E+00   0.000000000000000E+00
   4.330614671400000E-01   6.250704005300000E+00   6.250704005300000E+00   0.000000000000000E+00  -9.984237379999999E-01   0.000000000000000E+00   0.000000000000000E+00   0.000000000000000E+00
   4.379234394500000E-01   6.320880532500000E+00   6.320880532500000E+00   0.000000000000000E+00  -9.984237379999999E-01   0.000000000000000E+00   0.000000000000000E+00   0.000000000000000E+00
   4.427854117700000E-01   6.391057059700000E+00   6.391057059700000E+00   0.000000000000000E+00  -9.984237379999999E-01   0.000000000000000E+00   0.000000000000000E+00   0.000000000000000E+00
   4.476473840900000E-01   6.461233586900000E+00   6.461233586900000E+00   0.000000000000000E+00  -9.984237379999999E-01   0.000000000000000E+00   0.000000000000000E+00   0.000000000000000E+00
   4.525093564000000E-01   6.531410114100000E+00   6.531410114100000E+00   0.000000000000000E+00  -9.984237379999999E-01   0.000000000000000E+00   0.000000000000000E+00   0.000000000000000E+00
   4.574357537000000E-01   6.602516535800000E+00   6.602516535800000E+00   0.000000000000000E+00  -9.984237379999999E-01   0.000000000000000E+00   0.000000000000000E+00   0.000000000000000E+00
   4.623621509900000E-01   6.673622957400000E+00   6.673622957400000E+00   0.000000000000000E+00  -9.984237379999999E-01   0.000000000000000E+00   0.000000000000000E+00   0.000000000000000E+00
   4.672885482800000E-01   6.744729379100000E+00   6.744729379100000E+00   0.000000000000000E+00  -9.984237379999999E-01   0.000000000000000E+00   0.000000000000000E+00   0.000000000000000E+00
   4.722149455700000E-01   6.815835800700000E+00   6.815835800700000E+00   0.000000000000000E+00  -9.984237379999999E-01   0.000000000000000E+00   0.000000000000000E+00   0.000000000000000E+00
   4.768132396500000E-01   6.882206460300000E+00   6.882206460300000E+00   0.000000000000000E+00  -9.984237379999999E-01   0.000000000000000E+00   0.000000000000000E+00   0.000000000000000E+00
   4.814115337200000E-01   6.948577119800000E+00   6.948577119800000E+00   0.000000000000000E+00  -9.984237379999999E-01   0.000000000000000E+00   0.000000000000000E+00   0.000000000000000E+00
   4.860098278000000E-01   7.014947779300000E+00   7.014947779300000E+00   0.000000000000000E+00  -9.984237379999999E-01   0.000000000000000E+00   0.000000000000000E+00   0.000000000000000E+00
   4.906081218700000E-01   7.081318438800000E+00   7.081318438800000E+00   0.000000000000000E+00  -9.984237379999999E-01   0.000000000000000E+00   0.000000000000000E+00   0.000000000000000E+00
   4.948663460500000E-01   7.142780612100000E+00   7.142780612100000E+00   0.000000000000000E+00  -9.984237379999999E-01   0.000000000000000E+00   0.000000000000000E+00   0.000000000000000E+00
   4.991245702200000E-01   7.204242785300000E+00   7.204242785300000E+00   0.000000000000000E+00  -9.984237379999999E-01   0.000000000000000E+00   0.000000000000000E+00   0.000000000000000E+00
   5.033827944000000E-01   7.265704958500000E+00   7.265704958500000E+00   0.000000000000000E+00  -9.984237379999999E-01   0.000000000000000E+00   0.000000000000000E+00   0.000000000000000E+00
   5.076410185700000E-01   7.327167131700000E+00   7.327167131700000E+00   0.000000000000000E+00  -9.984237379999999E-01   0.000000000000000E+00   0.000000000000000E+00   0.000000000000000E+00
   5.119356250700000E-01   7.389154438500000E+00   7.389154438500000E+00   0.000000000000000E+00  -9.984237379999999E-01   0.000000000000000E+00   0.000000000000000E+00   0.000000000000000E+00
   5.162302315600000E-01   7.451141745300000E+00   7.451141745300000E+00   0.000000000000000E+00  -9.984237379999999E-01   0.000000000000000E+00   0.000000000000000E+00   0.000000000000000E+00
   5.205248380600001E-01   7.513129052000000E+00   7.513129052000000E+00   0.000000000000000E+00  -9.984237379999999E-01   0.000000000000000E+00   0.000000000000000E+00   0.000000000000000E+00
   5.248194445500000E-01   7.575116358800000E+00   7.575116358800000E+00   0.000000000000000E+00  -9.984237379999999E-01   0.000000000000000E+00   0.000000000000000E+00   0.000000000000000E+00
   5.291835316400000E-01   7.638106531600000E+00   7.638106531600000E+00   0.000000000000000E+00  -9.984237379999999E-01   0.000000000000000E+00   0.000000000000000E+00   0.000000000000000E+00
   5.335476187200000E-01   7.701096704300000E+00   7.701096704300000E+00   0.000000000000000E+00  -9.984237379999999E-01   0.000000000000000E+00   0.000000000000000E+00   0.000000000000000E+00
   5.379117058100000E-01   7.764086877100000E+00   7.764086877100000E+00   0.000000000000000E+00  -9.984237379999999E-01   0.000000000000000E+00   0.000000000000000E+00   0.000000000000000E+00
   5.422757929000001E-01   7.827077049900000E+00   7.827077049900000E+00   0.000000000000000E+00  -9.984237379999999E-01   0.000000000000000E+00   0.000000000000000E+00   0.000000000000000E+00
   5.466036064599999E-01   7.889543659400000E+00   7.889543659400000E+00   0.000000000000000E+00  -9.984237379999999E-01   0.000000000000000E+00   0.000000000000000E+00   0.000000000000000E+00
   5.509314200200000E-01   7.952010268900000E+00   7.952010268900000E+00   0.000000000000000E+00  -9.984237379999999E-01   0.000000000000000E+00   0.000000000000000E+00   0.000000000000000E+00
   5.552592335900000E-01   8.014476878500000E+00   8.014476878500000E+00   0.000000000000000E+00  -9.984237379999999E-01   0.000000000000000E+00   0.000000000000000E+00   0.000000000000000E+00
   5.595870471500000E-01   8.076943488000000E+00   8.076943488000000E+00   0.000000000000000E+00  -9.984237379999999E-01   0.000000000000000E+00   0.000000000000000E+00   0.000000000000000E+00
   5.633988631200000E-01   8.131962313600001E+00   8.131962313600001E+00   0.000000000000000E+00  -9.984237379999999E-01   0.000000000000000E+00   0.000000000000000E+00   0.000000000000000E+00
   5.672106790800000E-01   8.186981139200000E+00   8.186981139200000E+00   0.000000000000000E+00  -9.984237379999999E-01   0.000000000000000E+00   0.000000000000000E+00   0.000000000000000E+00
   5.710224950500000E-01   8.241999964800000E+00   8.241999964800000E+00   0.000000000000000E+00  -9.984237379999999E-01   0.000000000000000E+00   0.000000000000000E+00   0.000000000000000E+00
   5.748343110200000E-01   8.297018790399999E+00   8.297018790399999E+00   0.000000000000000E+00  -9.984237379999999E-01   0.000000000000000E+00   0.000000000000000E+00   0.000000000000000E+00
   5.794292602600000E-01   8.363341171400000E+00   8.363341171400000E+00   0.000000000000000E+00  -9.984237379999999E-01   0.000000000000000E+00   0.000000000000000E+00   0.000000000000000E+00
   5.840242095000000E-01   8.429663552399999E+00   8.429663552399999E+00   0.000000000000000E+00  -9.984237379999999E-01   0.000000000000000E+00   0.000000000000000E+00   0.000000000000000E+00
   5.886191587400000E-01   8.495985933400000E+00   8.495985933400000E+00   0.000000000000000E+00  -9.984237379999999E-01   0.000000000000000E+00   0.000000000000000E+00   0.000000000000000E+00
   5.932141079800000E-01   8.562308314399999E+00   8.562308314399999E+00   0.000000000000000E+00  -9.984237379999999E-01   0.000000000000000E+00   0.000000000000000E+00   0.000000000000000E+00
   5.978981466600000E-01   8.629916590700001E+00   8.629916590700001E+00   0.000000000000000E+00  -9.984237379999999E-01   0.000000000000000E+00   0.000000000000000E+00   0.000000000000000E+00
   6.025821853400000E-01   8.697524867000000E+00   8.697524867000000E+00   0.000000000000000E+00  -9.984237379999999E-01   0.000000000000000E+00   0.000000000000000E+00   0.000000000000000E+00
   6.072662240200000E-01   8.765133143300000E+00   8.765133143300000E+00   0.000000000000000E+00  -9.984237379999999E-01   0.000000000000000E+00   0.000000000000000E+00   0.000000000000000E+00
   6.119502626900000E-01   8.832741419600000E+00   8.832741419600000E+00   0.000000000000000E+00  -9.984237379999999E-01   0.000000000000000E+00   0.000000000000000E+00   0.000000000000000E+00
   6.144918817200000E-01   8.869426531200000E+00   8.869426531200000E+00   0.000000000000000E+00  -9.984237379999999E-01   0.000000000000000E+00   0.000000000000000E+00   0.000000000000000E+00
   6.170335007500000E-01   8.906111642700001E+00   8.906111642700001E+00   0.000000000000000E+00  -9.984237379999999E-01   0.000000000000000E+00   0.000000000000000E+00   0.000000000000000E+00
   6.195751197700000E-01   8.942796754300000E+00   8.942796754300000E+00   0.000000000000000E+00  -9.984237379999999E-01   0.000000000000000E+00   0.000000000000000E+00   0.000000000000000E+00
   6.221167388000000E-01   8.979481865800000E+00   8.979481865800000E+00   0.000000000000000E+00  -9.984237379999999E-01   0.000000000000000E+00   0.000000000000000E+00   0.000000000000000E+00
   6.246416289000000E-01   9.015925516199999E+00   9.015925516199999E+00   0.000000000000000E+00  -9.984237379999999E-01   0.000000000000000E+00   0.000000000000000E+00   0.000000000000000E+00
   6.271665190100000E-01   9.052369166500000E+00   9.052369166500000E+00   0.000000000000000E+00  -9.984237379999999E-01   0.000000000000000E+00   0.000000000000000E+00   0.000000000000000E+00
   6.296914091100000E-01   9.088812816800001E+00   9.088812816800001E+00   0.000000000000000E+00  -9.984237379999999E-01   0.000000000000000E+00   0.000000000000000E+00   0.000000000000000E+00
   6.322162992100000E-01   9.125256467100000E+00   9.125256467100000E+00   0.000000000000000E+00  -9.984237379999999E-01   0.000000000000000E+00   0.000000000000000E+00   0.000000000000000E+00
   6.347666641100000E-01   9.162067814500000E+00   9.162067814500000E+00   0.000000000000000E+00  -9.984237379999999E-01   0.000000000000000E+00   0.000000000000000E+00   0.000000000000000E+00
   6.373170290100000E-01   9.198879161900001E+00   9.198879161900001E+00   0.000000000000000E+00  -9.984237379999999E-01   0.000000000000000E+00   0.000000000000000E+00   0.000000000000000E+00
   6.398673939200000E-01   9.235690509299999E+00   9.235690509299999E+00   0.000000000000000E+00  -9.984237379999999E-01   0.000000000000000E+00   0.000000000000000E+00   0.000000000000000E+00
   6.424177588200000E-01   9.272501856700000E+00   9.272501856700000E+00   0.000000000000000E+00  -9.984237379999999E-01   0.000000000000000E+00   0.000000000000000E+00   0.000000000000000E+00
   6.449431717800000E-01   9.308953053800000E+00   9.308953053800000E+00   0.000000000000000E+00  -9.984237379999999E-01   0.000000000000000E+00   0.000000000000000E+00   0.000000000000000E+00
   6.474685847400000E-01   9.345404250900000E+00   9.345404250900000E+00   0.000000000000000E+00  -9.984237379999999E-01   0.000000000000000E+00   0.000000000000000E+00   0.000000000000000E+00
   6.499939977000000E-01   9.381855448100000E+00   9.381855448100000E+00   0.000000000000000E+00  -9.984237379999999E-01   0.000000000000000E+00   0.000000000000000E+00   0.000000000000000E+00
   6.525194106600000E-01   9.418306645199999E+00   9.418306645199999E+00   0.000000000000000E+00  -9.984237379999999E-01   0.000000000000000E+00   0.000000000000000E+00   0.000000000000000E+00
   6.557821420700000E-01   9.465400117700000E+00   9.465400117700000E+00   0.000000000000000E+00  -9.984237379999999E-01   0.000000000000000E+00   0.000000000000000E+00   0.000000000000000E+00
   6.590448734700000E-01   9.512493590100000E+00   9.512493590100000E+00   0.000000000000000E+00  -9.984237379999999E-01   0.000000000000000E+00   0.000000000000000E+00   0.000000000000000E+00
   6.623076048800000E-01   9.559587062500000E+00   9.559587062500000E+00   0.000000000000000E+00  -9.984237379999999E-01   0.000000000000000E+00   0.000000000000000E+00   0.000000000000000E+00
   6.655703362800000E-01   9.606680535000001E+00   9.606680535000001E+00   0.000000000000000E+00  -9.984237379999999E-01   0.000000000000000E+00   0.000000000000000E+00   0.000000000000000E+00
   6.682731288600000E-01   9.645691986299999E+00   9.645691986299999E+00   0.000000000000000E+00  -9.984237379999999E-01   0.000000000000000E+00   0.000000000000000E+00   0.000000000000000E+00
   6.709759214400000E-01   9.684703437700000E+00   9.684703437700000E+00   0.000000000000000E+00  -9.984237379999999E-01   0.000000000000000E+00   0.000000000000000E+00   0.000000000000000E+00
   6.736787140100000E-01   9.723714889100000E+00   9.723714889100000E+00   0.000000000000000E+00  -9.984237379999999E-01   0.000000000000000E+00   0.000000000000000E+00   0.000000000000000E+00
   6.763815065900000E-01   9.762726340500000E+00   9.762726340500000E+00   0.000000000000000E+00  -9.984237379999999E-01   0.000000000000000E+00   0.000000000000000E+00   0.000000000000000E+00
   6.791094610900000E-01   9.802100973100000E+00   9.802100973100000E+00   0.000000000000000E+00  -9.984237379999999E-01   0.000000000000000E+00   0.000000000000000E+00   0.000000000000000E+00
   6.818374156000000E-01   9.841475605699999E+00   9.841475605699999E+00   0.000000000000000E+00  -9.984237379999999E-01   0.000000000000000E+00   0.000000000000000E+00   0.000000000000000E+00
   6.845653701000000E-01   9.880850238200001E+00   9.880850238200001E+00   0.000000000000000E+00  -9.984237379999999E-01   0.000000000000000E+00   0.000000000000000E+00   0.000000000000000E+00
   6.872933246100000E-01   9.920224870800000E+00   9.920224870800000E+00   0.000000000000000E+00  -9.984237379999999E-01   0.000000000000000E+00   0.000000000000000E+00   0.000000000000000E+00
   6.905288513900000E-01   9.966925678300001E+00   9.966925678300001E+00   0.000000000000000E+00  -9.984237379999999E-01   0.000000000000000E+00   0.000000000000000E+00   0.000000000000000E+00
   6.937643781700000E-01   1.001362648600000E+01   1.001362648600000E+01   0.000000000000000E+00  -9.984237379999999E-01   0.000000000000000E+00   0.000000000000000E+00   0.000000000000000E+00
   6.969999049600000E-01   1.006032729300000E+01   1.006032729300000E+01   0.000000000000000E+00  -9.984237379999999E-01   0.000000000000000E+00   0.000000000000000E+00   0.000000000000000E+00
   7.002354317400000E-01   1.010702810100000E+01   1.010702810100000E+01   0.000000000000000E+00  -9.984237379999999E-01   0.000000000000000E+00   0.000000000000000E+00   0.000000000000000E+00
   7.028347469200000E-01   1.014454598500000E+01   1.014454598500000E+01   0.000000000000000E+00  -9.984237379999999E-01   0.000000000000000E+00   0.000000000000000E+00   0.000000000000000E+00
   7.054340621000000E-01   1.018206386900000E+01   1.018206386900000E+01   0.000000000000000E+00  -9.984237379999999E-01   0.000000000000000E+00   0.000000000000000E+00   0.000000000000000E+00
   7.080333772700000E-01   1.021958175200000E+01   1.021958175200000E+01   0.000000000000000E+00  -9.984237379999999E-01   0.000000000000000E+00   0.000000000000000E+00   0.000000000000000E+00
   7.106326924500000E-01   1.025709963600000E+01   1.025709963600000E+01   0.000000000000000E+00  -9.984237379999999E-01   0.000000000000000E+00   0.000000000000000E+00   0.000000000000000E+00
   7.131315346500000E-01   1.029316731700000E+01   1.029316731700000E+01   0.000000000000000E+00  -9.984237379999999E-01   0.000000000000000E+00   0.000000000000000E+00   0.000000000000000E+00
   7.156303768500000E-01   1.032923499800000E+01   1.032923499800000E+01   0.000000000000000E+00  -9.984237379999999E-01   0.000000000000000E+00   0.000000000000000E+00   0.000000000000000E+00
   7.181292190400000E-01   1.036530268000000E+01   1.036530268000000E+01   0.000000000000000E+00  -9.984237379999999E-01   0.000000000000000E+00   0.000000000000000E+00   0.000000000000000E+00
   7.206280612400000E-01   1.040137036100000E+01   1.040137036100000E+01   0.000000000000000E+00  -9.984237379999999E-01   0.000000000000000E+00   0.000000000000000E+00   0.000000000000000E+00
   7.227327631000000E-01   1.043174911600000E+01   1.043174911600000E+01   0.000000000000000E+00  -9.984237379999999E-01   0.000000000000000E+00   0.000000000000000E+00   0.000000000000000E+00
   7.248374649600000E-01   1.046212787100000E+01   1.046212787100000E+01   0.000000000000000E+00  -9.984237379999999E-01   0.000000000000000E+00   0.000000000000000E+00   0.000000000000000E+00
   7.269421668300000E-01   1.049250662700000E+01   1.049250662700000E+01   0.000000000000000E+00  -9.984237379999999E-01   0.000000000000000E+00   0.000000000000000E+00   0.000000000000000E+00
   7.290468686900000E-01   1.052288538200000E+01   1.052288538200000E+01   0.000000000000000E+00  -9.984237379999999E-01   0.000000000000000E+00   0.000000000000000E+00   0.000000000000000E+00
   7.309836098300000E-01   1.055083983300000E+01   1.055083983300000E+01   0.000000000000000E+00  -9.984237379999999E-01   0.000000000000000E+00   0.000000000000000E+00   0.000000000000000E+00
   7.329203509800000E-01   1.057879428500000E+01   1.057879428500000E+01   0.000000000000000E+00  -9.984237379999999E-01   0.000000000000000E+00   0.000000000000000E+00   0.000000000000000E+00
   7.348570921299999E-01   1.060674873600000E+01   1.060674873600000E+01   0.000000000000000E+00  -9.984237379999999E-01   0.000000000000000E+00   0.000000000000000E+00   0.000000000000000E+00
   7.367938332700000E-01   1.063470318700000E+01   1.063470318700000E+01   0.000000000000000E+00  -9.984237379999999E-01   0.000000000000000E+00   0.000000000000000E+00   0.000000000000000E+00
   7.386695639200000E-01   1.066177702700000E+01   1.066177702700000E+01   0.000000000000000E+00  -9.984237379999999E-01   0.000000000000000E+00   0.000000000000000E+00   0.000000000000000E+00
   7.405452945700000E-01   1.068885086800000E+01   1.068885086800000E+01   0.000000000000000E+00  -9.984237379999999E-01   0.000000000000000E+00   0.000000000000000E+00   0.000000000000000E+00
   7.424210252100000E-01   1.071592470800000E+01   1.071592470800000E+01   0.000000000000000E+00  -9.984237379999999E-01   0.000000000000000E+00   0.000000000000000E+00   0.000000000000000E+00
   7.442967558600000E-01   1.074299854900000E+01   1.074299854900000E+01   0.000000000000000E+00  -9.984237379999999E-01   0.000000000000000E+00   0.000000000000000E+00   0.000000000000000E+00
   7.460878678500000E-01   1.076885102400000E+01   1.076885102400000E+01   0.000000000000000E+00  -9.984237379999999E-01   0.000000000000000E+00   0.000000000000000E+00   0.000000000000000E+00
   7.478789798500000E-01   1.079470349900000E+01   1.079470349900000E+01   0.000000000000000E+00  -9.984237379999999E-01   0.000000000000000E+00   0.000000000000000E+00   0.000000000000000E+00
   7.496700918500000E-01   1.082055597500000E+01   1.082055597500000E+01   0.000000000000000E+00  -9.984237379999999E-01   0.000000000000000E+00   0.000000000000000E+00   0.000000000000000E+00
   7.514612038400000E-01   1.084640845000000E+01   1.084640845000000E+01   0.000000000000000E+00  -9.984237379999999E-01   0.000000000000000E+00   0.000000000000000E+00   0.000000000000000E+00
   7.536541177600000E-01   1.087806043700000E+01   1.087806043700000E+01   0.000000000000000E+00  -9.984237379999999E-01   0.000000000000000E+00   0.000000000000000E+00   0.000000000000000E+00
   7.558470316700000E-01   1.090971242400000E+01   1.090971242400000E+01   0.000000000000000E+00  -9.984237379999999E-01   0.000000000000000E+00   0.000000000000000E+00   0.000000000000000E+00
   7.580399455800000E-01   1.094136441000000E+01   1.094136441000000E+01   0.000000000000000E+00  -9.984237379999999E-01   0.000000000000000E+00   0.000000000000000E+00   0.000000000000000E+00
   7.602328595000000E-01   1.097301639700000E+01   1.097301639700000E+01   0.000000000000000E+00  -9.984237379999999E-01   0.000000000000000E+00   0.000000000000000E+00   0.000000000000000E+00
   7.625871700500000E-01   1.100699794400000E+01   1.100699794400000E+01   0.000000000000000E+00  -9.984237379999999E-01   0.000000000000000E+00   0.000000000000000E+00   0.000000000000000E+00
   7.649414806100000E-01   1.104097949000000E+01   1.104097949000000E+01   0.000000000000000E+00  -9.984237379999999E-01   0.000000000000000E+00   0.000000000000000E+00   0.000000000000000E+00
   7.672957911600000E-01   1.107496103700000E+01   1.107496103700000E+01   0.000000000000000E+00  -9.984237379999999E-01   0.000000000000000E+00   0.000000000000000E+00   0.000000000000000E+00
   7.696501017200000E-01   1.110894258300000E+01   1.110894258300000E+01   0.000000000000000E+00  -9.984237379999999E-01   0.000000000000000E+00   0.000000000000000E+00   0.000000000000000E+00
   7.715916376200000E-01   1.113696624100000E+01   1.113696624100000E+01   0.000000000000000E+00  -9.984237379999999E-01   0.000000000000000E+00   0.000000000000000E+00   0.000000000000000E+00
   7.735331735300000E-01   1.116498989800000E+01   1.116498989800000E+01   0.000000000000000E+00  -9.984237379999999E-01   0.000000000000000E+00   0.000000000000000E+00   0.000000000000000E+00
   7.754747094400000E-01   1.119301355600000E+01   1.119301355600000E+01   0.000000000000000E+00  -9.984237379999999E-01   0.000000000000000E+00   0.000000000000000E+00   0.000000000000000E+00
   7.774162453400000E-01   1.122103721400000E+01   1.122103721400000E+01   0.000000000000000E+00  -9.984237379999999E-01   0.000000000000000E+00   0.000000000000000E+00   0.000000000000000E+00
   7.794763730399999E-01   1.125077259600000E+01   1.125077259600000E+01   0.000000000000000E+00  -9.984237379999999E-01   0.000000000000000E+00   0.000000000000000E+00   0.000000000000000E+00
   7.815365007300000E-01   1.128050797900000E+01   1.128050797900000E+01   0.000000000000000E+00  -9.984237379999999E-01   0.000000000000000E+00   0.000000000000000E+00   0.000000000000000E+00
   7.835966284300000E-01   1.131024336100000E+01   1.131024336100000E+01   0.000000000000000E+00  -9.984237379999999E-01   0.000000000000000E+00   0.000000000000000E+00   0.000000000000000E+00
   7.856567561200000E-01   1.133997874400000E+01   1.133997874400000E+01   0.000000000000000E+00  -9.984237379999999E-01   0.000000000000000E+00   0.000000000000000E+00   0.000000000000000E+00
   7.875160317500000E-01   1.136681507700000E+01   1.136681507700000E+01   0.000000000000000E+00  -9.984237379999999E-01   0.000000000000000E+00   0.000000000000000E+00   0.000000000000000E+00
   7.893753073799999E-01   1.139365141000000E+01   1.139365141000000E+01   0.000000000000000E+00  -9.984237379999999E-01   0.000000000000000E+00   0.000000000000000E+00   0.000000000000000E+00
   7.912345830200000E-01   1.142048774200000E+01   1.142048774200000E+01   0.000000000000000E+00  -9.984237379999999E-01   0.000000000000000E+00   0.000000000000000E+00   0.000000000000000E+00
   7.930938586500000E-01   1.144732407500000E+01   1.144732407500000E+01   0.000000000000000E+00  -9.984237379999999E-01   0.000000000000000E+00   0.000000000000000E+00   0.000000000000000E+00
   7.950858259900000E-01   1.147607564800000E+01   1.147607564800000E+01   0.000000000000000E+00  -9.984237379999999E-01   0.000000000000000E+00   0.000000000000000E+00   0.000000000000000E+00
   7.970777933199999E-01   1.150482722000000E+01   1.150482722000000E+01   0.000000000000000E+00  -9.984237379999999E-01   0.000000000000000E+00   0.000000000000000E+00   0.000000000000000E+00
   7.990697606600000E-01   1.153357879300000E+01   1.153357879300000E+01   0.000000000000000E+00  -9.984237379999999E-01   0.000000000000000E+00   0.000000000000000E+00   0.000000000000000E+00
   8.010617279900000E-01   1.156233036600000E+01   1.156233036600000E+01   0.000000000000000E+00  -9.984237379999999E-01   0.000000000000000E+00   0.000000000000000E+00   0.000000000000000E+00
   8.033081564500000E-01   1.159475476800000E+01   1.159475476800000E+01   0.000000000000000E+00  -9.984237379999999E-01   0.000000000000000E+00   0.000000000000000E+00   0.000000000000000E+00
   8.055545849000000E-01   1.162717917100000E+01   1.162717917100000E+01   0.000000000000000E+00  -9.984237379999999E-01   0.000000000000000E+00   0.000000000000000E+00   0.000000000000000E+00
   8.078010133500000E-01   1.165960357300000E+01   1.165960357300000E+01   0.000000000000000E+00  -9.984237379999999E-01   0.000000000000000E+00   0.000000000000000E+00   0.000000000000000E+00
   8.100474418000000E-01   1.169202797500000E+01   1.169202797500000E+01   0.000000000000000E+00  -9.984237379999999E-01   0.000000000000000E+00   0.000000000000000E+00   0.000000000000000E+00
   8.118595313000000E-01   1.171818323500000E+01   1.171818323500000E+01   0.000000000000000E+00  -9.984237379999999E-01   0.000000000000000E+00   0.000000000000000E+00   0.000000000000000E+00
   8.136716207900000E-01   1.174433849500000E+01   1.174433849500000E+01   0.000000000000000E+00  -9.984237379999999E-01   0.000000000000000E+00   0.000000000000000E+00   0.000000000000000E+00
   8.154837102900000E-01   1.177049375400000E+01   1.177049375400000E+01   0.000000000000000E+00  -9.984237379999999E-01   0.000000000000000E+00   0.000000000000000E+00   0.000000000000000E+00
   8.172957997900000E-01   1.179664901400000E+01   1.179664901400000E+01   0.000000000000000E+00  -9.984237379999999E-01   0.000000000000000E+00   0.000000000000000E+00   0.000000000000000E+00
   8.193509509100000E-01   1.182631256600000E+01   1.182631256600000E+01   0.000000000000000E+00  -9.984237379999999E-01   0.000000000000000E+00   0.000000000000000E+00   0.000000000000000E+00
   8.214061020300000E-01   1.185597611800000E+01   1.185597611800000E+01   0.000000000000000E+00  -9.984237379999999E-01   0.000000000000000E+00   0.000000000000000E+00   0.000000000000000E+00
   8.234612531500000E-01   1.188563967000000E+01   1.188563967000000E+01   0.000000000000000E+00  -9.984237379999999E-01   0.000000000000000E+00   0.000000000000000E+00   0.000000000000000E+00
   8.255164042599999E-01   1.191530322200000E+01   1.191530322200000E+01   0.000000000000000E+00  -9.984237379999999E-01   0.000000000000000E+00   0.000000000000000E+00   0.000000000000000E+00
   8.271695445300000E-01   1.193916424700000E+01   1.193916424700000E+01   0.000000000000000E+00  -9.984237379999999E-01   0.000000000000000E+00   0.000000000000000E+00   0.000000000000000E+00
   8.288226848000000E-01   1.196302527200000E+01   1.196302527200000E+01   0.000000000000000E+00  -9.984237379999999E-01   0.000000000000000E+00   0.000000000000000E+00   0.000000000000000E+00
   8.304758250700000E-01   1.198688629700000E+01   1.198688629700000E+01   0.000000000000000E+00  -9.984237379999999E-01   0.000000000000000E+00   0.000000000000000E+00   0.000000000000000E+00
   8.321289653400000E-01   1.201074732200000E+01   1.201074732200000E+01   0.000000000000000E+00  -9.984237379999999E-01   0.000000000000000E+00   0.000000000000000E+00   0.000000000000000E+00
   8.338877452400000E-01   1.203613312300000E+01   1.203613312300000E+01   0.000000000000000E+00  -9.984237379999999E-01   0.000000000000000E+00   0.000000000000000E+00   0.000000000000000E+00
   8.356465251400000E-01   1.206151892500000E+01   1.206151892500000E+01   0.000000000000000E+00  -9.984237379999999E-01   0.000000000000000E+00   0.000000000000000E+00   0.000000000000000E+00
   8.374053050300000E-01   1.208690472700000E+01   1.208690472700000E+01   0.000000000000000E+00  -9.984237379999999E-01   0.000000000000000E+00   0.000000000000000E+00   0.000000000000000E+00
   8.391640849300001E-01   1.211229052900000E+01   1.211229052900000E+01   0.000000000000000E+00  -9.984237379999999E-01   0.000000000000000E+00   0.000000000000000E+00   0.000000000000000E+00
   8.409457121100000E-01   1.213800610300000E+01   1.213800610300000E+01   0.000000000000000E+00  -9.984237379999999E-01   0.000000000000000E+00   0.000000000000000E+00   0.000000000000000E+00
   8.427273393000000E-01   1.216372167600000E+01   1.216372167600000E+01   0.000000000000000E+00  -9.984237379999999E-01   0.000000000000000E+00   0.000000000000000E+00   0.000000000000000E+00
   8.445089664800000E-01   1.218943725000000E+01   1.218943725000000E+01   0.000000000000000E+00  -9.984237379999999E-01   0.000000000000000E+00   0.000000000000000E+00   0.000000000000000E+00
   8.462905936600000E-01   1.221515282400000E+01   1.221515282400000E+01   0.000000000000000E+00  -9.984237379999999E-01   0.000000000000000E+00   0.000000000000000E+00   0.000000000000000E+00
   8.480130564200000E-01   1.224001443300000E+01   1.224001443300000E+01   0.000000000000000E+00  -9.984237379999999E-01   0.000000000000000E+00   0.000000000000000E+00   0.000000000000000E+00
   8.497355191800000E-01   1.226487604200000E+01   1.226487604200000E+01   0.000000000000000E+00  -9.984237379999999E-01   0.000000000000000E+00   0.000000000000000E+00   0.000000000000000E+00
   8.514579819300000E-01   1.228973765100000E+01   1.228973765100000E+01   0.000000000000000E+00  -9.984237379999999E-01   0.000000000000000E+00   0.000000000000000E+00   0.000000000000000E+00
   8.531804446900000E-01   1.231459926000000E+01   1.231459926000000E+01   0.000000000000000E+00  -9.984237379999999E-01   0.000000000000000E+00   0.000000000000000E+00   0.000000000000000E+00
   8.547992834900000E-01   1.233796518600000E+01   1.233796518600000E+01   0.000000000000000E+00  -9.984237379999999E-01   0.000000000000000E+00   0.000000000000000E+00   0.000000000000000E+00
   8.564181222800000E-01   1.236133111200000E+01   1.236133111200000E+01   0.000000000000000E+00  -9.984237379999999E-01   0.000000000000000E+00   0.000000000000000E+00   0.000000000000000E+00
   8.580369610800000E-01   1.238469703800000E+01   1.238469703800000E+01   0.000000000000000E+00  -9.984237379999999E-01   0.000000000000000E+00   0.000000000000000E+00   0.000000000000000E+00
   8.596557998700000E-01   1.240806296400000E+01   1.240806296400000E+01   0.000000000000000E+00  -9.984237379999999E-01   0.000000000000000E+00   0.000000000000000E+00   0.000000000000000E+00
   8.613137250600000E-01   1.243199305300000E+01   1.243199305300000E+01   0.000000000000000E+00  -9.984237379999999E-01   0.000000000000000E+00   0.000000000000000E+00   0.000000000000000E+00
   8.629716502400000E-01   1.245592314200000E+01   1.245592314200000E+01   0.000000000000000E+00  -9.984237379999999E-01   0.000000000000000E+00   0.000000000000000E+00   0.000000000000000E+00
   8.646295754300000E-01   1.247985323200000E+01   1.247985323200000E+01   0.000000000000000E+00  -9.984237379999999E-01   0.000000000000000E+00   0.000000000000000E+00   0.000000000000000E+00
   8.662875006100000E-01   1.250378332100000E+01   1.250378332100000E+01   0.000000000000000E+00  -9.984237379999999E-01   0.000000000000000E+00   0.000000000000000E+00   0.000000000000000E+00
   8.681701939200001E-01   1.253095765900000E+01   1.253095765900000E+01   0.000000000000000E+00  -9.984237379999999E-01   0.000000000000000E+00   0.000000000000000E+00   0.000000000000000E+00
   8.700528872200000E-01   1.255813199700000E+01   1.255813199700000E+01   0.000000000000000E+00  -9.984237379999999E-01   0.000000000000000E+00   0.000000000000000E+00   0.000000000000000E+00
   8.719355805300000E-01   1.258530633400000E+01   1.258530633400000E+01   0.000000000000000E+00  -9.984237379999999E-01   0.000000000000000E+00   0.000000000000000E+00   0.000000000000000E+00
   8.738182738300000E-01   1.261248067200000E+01   1.261248067200000E+01   0.000000000000000E+00  -9.984237379999999E-01   0.000000000000000E+00   0.000000000000000E+00   0.000000000000000E+00
   8.759966421599999E-01   1.264392271100000E+01   1.264392271100000E+01   0.000000000000000E+00  -9.984237379999999E-01   0.000000000000000E+00   0.000000000000000E+00   0.000000000000000E+00
   8.781750104800000E-01   1.267536475000000E+01   1.267536475000000E+01   0.000000000000000E+00  -9.984237379999999E-01   0.000000000000000E+00   0.000000000000000E+00   0.000000000000000E+00
   8.803533788000000E-01   1.270680678900000E+01   1.270680678900000E+01   0.000000000000000E+00  -9.984237379999999E-01   0.000000000000000E+00   0.000000000000000E+00   0.000000000000000E+00
   8.825317471200000E-01   1.273824882900000E+01   1.273824882900000E+01   0.000000000000000E+00  -9.984237379999999E-01   0.000000000000000E+00   0.000000000000000E+00   0.000000000000000E+00
   8.845505388500000E-01   1.276738757800000E+01   1.276738757800000E+01   0.000000000000000E+00  -9.984237379999999E-01   0.000000000000000E+00   0.000000000000000E+00   0.000000000000000E+00
   8.865693305700000E-01   1.279652632700000E+01   1.279652632700000E+01   0.000000000000000E+00  -9.984237379999999E-01   0.000000000000000E+00   0.000000000000000E+00   0.000000000000000E+00
   8.885881222999999E-01   1.282566507700000E+01   1.282566507700000E+01   0.000000000000000E+00  -9.984237379999999E-01   0.000000000000000E+00   0.000000000000000E+00   0.000000000000000E+00
   8.906069140200000E-01   1.285480382600000E+01   1.285480382600000E+01   0.000000000000000E+00  -9.984237379999999E-01   0.000000000000000E+00   0.000000000000000E+00   0.000000000000000E+00
   8.923204510500000E-01   1.287953660300000E+01   1.287953660300000E+01   0.000000000000000E+00  -9.984237379999999E-01   0.000000000000000E+00   0.000000000000000E+00   0.000000000000000E+00
   8.940339880900000E-01   1.290426938000000E+01   1.290426938000000E+01   0.000000000000000E+00  -9.984237379999999E-01   0.000000000000000E+00   0.000000000000000E+00   0.000000000000000E+00
   8.957475251200000E-01   1.292900215700000E+01   1.292900215700000E+01   0.000000000000000E+00  -9.984237379999999E-01   0.000000000000000E+00   0.000000000000000E+00   0.000000000000000E+00
   8.974610621500000E-01   1.295373493500000E+01   1.295373493500000E+01   0.000000000000000E+00  -9.984237379999999E-01   0.000000000000000E+00   0.000000000000000E+00   0.000000000000000E+00
   8.990573153100000E-01   1.297677486500000E+01   1.297677486500000E+01   0.000000000000000E+00  -9.984237379999999E-01   0.000000000000000E+00   0.000000000000000E+00   0.000000000000000E+00
   9.006535684600000E-01   1.299981479500000E+01   1.299981479500000E+01   0.000000000000000E+00  -9.984237379999999E-01   0.000000000000000E+00   0.000000000000000E+00   0.000000000000000E+00
   9.022498216200000E-01   1.302285472500000E+01   1.302285472500000E+01   0.000000000000000E+00  -9.984237379999999E-01   0.000000000000000E+00   0.000000000000000E+00   0.000000000000000E+00
   9.038460747700000E-01   1.304589465600000E+01   1.304589465600000E+01   0.000000000000000E+00  -9.984237379999999E-01   0.000000000000000E+00   0.000000000000000E+00   0.000000000000000E+00
   9.053888497400000E-01   1.306816269500000E+01   1.306816269500000E+01   0.000000000000000E+00  -9.984237379999999E-01   0.000000000000000E+00   0.000000000000000E+00   0.000000000000000E+00
   9.069316247100000E-01   1.309043073400000E+01   1.309043073400000E+01   0.000000000000000E+00  -9.984237379999999E-01   0.000000000000000E+00   0.000000000000000E+00   0.000000000000000E+00
   9.084743996800000E-01   1.311269877300000E+01   1.311269877300000E+01   0.000000000000000E+00  -9.984237379999999E-01   0.000000000000000E+00   0.000000000000000E+00   0.000000000000000E+00
   9.100171746500000E-01   1.313496681200000E+01   1.313496681200000E+01   0.000000000000000E+00  -9.984237379999999E-01   0.000000000000000E+00   0.000000000000000E+00   0.000000000000000E+00
   9.114330222300000E-01   1.315540281200000E+01   1.315540281200000E+01   0.000000000000000E+00  -9.984237379999999E-01   0.000000000000000E+00   0.000000000000000E+00   0.000000000000000E+00
   9.128488698100000E-01   1.317583881200000E+01   1.317583881200000E+01   0.000000000000000E+00  -9.984237379999999E-01   0.000000000000000E+00   0.000000000000000E+00   0.000000000000000E+00
   9.142647173900000E-01   1.319627481200000E+01   1.319627481200000E+01   0.000000000000000E+00  -9.984237379999999E-01   0.000000000000000E+00   0.000000000000000E+00   0.000000000000000E+00
   9.156805649700001E-01   1.321671081200000E+01   1.321671081200000E+01   0.000000000000000E+00  -9.984237379999999E-01   0.000000000000000E+00   0.000000000000000E+00   0.000000000000000E+00
   9.169712591100000E-01   1.323534037800000E+01   1.323534037800000E+01   0.000000000000000E+00  -9.984237379999999E-01   0.000000000000000E+00   0.000000000000000E+00   0.000000000000000E+00
   9.182619532600000E-01   1.325396994300000E+01   1.325396994300000E+01   0.000000000000000E+00  -9.984237379999999E-01   0.000000000000000E+00   0.000000000000000E+00   0.000000000000000E+00
   9.195526474000000E-01   1.327259950900000E+01   1.327259950900000E+01   0.000000000000000E+00  -9.984237379999999E-01   0.000000000000000E+00   0.000000000000000E+00   0.000000000000000E+00
   9.208433415400000E-01   1.329122907500000E+01   1.329122907500000E+01   0.000000000000000E+00  -9.984237379999999E-01   0.000000000000000E+00   0.000000000000000E+00   0.000000000000000E+00
   9.220151758700000E-01   1.330814304700000E+01   1.330814304700000E+01   0.000000000000000E+00  -9.984237379999999E-01   0.000000000000000E+00   0.000000000000000E+00   0.000000000000000E+00
   9.231870102100000E-01   1.332505701900000E+01   1.332505701900000E+01   0.000000000000000E+00  -9.984237379999999E-01   0.000000000000000E+00   0.000000000000000E+00   0.000000000000000E+00
   9.243588445399999E-01   1.334197099100000E+01   1.334197099100000E+01   0.000000000000000E+00  -9.984237379999999E-01   0.000000000000000E+00   0.000000000000000E+00   0.000000000000000E+00
   9.255306788700000E-01   1.335888496300000E+01   1.335888496300000E+01   0.000000000000000E+00  -9.984237379999999E-01   0.000000000000000E+00   0.000000000000000E+00   0.000000000000000E+00
   9.267770157100000E-01   1.337687428600000E+01   1.337687428600000E+01   0.000000000000000E+00  -9.984237379999999E-01   0.000000000000000E+00   0.000000000000000E+00   0.000000000000000E+00
   9.280233525500000E-01   1.339486360900000E+01   1.339486360900000E+01   0.000000000000000E+00  -9.984237379999999E-01   0.000000000000000E+00   0.000000000000000E+00   0.000000000000000E+00
   9.292696894000000E-01   1.341285293300000E+01   1.341285293300000E+01   0.000000000000000E+00  -9.984237379999999E-01   0.000000000000000E+00   0.000000000000000E+00   0.000000000000000E+00
   9.305160262400000E-01   1.343084225600000E+01   1.343084225600000E+01   0.000000000000000E+00  -9.984237379999999E-01   0.000000000000000E+00   0.000000000000000E+00   0.000000000000000E+00
   9.315638977300000E-01   1.344596697800000E+01   1.344596697800000E+01   0.000000000000000E+00  -9.984237379999999E-01   0.000000000000000E+00   0.000000000000000E+00   0.000000000000000E+00
   9.326117692200000E-01   1.346109170100000E+01   1.346109170100000E+01   0.000000000000000E+00  -9.984237379999999E-01   0.000000000000000E+00   0.000000000000000E+00   0.000000000000000E+00
   9.336596407200000E-01   1.347621642300000E+01   1.347621642300000E+01   0.000000000000000E+00  -9.984237379999999E-01   0.000000000000000E+00   0.000000000000000E+00   0.000000000000000E+00
   9.347075122100000E-01   1.349134114600000E+01   1.349134114600000E+01   0.000000000000000E+00  -9.984237379999999E-01   0.000000000000000E+00   0.000000000000000E+00   0.000000000000000E+00
   9.356967517400000E-01   1.350561958900000E+01   1.350561958900000E+01   0.000000000000000E+00  -9.984237379999999E-01   0.000000000000000E+00   0.000000000000000E+00   0.000000000000000E+00
   9.366859912700000E-01   1.351989803200000E+01   1.351989803200000E+01   0.000000000000000E+00  -9.984237379999999E-01   0.000000000000000E+00   0.000000000000000E+00   0.000000000000000E+00
   9.376752308100000E-01   1.353417647500000E+01   1.353417647500000E+01   0.000000000000000E+00  -9.984237379999999E-01   0.000000000000000E+00   0.000000000000000E+00   0.000000000000000E+00
   9.386644703400000E-01   1.354845491800000E+01   1.354845491800000E+01   0.000000000000000E+00  -9.984237379999999E-01   0.000000000000000E+00   0.000000000000000E+00   0.000000000000000E+00
   9.396763605300000E-01   1.356306029500000E+01   1.356306029500000E+01   0.000000000000000E+00  -9.984237379999999E-01   0.000000000000000E+00   0.000000000000000E+00   0.000000000000000E+00
   9.406882507200000E-01   1.357766567300000E+01   1.357766567300000E+01   0.000000000000000E+00  -9.984237379999999E-01   0.000000000000000E+00   0.000000000000000E+00   0.000000000000000E+00
   9.417001409100000E-01   1.359227105000000E+01   1.359227105000000E+01   0.000000000000000E+00  -9.984237379999999E-01   0.000000000000000E+00   0.000000000000000E+00   0.000000000000000E+00
   9.427120311000000E-01   1.360687642700000E+01   1.360687642700000E+01   0.000000000000000E+00  -9.984237379999999E-01   0.000000000000000E+00   0.000000000000000E+00   0.000000000000000E+00
   9.436920409200000E-01   1.362102165100000E+01   1.362102165100000E+01   0.000000000000000E+00  -9.984237379999999E-01   0.000000000000000E+00   0.000000000000000E+00   0.000000000000000E+00
   9.446720507500000E-01   1.363516687400000E+01   1.363516687400000E+01   0.000000000000000E+00  -9.984237379999999E-01   0.000000000000000E+00   0.000000000000000E+00   0.000000000000000E+00
   9.456520605800000E-01   1.364931209800000E+01   1.364931209800000E+01   0.000000000000000E+00  -9.984237379999999E-01   0.000000000000000E+00   0.000000000000000E+00   0.000000000000000E+00
   9.466320704100000E-01   1.366345732200000E+01   1.366345732200000E+01   0.000000000000000E+00  -9.984237379999999E-01   0.000000000000000E+00   0.000000000000000E+00   0.000000000000000E+00
   9.475924735500000E-01   1.367731954800000E+01   1.367731954800000E+01   0.000000000000000E+00  -9.984237379999999E-01   0.000000000000000E+00   0.000000000000000E+00   0.000000000000000E+00
   9.485528767000000E-01   1.369118177300000E+01   1.369118177300000E+01   0.000000000000000E+00  -9.984237379999999E-01   0.000000000000000E+00   0.000000000000000E+00   0.000000000000000E+00
   9.495132798500000E-01   1.370504399900000E+01   1.370504399900000E+01   0.000000000000000E+00  -9.984237379999999E-01   0.000000000000000E+00   0.000000000000000E+00   0.000000000000000E+00
   9.504736829900000E-01   1.371890622500000E+01   1.371890622500000E+01   0.000000000000000E+00  -9.984237379999999E-01   0.000000000000000E+00   0.000000000000000E+00   0.000000000000000E+00
   9.515884373800000E-01   1.373499631900000E+01   1.373499631900000E+01   0.000000000000000E+00  -9.984237379999999E-01   0.000000000000000E+00   0.000000000000000E+00   0.000000000000000E+00
   9.527031917800000E-01   1.375108641300000E+01   1.375108641300000E+01   0.000000000000000E+00  -9.984237379999999E-01   0.000000000000000E+00   0.000000000000000E+00   0.000000000000000E+00
   9.538179461700000E-01   1.376717650700000E+01   1.376717650700000E+01   0.000000000000000E+00  -9.984237379999999E-01   0.000000000000000E+00   0.000000000000000E+00   0.000000000000000E+00
   9.549327005600000E-01   1.378326660100000E+01   1.378326660100000E+01   0.000000000000000E+00  -9.984237379999999E-01   0.000000000000000E+00   0.000000000000000E+00   0.000000000000000E+00
   9.566263292800000E-01   1.380771202600000E+01   1.380771202600000E+01   0.000000000000000E+00  -9.984237379999999E-01   0.000000000000000E+00   0.000000000000000E+00   0.000000000000000E+00
   9.583199580000000E-01   1.383215745200000E+01   1.383215745200000E+01   0.000000000000000E+00  -9.984237379999999E-01   0.000000000000000E+00   0.000000000000000E+00   0.000000000000000E+00
   9.600135867200000E-01   1.385660287700000E+01   1.385660287700000E+01   0.000000000000000E+00  -9.984237379999999E-01   0.000000000000000E+00   0.000000000000000E+00   0.000000000000000E+00
   9.617072154400000E-01   1.388104830300000E+01   1.388104830300000E+01   0.000000000000000E+00  -9.984237379999999E-01   0.000000000000000E+00   0.000000000000000E+00   0.000000000000000E+00
   9.640150736200001E-01   1.391435936700000E+01   1.391435936700000E+01   0.000000000000000E+00  -9.984237379999999E-01   0.000000000000000E+00   0.000000000000000E+00   0.000000000000000E+00
   9.663229317900000E-01   1.394767043100000E+01   1.394767043100000E+01   0.000000000000000E+00  -9.984237379999999E-01   0.000000000000000E+00   0.000000000000000E+00   0.000000000000000E+00
   9.686307899600000E-01   1.398098149500000E+01   1.398098149500000E+01   0.000000000000000E+00  -9.984237379999999E-01   0.000000000000000E+00   0.000000000000000E+00   0.000000000000000E+00
   9.709386481400000E-01   1.401429256000000E+01   1.401429256000000E+01   0.000000000000000E+00  -9.984237379999999E-01   0.000000000000000E+00   0.000000000000000E+00   0.000000000000000E+00
   9.737948971100000E-01   1.405551896300000E+01   1.405551896300000E+01   0.000000000000000E+00  -9.984237379999999E-01   0.000000000000000E+00   0.000000000000000E+00   0.000000000000000E+00
   9.766511460700000E-01   1.409674536700000E+01   1.409674536700000E+01   0.000000000000000E+00  -9.984237379999999E-01   0.000000000000000E+00   0.000000000000000E+00   0.000000000000000E+00
   9.795073950400000E-01   1.413797177100000E+01   1.413797177100000E+01   0.000000000000000E+00  -9.984237379999999E-01   0.000000000000000E+00   0.000000000000000E+00   0.000000000000000E+00
   9.823636440100000E-01   1.417919817400000E+01   1.417919817400000E+01   0.000000000000000E+00  -9.984237379999999E-01   0.000000000000000E+00   0.000000000000000E+00   0.000000000000000E+00
   9.845681748800000E-01   1.421101783700000E+01   1.421101783700000E+01   0.000000000000000E+00  -9.984237379999999E-01   0.000000000000000E+00   0.000000000000000E+00   0.000000000000000E+00
   9.867727057400000E-01   1.424283750000000E+01   1.424283750000000E+01   0.000000000000000E+00  -9.984237379999999E-01   0.000000000000000E+00   0.000000000000000E+00   0.000000000000000E+00
   9.889772366100000E-01   1.427465716300000E+01   1.427465716300000E+01   0.000000000000000E+00  -9.984237379999999E-01   0.000000000000000E+00   0.000000000000000E+00   0.000000000000000E+00
   9.911817674800000E-01   1.430647682600000E+01   1.430647682600000E+01   0.000000000000000E+00  -9.984237379999999E-01   0.000000000000000E+00   0.000000000000000E+00   0.000000000000000E+00
   9.933863256100000E-01   1.433829688300000E+01   1.433829688300000E+01   0.000000000000000E+00  -9.984237379999999E-01   0.000000000000000E+00   0.000000000000000E+00   0.000000000000000E+00
   9.955908837400000E-01   1.437011693900000E+01   1.437011693900000E+01   0.000000000000000E+00  -9.984237379999999E-01   0.000000000000000E+00   0.000000000000000E+00   0.000000000000000E+00
   9.977954418700000E-01   1.440193699600000E+01   1.440193699600000E+01   0.000000000000000E+00  -9.984237379999999E-01   0.000000000000000E+00   0.000000000000000E+00   0.000000000000000E+00
   1.000000000000000E+00   1.443375705200000E+01   1.443375705200000E+01   0.000000000000000E+00  -9.984237379999999E-01   0.000000000000000E+00   0.000000000000000E+00   0.000000000000000E+00
