   0.000000000000000E+00   0.000000000000000E+00   0.000000000000000E+00   0.000000000000000E+00  -1.887714128900000E-01  -9.443684319700000E-03   0.000000000000000E+00   4.403048981100000E-02
   4.797853739600000E-03   6.925105524899999E-02   7.307036433899999E-02   1.456427964900000E-04  -1.887700902100000E-01  -9.443650741999999E-03   3.996341682200000E-03   4.469304955200000E-02
   9.595707479299999E-03   1.385021105000000E-01   1.461366377500000E-01   5.854000986000000E-04  -1.887661240100000E-01  -9.443414706100000E-03   8.049867487200000E-03   4.530004299800000E-02
   1.439356121900000E-02   2.077531657500000E-01   2.191980730600000E-01   1.323240356600000E-03  -1.887595173500000E-01  -9.442771139200000E-03   1.215553690000000E-02   4.585069522600000E-02
   1.919141495900000E-02   2.770042210000000E-01   2.922538943600000E-01   2.362761606300000E-03  -1.887502738600000E-01  -9.441512348300001E-03   1.630824216700000E-02   4.634428830900000E-02
   2.398926869800000E-02   3.462552762400000E-01   3.653033016600000E-01   3.707186851100000E-03  -1.887383977100000E-01  -9.439428278500001E-03   2.050281347000000E-02   4.678016209800000E-02
   2.931207162600000E-02   4.230833205400000E-01   4.463367891300000E-01   5.558916104400000E-03  -1.887221474000000E-01  -9.435893159100000E-03   2.519897396500000E-02   4.719546091800000E-02
   3.463487455400000E-02   4.999113648400000E-01   5.273602344500000E-01   7.792742519000000E-03  -1.887026699100000E-01  -9.430788808100001E-03   2.993301830300000E-02   4.753824355700000E-02
   3.995767748200000E-02   5.767394091400000E-01   6.083724855400000E-01   1.041141102100000E-02  -1.886799734100000E-01  -9.423820575500000E-03   3.469766681400000E-02   4.780786432900000E-02
   4.528048041000000E-02   6.535674534400000E-01   6.893723861100000E-01   1.341707563300000E-02  -1.886540669300000E-01  -9.414691929199999E-03   3.948557986900000E-02   4.800376899400000E-02
   5.060328333800000E-02   7.303954977300000E-01   7.703587848300000E-01   1.681129532300000E-02  -1.886249604100000E-01  -9.403104910800000E-03   4.428936705800000E-02   4.812549549400000E-02
   5.570541682700000E-02   8.040384529600000E-01   8.479739732500000E-01   2.043042065100000E-02  -1.885940667700000E-01  -9.389413940200000E-03   4.890202301600000E-02   4.817220376600000E-02
   6.080755031700000E-02   8.776814082000000E-01   9.255747295900000E-01   2.440776562500000E-02  -1.885602531200000E-01  -9.372925841700000E-03   5.351586248700000E-02   4.815017223100000E-02
   6.590968380600000E-02   9.513243634300000E-01   1.003160099700000E+00   2.874314879900000E-02  -1.885235304400000E-01  -9.353376847100000E-03   5.812429241600000E-02   4.805923516300000E-02
   7.101181729500000E-02   1.024967318700000E+00   1.080729164400000E+00   3.343587897200000E-02  -1.884839103900000E-01  -9.330503509799999E-03   6.272070766600001E-02   4.789930604700000E-02
   7.611395078500000E-02   1.098610273900000E+00   1.158281047000000E+00   3.848475492100000E-02  -1.884414053200000E-01  -9.304043079800000E-03   6.729849861100000E-02   4.767037766700000E-02
   8.086526279300001E-02   1.167189557100000E+00   1.230484302700000E+00   4.350523067100000E-02  -1.883992399700000E-01  -9.275946527700000E-03   7.153896959700000E-02   4.739520666700000E-02
   8.561657480100000E-02   1.235768840300000E+00   1.302671316800000E+00   4.883130158100000E-02  -1.883545948600000E-01  -9.244302069199999E-03   7.575223294699999E-02   4.706038062200000E-02
   9.036788680900000E-02   1.304348123500000E+00   1.374841513900000E+00   5.446080750400000E-02  -1.883074813400000E-01  -9.208900848500000E-03   7.993297486299999E-02   4.666607887400000E-02
   9.511919881800000E-02   1.372927406700000E+00   1.446994371400000E+00   6.039120817000000E-02  -1.882579111100000E-01  -9.169535621400000E-03   8.407590018300000E-02   4.621253993800000E-02
   9.987051082600000E-02   1.441506689900000E+00   1.519129424100000E+00   6.661958501500000E-02  -1.882058962200000E-01  -9.126001015500000E-03   8.817573765000000E-02   4.570006121900000E-02
   1.045052289100000E-01   1.508403084800000E+00   1.589476791800000E+00   7.297907319300000E-02  -1.881528141500000E-01  -9.079323321700000E-03   9.212844351000000E-02   4.514371017500000E-02
   1.091399470000000E-01   1.575299479600000E+00   1.659806520500000E+00   7.961555858699999E-02  -1.880974293900000E-01  -9.028298510199999E-03   9.603032797600000E-02   4.453199871200000E-02
   1.137746650900000E-01   1.642195874500000E+00   1.730118360200000E+00   8.652530496600000E-02  -1.880397538200000E-01  -8.972742510800000E-03   9.987659255400000E-02   4.386536275400000E-02
   1.184093831700000E-01   1.709092269400000E+00   1.800412128100000E+00   9.370424335499999E-02  -1.879797994700000E-01  -8.912473864400000E-03   1.036624789300000E-01   4.314428997300000E-02
   1.230441012600000E-01   1.775988664200000E+00   1.870687711400000E+00   1.011479752300000E-01  -1.879175784900000E-01  -8.847313944200000E-03   1.073832734600000E-01   4.236931927000000E-02
   1.277272247600000E-01   1.843583731100000E+00   1.941678748500000E+00   1.089335898300000E-01  -1.878524178000000E-01  -8.776326372400001E-03   1.110720589400000E-01   4.153211051800000E-02
   1.324103482600000E-01   1.911178797900000E+00   2.012651216200000E+00   1.169795249900000E-01  -1.877849678900000E-01  -8.699987824600000E-03   1.146848666900000E-01   4.064113426800000E-02
   1.370934717600000E-01   1.978773864800000E+00   2.083605233400000E+00   1.252802405000000E-01  -1.877152412700000E-01  -8.618124190900000E-03   1.182170002600000E-01   3.969710206800000E-02
   1.417765952600000E-01   2.046368931600000E+00   2.154541002500000E+00   1.338298689900000E-01  -1.876432503400000E-01  -8.530565217100000E-03   1.216638280300000E-01   3.870077613900000E-02
   1.464597187600000E-01   2.113963998500000E+00   2.225458811300000E+00   1.426222207800000E-01  -1.875690073500000E-01  -8.437144724099999E-03   1.250207875500000E-01   3.765296855900000E-02
   1.511162094800000E-01   2.181174654200000E+00   2.295955875900000E+00   1.515987885400000E-01  -1.874929655900000E-01  -8.338283687100000E-03   1.282651107500000E-01   3.656092857400000E-02
   1.557727001900000E-01   2.248385309900000E+00   2.366436008800000E+00   1.608021916500000E-01  -1.874147207200000E-01  -8.233312827500000E-03   1.314118104800000E-01   3.541973570200000E-02
   1.604291909100000E-01   2.315595965700000E+00   2.436899751500000E+00   1.702254285200000E-01  -1.873342839600000E-01  -8.122082024200001E-03   1.344566304500000E-01   3.423032962200000E-02
   1.650856816300000E-01   2.382806621400000E+00   2.507347732600000E+00   1.798612039400000E-01  -1.872516661200000E-01  -8.004445960900001E-03   1.373953984800000E-01   3.299369510700000E-02
   1.697421723500000E-01   2.450017277200000E+00   2.577780668100000E+00   1.897019350800000E-01  -1.871668775400000E-01  -7.880264321000001E-03   1.402240304300000E-01   3.171086100200000E-02
   1.743667051300000E-01   2.516766659800000E+00   2.647716117700000E+00   1.996702136000000E-01  -1.870805321700000E-01  -7.750323165300000E-03   1.429203019200000E-01   3.039216440500000E-02
   1.789912379200000E-01   2.583516042500000E+00   2.717638390600000E+00   2.098249156200000E-01  -1.869920645700000E-01  -7.613665576200000E-03   1.455001886500000E-01   2.903004822900000E-02
   1.836157707000000E-01   2.650265425200000E+00   2.787548440700000E+00   2.201578077200000E-01  -1.869014832200000E-01  -7.470169850900000E-03   1.479599696500000E-01   2.762564304900000E-02
   1.882403034800000E-01   2.717014807900000E+00   2.857447303600000E+00   2.306604018400000E-01  -1.868087959300000E-01  -7.319719867500000E-03   1.502960237900000E-01   2.618011800300000E-02
   1.928648362700000E-01   2.783764190600000E+00   2.927336094900000E+00   2.413239619500000E-01  -1.867140098200000E-01  -7.162205252800000E-03   1.525048330600000E-01   2.469467963100000E-02
   1.975221187600000E-01   2.850986274600000E+00   2.997710850100000E+00   2.522166240100000E-01  -1.866164376800000E-01  -6.996329497000000E-03   1.545972288700000E-01   2.315964249000000E-02
   2.021794012500000E-01   2.918208358600000E+00   3.068077896800000E+00   2.632540262200000E-01  -1.865167489100000E-01  -6.823082284400000E-03   1.565537387100000E-01   2.158669038600000E-02
   2.068366837400000E-01   2.985430442600000E+00   3.138438605900000E+00   2.744265266700000E-01  -1.864149482500000E-01  -6.642369545800000E-03   1.583711057300000E-01   1.997716324100000E-02
   2.114939662400000E-01   3.052652526600000E+00   3.208794419300000E+00   2.857242580400000E-01  -1.863110394600000E-01  -6.454103769500000E-03   1.600461917400000E-01   1.833243436500000E-02
   2.161512487300000E-01   3.119874610600000E+00   3.279146846700000E+00   2.971371354900000E-01  -1.862050253500000E-01  -6.258204150100000E-03   1.615759800200000E-01   1.665390912000000E-02
   2.209044875300000E-01   3.188481704800000E+00   3.350946922800000E+00   3.088931985800000E-01  -1.860946579300000E-01  -6.050320181300000E-03   1.629844659600000E-01   1.490744341400000E-02
   2.256577263400000E-01   3.257088798900000E+00   3.422746847600000E+00   3.207473176800000E-01  -1.859821000600000E-01  -5.834336438400000E-03   1.642356540500000E-01   1.312882838900000E-02
   2.304109651500000E-01   3.325695893000000E+00   3.494548416900000E+00   3.326881233800000E-01  -1.858673512100000E-01  -5.610189536700000E-03   1.653267460100000E-01   1.131965239200000E-02
   2.351642039500000E-01   3.394302987200000E+00   3.566353480400000E+00   3.447040463000000E-01  -1.857504096400000E-01  -5.377823960700000E-03   1.662550865600000E-01   9.481532432000001E-03
   2.399174427600000E-01   3.462910081300000E+00   3.638163935600000E+00   3.567833265600000E-01  -1.856312723000000E-01  -5.137192197700000E-03   1.670181659500000E-01   7.616112594600000E-03
   2.449995556700000E-01   3.536264064400000E+00   3.714951078300000E+00   3.697549337800000E-01  -1.855014580200000E-01  -4.870722969900000E-03   1.676485641900000E-01   5.593316706000000E-03
   2.500816685900000E-01   3.609618047600000E+00   3.791749017000000E+00   3.827705057700000E-01  -1.853691215800000E-01  -4.594721514600000E-03   1.680846465100000E-01   3.543292145000000E-03
   2.551637815000000E-01   3.682972030700000E+00   3.868560203100000E+00   3.958150221500000E-01  -1.852342541500000E-01  -4.309161079000000E-03   1.683239148900000E-01   1.468138521500000E-03
   2.602458944200000E-01   3.756326013800000E+00   3.945387114900000E+00   4.088732668900000E-01  -1.850968451100000E-01  -4.014026000500000E-03   1.683640729400000E-01  -6.300179567900000E-04
   2.653280073300000E-01   3.829679996900000E+00   4.022232247500000E+00   4.219298425000000E-01  -1.849568820000000E-01  -3.709311844900000E-03   1.682030282800000E-01  -2.749026786900000E-03
   2.708146367100000E-01   3.908872672400000E+00   4.105217290100000E+00   4.360058578500000E-01  -1.848028947900000E-01  -3.369598759200000E-03   1.678011339400000E-01  -5.057604632000000E-03
   2.763012660800000E-01   3.988065347800000E+00   4.188229624700000E+00   4.500420009400000E-01  -1.846458936900000E-01  -3.018752975900000E-03   1.671604365700000E-01  -7.385194802000000E-03
   2.817878954600000E-01   4.067258023300000E+00   4.271272369000000E+00   4.640183028600000E-01  -1.844858558700000E-01  -2.656813967500000E-03   1.662791209200000E-01  -9.729014716900001E-03
   2.872745248400000E-01   4.146450698700000E+00   4.354348601500000E+00   4.779146313200000E-01  -1.843227560200000E-01  -2.283837085200000E-03   1.651556593700000E-01  -1.208626187100000E-02
   2.927611542100000E-01   4.225643374200000E+00   4.437461344800000E+00   4.917107128200000E-01  -1.841565664200000E-01  -1.899893680300000E-03   1.637888138800000E-01  -1.445411722300000E-02
   2.976206391700000E-01   4.295783999400000E+00   4.511106818800000E+00   5.038297533500000E-01  -1.840067686800000E-01  -1.550748588000000E-03   1.623741929300000E-01  -1.655790083300000E-02
   3.024801241200000E-01   4.365924624500000E+00   4.584785240700000E+00   5.158399268900000E-01  -1.838545011800000E-01  -1.193140471400000E-03   1.607674342400000E-01  -1.866581021300000E-02
   3.073396090700000E-01   4.436065249700000E+00   4.658498537500000E+00   5.277269548200000E-01  -1.836997401300000E-01  -8.271506962200000E-04   1.589682516300000E-01  -2.077586685700000E-02
   3.121990940200000E-01   4.506205874900000E+00   4.732248562600000E+00   5.394765246200000E-01  -1.835424604000000E-01  -4.528706553500000E-04   1.569765395600000E-01  -2.288608988600000E-02
   3.170585789700000E-01   4.576346500100000E+00   4.806037086500000E+00   5.510743025800000E-01  -1.833826356200000E-01  -7.040178831800000E-05   1.547923732200000E-01  -2.499449785200000E-02
   3.218816690000000E-01   4.645961809800000E+00   4.879312697500000E+00   5.624209826600000E-01  -1.832214640900000E-01   3.171896993500000E-04   1.524345196200000E-01  -2.708336710900000E-02
   3.267047590200000E-01   4.715577119500000E+00   4.952629430300000E+00   5.735899903000000E-01  -1.830577302000000E-01   7.126191828800000E-04   1.498877617000000E-01  -2.916656457100000E-02
   3.315278490500000E-01   4.785192429200000E+00   5.025988722100000E+00   5.845673248300000E-01  -1.828914048200000E-01   1.115758099900000E-03   1.471527003900000E-01  -3.124216171400000E-02
   3.363509390800000E-01   4.854807738900000E+00   5.099391896300000E+00   5.953390153200000E-01  -1.827224578500000E-01   1.526468151500000E-03   1.442301109900000E-01  -3.330823630700000E-02
   3.411740291100000E-01   4.924423048600000E+00   5.172840154400000E+00   6.058911332800000E-01  -1.825508583300000E-01   1.944601327400000E-03   1.411209424600000E-01  -3.536287408500000E-02
   3.461739127700000E-01   4.996590154700000E+00   5.249029445200000E+00   6.165834298100000E-01  -1.823701345600000E-01   2.385729125800000E-03   1.377020425200000E-01  -3.747871755300000E-02
   3.511737964400000E-01   5.068757260900000E+00   5.325269375100000E+00   6.270094755000000E-01  -1.821864898900000E-01   2.834478094800000E-03   1.340852861300000E-01  -3.957811453100000E-02
   3.561736801100000E-01   5.140924367000000E+00   5.401560816300000E+00   6.371539868700000E-01  -1.819998874400000E-01   3.290650567300000E-03   1.302723155200000E-01  -4.165897084000000E-02
   3.611735637800000E-01   5.213091473100000E+00   5.477904466900000E+00   6.470017903000000E-01  -1.818102897700000E-01   3.754037885800000E-03   1.262649686800000E-01  -4.371920910700000E-02
   3.661734474400000E-01   5.285258579300000E+00   5.554300843300000E+00   6.565378376400000E-01  -1.816176590100000E-01   4.224420487500000E-03   1.220652777700000E-01  -4.575677063400000E-02
   3.709019586100000E-01   5.353508760600000E+00   5.626599557800000E+00   6.652560055700000E-01  -1.814326583200000E-01   4.675500798200000E-03   1.179185675700000E-01  -4.766103643100000E-02
   3.756304697700000E-01   5.421758942000000E+00   5.698945842400000E+00   6.736695262700000E-01  -1.812448782700000E-01   5.132428019400000E-03   1.136038521000000E-01  -4.954149153200000E-02
   3.803589809300000E-01   5.490009123300000E+00   5.771339655000000E+00   6.817660567100000E-01  -1.810542863900000E-01   5.594990008100000E-03   1.091233201000000E-01  -5.139644951600000E-02
   3.850874921000000E-01   5.558259304700000E+00   5.843780789300000E+00   6.895334030800000E-01  -1.808608503200000E-01   6.062966247900000E-03   1.044793090700000E-01  -5.322424450600000E-02
   3.898160032600000E-01   5.626509486100000E+00   5.916268872300000E+00   6.969595326600000E-01  -1.806645378600000E-01   6.536127954900000E-03   9.967430344800000E-02  -5.502323248400000E-02
   3.944900001200000E-01   5.693972821200000E+00   5.987966859900000E+00   7.039530975900000E-01  -1.804676306300000E-01   7.008698849400000E-03   9.476904656600001E-02  -5.677158253200000E-02
   3.991639969800000E-01   5.761436156400000E+00   6.059709500200000E+00   7.105904027800000E-01  -1.802678514600000E-01   7.485868292600000E-03   8.971173122100000E-02  -5.848866014400000E-02
   4.038379938500000E-01   5.828899491500000E+00   6.131495937500000E+00   7.168603586400000E-01  -1.800651705000000E-01   7.967392187999999E-03   8.450516820900000E-02  -6.017294772600000E-02
   4.085119907100000E-01   5.896362826700000E+00   6.203325148800000E+00   7.227520739500000E-01  -1.798595585400000E-01   8.453019024200000E-03   7.915230033800000E-02  -6.182295327300000E-02
   4.131859875700000E-01   5.963826161900000E+00   6.275195943600000E+00   7.282548668300000E-01  -1.796509871100000E-01   8.942490012600000E-03   7.365620012500000E-02  -6.343721148799999E-02
   4.177082005400000E-01   6.029098685300000E+00   6.344771100200000E+00   7.331989271600000E-01  -1.794463460000000E-01   9.419474476799999E-03   6.820526175500000E-02  -6.496366957600000E-02
   4.222304135200000E-01   6.094371208600000E+00   6.414382532400000E+00   7.377598505200000E-01  -1.792388845300000E-01   9.899561511000000E-03   6.262624679999999E-02  -6.645404231300001E-02
   4.267526264900000E-01   6.159643732000000E+00   6.484028714400000E+00   7.419285784300000E-01  -1.790285795100000E-01   1.038249806400000E-02   5.692227179400000E-02  -6.790707962400000E-02
   4.312748394600000E-01   6.224916255400000E+00   6.553707975600000E+00   7.456962724700000E-01  -1.788154088100000E-01   1.086802524200000E-02   5.109655817000000E-02  -6.932155846300000E-02
   4.357970524300000E-01   6.290188778800000E+00   6.623418502100000E+00   7.490543230300000E-01  -1.785993514100000E-01   1.135587846000000E-02   4.515242990600000E-02  -7.069628365800000E-02
   4.402118665600000E-01   6.353911133300000E+00   6.691501751500000E+00   7.519294429000000E-01  -1.783856215900000E-01   1.183413090600000E-02   3.923851654400000E-02  -7.199889505600000E-02
   4.446266806900000E-01   6.417633487900000E+00   6.759610990500000E+00   7.543986014800000E-01  -1.781691045200000E-01   1.231408649800000E-02   3.321828498100000E-02  -7.326144852700001E-02
   4.490414948100000E-01   6.481355842400000E+00   6.827744150200000E+00   7.564544653600001E-01  -1.779497842900000E-01   1.279548419900000E-02   2.709509731500000E-02  -7.448291328200000E-02
   4.534563089400000E-01   6.545078196900000E+00   6.895899041800000E+00   7.580899387900000E-01  -1.777276463400000E-01   1.327805837300000E-02   2.087239971300000E-02  -7.566228664999999E-02
   4.578711230700000E-01   6.608800551500000E+00   6.964073360100000E+00   7.592981705900000E-01  -1.775026775700000E-01   1.376153894300000E-02   1.455372001600000E-02  -7.679859471200000E-02
   4.622795499900000E-01   6.672430714700000E+00   7.032166019100000E+00   7.600717570700000E-01  -1.772751979900000E-01   1.424495082300000E-02   8.152005548800001E-03  -7.788934485900000E-02
   4.666879769200000E-01   6.736060878000000E+00   7.100273122300000E+00   7.604064418900000E-01  -1.770448741900000E-01   1.472871562800000E-02   1.661850897300000E-03  -7.893530176300000E-02
   4.710964038500000E-01   6.799691041300000E+00   7.168392050700000E+00   7.602961732200000E-01  -1.768116978000000E-01   1.521255214500000E-02  -4.913002450200000E-03  -7.993558515200000E-02
   4.755048307800000E-01   6.863321204500000E+00   7.236520087000000E+00   7.597351680300000E-01  -1.765756621600000E-01   1.569617539600000E-02  -1.156874189100000E-02  -8.088934566000000E-02
   4.799132577100000E-01   6.926951367800000E+00   7.304654420500000E+00   7.587179179200000E-01  -1.763367623600000E-01   1.617929680700000E-02  -1.830148636400000E-02  -8.179576534999999E-02
   4.843975267200000E-01   6.991676217200000E+00   7.373964398700000E+00   7.572096876600000E-01  -1.760908108800000E-01   1.666991362400000E-02  -2.522499107200000E-02  -8.266839860100000E-02
   4.888817957300000E-01   7.056401066600000E+00   7.443274755000000E+00   7.552187710400000E-01  -1.758418913900000E-01   1.715939830400000E-02  -3.221986834200000E-02  -8.349044206500000E-02
   4.933660647300000E-01   7.121125916100000E+00   7.512582270000000E+00   7.527402800200000E-01  -1.755900046800000E-01   1.764743683100000E-02  -3.928183294300000E-02  -8.426113804400000E-02
   4.978503337400000E-01   7.185850765500000E+00   7.581883649600000E+00   7.497696431400001E-01  -1.753351536500000E-01   1.813371212600000E-02  -4.640653842000000E-02  -8.497976447900001E-02
   5.023346027500000E-01   7.250575614900000E+00   7.651175532500000E+00   7.463026103600000E-01  -1.750773433600000E-01   1.861790425500000E-02  -5.358958027600000E-02  -8.564563538300000E-02
   5.071151910500000E-01   7.319577465100000E+00   7.725031893700000E+00   7.420553843400000E-01  -1.747992462000000E-01   1.913143434600000E-02  -6.130650144700000E-02  -8.629667666099999E-02
   5.118957793600000E-01   7.388579315200000E+00   7.798869361900000E+00   7.372351954700000E-01  -1.745178056000000E-01   1.964183633200000E-02  -6.907918732200000E-02  -8.688628136600000E-02
   5.166763676600000E-01   7.457581165300000E+00   7.872683669300000E+00   7.318381352800000E-01  -1.742330360900000E-01   2.014871348500000E-02  -7.690210867199999E-02  -8.741375673900000E-02
   5.214569559600000E-01   7.526583015400000E+00   7.946470502400000E+00   7.258607322700000E-01  -1.739449551200000E-01   2.065166653000000E-02  -8.476967908900000E-02  -8.787845851300000E-02
   5.262375442600000E-01   7.595584865600000E+00   8.020225513100000E+00   7.192999563800000E-01  -1.736535831500000E-01   2.115029394900000E-02  -9.267625978000001E-02  -8.827979129600000E-02
   5.309152971800000E-01   7.663102414700000E+00   8.092358973300000E+00   7.123131388500000E-01  -1.733653158600000E-01   2.163362060200000E-02  -1.004450578700000E-01  -8.861062689700000E-02
   5.355930501000000E-01   7.730619963800000E+00   8.164453673300001E+00   7.047632944600000E-01  -1.730739448700000E-01   2.211203995800000E-02  -1.082403951300000E-01  -8.887980152600000E-02
   5.402708030100000E-01   7.798137513000000E+00   8.236505505800000E+00   6.966488314300000E-01  -1.727794977500000E-01   2.258517131300000E-02  -1.160568703800000E-01  -8.908689495400000E-02
   5.449485559300000E-01   7.865655062100000E+00   8.308510373300001E+00   6.879685739100000E-01  -1.724820048100000E-01   2.305263303100000E-02  -1.238890525400000E-01  -8.923153270799999E-02
   5.496263088400000E-01   7.933172611200000E+00   8.380464198500000E+00   6.787217636400000E-01  -1.721814991400000E-01   2.351404282100000E-02  -1.317314852800000E-01  -8.931338620100000E-02
   5.542678070400000E-01   8.000166868499999E+00   8.451805908000001E+00   6.689863017800000E-01  -1.718803800600000E-01   2.396551747800000E-02  -1.395178679900000E-01  -8.933227035300000E-02
   5.589093052300000E-01   8.067161125800000E+00   8.523089463600000E+00   6.586927772300000E-01  -1.715763677000000E-01   2.441028298300000E-02  -1.473035849500000E-01  -8.928883005900000E-02
   5.635508034200000E-01   8.134155383100000E+00   8.594310999099999E+00   6.478416737200000E-01  -1.712695023200000E-01   2.484796560700000E-02  -1.550832597700000E-01  -8.918287859900000E-02
   5.681923016200000E-01   8.201149640400001E+00   8.665466705800000E+00   6.364338819100001E-01  -1.709598267400000E-01   2.527819208000000E-02  -1.628515102000000E-01  -8.901427380700000E-02
   5.728337998100000E-01   8.268143897600000E+00   8.736552841700000E+00   6.244706988399999E-01  -1.706473863300000E-01   2.570058986300000E-02  -1.706029529200000E-01  -8.878291797700000E-02
   5.773428548400000E-01   8.333226502500001E+00   8.805540465500000E+00   6.123186467400000E-01  -1.703412590100000E-01   2.610308550700000E-02  -1.781120137800000E-01  -8.849802214700001E-02
   5.818519098700000E-01   8.398309107399999E+00   8.874455685199999E+00   5.996459784000000E-01  -1.700326135900000E-01   2.649750275000000E-02  -1.855952109800000E-01  -8.815384575599999E-02
   5.863609649100000E-01   8.463391712200000E+00   8.943295295500000E+00   5.864549790500000E-01  -1.697214982400000E-01   2.688350348500000E-02  -1.930476319000000E-01  -8.775041894100000E-02
   5.908700199400000E-01   8.528474317100001E+00   9.012056178900000E+00   5.727482910600000E-01  -1.694079631800000E-01   2.726075120900000E-02  -2.004643799900000E-01  -8.728781076700000E-02
   5.953790749700000E-01   8.593556921899999E+00   9.080735310900000E+00   5.585289120300000E-01  -1.690920606500000E-01   2.762891125600000E-02  -2.078405789800000E-01  -8.676612897800000E-02
   6.002179039000000E-01   8.663399403100000E+00   9.154343084900001E+00   5.427031047600001E-01  -1.687504825100000E-01   2.801350913900000E-02  -2.157056091000000E-01  -8.614074862600000E-02
   6.050567328300001E-01   8.733241884300000E+00   9.227849862599999E+00   5.262953262100000E-01  -1.684063096800000E-01   2.838685037500000E-02  -2.235123958100000E-01  -8.544773610400000E-02
   6.098955617600000E-01   8.803084365500000E+00   9.301252305800000E+00   5.093106284600000E-01  -1.680596138500000E-01   2.874853023600000E-02  -2.312550237700000E-01  -8.468737079999999E-02
   6.147343906800000E-01   8.872926846700000E+00   9.374547224900001E+00   4.917545214900000E-01  -1.677104690300000E-01   2.909814768600000E-02  -2.389276272300000E-01  -8.385998157500001E-02
   6.195732196100000E-01   8.942769327800001E+00   9.447731584200000E+00   4.736329691700000E-01  -1.673589513700000E-01   2.943530569500000E-02  -2.465243956700000E-01  -8.296594618700000E-02
   6.240231132000000E-01   9.006998010800000E+00   9.514933468700001E+00   4.564743945700000E-01  -1.670336607500000E-01   2.973402870900000E-02  -2.534386739800000E-01  -8.208531060200000E-02
   6.284730067900000E-01   9.071226693700000E+00   9.582037294999999E+00   4.388483600400000E-01  -1.667064918700000E-01   3.002158058200000E-02  -2.602795319200000E-01  -8.114903878000000E-02
   6.329229003800000E-01   9.135455376700000E+00   9.649041057500000E+00   4.207605020100000E-01  -1.663775083500000E-01   3.029766286400000E-02  -2.670425969300000E-01  -8.015753129300000E-02
   6.373727939600000E-01   9.199684059599999E+00   9.715942864900001E+00   4.022167698500000E-01  -1.660467750800000E-01   3.056198082500000E-02  -2.737235497300000E-01  -7.911122190000000E-02
   6.418226875500000E-01   9.263912742600001E+00   9.782740940500000E+00   3.832234230600000E-01  -1.657143581100000E-01   3.081424365700000E-02  -2.803181271400000E-01  -7.801057707700000E-02
   6.458353690300001E-01   9.321830812200000E+00   9.842885627299999E+00   3.657161343400000E-01  -1.654132138700000E-01   3.103114658800000E-02  -2.861872216200000E-01  -7.697189624799999E-02
   6.498480505200001E-01   9.379748881899999E+00   9.902943467800000E+00   3.478536057500000E-01  -1.651108051100000E-01   3.123780651500000E-02  -2.919796196000000E-01  -7.588982562100000E-02
   6.538607319999999E-01   9.437666951600001E+00   9.962913391400001E+00   3.296410651000000E-01  -1.648071824500000E-01   3.143401919200000E-02  -2.976923216600000E-01  -7.476477379500000E-02
   6.578734134899999E-01   9.495585021200000E+00   1.002279439700000E+01   3.110839388400000E-01  -1.645023970900000E-01   3.161958346200000E-02  -3.033223705400000E-01  -7.359716981800001E-02
   6.618860949699999E-01   9.553503090900000E+00   1.008258555200000E+01   2.921878507600000E-01  -1.641965008200000E-01   3.179430136700000E-02  -3.088668517600000E-01  -7.238746292400000E-02
   6.656816687000000E-01   9.608287480000000E+00   1.013905820500000E+01   2.740074518600000E-01  -1.639061800600000E-01   3.194940817600000E-02  -3.140300029000000E-01  -7.120488389700000E-02
   6.694772424400000E-01   9.663071869199999E+00   1.019544900500000E+01   2.555340701200000E-01  -1.636149567800000E-01   3.209447447400000E-02  -3.191116316100000E-01  -6.998546754600000E-02
   6.732728161700000E-01   9.717856258299999E+00   1.025175731300000E+01   2.367729473600000E-01  -1.633228760100000E-01   3.222934118200000E-02  -3.241093780500000E-01  -6.872964268700001E-02
   6.770683899000000E-01   9.772640647399999E+00   1.030798253500000E+01   2.177294805200000E-01  -1.630299831100000E-01   3.235385213300000E-02  -3.290209165100000E-01  -6.743785353600000E-02
   6.808639636300000E-01   9.827425036599999E+00   1.036412411600000E+01   1.984092213100000E-01  -1.627363237300000E-01   3.246785416100000E-02  -3.338439546600000E-01  -6.611055955900000E-02
   6.844618834500000E-01   9.879356537000000E+00   1.041726444200000E+01   1.798446898500000E-01  -1.624572906900000E-01   3.256608105900000E-02  -3.383320760100000E-01  -6.482003497800000E-02
   6.880598032600000E-01   9.931288037500000E+00   1.047032873200000E+01   1.610415582300000E-01  -1.621776496200000E-01   3.265460494500000E-02  -3.427367447200000E-01  -6.349845011600000E-02
   6.916577230700000E-01   9.983219537900000E+00   1.052331659600000E+01   1.420049400800000E-01  -1.618974400900000E-01   3.273330323200000E-02  -3.470560860500000E-01  -6.214623369700000E-02
   6.952556428800000E-01   1.003515103800000E+01   1.057622766200000E+01   1.227400743300000E-01  -1.616167019100000E-01   3.280205602200000E-02  -3.512882479500000E-01  -6.076382644300000E-02
   6.988535626900000E-01   1.008708253900000E+01   1.062906157600000E+01   1.032523256900000E-01  -1.613354750400000E-01   3.286074617100000E-02  -3.554313993500000E-01  -5.935168103900000E-02
   7.022744039600000E-01   1.013645813100000E+01   1.067922330700000E+01   8.452201307200000E-02  -1.610676727200000E-01   3.290711150300000E-02  -3.592864375300000E-01  -5.798188204900000E-02
   7.056952452300000E-01   1.018583372200000E+01   1.072931469700000E+01   6.560000617300001E-02  -1.607994996000000E-01   3.294418110700000E-02  -3.630578299800000E-01  -5.658602946100000E-02
   7.091160865000000E-01   1.023520931400000E+01   1.077933546300000E+01   4.649123611600000E-02  -1.605309904700000E-01   3.297186154500000E-02  -3.667440454200000E-01  -5.516454250000000E-02
   7.125369277600000E-01   1.028458490600000E+01   1.082928532200000E+01   2.720073987300000E-02  -1.602621802700000E-01   3.299006184200000E-02  -3.703435622400000E-01  -5.371785027400000E-02
   7.159577690300000E-01   1.033396049800000E+01   1.087916398900000E+01   7.733661430400000E-03  -1.599931040900000E-01   3.299869353400000E-02  -3.738548661800000E-01  -5.224639185900000E-02
   7.192182692500000E-01   1.038102176600000E+01   1.092663821600000E+01  -1.098050949900000E-02  -1.597364246900000E-01   3.299793554300000E-02  -3.771180979900000E-01  -5.082126265700000E-02
   7.224787694800000E-01   1.042808303400000E+01   1.097404723800000E+01  -2.984568559700000E-02  -1.594795662900000E-01   3.298833471100000E-02  -3.802985155400000E-01  -4.937444003100000E-02
   7.257392697000000E-01   1.047514430200000E+01   1.102139077800000E+01  -4.885713399600000E-02  -1.592225596200000E-01   3.296982108100000E-02  -3.833948123200000E-01  -4.790633008100000E-02
   7.289997699300000E-01   1.052220557000000E+01   1.106866854400000E+01  -6.801002816600001E-02  -1.589654355800000E-01   3.294232694900000E-02  -3.864056781300000E-01  -4.641734762400000E-02
   7.322602701499999E-01   1.056926683800000E+01   1.111588022600000E+01  -8.729944617500000E-02  -1.587082251900000E-01   3.290578690200000E-02  -3.893297962300000E-01  -4.490791637700000E-02
   7.354136937800000E-01   1.061478258900000E+01   1.116147827200000E+01  -1.060805397800000E-01  -1.584594089200000E-01   3.286178230600000E-02  -3.920741156200000E-01  -4.342901033100000E-02
   7.385671174100000E-01   1.066029833900000E+01   1.120701386400000E+01  -1.249800137400000E-01  -1.582105693900000E-01   3.280920223600000E-02  -3.947348393500000E-01  -4.193178122900000E-02
   7.417205410300000E-01   1.070581409000000E+01   1.125248665100000E+01  -1.439931498800000E-01  -1.579617351100000E-01   3.274799388100000E-02  -3.973107416500000E-01  -4.041663734800000E-02
   7.448739646600000E-01   1.075132984000000E+01   1.129789625000000E+01  -1.631151389500000E-01  -1.577129347500000E-01   3.267810659700000E-02  -3.998005791900000E-01  -3.888399562400000E-02
   7.480273882900000E-01   1.079684559100000E+01   1.134324224400000E+01  -1.823410782500000E-01  -1.574641971600000E-01   3.259949195300000E-02  -4.022030876800000E-01  -3.733428193400000E-02
   7.510777435700000E-01   1.084087367800000E+01   1.138704517600000E+01  -2.010328314200000E-01  -1.572236765300000E-01   3.251509916800000E-02  -4.044427642200000E-01  -3.581938533300000E-02
   7.541280988500000E-01   1.088490176500000E+01   1.143078772100000E+01  -2.198125618700000E-01  -1.569832683100000E-01   3.242245722500000E-02  -4.065983295100000E-01  -3.428932397800000E-02
   7.571784541300000E-01   1.092892985200000E+01   1.147446939100000E+01  -2.386755686000000E-01  -1.567429991900000E-01   3.232152841900000E-02  -4.086685635800000E-01  -3.274450895200000E-02
   7.602288094100000E-01   1.097295793900000E+01   1.151808965500000E+01  -2.576170590300000E-01  -1.565028960900000E-01   3.221227713700000E-02  -4.106522145800000E-01  -3.118536040100000E-02
   7.632791646900000E-01   1.101698602600000E+01   1.156164793500000E+01  -2.766321461800000E-01  -1.562629861600000E-01   3.209466989600000E-02  -4.125479949900000E-01  -2.961230790100000E-02
   7.662024996300000E-01   1.105918073200000E+01   1.160333364900000E+01  -2.949198749500000E-01  -1.560332730300000E-01   3.197408968800000E-02  -4.142811469800000E-01  -2.809211812500000E-02
   7.691258345600001E-01   1.110137543800000E+01   1.164496125300000E+01  -3.132661472700000E-01  -1.558037869000000E-01   3.184578051800000E-02  -4.159311695400000E-01  -2.655995737400000E-02
   7.720491695000000E-01   1.114357014500000E+01   1.168653009400000E+01  -3.316664012200000E-01  -1.555745524300000E-01   3.170971864000000E-02  -4.174968162400000E-01  -2.501623030600000E-02
   7.749725044300000E-01   1.118576485100000E+01   1.172803946700000E+01  -3.501159840700000E-01  -1.553455945600000E-01   3.156588225800000E-02  -4.189767963500000E-01  -2.346135101900000E-02
   7.778958393600000E-01   1.122795955700000E+01   1.176948860500000E+01  -3.686101491300000E-01  -1.551169385500000E-01   3.141425155400000E-02  -4.203697709300000E-01  -2.189574349300000E-02
   7.807430214400000E-01   1.126905509200000E+01   1.180979930400000E+01  -3.866607813300000E-01  -1.548945535600000E-01   3.125906145800000E-02  -4.216414978800000E-01  -2.036102115100000E-02
   7.835902035200000E-01   1.131015062600000E+01   1.185005125900000E+01  -4.047445416500000E-01  -1.546725031500000E-01   3.109644639400000E-02  -4.228280369800000E-01  -1.881694526900000E-02
   7.864373856000000E-01   1.135124616000000E+01   1.189024357900000E+01  -4.228567689500000E-01  -1.544508116400000E-01   3.092639370100000E-02  -4.239279966500000E-01  -1.726393714300000E-02
   7.892845676800000E-01   1.139234169500000E+01   1.193037530800000E+01  -4.409927046500000E-01  -1.542295037200000E-01   3.074889265500000E-02  -4.249399263700000E-01  -1.570242873900000E-02
   7.921317497600000E-01   1.143343722900000E+01   1.197044541800000E+01  -4.591474890300000E-01  -1.540086045100000E-01   3.056393450900000E-02  -4.258623125000000E-01  -1.413286319800000E-02
   7.949064442700000E-01   1.147348649600000E+01   1.200943502400000E+01  -4.768534629300000E-01  -1.537937468700000E-01   3.037650411800000E-02  -4.266735542000000E-01  -1.259593965400000E-02
   7.976811387700000E-01   1.151353576200000E+01   1.204836395800000E+01  -4.945679290600000E-01  -1.535793257200000E-01   3.018198075600000E-02  -4.273967228800000E-01  -1.105222813500000E-02
   8.004558332800000E-01   1.155358502800000E+01   1.208723104300000E+01  -5.122860912400000E-01  -1.533653655900000E-01   2.998036197900000E-02  -4.280302197700000E-01  -9.502172410800000E-03
   8.032305277800000E-01   1.159363429500000E+01   1.212603501600000E+01  -5.300030476199999E-01  -1.531518915200000E-01   2.977164728300000E-02  -4.285723723800000E-01  -7.946228379099999E-03
   8.060052222900000E-01   1.163368356100000E+01   1.216477452700000E+01  -5.477137867500000E-01  -1.529389290400000E-01   2.955583815300000E-02  -4.290214298700000E-01  -6.384864628300000E-03
   8.087714300600000E-01   1.167361033200000E+01   1.220332994600000E+01  -5.653590703300000E-01  -1.527271531400000E-01   2.933363067200000E-02  -4.293746219200000E-01  -4.823360775300000E-03
   8.115376378300000E-01   1.171353710300000E+01   1.224181833100000E+01  -5.829878858000000E-01  -1.525159381000000E-01   2.910438111300000E-02  -4.296315607700000E-01  -3.257440432000000E-03
   8.143038456000000E-01   1.175346387400000E+01   1.228023804700000E+01  -6.005949172300000E-01  -1.523053110100000E-01   2.886809710600000E-02  -4.297902504000000E-01  -1.687609161700000E-03
   8.170700533700000E-01   1.179339064500000E+01   1.231858734600000E+01  -6.181747232500000E-01  -1.520952996500000E-01   2.862478843300000E-02  -4.298485976900000E-01  -1.143875380900000E-04
   8.198362611400000E-01   1.183331741600000E+01   1.235686436600000E+01  -6.357217324700000E-01  -1.518859324800000E-01   2.837446707100000E-02  -4.298044070000000E-01   1.461688178000000E-03
   8.227326442800000E-01   1.187512310600000E+01   1.239686304000000E+01  -6.540531277200000E-01  -1.516674349000000E-01   2.810486584600000E-02  -4.296457382100000E-01   3.114389618500000E-03
   8.256290274200000E-01   1.191692879700000E+01   1.243677784900000E+01  -6.723355951100000E-01  -1.514497102100000E-01   2.782761104600000E-02  -4.293693487800000E-01   4.768959558300000E-03
   8.285254105600000E-01   1.195873448700000E+01   1.247660618500000E+01  -6.905622459700000E-01  -1.512327939900000E-01   2.754272455900000E-02  -4.289723161900000E-01   6.424722008500000E-03
   8.314217937100000E-01   1.200054017800000E+01   1.251634525700000E+01  -7.087260111700000E-01  -1.510167229800000E-01   2.725023118900000E-02  -4.284515660600000E-01   8.080978543399999E-03
   8.343181768500000E-01   1.204234586900000E+01   1.255599208700000E+01  -7.268196346700000E-01  -1.508015351000000E-01   2.695015873800000E-02  -4.278038642000000E-01   9.737007329600001E-03
   8.369491776800000E-01   1.208032109600000E+01   1.259192363400000E+01  -7.431883705800000E-01  -1.506068623000000E-01   2.667103719100000E-02  -4.271026163900000E-01   1.124047782900000E-02
   8.395801785200000E-01   1.211829632200000E+01   1.262777390300000E+01  -7.594873586599999E-01  -1.504129809500000E-01   2.638571264000000E-02  -4.262911344400000E-01   1.274256751100000E-02
   8.422111793500000E-01   1.215627154900000E+01   1.266354019500000E+01  -7.757107325500000E-01  -1.502199224100000E-01   2.609421268000000E-02  -4.253666176500000E-01   1.424268101500000E-02
   8.448421801900000E-01   1.219424677600000E+01   1.269921965300000E+01  -7.918524819800000E-01  -1.500277191100000E-01   2.579656716400000E-02  -4.243261349700000E-01   1.574020445400000E-02
   8.474731810300000E-01   1.223222200300000E+01   1.273480924000000E+01  -8.079064489600000E-01  -1.498364046000000E-01   2.549280825200000E-02  -4.231666196600000E-01   1.723450479800000E-02
   8.498572483400000E-01   1.226663305100000E+01   1.276697825500000E+01  -8.223725789800000E-01  -1.496638425900000E-01   2.521230792200000E-02  -4.220104512300000E-01   1.858522779900000E-02
   8.522413156500001E-01   1.230104410000000E+01   1.279906831100000E+01  -8.367566483400000E-01  -1.494920656000000E-01   2.492684362500000E-02  -4.207514230200000E-01   1.993226848900000E-02
   8.546253829700000E-01   1.233545514800000E+01   1.283107674200000E+01  -8.510537466700000E-01  -1.493211012600000E-01   2.463644444000000E-02  -4.193869429000000E-01   2.127511271700000E-02
   8.570094502800000E-01   1.236986619700000E+01   1.286300074000000E+01  -8.652588555100000E-01  -1.491509781200000E-01   2.434114115500000E-02  -4.179143136400000E-01   2.261323193900000E-02
   8.593935175900000E-01   1.240427724500000E+01   1.289483734700000E+01  -8.793668466600000E-01  -1.489817257600000E-01   2.404096630500000E-02  -4.163307298300000E-01   2.394608290500000E-02
   8.616799245400000E-01   1.243727868700000E+01   1.292528482700000E+01  -8.928008362199999E-01  -1.488202529400000E-01   2.374854321000000E-02  -4.147050842100000E-01   2.521886920300000E-02
   8.639663314900000E-01   1.247028013000000E+01   1.295564617700000E+01  -9.061359653000000E-01  -1.486596371100000E-01   2.345170288600000E-02  -4.129720349400000E-01   2.648579106600000E-02
   8.662527384399999E-01   1.250328157200000E+01   1.298591836200000E+01  -9.193674201199999E-01  -1.484999071700000E-01   2.315047875000000E-02  -4.111288119900000E-01   2.774632979800000E-02
   8.685391453800000E-01   1.253628301500000E+01   1.301609819900000E+01  -9.324902911700000E-01  -1.483410930700000E-01   2.284490582500000E-02  -4.091725445000000E-01   2.899995346200000E-02
   8.708255523300000E-01   1.256928445700000E+01   1.304618234400000E+01  -9.454995732500000E-01  -1.481832258400000E-01   2.253502076700000E-02  -4.071002589300000E-01   3.024611675400000E-02
   8.728107629800000E-01   1.259793850500000E+01   1.307222307600000E+01  -9.566990153900000E-01  -1.480469478900000E-01   2.226249014600000E-02  -4.052044790600000E-01   3.132163476700000E-02
   8.747959736199999E-01   1.262659255300000E+01   1.309818663100000E+01  -9.678055842100000E-01  -1.479114297600000E-01   2.198676365600000E-02  -4.032168366800000E-01   3.239073351100000E-02
   8.767811842700000E-01   1.265524660200000E+01   1.312407051300000E+01  -9.788158303600000E-01  -1.477766939100000E-01   2.170786840100000E-02  -4.011351919100000E-01   3.345303136700000E-02
   8.787663949200000E-01   1.268390065000000E+01   1.314987212100000E+01  -9.897262524200000E-01  -1.476427635600000E-01   2.142583248300000E-02  -3.989573439200000E-01   3.450813911800000E-02
   8.807516055700000E-01   1.271255469800000E+01   1.317558875300000E+01  -1.000533298200000E+00  -1.475096626600000E-01   2.114068501300000E-02  -3.966810307600000E-01   3.555566001000000E-02
   8.825688249800000E-01   1.273878400100000E+01   1.319905231700000E+01  -1.010332144800000E+00  -1.473885731400000E-01   2.087696502800000E-02  -3.945090450600000E-01   3.650754304400000E-02
   8.843860444000000E-01   1.276501330500000E+01   1.322244008200000E+01  -1.020038555700000E+00  -1.472682189400000E-01   2.061068693600000E-02  -3.922507813000000E-01   3.745241493300000E-02
   8.862032638200000E-01   1.279124260900000E+01   1.324574972900000E+01  -1.029649701200000E+00  -1.471486202500000E-01   2.034187535100000E-02  -3.899043706200000E-01   3.838995527800000E-02
   8.880204832400000E-01   1.281747191200000E+01   1.326897885600000E+01  -1.039162721300000E+00  -1.470297978800000E-01   2.007055563500000E-02  -3.874679023000000E-01   3.931983880500000E-02
   8.898377026500000E-01   1.284370121600000E+01   1.329212498100000E+01  -1.048574727100000E+00  -1.469117732600000E-01   1.979675390500000E-02  -3.849394244700000E-01   4.024173552800000E-02
   8.915516370700000E-01   1.286843972900000E+01   1.331387718600000E+01  -1.057356598500000E+00  -1.468012076900000E-01   1.953626393200000E-02  -3.824685530400000E-01   4.110361510900000E-02
   8.932655715000000E-01   1.289317824200000E+01   1.333555104900000E+01  -1.066043553300000E+00  -1.466913905200000E-01   1.927361314300000E-02  -3.799123588600000E-01   4.195780829500000E-02
   8.949795059200000E-01   1.291791675500000E+01   1.335714427900000E+01  -1.074633108600000E+00  -1.465823414300000E-01   1.900882532800000E-02  -3.772691087000000E-01   4.280402772400000E-02
   8.966934403400000E-01   1.294265526800000E+01   1.337865451600000E+01  -1.083122766600000E+00  -1.464740806500000E-01   1.874192489000000E-02  -3.745370407200000E-01   4.364198305200000E-02
   8.984073747600000E-01   1.296739378100000E+01   1.340007933000000E+01  -1.091510017100000E+00  -1.463666290200000E-01   1.847293685100000E-02  -3.717143658500000E-01   4.447138119500000E-02
   9.000247983300000E-01   1.299073928000000E+01   1.342021713400000E+01  -1.099328797400000E+00  -1.462659893000000E-01   1.821720389300000E-02  -3.689659043200000E-01   4.524596239700000E-02
   9.016422219000000E-01   1.301408477900000E+01   1.344027448700000E+01  -1.107052010700000E+00  -1.461661077900000E-01   1.795965671600000E-02  -3.661335925300000E-01   4.601240964500000E-02
   9.032596454700000E-01   1.303743027800000E+01   1.346024917900000E+01  -1.114677530200000E+00  -1.460670035100000E-01   1.770031787800000E-02  -3.632158690600000E-01   4.677047132300000E-02
   9.048770690400000E-01   1.306077577600000E+01   1.348013894900000E+01  -1.122203228800000E+00  -1.459686960400000E-01   1.743921043500000E-02  -3.602111572700000E-01   4.751989463200000E-02
   9.064944926100000E-01   1.308412127500000E+01   1.349994148200000E+01  -1.129626982000000E+00  -1.458712054600000E-01   1.717635793900000E-02  -3.571178673500000E-01   4.826042588900000E-02
   9.080294723700000E-01   1.310627680000000E+01   1.351865180400000E+01  -1.136576119300000E+00  -1.457794584500000E-01   1.692531160100000E-02  -3.540988737800000E-01   4.895475569300000E-02
   9.095644521200000E-01   1.312843232500000E+01   1.353727936400000E+01  -1.143429726100000E+00  -1.456884838800000E-01   1.667273619500000E-02  -3.509972852500000E-01   4.964063036900000E-02
   9.110994318800000E-01   1.315058785000000E+01   1.355582205900000E+01  -1.150186007800000E+00  -1.455983003100000E-01   1.641865308500000E-02  -3.478117219500000E-01   5.031783255500000E-02
   9.126344116400000E-01   1.317274337500000E+01   1.357427775000000E+01  -1.156843182800000E+00  -1.455089267800000E-01   1.616308403100000E-02  -3.445408019000000E-01   5.098614533000000E-02
   9.141693914000000E-01   1.319489890000000E+01   1.359264426600000E+01  -1.163399484900000E+00  -1.454203828000000E-01   1.590605118700000E-02  -3.411831434200000E-01   5.164535255000000E-02
   9.156838989600000E-01   1.321675893400000E+01   1.361067627300000E+01  -1.169767776100000E+00  -1.453338522900000E-01   1.565103377700000E-02  -3.377839104100000E-01   5.228663384800000E-02
   9.171984065200000E-01   1.323861896800000E+01   1.362861717400000E+01  -1.176034509100000E+00  -1.452481685100000E-01   1.539463532700000E-02  -3.342975769400000E-01   5.291863644700000E-02
   9.187129140800000E-01   1.326047900200000E+01   1.364646479600000E+01  -1.182198051200000E+00  -1.451633516100000E-01   1.513687821700000E-02  -3.307228336600000E-01   5.354115706500000E-02
   9.202274216400000E-01   1.328233903600000E+01   1.366421694800000E+01  -1.188256798000000E+00  -1.450794222200000E-01   1.487778517900000E-02  -3.270583834100000E-01   5.415399461300000E-02
   9.217419292000000E-01   1.330419907100000E+01   1.368187141800000E+01  -1.194209176300000E+00  -1.449964014500000E-01   1.461737929500000E-02  -3.233029448500000E-01   5.475695061300000E-02
   9.233042079500000E-01   1.332674862300000E+01   1.369997804600000E+01  -1.200236225200000E+00  -1.449117369400000E-01   1.434740877300000E-02  -3.193323763100000E-01   5.536836438400000E-02
   9.248664867000000E-01   1.334929817500000E+01   1.371797591700000E+01  -1.206146809800000E+00  -1.448280865000000E-01   1.407609227900000E-02  -3.152622877800000E-01   5.596884483300000E-02
   9.264287654600000E-01   1.337184772700000E+01   1.373586257700000E+01  -1.211939335800000E+00  -1.447454749400000E-01   1.380345625600000E-02  -3.110913524100000E-01   5.655818583000000E-02
   9.279910442100000E-01   1.339439727900000E+01   1.375363557500000E+01  -1.217612262800000E+00  -1.446639276100000E-01   1.352952750000000E-02  -3.068182805400000E-01   5.713618630900000E-02
   9.295533229600000E-01   1.341694683000000E+01   1.377129247100000E+01  -1.223164110100000E+00  -1.445834704200000E-01   1.325433314900000E-02  -3.024418254600000E-01   5.770265084600000E-02
   9.310343729000000E-01   1.343832394600000E+01   1.378792191800000E+01  -1.228314209300000E+00  -1.445082270900000E-01   1.299230351300000E-02  -2.981963714100000E-01   5.822883916000000E-02
   9.325154228500000E-01   1.345970106100000E+01   1.380444280700000E+01  -1.233353069300000E+00  -1.444340102400000E-01   1.272918480400000E-02  -2.938559536200000E-01   5.874433434900000E-02
   9.339964727900000E-01   1.348107817600000E+01   1.382085313000000E+01  -1.238279601500000E+00  -1.443608432900000E-01   1.246500092000000E-02  -2.894196472000000E-01   5.924898690400000E-02
   9.354775227300000E-01   1.350245529100000E+01   1.383715091500000E+01  -1.243092781000000E+00  -1.442887500900000E-01   1.219977598300000E-02  -2.848865824900000E-01   5.974265379300000E-02
   9.369585726800000E-01   1.352383240600000E+01   1.385333423700000E+01  -1.247791651800000E+00  -1.442177549100000E-01   1.193353432900000E-02  -2.802559506700000E-01   6.022519894700000E-02
   9.384036805900000E-01   1.354469074200000E+01   1.386901270700000E+01  -1.252265463800000E+00  -1.441495645900000E-01   1.167279725800000E-02  -2.756429405300000E-01   6.068519053300000E-02
   9.398487885100000E-01   1.356554907900000E+01   1.388457874600000E+01  -1.256628854700000E+00  -1.440824664000000E-01   1.141113852700000E-02  -2.709357117100000E-01   6.113435888600000E-02
   9.412938964300001E-01   1.358640741600000E+01   1.390003074800000E+01  -1.260881145800000E+00  -1.440164839600000E-01   1.114858124200000E-02  -2.661337129200000E-01   6.157259933100000E-02
   9.427390043400000E-01   1.360726575200000E+01   1.391536718400000E+01  -1.265021734000000E+00  -1.439516412200000E-01   1.088514863900000E-02  -2.612364699900000E-01   6.199981515400000E-02
   9.441841122600000E-01   1.362812408900000E+01   1.393058661200000E+01  -1.269050094800000E+00  -1.438879624300000E-01   1.062086407400000E-02  -2.562435917300000E-01   6.241591798700000E-02
   9.456482953499999E-01   1.364925775200000E+01   1.394588622400000E+01  -1.273016716700000E+00  -1.438246553400000E-01   1.035224612300000E-02  -2.510869618200000E-01   6.282609773900000E-02
   9.471124784400000E-01   1.367039141500000E+01   1.396106306300000E+01  -1.276867301900000E+00  -1.437625941600000E-01   1.008280213500000E-02  -2.458316302000000E-01   6.322471402600000E-02
   9.485766615300000E-01   1.369152507800000E+01   1.397611597500000E+01  -1.280601569000000E+00  -1.437018049400000E-01   9.812556663700000E-03  -2.404774886400000E-01   6.361170330200000E-02
   9.500408446300000E-01   1.371265874100000E+01   1.399104395000000E+01  -1.284219329800000E+00  -1.436423140000000E-01   9.541534313900001E-03  -2.350245421200000E-01   6.398701215700001E-02
   9.515050277200000E-01   1.373379240400000E+01   1.400584613000000E+01  -1.287720491100000E+00  -1.435841478200000E-01   9.269759718799999E-03  -2.294729154900000E-01   6.435059755800000E-02
   9.528095922599999E-01   1.375262217200000E+01   1.401892810800000E+01  -1.290741746300000E+00  -1.435334603100000E-01   9.026999047400000E-03  -2.244435729100000E-01   6.466464390399999E-02
   9.541141568100000E-01   1.377145193900000E+01   1.403190930700000E+01  -1.293670506500000E+00  -1.434838645700000E-01   8.783678190500001E-03  -2.193363568700000E-01   6.496934185800000E-02
   9.554187213500001E-01   1.379028170700000E+01   1.404478948200000E+01  -1.296506899800000E+00  -1.434353796200000E-01   8.539814553700001E-03  -2.141516211500000E-01   6.526468244800000E-02
   9.567232859000000E-01   1.380911147500000E+01   1.405756851400000E+01  -1.299251115400000E+00  -1.433880244800000E-01   8.295425512400000E-03  -2.088898104700000E-01   6.555066353199999E-02
   9.580278504400001E-01   1.382794124200000E+01   1.407024642700000E+01  -1.301903403100000E+00  -1.433418182000000E-01   8.050528401000000E-03  -2.035514638000000E-01   6.582728977400000E-02
   9.592528295600000E-01   1.384562229300000E+01   1.408205900900000E+01  -1.304310475600000E+00  -1.432994935900000E-01   7.820124215000000E-03  -1.984696765200000E-01   6.607853423300000E-02
   9.604778086800000E-01   1.386330334400000E+01   1.409378283700000E+01  -1.306637070100000E+00  -1.432582144400000E-01   7.589301552800000E-03  -1.933215748600000E-01   6.632155526200000E-02
   9.617027878100000E-01   1.388098439500000E+01   1.410541829200000E+01  -1.308883534400000E+00  -1.432179964100000E-01   7.358074613700000E-03  -1.881078471200000E-01   6.655637277199999E-02
   9.629277669300000E-01   1.389866544600000E+01   1.411696588800000E+01  -1.311050259500000E+00  -1.431788550800000E-01   7.126457531400000E-03  -1.828292640400000E-01   6.678301164000000E-02
   9.641527460500000E-01   1.391634649700000E+01   1.412842626800000E+01  -1.313137677700000E+00  -1.431408059300000E-01   6.894464367300000E-03  -1.774866806900000E-01   6.700150155900000E-02
   9.653492932200000E-01   1.393361716900000E+01   1.413953720000000E+01  -1.315100531400000E+00  -1.431047090600000E-01   6.667506102900000E-03  -1.722072112000000E-01   6.720708571900000E-02
   9.665458404000000E-01   1.395088784000000E+01   1.415056652800000E+01  -1.316988641500000E+00  -1.430696830800000E-01   6.440215301900000E-03  -1.668685330300000E-01   6.740496362100000E-02
   9.677423875800000E-01   1.396815851100000E+01   1.416151525000000E+01  -1.318802514000000E+00  -1.430357420000000E-01   6.212604829800000E-03  -1.614716845200000E-01   6.759517514700000E-02
   9.689389347500000E-01   1.398542918200000E+01   1.417238449700000E+01  -1.320542684700000E+00  -1.430028996500000E-01   5.984687462100000E-03  -1.560177856900000E-01   6.777776374699999E-02
   9.701354819300000E-01   1.400269985400000E+01   1.418317554400000E+01  -1.322209715800000E+00  -1.429711696300000E-01   5.756475879300000E-03  -1.505080389000000E-01   6.795277617499999E-02
   9.713712834100000E-01   1.402053711200000E+01   1.419424001700000E+01  -1.323855280700000E+00  -1.429395805500000E-01   5.520482014900000E-03  -1.447602759800000E-01   6.812562988800000E-02
   9.726070848900000E-01   1.403837437000000E+01   1.420522430600000E+01  -1.325424123500000E+00  -1.429092067300000E-01   5.284201479400000E-03  -1.389558209200000E-01   6.829051312800000E-02
   9.738428863700000E-01   1.405621162900000E+01   1.421613029900000E+01  -1.326916933600000E+00  -1.428800623000000E-01   5.047647896900000E-03  -1.330962770700000E-01   6.844748640999999E-02
   9.750786878400000E-01   1.407404888700000E+01   1.422696004900000E+01  -1.328334416200000E+00  -1.428521610500000E-01   4.810834766800000E-03  -1.271833418100000E-01   6.859661249800000E-02
   9.763144893200000E-01   1.409188614500000E+01   1.423771577900000E+01  -1.329677288000000E+00  -1.428255163800000E-01   4.573775461600000E-03  -1.212188058500000E-01   6.873795595700000E-02
   9.775490505400000E-01   1.410970550200000E+01   1.424838919100000E+01  -1.330945036300000E+00  -1.428001661200000E-01   4.336721485900000E-03  -1.152106124200000E-01   6.887145242600000E-02
   9.787836117599999E-01   1.412752485900000E+01   1.425899366400000E+01  -1.332139770500000E+00  -1.427760954000000E-01   4.099448121800000E-03  -1.091547688400000E-01   6.899731420100000E-02
   9.800181729800000E-01   1.414534421500000E+01   1.426953191100000E+01  -1.333262212600000E+00  -1.427533162600000E-01   3.861968315400000E-03  -1.030533316200000E-01   6.911560819000000E-02
   9.812527342000000E-01   1.416316357200000E+01   1.428000680400000E+01  -1.334313078000000E+00  -1.427318402700000E-01   3.624294884800000E-03  -9.690844375000000E-02   6.922640114700000E-02
   9.824872954200000E-01   1.418098292900000E+01   1.429042137300000E+01  -1.335293070200000E+00  -1.427116784200000E-01   3.386440521700000E-03  -9.072233211600000E-02   6.932975916100000E-02
   9.836402337400000E-01   1.419762416000000E+01   1.430009572000000E+01  -1.336144877900000E+00  -1.426940455300000E-01   3.164159594300000E-03  -8.491002612100000E-02   6.941962716500000E-02
   9.847931720500001E-01   1.421426539200000E+01   1.430972294200000E+01  -1.336936016500000E+00  -1.426775759800000E-01   2.941741971100000E-03  -7.906572034300000E-02   6.950311902900000E-02
   9.859461103700000E-01   1.423090662300000E+01   1.431930585700000E+01  -1.337667009100000E+00  -1.426622773700000E-01   2.719197704200000E-03  -7.319141237000000E-02   6.958028466299999E-02
   9.870990486900000E-01   1.424754785500000E+01   1.432884738600000E+01  -1.338338356400000E+00  -1.426481568300000E-01   2.496536760900000E-03  -6.728915346400000E-02   6.965117198300000E-02
   9.882519870000001E-01   1.426418908700000E+01   1.433835054800000E+01  -1.338950532500000E+00  -1.426352210100000E-01   2.273769026800000E-03  -6.136104550800000E-02   6.971582657000000E-02
   9.894267555200000E-01   1.428114541000000E+01   1.434799740700000E+01  -1.339513898500000E+00  -1.426232651700000E-01   2.046683628500000E-03  -5.529632937600000E-02   6.977533889500000E-02
   9.906015240300000E-01   1.429810173300000E+01   1.435761104700000E+01  -1.340016730600000E+00  -1.426125516100000E-01   1.819507842200000E-03  -4.920932806100000E-02   6.982846701000001E-02
   9.917762925500000E-01   1.431505805700000E+01   1.436719493700000E+01  -1.340459428400000E+00  -1.426030856700000E-01   1.592251897600000E-03  -4.310240525400000E-02   6.987524962199999E-02
   9.929510610700000E-01   1.433201438000000E+01   1.437675262200000E+01  -1.340842351200000E+00  -1.425948720900000E-01   1.364925960400000E-03  -3.697796360200000E-02   6.991572162300000E-02
   9.941258295800000E-01   1.434897070300000E+01   1.438628771700000E+01  -1.341165815800000E+00  -1.425879150200000E-01   1.137540138700000E-03  -3.083844026900000E-02   6.994991382200000E-02
   9.953006636700000E-01   1.436592797300000E+01   1.439580442300000E+01  -1.341430107000000E+00  -1.425822176900000E-01   9.100917958300000E-04  -2.468595868300000E-02   6.997785408700000E-02
   9.964754977500000E-01   1.438288524300000E+01   1.440530593100000E+01  -1.341635430300000E+00  -1.425777834200000E-01   6.826036389000000E-04  -1.852335376600000E-02   6.999956229800000E-02
   9.976503318300000E-01   1.439984251300000E+01   1.441479600600000E+01  -1.341781962400000E+00  -1.425746144700000E-01   4.550856515700000E-04  -1.235313847200000E-02   7.001505571600000E-02
   9.988251659200000E-01   1.441679978200000E+01   1.442427844200000E+01  -1.341869830600000E+00  -1.425727124500000E-01   2.275477917400000E-04  -6.177841052300000E-03   7.002434676700001E-02
   1.000000000000000E+00   1.443375705200000E+01   1.443375705200000E+01  -1.341899111400000E+00  -1.425720783300000E-01   2.070938014200000E-27   0.000000000000000E+00   7.002744295000000E-02
