   0.000000000000000E+00  -9.350986014800001E-31   0.000000000000000E+00   0.000000000000000E+00  -9.386529676499999E-01   0.000000000000000E+00   0.000000000000000E+00   0.000000000000000E+00
   2.380298130900000E-02   3.435664493300000E-01   3.435664493300000E-01   0.000000000000000E+00  -9.386529676499999E-01   0.000000000000000E+00   0.000000000000000E+00   0.000000000000000E+00
   4.760596261900000E-02   6.871328986700000E-01   6.871328986700000E-01   0.000000000000000E+00  -9.386529676499999E-01   0.000000000000000E+00   0.000000000000000E+00   0.000000000000000E+00
   7.140894392800000E-02   1.030699348000000E+00   1.030699348000000E+00   0.000000000000000E+00  -9.386529676499999E-01   0.000000000000000E+00   0.000000000000000E+00   0.000000000000000E+00
   9.521192523800000E-02   1.374265797300000E+00   1.374265797300000E+00   0.000000000000000E+00  -9.386529676499999E-01   0.000000000000000E+00   0.000000000000000E+00   0.000000000000000E+00
   1.190615859000000E-01   1.718506005000000E+00   1.718506005000000E+00   0.000000000000000E+00  -9.386529676499999E-01   0.000000000000000E+00   0.000000000000000E+00   0.000000000000000E+00
   1.429112465500000E-01   2.062746212800000E+00   2.062746212800000E+00   0.000000000000000E+00  -9.386529676499999E-01   0.000000000000000E+00   0.000000000000000E+00   0.000000000000000E+00
   1.667609072100000E-01   2.406986420500000E+00   2.406986420500000E+00   0.000000000000000E+00  -9.386529676499999E-01   0.000000000000000E+00   0.000000000000000E+00   0.000000000000000E+00
   1.906105678700000E-01   2.751226628200000E+00   2.751226628200000E+00   0.000000000000000E+00  -9.386529676499999E-01   0.000000000000000E+00   0.000000000000000E+00   0.000000000000000E+00
   2.065962358100000E-01   2.981959875500000E+00   2.981959875500000E+00   0.000000000000000E+00  -9.386529676499999E-01   0.000000000000000E+00   0.000000000000000E+00   0.000000000000000E+00
   2.225819037400000E-01   3.212693122800000E+00   3.212693122800000E+00   0.000000000000000E+00  -9.386529676499999E-01   0.000000000000000E+00   0.000000000000000E+00   0.000000000000000E+00
   2.385675716800000E-01   3.443426370100000E+00   3.443426370100000E+00   0.000000000000000E+00  -9.386529676499999E-01   0.000000000000000E+00   0.000000000000000E+00   0.000000000000000E+00
   2.545532396100000E-01   3.674159617400000E+00   3.674159617400000E+00   0.000000000000000E+00  -9.386529676499999E-01   0.000000000000000E+00   0.000000000000000E+00   0.000000000000000E+00
   2.691100360200000E-01   3.884268880200000E+00   3.884268880200000E+00   0.000000000000000E+00  -9.386529676499999E-01   0.000000000000000E+00   0.000000000000000E+00   0.000000000000000E+00
   2.836668324300000E-01   4.094378143000000E+00   4.094378143000000E+00   0.000000000000000E+00  -9.386529676499999E-01   0.000000000000000E+00   0.000000000000000E+00   0.000000000000000E+00
   2.982236288400000E-01   4.304487405800000E+00   4.304487405800000E+00   0.000000000000000E+00  -9.386529676499999E-01   0.000000000000000E+00   0.000000000000000E+00   0.000000000000000E+00
   3.127804252500000E-01   4.514596668700000E+00   4.514596668700000E+00   0.000000000000000E+00  -9.386529676499999E-01   0.000000000000000E+00   0.000000000000000E+00   0.000000000000000E+00
   3.233699327300000E-01   4.667443047000000E+00   4.667443047000000E+00   0.000000000000000E+00  -9.386529676499999E-01   0.000000000000000E+00   0.000000000000000E+00   0.000000000000000E+00
   3.339594402100000E-01   4.820289425200000E+00   4.820289425200000E+00   0.000000000000000E+00  -9.386529676499999E-01   0.000000000000000E+00   0.000000000000000E+00   0.000000000000000E+00
   3.445489476900000E-01   4.973135803500000E+00   4.973135803500000E+00   0.000000000000000E+00  -9.386529676499999E-01   0.000000000000000E+00   0.000000000000000E+00   0.000000000000000E+00
   3.551384551800000E-01   5.125982181800000E+00   5.125982181800000E+00   0.000000000000000E+00  -9.386529676499999E-01   0.000000000000000E+00   0.000000000000000E+00   0.000000000000000E+00
   3.639913105200000E-01   5.253762145200000E+00   5.253762145200000E+00   0.000000000000000E+00  -9.386529676499999E-01   0.000000000000000E+00   0.000000000000000E+00   0.000000000000000E+00
   3.728441658700000E-01   5.381542108500000E+00   5.381542108500000E+00   0.000000000000000E+00  -9.386529676499999E-01   0.000000000000000E+00   0.000000000000000E+00   0.000000000000000E+00
   3.816970212200000E-01   5.509322071800000E+00   5.509322071800000E+00   0.000000000000000E+00  -9.386529676499999E-01   0.000000000000000E+00   0.000000000000000E+00   0.000000000000000E+00
   3.905498765700000E-01   5.637102035100000E+00   5.637102035100000E+00   0.000000000000000E+00  -9.386529676499999E-01   0.000000000000000E+00   0.000000000000000E+00   0.000000000000000E+00
   3.973839116400000E-01   5.735742837000000E+00   5.735742837000000E+00   0.000000000000000E+00  -9.386529676499999E-01   0.000000000000000E+00   0.000000000000000E+00   0.000000000000000E+00
   4.042179467100000E-01   5.834383638800000E+00   5.834383638800000E+00   0.000000000000000E+00  -9.386529676499999E-01   0.000000000000000E+00   0.000000000000000E+00   0.000000000000000E+00
   4.110519817700000E-01   5.933024440600000E+00   5.933024440600000E+00   0.000000000000000E+00  -9.386529676499999E-01   0.000000000000000E+00   0.000000000000000E+00   0.000000000000000E+00
   4.178860168400000E-01   6.031665242500000E+00   6.031665242500000E+00   0.000000000000000E+00  -9.386529676499999E-01   0.000000000000000E+00   0.000000000000000E+00   0.000000000000000E+00
   4.218194301100000E-01   6.088439174100000E+00   6.088439174100000E+00   0.000000000000000E+00  -9.386529676499999E-01   0.000000000000000E+00   0.000000000000000E+00   0.000000000000000E+00
   4.257528433900000E-01   6.145213105600000E+00   6.145213105600000E+00   0.000000000000000E+00  -9.386529676499999E-01   0.000000000000000E+00   0.000000000000000E+00   0.000000000000000E+00
   4.296862566600000E-01   6.201987037200000E+00   6.201987037200000E+00   0.000000000000000E+00  -9.386529676499999E-01   0.000000000000000E+00   0.000000000000000E+00   0.000000000000000E+00
   4.336196699300000E-01   6.258760968800000E+00   6.258760968800000E+00   0.000000000000000E+00  -9.386529676499999E-01   0.000000000000000E+00   0.000000000000000E+00   0.000000000000000E+00
   4.373443199900000E-01   6.312521662700000E+00   6.312521662700000E+00   0.000000000000000E+00  -9.386529676499999E-01   0.000000000000000E+00   0.000000000000000E+00   0.000000000000000E+00
   4.410689700400000E-01   6.366282356700000E+00   6.366282356700000E+00   0.000000000000000E+00  -9.386529676499999E-01   0.000000000000000E+00   0.000000000000000E+00   0.000000000000000E+00
   4.447936200900000E-01   6.420043050600000E+00   6.420043050600000E+00   0.000000000000000E+00  -9.386529676499999E-01   0.000000000000000E+00   0.000000000000000E+00   0.000000000000000E+00
   4.485182701400000E-01   6.473803744600000E+00   6.473803744600000E+00   0.000000000000000E+00  -9.386529676499999E-01   0.000000000000000E+00   0.000000000000000E+00   0.000000000000000E+00
   4.526025695700000E-01   6.532755530200000E+00   6.532755530200000E+00   0.000000000000000E+00  -9.386529676499999E-01   0.000000000000000E+00   0.000000000000000E+00   0.000000000000000E+00
   4.566868690000000E-01   6.591707315900000E+00   6.591707315900000E+00   0.000000000000000E+00  -9.386529676499999E-01   0.000000000000000E+00   0.000000000000000E+00   0.000000000000000E+00
   4.607711684200000E-01   6.650659101600000E+00   6.650659101600000E+00   0.000000000000000E+00  -9.386529676499999E-01   0.000000000000000E+00   0.000000000000000E+00   0.000000000000000E+00
   4.648554678500000E-01   6.709610887300000E+00   6.709610887300000E+00   0.000000000000000E+00  -9.386529676499999E-01   0.000000000000000E+00   0.000000000000000E+00   0.000000000000000E+00
   4.698461661400000E-01   6.781645413900000E+00   6.781645413900000E+00   0.000000000000000E+00  -9.386529676499999E-01   0.000000000000000E+00   0.000000000000000E+00   0.000000000000000E+00
   4.748368644300000E-01   6.853679940500000E+00   6.853679940500000E+00   0.000000000000000E+00  -9.386529676499999E-01   0.000000000000000E+00   0.000000000000000E+00   0.000000000000000E+00
   4.798275627200000E-01   6.925714467100000E+00   6.925714467100000E+00   0.000000000000000E+00  -9.386529676499999E-01   0.000000000000000E+00   0.000000000000000E+00   0.000000000000000E+00
   4.848182610000000E-01   6.997748993700000E+00   6.997748993700000E+00   0.000000000000000E+00  -9.386529676499999E-01   0.000000000000000E+00   0.000000000000000E+00   0.000000000000000E+00
   4.892325483400000E-01   7.061463744700000E+00   7.061463744700000E+00   0.000000000000000E+00  -9.386529676499999E-01   0.000000000000000E+00   0.000000000000000E+00   0.000000000000000E+00
   4.936468356800000E-01   7.125178495700000E+00   7.125178495700000E+00   0.000000000000000E+00  -9.386529676499999E-01   0.000000000000000E+00   0.000000000000000E+00   0.000000000000000E+00
   4.980611230200000E-01   7.188893246700000E+00   7.188893246700000E+00   0.000000000000000E+00  -9.386529676499999E-01   0.000000000000000E+00   0.000000000000000E+00   0.000000000000000E+00
   5.024754103600000E-01   7.252607997800000E+00   7.252607997800000E+00   0.000000000000000E+00  -9.386529676499999E-01   0.000000000000000E+00   0.000000000000000E+00   0.000000000000000E+00
   5.061504993100000E-01   7.305653338800000E+00   7.305653338800000E+00   0.000000000000000E+00  -9.386529676499999E-01   0.000000000000000E+00   0.000000000000000E+00   0.000000000000000E+00
   5.098255882600000E-01   7.358698679800000E+00   7.358698679800000E+00   0.000000000000000E+00  -9.386529676499999E-01   0.000000000000000E+00   0.000000000000000E+00   0.000000000000000E+00
   5.135006772100000E-01   7.411744020800000E+00   7.411744020800000E+00   0.000000000000000E+00  -9.386529676499999E-01   0.000000000000000E+00   0.000000000000000E+00   0.000000000000000E+00
   5.171757661600000E-01   7.464789361900000E+00   7.464789361900000E+00   0.000000000000000E+00  -9.386529676499999E-01   0.000000000000000E+00   0.000000000000000E+00   0.000000000000000E+00
   5.200358040300000E-01   7.506070453700000E+00   7.506070453700000E+00   0.000000000000000E+00  -9.386529676499999E-01   0.000000000000000E+00   0.000000000000000E+00   0.000000000000000E+00
   5.228958419000000E-01   7.547351545500000E+00   7.547351545500000E+00   0.000000000000000E+00  -9.386529676499999E-01   0.000000000000000E+00   0.000000000000000E+00   0.000000000000000E+00
   5.257558797700000E-01   7.588632637300000E+00   7.588632637300000E+00   0.000000000000000E+00  -9.386529676499999E-01   0.000000000000000E+00   0.000000000000000E+00   0.000000000000000E+00
   5.286159176400000E-01   7.629913729100000E+00   7.629913729100000E+00   0.000000000000000E+00  -9.386529676499999E-01   0.000000000000000E+00   0.000000000000000E+00   0.000000000000000E+00
   5.311122442000000E-01   7.665945100200000E+00   7.665945100200000E+00   0.000000000000000E+00  -9.386529676499999E-01   0.000000000000000E+00   0.000000000000000E+00   0.000000000000000E+00
   5.336085707700000E-01   7.701976471300000E+00   7.701976471300000E+00   0.000000000000000E+00  -9.386529676499999E-01   0.000000000000000E+00   0.000000000000000E+00   0.000000000000000E+00
   5.361048973300000E-01   7.738007842500000E+00   7.738007842500000E+00   0.000000000000000E+00  -9.386529676499999E-01   0.000000000000000E+00   0.000000000000000E+00   0.000000000000000E+00
   5.386012238900000E-01   7.774039213600000E+00   7.774039213600000E+00   0.000000000000000E+00  -9.386529676499999E-01   0.000000000000000E+00   0.000000000000000E+00   0.000000000000000E+00
   5.408122128800000E-01   7.805952091500000E+00   7.805952091500000E+00   0.000000000000000E+00  -9.386529676499999E-01   0.000000000000000E+00   0.000000000000000E+00   0.000000000000000E+00
   5.430232018700000E-01   7.837864969400000E+00   7.837864969400000E+00   0.000000000000000E+00  -9.386529676499999E-01   0.000000000000000E+00   0.000000000000000E+00   0.000000000000000E+00
   5.452341908600000E-01   7.869777847400000E+00   7.869777847400000E+00   0.000000000000000E+00  -9.386529676499999E-01   0.000000000000000E+00   0.000000000000000E+00   0.000000000000000E+00
   5.474451798500000E-01   7.901690725300000E+00   7.901690725300000E+00   0.000000000000000E+00  -9.386529676499999E-01   0.000000000000000E+00   0.000000000000000E+00   0.000000000000000E+00
   5.490611715200000E-01   7.925015556400000E+00   7.925015556400000E+00   0.000000000000000E+00  -9.386529676499999E-01   0.000000000000000E+00   0.000000000000000E+00   0.000000000000000E+00
   5.506771631900000E-01   7.948340387500000E+00   7.948340387500000E+00   0.000000000000000E+00  -9.386529676499999E-01   0.000000000000000E+00   0.000000000000000E+00   0.000000000000000E+00
   5.522931548500000E-01   7.971665218600000E+00   7.971665218600000E+00   0.000000000000000E+00  -9.386529676499999E-01   0.000000000000000E+00   0.000000000000000E+00   0.000000000000000E+00
   5.539091465200000E-01   7.994990049800000E+00   7.994990049800000E+00   0.000000000000000E+00  -9.386529676499999E-01   0.000000000000000E+00   0.000000000000000E+00   0.000000000000000E+00
   5.556768685300000E-01   8.020504919800000E+00   8.020504919800000E+00   0.000000000000000E+00  -9.386529676499999E-01   0.000000000000000E+00   0.000000000000000E+00   0.000000000000000E+00
   5.574445905400000E-01   8.046019789800001E+00   8.046019789800001E+00   0.000000000000000E+00  -9.386529676499999E-01   0.000000000000000E+00   0.000000000000000E+00   0.000000000000000E+00
   5.592123125500000E-01   8.071534659799999E+00   8.071534659799999E+00   0.000000000000000E+00  -9.386529676499999E-01   0.000000000000000E+00   0.000000000000000E+00   0.000000000000000E+00
   5.609800345500000E-01   8.097049529800000E+00   8.097049529800000E+00   0.000000000000000E+00  -9.386529676499999E-01   0.000000000000000E+00   0.000000000000000E+00   0.000000000000000E+00
   5.628610246500000E-01   8.124199283799999E+00   8.124199283799999E+00   0.000000000000000E+00  -9.386529676499999E-01   0.000000000000000E+00   0.000000000000000E+00   0.000000000000000E+00
   5.647420147400000E-01   8.151349037799999E+00   8.151349037799999E+00   0.000000000000000E+00  -9.386529676499999E-01   0.000000000000000E+00   0.000000000000000E+00   0.000000000000000E+00
   5.666230048400001E-01   8.178498791899999E+00   8.178498791899999E+00   0.000000000000000E+00  -9.386529676499999E-01   0.000000000000000E+00   0.000000000000000E+00   0.000000000000000E+00
   5.685039949300000E-01   8.205648545900001E+00   8.205648545900001E+00   0.000000000000000E+00  -9.386529676499999E-01   0.000000000000000E+00   0.000000000000000E+00   0.000000000000000E+00
   5.702407437400000E-01   8.230716356400000E+00   8.230716356400000E+00   0.000000000000000E+00  -9.386529676499999E-01   0.000000000000000E+00   0.000000000000000E+00   0.000000000000000E+00
   5.719774925600000E-01   8.255784166800000E+00   8.255784166800000E+00   0.000000000000000E+00  -9.386529676499999E-01   0.000000000000000E+00   0.000000000000000E+00   0.000000000000000E+00
   5.737142413700000E-01   8.280851977199999E+00   8.280851977199999E+00   0.000000000000000E+00  -9.386529676499999E-01   0.000000000000000E+00   0.000000000000000E+00   0.000000000000000E+00
   5.754509901800000E-01   8.305919787700001E+00   8.305919787700001E+00   0.000000000000000E+00  -9.386529676499999E-01   0.000000000000000E+00   0.000000000000000E+00   0.000000000000000E+00
   5.775806650300001E-01   8.336658997000001E+00   8.336658997000001E+00   0.000000000000000E+00  -9.386529676499999E-01   0.000000000000000E+00   0.000000000000000E+00   0.000000000000000E+00
   5.797103398700000E-01   8.367398206300001E+00   8.367398206300001E+00   0.000000000000000E+00  -9.386529676499999E-01   0.000000000000000E+00   0.000000000000000E+00   0.000000000000000E+00
   5.818400147200000E-01   8.398137415600001E+00   8.398137415600001E+00   0.000000000000000E+00  -9.386529676499999E-01   0.000000000000000E+00   0.000000000000000E+00   0.000000000000000E+00
   5.839696895599999E-01   8.428876624899999E+00   8.428876624899999E+00   0.000000000000000E+00  -9.386529676499999E-01   0.000000000000000E+00   0.000000000000000E+00   0.000000000000000E+00
   5.860024220700000E-01   8.458216592099999E+00   8.458216592099999E+00   0.000000000000000E+00  -9.386529676499999E-01   0.000000000000000E+00   0.000000000000000E+00   0.000000000000000E+00
   5.880351545800000E-01   8.487556559200000E+00   8.487556559200000E+00   0.000000000000000E+00  -9.386529676499999E-01   0.000000000000000E+00   0.000000000000000E+00   0.000000000000000E+00
   5.900678870900000E-01   8.516896526400000E+00   8.516896526400000E+00   0.000000000000000E+00  -9.386529676499999E-01   0.000000000000000E+00   0.000000000000000E+00   0.000000000000000E+00
   5.921006196000000E-01   8.546236493600000E+00   8.546236493600000E+00   0.000000000000000E+00  -9.386529676499999E-01   0.000000000000000E+00   0.000000000000000E+00   0.000000000000000E+00
   5.937614206100000E-01   8.570208092000000E+00   8.570208092000000E+00   0.000000000000000E+00  -9.386529676499999E-01   0.000000000000000E+00   0.000000000000000E+00   0.000000000000000E+00
   5.954222216300000E-01   8.594179690300001E+00   8.594179690300001E+00   0.000000000000000E+00  -9.386529676499999E-01   0.000000000000000E+00   0.000000000000000E+00   0.000000000000000E+00
   5.970830226400000E-01   8.618151288700000E+00   8.618151288700000E+00   0.000000000000000E+00  -9.386529676499999E-01   0.000000000000000E+00   0.000000000000000E+00   0.000000000000000E+00
   5.987438236600000E-01   8.642122887099999E+00   8.642122887099999E+00   0.000000000000000E+00  -9.386529676499999E-01   0.000000000000000E+00   0.000000000000000E+00   0.000000000000000E+00
   6.002217977199999E-01   8.663455605699999E+00   8.663455605699999E+00   0.000000000000000E+00  -9.386529676499999E-01   0.000000000000000E+00   0.000000000000000E+00   0.000000000000000E+00
   6.016997717900000E-01   8.684788324199999E+00   8.684788324299999E+00   0.000000000000000E+00  -9.386529676499999E-01   0.000000000000000E+00   0.000000000000000E+00   0.000000000000000E+00
   6.031777458499999E-01   8.706121042800000E+00   8.706121042800000E+00   0.000000000000000E+00  -9.386529676499999E-01   0.000000000000000E+00   0.000000000000000E+00   0.000000000000000E+00
   6.046557199200000E-01   8.727453761400000E+00   8.727453761400000E+00   0.000000000000000E+00  -9.386529676499999E-01   0.000000000000000E+00   0.000000000000000E+00   0.000000000000000E+00
   6.059614645600000E-01   8.746300562300000E+00   8.746300562300000E+00   0.000000000000000E+00  -9.386529676499999E-01   0.000000000000000E+00   0.000000000000000E+00   0.000000000000000E+00
   6.072672092000000E-01   8.765147363300001E+00   8.765147363300001E+00   0.000000000000000E+00  -9.386529676499999E-01   0.000000000000000E+00   0.000000000000000E+00   0.000000000000000E+00
   6.085729538400000E-01   8.783994164199999E+00   8.783994164199999E+00   0.000000000000000E+00  -9.386529676499999E-01   0.000000000000000E+00   0.000000000000000E+00   0.000000000000000E+00
   6.098786984800000E-01   8.802840965100000E+00   8.802840965100000E+00   0.000000000000000E+00  -9.386529676499999E-01   0.000000000000000E+00   0.000000000000000E+00   0.000000000000000E+00
   6.110011889300000E-01   8.819042719500001E+00   8.819042719500001E+00   0.000000000000000E+00  -9.386529676499999E-01   0.000000000000000E+00   0.000000000000000E+00   0.000000000000000E+00
   6.121236793700000E-01   8.835244473800000E+00   8.835244473800000E+00   0.000000000000000E+00  -9.386529676499999E-01   0.000000000000000E+00   0.000000000000000E+00   0.000000000000000E+00
   6.132461698200000E-01   8.851446228200000E+00   8.851446228200000E+00   0.000000000000000E+00  -9.386529676499999E-01   0.000000000000000E+00   0.000000000000000E+00   0.000000000000000E+00
   6.143686602600000E-01   8.867647982599999E+00   8.867647982599999E+00   0.000000000000000E+00  -9.386529676499999E-01   0.000000000000000E+00   0.000000000000000E+00   0.000000000000000E+00
   6.155586364500000E-01   8.884823809700000E+00   8.884823809700000E+00   0.000000000000000E+00  -9.386529676499999E-01   0.000000000000000E+00   0.000000000000000E+00   0.000000000000000E+00
   6.167486126300000E-01   8.901999636799999E+00   8.901999636799999E+00   0.000000000000000E+00  -9.386529676499999E-01   0.000000000000000E+00   0.000000000000000E+00   0.000000000000000E+00
   6.179385888100000E-01   8.919175464000000E+00   8.919175464000000E+00   0.000000000000000E+00  -9.386529676499999E-01   0.000000000000000E+00   0.000000000000000E+00   0.000000000000000E+00
   6.191285650000000E-01   8.936351291099999E+00   8.936351291099999E+00   0.000000000000000E+00  -9.386529676499999E-01   0.000000000000000E+00   0.000000000000000E+00   0.000000000000000E+00
   6.203372861799999E-01   8.953797678999999E+00   8.953797678999999E+00   0.000000000000000E+00  -9.386529676499999E-01   0.000000000000000E+00   0.000000000000000E+00   0.000000000000000E+00
   6.215460073600000E-01   8.971244066900001E+00   8.971244066900001E+00   0.000000000000000E+00  -9.386529676499999E-01   0.000000000000000E+00   0.000000000000000E+00   0.000000000000000E+00
   6.227547285400000E-01   8.988690454800000E+00   8.988690454800000E+00   0.000000000000000E+00  -9.386529676499999E-01   0.000000000000000E+00   0.000000000000000E+00   0.000000000000000E+00
   6.239634497300000E-01   9.006136842700000E+00   9.006136842700000E+00   0.000000000000000E+00  -9.386529676499999E-01   0.000000000000000E+00   0.000000000000000E+00   0.000000000000000E+00
   6.251003853700000E-01   9.022547095500000E+00   9.022547095500000E+00   0.000000000000000E+00  -9.386529676499999E-01   0.000000000000000E+00   0.000000000000000E+00   0.000000000000000E+00
   6.262373210100000E-01   9.038957348300000E+00   9.038957348300000E+00   0.000000000000000E+00  -9.386529676499999E-01   0.000000000000000E+00   0.000000000000000E+00   0.000000000000000E+00
   6.273742566500000E-01   9.055367601200000E+00   9.055367601200000E+00   0.000000000000000E+00  -9.386529676499999E-01   0.000000000000000E+00   0.000000000000000E+00   0.000000000000000E+00
   6.285111922900000E-01   9.071777854000000E+00   9.071777854000000E+00   0.000000000000000E+00  -9.386529676499999E-01   0.000000000000000E+00   0.000000000000000E+00   0.000000000000000E+00
   6.295479080700001E-01   9.086741557700000E+00   9.086741557700000E+00   0.000000000000000E+00  -9.386529676499999E-01   0.000000000000000E+00   0.000000000000000E+00   0.000000000000000E+00
   6.305846238500000E-01   9.101705261399999E+00   9.101705261399999E+00   0.000000000000000E+00  -9.386529676499999E-01   0.000000000000000E+00   0.000000000000000E+00   0.000000000000000E+00
   6.316213396300000E-01   9.116668965100001E+00   9.116668965100001E+00   0.000000000000000E+00  -9.386529676499999E-01   0.000000000000000E+00   0.000000000000000E+00   0.000000000000000E+00
   6.326580554100000E-01   9.131632668800000E+00   9.131632668800000E+00   0.000000000000000E+00  -9.386529676499999E-01   0.000000000000000E+00   0.000000000000000E+00   0.000000000000000E+00
   6.335649585699999E-01   9.144722688600000E+00   9.144722688600000E+00   0.000000000000000E+00  -9.386529676499999E-01   0.000000000000000E+00   0.000000000000000E+00   0.000000000000000E+00
   6.344718617200000E-01   9.157812708400000E+00   9.157812708400000E+00   0.000000000000000E+00  -9.386529676499999E-01   0.000000000000000E+00   0.000000000000000E+00   0.000000000000000E+00
   6.353787648800000E-01   9.170902728200000E+00   9.170902728200000E+00   0.000000000000000E+00  -9.386529676499999E-01   0.000000000000000E+00   0.000000000000000E+00   0.000000000000000E+00
   6.362856680300000E-01   9.183992748000000E+00   9.183992748000000E+00   0.000000000000000E+00  -9.386529676499999E-01   0.000000000000000E+00   0.000000000000000E+00   0.000000000000000E+00
   6.374732095900000E-01   9.201133434300001E+00   9.201133434300001E+00   0.000000000000000E+00  -9.386529676499999E-01   0.000000000000000E+00   0.000000000000000E+00   0.000000000000000E+00
   6.386607511400000E-01   9.218274120600000E+00   9.218274120600000E+00   0.000000000000000E+00  -9.386529676499999E-01   0.000000000000000E+00   0.000000000000000E+00   0.000000000000000E+00
   6.398482926900000E-01   9.235414806900000E+00   9.235414806900000E+00   0.000000000000000E+00  -9.386529676499999E-01   0.000000000000000E+00   0.000000000000000E+00   0.000000000000000E+00
   6.410358342500000E-01   9.252555493099999E+00   9.252555493099999E+00   0.000000000000000E+00  -9.386529676499999E-01   0.000000000000000E+00   0.000000000000000E+00   0.000000000000000E+00
   6.426037522400000E-01   9.275186440500001E+00   9.275186440500001E+00   0.000000000000000E+00  -9.386529676499999E-01   0.000000000000000E+00   0.000000000000000E+00   0.000000000000000E+00
   6.441716702300000E-01   9.297817387800000E+00   9.297817387800000E+00   0.000000000000000E+00  -9.386529676499999E-01   0.000000000000000E+00   0.000000000000000E+00   0.000000000000000E+00
   6.457395882200000E-01   9.320448335200000E+00   9.320448335200000E+00   0.000000000000000E+00  -9.386529676499999E-01   0.000000000000000E+00   0.000000000000000E+00   0.000000000000000E+00
   6.473075062100000E-01   9.343079282500000E+00   9.343079282500000E+00   0.000000000000000E+00  -9.386529676499999E-01   0.000000000000000E+00   0.000000000000000E+00   0.000000000000000E+00
   6.488062588800000E-01   9.364711914500001E+00   9.364711914600001E+00   0.000000000000000E+00  -9.386529676499999E-01   0.000000000000000E+00   0.000000000000000E+00   0.000000000000000E+00
   6.503050115600000E-01   9.386344546600000E+00   9.386344546600000E+00   0.000000000000000E+00  -9.386529676499999E-01   0.000000000000000E+00   0.000000000000000E+00   0.000000000000000E+00
   6.518037642400000E-01   9.407977178599999E+00   9.407977178599999E+00   0.000000000000000E+00  -9.386529676499999E-01   0.000000000000000E+00   0.000000000000000E+00   0.000000000000000E+00
   6.533025169200000E-01   9.429609810700001E+00   9.429609810700001E+00   0.000000000000000E+00  -9.386529676499999E-01   0.000000000000000E+00   0.000000000000000E+00   0.000000000000000E+00
   6.544920007300000E-01   9.446778531100000E+00   9.446778531100000E+00   0.000000000000000E+00  -9.386529676499999E-01   0.000000000000000E+00   0.000000000000000E+00   0.000000000000000E+00
   6.556814845500000E-01   9.463947251500000E+00   9.463947251500000E+00   0.000000000000000E+00  -9.386529676499999E-01   0.000000000000000E+00   0.000000000000000E+00   0.000000000000000E+00
   6.568709683700000E-01   9.481115971900000E+00   9.481115971900000E+00   0.000000000000000E+00  -9.386529676499999E-01   0.000000000000000E+00   0.000000000000000E+00   0.000000000000000E+00
   6.580604521900000E-01   9.498284692400000E+00   9.498284692400000E+00   0.000000000000000E+00  -9.386529676499999E-01   0.000000000000000E+00   0.000000000000000E+00   0.000000000000000E+00
   6.589192991800000E-01   9.510681081300000E+00   9.510681081300000E+00   0.000000000000000E+00  -9.386529676499999E-01   0.000000000000000E+00   0.000000000000000E+00   0.000000000000000E+00
   6.597781461800000E-01   9.523077470200001E+00   9.523077470200001E+00   0.000000000000000E+00  -9.386529676499999E-01   0.000000000000000E+00   0.000000000000000E+00   0.000000000000000E+00
   6.606369931800000E-01   9.535473859200000E+00   9.535473859200000E+00   0.000000000000000E+00  -9.386529676499999E-01   0.000000000000000E+00   0.000000000000000E+00   0.000000000000000E+00
   6.614958401800000E-01   9.547870248100001E+00   9.547870248100001E+00   0.000000000000000E+00  -9.386529676499999E-01   0.000000000000000E+00   0.000000000000000E+00   0.000000000000000E+00
   6.622469235200000E-01   9.558711202500000E+00   9.558711202500000E+00   0.000000000000000E+00  -9.386529676499999E-01   0.000000000000000E+00   0.000000000000000E+00   0.000000000000000E+00
   6.629980068500000E-01   9.569552156900000E+00   9.569552156900000E+00   0.000000000000000E+00  -9.386529676499999E-01   0.000000000000000E+00   0.000000000000000E+00   0.000000000000000E+00
   6.637490901899999E-01   9.580393111199999E+00   9.580393111199999E+00   0.000000000000000E+00  -9.386529676499999E-01   0.000000000000000E+00   0.000000000000000E+00   0.000000000000000E+00
   6.645001735200000E-01   9.591234065600000E+00   9.591234065600000E+00   0.000000000000000E+00  -9.386529676499999E-01   0.000000000000000E+00   0.000000000000000E+00   0.000000000000000E+00
   6.652258033000000E-01   9.601707629600000E+00   9.601707629600000E+00   0.000000000000000E+00  -9.386529676499999E-01   0.000000000000000E+00   0.000000000000000E+00   0.000000000000000E+00
   6.659514330900000E-01   9.612181193600000E+00   9.612181193600000E+00   0.000000000000000E+00  -9.386529676499999E-01   0.000000000000000E+00   0.000000000000000E+00   0.000000000000000E+00
   6.666770628699999E-01   9.622654757599999E+00   9.622654757599999E+00   0.000000000000000E+00  -9.386529676499999E-01   0.000000000000000E+00   0.000000000000000E+00   0.000000000000000E+00
   6.674026926500000E-01   9.633128321499999E+00   9.633128321499999E+00   0.000000000000000E+00  -9.386529676499999E-01   0.000000000000000E+00   0.000000000000000E+00   0.000000000000000E+00
   6.682302691699999E-01   9.645073360000000E+00   9.645073360000000E+00   0.000000000000000E+00  -9.386529676499999E-01   0.000000000000000E+00   0.000000000000000E+00   0.000000000000000E+00
   6.690578457000000E-01   9.657018398500000E+00   9.657018398500000E+00   0.000000000000000E+00  -9.386529676499999E-01   0.000000000000000E+00   0.000000000000000E+00   0.000000000000000E+00
   6.698854222200000E-01   9.668963437000000E+00   9.668963437000000E+00   0.000000000000000E+00  -9.386529676499999E-01   0.000000000000000E+00   0.000000000000000E+00   0.000000000000000E+00
   6.707129987400000E-01   9.680908475500001E+00   9.680908475500001E+00   0.000000000000000E+00  -9.386529676499999E-01   0.000000000000000E+00   0.000000000000000E+00   0.000000000000000E+00
   6.717126161900000E-01   9.695336710799999E+00   9.695336710799999E+00   0.000000000000000E+00  -9.386529676499999E-01   0.000000000000000E+00   0.000000000000000E+00   0.000000000000000E+00
   6.727122336300000E-01   9.709764946200000E+00   9.709764946200000E+00   0.000000000000000E+00  -9.386529676499999E-01   0.000000000000000E+00   0.000000000000000E+00   0.000000000000000E+00
   6.737118510800000E-01   9.724193181500000E+00   9.724193181500000E+00   0.000000000000000E+00  -9.386529676499999E-01   0.000000000000000E+00   0.000000000000000E+00   0.000000000000000E+00
   6.747114685200000E-01   9.738621416899999E+00   9.738621416899999E+00   0.000000000000000E+00  -9.386529676499999E-01   0.000000000000000E+00   0.000000000000000E+00   0.000000000000000E+00
   6.758540642300001E-01   9.755113365700000E+00   9.755113365700000E+00   0.000000000000000E+00  -9.386529676499999E-01   0.000000000000000E+00   0.000000000000000E+00   0.000000000000000E+00
   6.769966599300000E-01   9.771605314500000E+00   9.771605314500000E+00   0.000000000000000E+00  -9.386529676499999E-01   0.000000000000000E+00   0.000000000000000E+00   0.000000000000000E+00
   6.781392556400000E-01   9.788097263299999E+00   9.788097263299999E+00   0.000000000000000E+00  -9.386529676499999E-01   0.000000000000000E+00   0.000000000000000E+00   0.000000000000000E+00
   6.792818513500000E-01   9.804589212200000E+00   9.804589212200000E+00   0.000000000000000E+00  -9.386529676499999E-01   0.000000000000000E+00   0.000000000000000E+00   0.000000000000000E+00
   6.804019866300000E-01   9.820756972700000E+00   9.820756972700000E+00   0.000000000000000E+00  -9.386529676499999E-01   0.000000000000000E+00   0.000000000000000E+00   0.000000000000000E+00
   6.815221219099999E-01   9.836924733100000E+00   9.836924733100000E+00   0.000000000000000E+00  -9.386529676499999E-01   0.000000000000000E+00   0.000000000000000E+00   0.000000000000000E+00
   6.826422571800000E-01   9.853092493600000E+00   9.853092493600000E+00   0.000000000000000E+00  -9.386529676499999E-01   0.000000000000000E+00   0.000000000000000E+00   0.000000000000000E+00
   6.837623924600000E-01   9.869260254100000E+00   9.869260254100000E+00   0.000000000000000E+00  -9.386529676499999E-01   0.000000000000000E+00   0.000000000000000E+00   0.000000000000000E+00
   6.851615759500000E-01   9.889455728600000E+00   9.889455728600000E+00   0.000000000000000E+00  -9.386529676499999E-01   0.000000000000000E+00   0.000000000000000E+00   0.000000000000000E+00
   6.865607594299999E-01   9.909651203099999E+00   9.909651203099999E+00   0.000000000000000E+00  -9.386529676499999E-01   0.000000000000000E+00   0.000000000000000E+00   0.000000000000000E+00
   6.879599429100000E-01   9.929846677500000E+00   9.929846677500000E+00   0.000000000000000E+00  -9.386529676499999E-01   0.000000000000000E+00   0.000000000000000E+00   0.000000000000000E+00
   6.893591264000000E-01   9.950042152000000E+00   9.950042152000000E+00   0.000000000000000E+00  -9.386529676499999E-01   0.000000000000000E+00   0.000000000000000E+00   0.000000000000000E+00
   6.916429777600001E-01   9.983006707700000E+00   9.983006707700000E+00   0.000000000000000E+00  -9.386529676499999E-01   0.000000000000000E+00   0.000000000000000E+00   0.000000000000000E+00
   6.939268291300000E-01   1.001597126400000E+01   1.001597126400000E+01   0.000000000000000E+00  -9.386529676499999E-01   0.000000000000000E+00   0.000000000000000E+00   0.000000000000000E+00
   6.962106804900000E-01   1.004893581900000E+01   1.004893581900000E+01   0.000000000000000E+00  -9.386529676499999E-01   0.000000000000000E+00   0.000000000000000E+00   0.000000000000000E+00
   6.984945318600000E-01   1.008190037500000E+01   1.008190037500000E+01   0.000000000000000E+00  -9.386529676499999E-01   0.000000000000000E+00   0.000000000000000E+00   0.000000000000000E+00
   7.007910118400000E-01   1.011504720900000E+01   1.011504720900000E+01   0.000000000000000E+00  -9.386529676499999E-01   0.000000000000000E+00   0.000000000000000E+00   0.000000000000000E+00
   7.030874918300000E-01   1.014819404300000E+01   1.014819404300000E+01   0.000000000000000E+00  -9.386529676499999E-01   0.000000000000000E+00   0.000000000000000E+00   0.000000000000000E+00
   7.053839718100000E-01   1.018134087800000E+01   1.018134087800000E+01   0.000000000000000E+00  -9.386529676499999E-01   0.000000000000000E+00   0.000000000000000E+00   0.000000000000000E+00
   7.076804518000001E-01   1.021448771200000E+01   1.021448771200000E+01   0.000000000000000E+00  -9.386529676499999E-01   0.000000000000000E+00   0.000000000000000E+00   0.000000000000000E+00
   7.097780183500000E-01   1.024476347800000E+01   1.024476347800000E+01   0.000000000000000E+00  -9.386529676499999E-01   0.000000000000000E+00   0.000000000000000E+00   0.000000000000000E+00
   7.118755849100000E-01   1.027503924400000E+01   1.027503924400000E+01   0.000000000000000E+00  -9.386529676499999E-01   0.000000000000000E+00   0.000000000000000E+00   0.000000000000000E+00
   7.139731514700000E-01   1.030531501000000E+01   1.030531501000000E+01   0.000000000000000E+00  -9.386529676499999E-01   0.000000000000000E+00   0.000000000000000E+00   0.000000000000000E+00
   7.160707180300000E-01   1.033559077600000E+01   1.033559077600000E+01   0.000000000000000E+00  -9.386529676499999E-01   0.000000000000000E+00   0.000000000000000E+00   0.000000000000000E+00
   7.178299572400000E-01   1.036098320800000E+01   1.036098320800000E+01   0.000000000000000E+00  -9.386529676499999E-01   0.000000000000000E+00   0.000000000000000E+00   0.000000000000000E+00
   7.195891964600000E-01   1.038637563900000E+01   1.038637563900000E+01   0.000000000000000E+00  -9.386529676499999E-01   0.000000000000000E+00   0.000000000000000E+00   0.000000000000000E+00
   7.213484356800000E-01   1.041176807000000E+01   1.041176807000000E+01   0.000000000000000E+00  -9.386529676499999E-01   0.000000000000000E+00   0.000000000000000E+00   0.000000000000000E+00
   7.231076749000001E-01   1.043716050200000E+01   1.043716050200000E+01   0.000000000000000E+00  -9.386529676499999E-01   0.000000000000000E+00   0.000000000000000E+00   0.000000000000000E+00
   7.250111158700000E-01   1.046463430600000E+01   1.046463430600000E+01   0.000000000000000E+00  -9.386529676499999E-01   0.000000000000000E+00   0.000000000000000E+00   0.000000000000000E+00
   7.269145568399999E-01   1.049210811100000E+01   1.049210811100000E+01   0.000000000000000E+00  -9.386529676499999E-01   0.000000000000000E+00   0.000000000000000E+00   0.000000000000000E+00
   7.288179978100000E-01   1.051958191600000E+01   1.051958191600000E+01   0.000000000000000E+00  -9.386529676499999E-01   0.000000000000000E+00   0.000000000000000E+00   0.000000000000000E+00
   7.307214387900000E-01   1.054705572000000E+01   1.054705572000000E+01   0.000000000000000E+00  -9.386529676499999E-01   0.000000000000000E+00   0.000000000000000E+00   0.000000000000000E+00
   7.327964936500000E-01   1.057700655800000E+01   1.057700655800000E+01   0.000000000000000E+00  -9.386529676499999E-01   0.000000000000000E+00   0.000000000000000E+00   0.000000000000000E+00
   7.348715485100000E-01   1.060695739600000E+01   1.060695739600000E+01   0.000000000000000E+00  -9.386529676499999E-01   0.000000000000000E+00   0.000000000000000E+00   0.000000000000000E+00
   7.369466033800000E-01   1.063690823300000E+01   1.063690823300000E+01   0.000000000000000E+00  -9.386529676499999E-01   0.000000000000000E+00   0.000000000000000E+00   0.000000000000000E+00
   7.390216582400000E-01   1.066685907100000E+01   1.066685907100000E+01   0.000000000000000E+00  -9.386529676499999E-01   0.000000000000000E+00   0.000000000000000E+00   0.000000000000000E+00
   7.410132650100000E-01   1.069560543900000E+01   1.069560543900000E+01   0.000000000000000E+00  -9.386529676499999E-01   0.000000000000000E+00   0.000000000000000E+00   0.000000000000000E+00
   7.430048717700000E-01   1.072435180800000E+01   1.072435180800000E+01   0.000000000000000E+00  -9.386529676499999E-01   0.000000000000000E+00   0.000000000000000E+00   0.000000000000000E+00
   7.449964785400000E-01   1.075309817600000E+01   1.075309817600000E+01   0.000000000000000E+00  -9.386529676499999E-01   0.000000000000000E+00   0.000000000000000E+00   0.000000000000000E+00
   7.469880853100000E-01   1.078184454400000E+01   1.078184454400000E+01   0.000000000000000E+00  -9.386529676499999E-01   0.000000000000000E+00   0.000000000000000E+00   0.000000000000000E+00
   7.493900497700000E-01   1.081651391600000E+01   1.081651391600000E+01   0.000000000000000E+00  -9.386529676499999E-01   0.000000000000000E+00   0.000000000000000E+00   0.000000000000000E+00
   7.517920142300000E-01   1.085118328700000E+01   1.085118328700000E+01   0.000000000000000E+00  -9.386529676499999E-01   0.000000000000000E+00   0.000000000000000E+00   0.000000000000000E+00
   7.541939786900000E-01   1.088585265900000E+01   1.088585265900000E+01   0.000000000000000E+00  -9.386529676499999E-01   0.000000000000000E+00   0.000000000000000E+00   0.000000000000000E+00
   7.565959431500000E-01   1.092052203000000E+01   1.092052203000000E+01   0.000000000000000E+00  -9.386529676499999E-01   0.000000000000000E+00   0.000000000000000E+00   0.000000000000000E+00
   7.586015762400000E-01   1.094947085100000E+01   1.094947085100000E+01   0.000000000000000E+00  -9.386529676499999E-01   0.000000000000000E+00   0.000000000000000E+00   0.000000000000000E+00
   7.606072093200000E-01   1.097841967100000E+01   1.097841967100000E+01   0.000000000000000E+00  -9.386529676499999E-01   0.000000000000000E+00   0.000000000000000E+00   0.000000000000000E+00
   7.626128424000000E-01   1.100736849200000E+01   1.100736849200000E+01   0.000000000000000E+00  -9.386529676499999E-01   0.000000000000000E+00   0.000000000000000E+00   0.000000000000000E+00
   7.646184754799999E-01   1.103631731300000E+01   1.103631731300000E+01   0.000000000000000E+00  -9.386529676499999E-01   0.000000000000000E+00   0.000000000000000E+00   0.000000000000000E+00
   7.666119352700000E-01   1.106509042700000E+01   1.106509042700000E+01   0.000000000000000E+00  -9.386529676499999E-01   0.000000000000000E+00   0.000000000000000E+00   0.000000000000000E+00
   7.686053950500000E-01   1.109386354100000E+01   1.109386354100000E+01   0.000000000000000E+00  -9.386529676499999E-01   0.000000000000000E+00   0.000000000000000E+00   0.000000000000000E+00
   7.705988548400000E-01   1.112263665500000E+01   1.112263665500000E+01   0.000000000000000E+00  -9.386529676499999E-01   0.000000000000000E+00   0.000000000000000E+00   0.000000000000000E+00
   7.725923146300000E-01   1.115140977000000E+01   1.115140977000000E+01   0.000000000000000E+00  -9.386529676499999E-01   0.000000000000000E+00   0.000000000000000E+00   0.000000000000000E+00
   7.752573458499999E-01   1.118987618300000E+01   1.118987618300000E+01   0.000000000000000E+00  -9.386529676499999E-01   0.000000000000000E+00   0.000000000000000E+00   0.000000000000000E+00
   7.779223770800000E-01   1.122834259600000E+01   1.122834259600000E+01   0.000000000000000E+00  -9.386529676499999E-01   0.000000000000000E+00   0.000000000000000E+00   0.000000000000000E+00
   7.805874083000000E-01   1.126680900900000E+01   1.126680900900000E+01   0.000000000000000E+00  -9.386529676499999E-01   0.000000000000000E+00   0.000000000000000E+00   0.000000000000000E+00
   7.832524395300000E-01   1.130527542300000E+01   1.130527542300000E+01   0.000000000000000E+00  -9.386529676499999E-01   0.000000000000000E+00   0.000000000000000E+00   0.000000000000000E+00
   7.855711365700000E-01   1.133874293200000E+01   1.133874293200000E+01   0.000000000000000E+00  -9.386529676499999E-01   0.000000000000000E+00   0.000000000000000E+00   0.000000000000000E+00
   7.878898336100000E-01   1.137221044200000E+01   1.137221044200000E+01   0.000000000000000E+00  -9.386529676499999E-01   0.000000000000000E+00   0.000000000000000E+00   0.000000000000000E+00
   7.902085306400000E-01   1.140567795200000E+01   1.140567795200000E+01   0.000000000000000E+00  -9.386529676499999E-01   0.000000000000000E+00   0.000000000000000E+00   0.000000000000000E+00
   7.925272276799999E-01   1.143914546100000E+01   1.143914546100000E+01   0.000000000000000E+00  -9.386529676499999E-01   0.000000000000000E+00   0.000000000000000E+00   0.000000000000000E+00
   7.949510026500000E-01   1.147412964000000E+01   1.147412964000000E+01   0.000000000000000E+00  -9.386529676499999E-01   0.000000000000000E+00   0.000000000000000E+00   0.000000000000000E+00
   7.973747776100000E-01   1.150911381900000E+01   1.150911381900000E+01   0.000000000000000E+00  -9.386529676499999E-01   0.000000000000000E+00   0.000000000000000E+00   0.000000000000000E+00
   7.997985525800000E-01   1.154409799800000E+01   1.154409799800000E+01   0.000000000000000E+00  -9.386529676499999E-01   0.000000000000000E+00   0.000000000000000E+00   0.000000000000000E+00
   8.022223275400000E-01   1.157908217700000E+01   1.157908217700000E+01   0.000000000000000E+00  -9.386529676499999E-01   0.000000000000000E+00   0.000000000000000E+00   0.000000000000000E+00
   8.040912122000000E-01   1.160605720500000E+01   1.160605720500000E+01   0.000000000000000E+00  -9.386529676499999E-01   0.000000000000000E+00   0.000000000000000E+00   0.000000000000000E+00
   8.059600968600000E-01   1.163303223200000E+01   1.163303223200000E+01   0.000000000000000E+00  -9.386529676499999E-01   0.000000000000000E+00   0.000000000000000E+00   0.000000000000000E+00
   8.078289815200000E-01   1.166000725900000E+01   1.166000725900000E+01   0.000000000000000E+00  -9.386529676499999E-01   0.000000000000000E+00   0.000000000000000E+00   0.000000000000000E+00
   8.096978661799999E-01   1.168698228600000E+01   1.168698228600000E+01   0.000000000000000E+00  -9.386529676499999E-01   0.000000000000000E+00   0.000000000000000E+00   0.000000000000000E+00
   8.113474988600000E-01   1.171079268300000E+01   1.171079268300000E+01   0.000000000000000E+00  -9.386529676499999E-01   0.000000000000000E+00   0.000000000000000E+00   0.000000000000000E+00
   8.129971315400000E-01   1.173460308100000E+01   1.173460308100000E+01   0.000000000000000E+00  -9.386529676499999E-01   0.000000000000000E+00   0.000000000000000E+00   0.000000000000000E+00
   8.146467642200000E-01   1.175841347800000E+01   1.175841347800000E+01   0.000000000000000E+00  -9.386529676499999E-01   0.000000000000000E+00   0.000000000000000E+00   0.000000000000000E+00
   8.162963969000000E-01   1.178222387500000E+01   1.178222387500000E+01   0.000000000000000E+00  -9.386529676499999E-01   0.000000000000000E+00   0.000000000000000E+00   0.000000000000000E+00
   8.180225496700000E-01   1.180713874500000E+01   1.180713874500000E+01   0.000000000000000E+00  -9.386529676499999E-01   0.000000000000000E+00   0.000000000000000E+00   0.000000000000000E+00
   8.197487024500000E-01   1.183205361500000E+01   1.183205361500000E+01   0.000000000000000E+00  -9.386529676499999E-01   0.000000000000000E+00   0.000000000000000E+00   0.000000000000000E+00
   8.214748552300000E-01   1.185696848500000E+01   1.185696848500000E+01   0.000000000000000E+00  -9.386529676499999E-01   0.000000000000000E+00   0.000000000000000E+00   0.000000000000000E+00
   8.232010080000000E-01   1.188188335500000E+01   1.188188335500000E+01   0.000000000000000E+00  -9.386529676499999E-01   0.000000000000000E+00   0.000000000000000E+00   0.000000000000000E+00
   8.253666426700000E-01   1.191314159900000E+01   1.191314159900000E+01   0.000000000000000E+00  -9.386529676499999E-01   0.000000000000000E+00   0.000000000000000E+00   0.000000000000000E+00
   8.275322773300000E-01   1.194439984400000E+01   1.194439984400000E+01   0.000000000000000E+00  -9.386529676499999E-01   0.000000000000000E+00   0.000000000000000E+00   0.000000000000000E+00
   8.296979119900000E-01   1.197565808800000E+01   1.197565808800000E+01   0.000000000000000E+00  -9.386529676499999E-01   0.000000000000000E+00   0.000000000000000E+00   0.000000000000000E+00
   8.318635466600000E-01   1.200691633300000E+01   1.200691633300000E+01   0.000000000000000E+00  -9.386529676499999E-01   0.000000000000000E+00   0.000000000000000E+00   0.000000000000000E+00
   8.341835938600000E-01   1.204040333000000E+01   1.204040333000000E+01   0.000000000000000E+00  -9.386529676499999E-01   0.000000000000000E+00   0.000000000000000E+00   0.000000000000000E+00
   8.365036410600000E-01   1.207389032800000E+01   1.207389032800000E+01   0.000000000000000E+00  -9.386529676499999E-01   0.000000000000000E+00   0.000000000000000E+00   0.000000000000000E+00
   8.388236882600000E-01   1.210737732600000E+01   1.210737732600000E+01   0.000000000000000E+00  -9.386529676499999E-01   0.000000000000000E+00   0.000000000000000E+00   0.000000000000000E+00
   8.411437354600000E-01   1.214086432300000E+01   1.214086432300000E+01   0.000000000000000E+00  -9.386529676499999E-01   0.000000000000000E+00   0.000000000000000E+00   0.000000000000000E+00
   8.435357908600000E-01   1.217539067000000E+01   1.217539067000000E+01   0.000000000000000E+00  -9.386529676499999E-01   0.000000000000000E+00   0.000000000000000E+00   0.000000000000000E+00
   8.459278462599999E-01   1.220991701600000E+01   1.220991701600000E+01   0.000000000000000E+00  -9.386529676499999E-01   0.000000000000000E+00   0.000000000000000E+00   0.000000000000000E+00
   8.483199016700000E-01   1.224444336300000E+01   1.224444336300000E+01   0.000000000000000E+00  -9.386529676499999E-01   0.000000000000000E+00   0.000000000000000E+00   0.000000000000000E+00
   8.507119570700000E-01   1.227896971000000E+01   1.227896971000000E+01   0.000000000000000E+00  -9.386529676499999E-01   0.000000000000000E+00   0.000000000000000E+00   0.000000000000000E+00
   8.528824419600000E-01   1.231029796100000E+01   1.231029796100000E+01   0.000000000000000E+00  -9.386529676499999E-01   0.000000000000000E+00   0.000000000000000E+00   0.000000000000000E+00
   8.550529268500000E-01   1.234162621300000E+01   1.234162621300000E+01   0.000000000000000E+00  -9.386529676499999E-01   0.000000000000000E+00   0.000000000000000E+00   0.000000000000000E+00
   8.572234117400001E-01   1.237295446400000E+01   1.237295446400000E+01   0.000000000000000E+00  -9.386529676499999E-01   0.000000000000000E+00   0.000000000000000E+00   0.000000000000000E+00
   8.593938966300000E-01   1.240428271600000E+01   1.240428271600000E+01   0.000000000000000E+00  -9.386529676499999E-01   0.000000000000000E+00   0.000000000000000E+00   0.000000000000000E+00
   8.615221203000000E-01   1.243500097900000E+01   1.243500097900000E+01   0.000000000000000E+00  -9.386529676499999E-01   0.000000000000000E+00   0.000000000000000E+00   0.000000000000000E+00
   8.636503439700000E-01   1.246571924300000E+01   1.246571924300000E+01   0.000000000000000E+00  -9.386529676499999E-01   0.000000000000000E+00   0.000000000000000E+00   0.000000000000000E+00
   8.657785676500001E-01   1.249643750600000E+01   1.249643750600000E+01   0.000000000000000E+00  -9.386529676499999E-01   0.000000000000000E+00   0.000000000000000E+00   0.000000000000000E+00
   8.679067913200000E-01   1.252715577000000E+01   1.252715577000000E+01   0.000000000000000E+00  -9.386529676499999E-01   0.000000000000000E+00   0.000000000000000E+00   0.000000000000000E+00
   8.701267310200000E-01   1.255919784000000E+01   1.255919784000000E+01   0.000000000000000E+00  -9.386529676499999E-01   0.000000000000000E+00   0.000000000000000E+00   0.000000000000000E+00
   8.723466707200001E-01   1.259123991000000E+01   1.259123991000000E+01   0.000000000000000E+00  -9.386529676499999E-01   0.000000000000000E+00   0.000000000000000E+00   0.000000000000000E+00
   8.745666104199999E-01   1.262328198100000E+01   1.262328198100000E+01   0.000000000000000E+00  -9.386529676499999E-01   0.000000000000000E+00   0.000000000000000E+00   0.000000000000000E+00
   8.767865501200000E-01   1.265532405100000E+01   1.265532405100000E+01   0.000000000000000E+00  -9.386529676499999E-01   0.000000000000000E+00   0.000000000000000E+00   0.000000000000000E+00
   8.791473367200000E-01   1.268939907100000E+01   1.268939907100000E+01   0.000000000000000E+00  -9.386529676499999E-01   0.000000000000000E+00   0.000000000000000E+00   0.000000000000000E+00
   8.815081233299999E-01   1.272347409100000E+01   1.272347409100000E+01   0.000000000000000E+00  -9.386529676499999E-01   0.000000000000000E+00   0.000000000000000E+00   0.000000000000000E+00
   8.838689099300000E-01   1.275754911200000E+01   1.275754911200000E+01   0.000000000000000E+00  -9.386529676499999E-01   0.000000000000000E+00   0.000000000000000E+00   0.000000000000000E+00
   8.862296965399999E-01   1.279162413200000E+01   1.279162413200000E+01   0.000000000000000E+00  -9.386529676499999E-01   0.000000000000000E+00   0.000000000000000E+00   0.000000000000000E+00
   8.894305242500000E-01   1.283782410200000E+01   1.283782410200000E+01   0.000000000000000E+00  -9.386529676499999E-01   0.000000000000000E+00   0.000000000000000E+00   0.000000000000000E+00
   8.926313519600000E-01   1.288402407100000E+01   1.288402407100000E+01   0.000000000000000E+00  -9.386529676499999E-01   0.000000000000000E+00   0.000000000000000E+00   0.000000000000000E+00
   8.958321796700000E-01   1.293022404100000E+01   1.293022404100000E+01   0.000000000000000E+00  -9.386529676499999E-01   0.000000000000000E+00   0.000000000000000E+00   0.000000000000000E+00
   8.990330073800000E-01   1.297642401000000E+01   1.297642401000000E+01   0.000000000000000E+00  -9.386529676499999E-01   0.000000000000000E+00   0.000000000000000E+00   0.000000000000000E+00
   9.023393933400000E-01   1.302414758200000E+01   1.302414758200000E+01   0.000000000000000E+00  -9.386529676499999E-01   0.000000000000000E+00   0.000000000000000E+00   0.000000000000000E+00
   9.056457793000000E-01   1.307187115400000E+01   1.307187115400000E+01   0.000000000000000E+00  -9.386529676499999E-01   0.000000000000000E+00   0.000000000000000E+00   0.000000000000000E+00
   9.089521652600000E-01   1.311959472500000E+01   1.311959472500000E+01   0.000000000000000E+00  -9.386529676499999E-01   0.000000000000000E+00   0.000000000000000E+00   0.000000000000000E+00
   9.122585512200000E-01   1.316731829700000E+01   1.316731829700000E+01   0.000000000000000E+00  -9.386529676499999E-01   0.000000000000000E+00   0.000000000000000E+00   0.000000000000000E+00
   9.154726402000000E-01   1.321370967600000E+01   1.321370967600000E+01   0.000000000000000E+00  -9.386529676499999E-01   0.000000000000000E+00   0.000000000000000E+00   0.000000000000000E+00
   9.186867291800001E-01   1.326010105600000E+01   1.326010105600000E+01   0.000000000000000E+00  -9.386529676499999E-01   0.000000000000000E+00   0.000000000000000E+00   0.000000000000000E+00
   9.219008181700000E-01   1.330649243500000E+01   1.330649243500000E+01   0.000000000000000E+00  -9.386529676499999E-01   0.000000000000000E+00   0.000000000000000E+00   0.000000000000000E+00
   9.251149071500000E-01   1.335288381500000E+01   1.335288381500000E+01   0.000000000000000E+00  -9.386529676499999E-01   0.000000000000000E+00   0.000000000000000E+00   0.000000000000000E+00
   9.280118722600000E-01   1.339469790600000E+01   1.339469790600000E+01   0.000000000000000E+00  -9.386529676499999E-01   0.000000000000000E+00   0.000000000000000E+00   0.000000000000000E+00
   9.309088373800000E-01   1.343651199600000E+01   1.343651199600000E+01   0.000000000000000E+00  -9.386529676499999E-01   0.000000000000000E+00   0.000000000000000E+00   0.000000000000000E+00
   9.338058024900000E-01   1.347832608700000E+01   1.347832608700000E+01   0.000000000000000E+00  -9.386529676499999E-01   0.000000000000000E+00   0.000000000000000E+00   0.000000000000000E+00
   9.367027676100000E-01   1.352014017800000E+01   1.352014017800000E+01   0.000000000000000E+00  -9.386529676499999E-01   0.000000000000000E+00   0.000000000000000E+00   0.000000000000000E+00
   9.396155003300000E-01   1.356218185400000E+01   1.356218185400000E+01   0.000000000000000E+00  -9.386529676499999E-01   0.000000000000000E+00   0.000000000000000E+00   0.000000000000000E+00
   9.425282330600000E-01   1.360422353100000E+01   1.360422353100000E+01   0.000000000000000E+00  -9.386529676499999E-01   0.000000000000000E+00   0.000000000000000E+00   0.000000000000000E+00
   9.454409657800000E-01   1.364626520700000E+01   1.364626520700000E+01   0.000000000000000E+00  -9.386529676499999E-01   0.000000000000000E+00   0.000000000000000E+00   0.000000000000000E+00
   9.483536985100000E-01   1.368830688400000E+01   1.368830688400000E+01   0.000000000000000E+00  -9.386529676499999E-01   0.000000000000000E+00   0.000000000000000E+00   0.000000000000000E+00
   9.511037957800000E-01   1.372800111900000E+01   1.372800111900000E+01   0.000000000000000E+00  -9.386529676499999E-01   0.000000000000000E+00   0.000000000000000E+00   0.000000000000000E+00
   9.538538930500000E-01   1.376769535500000E+01   1.376769535500000E+01   0.000000000000000E+00  -9.386529676499999E-01   0.000000000000000E+00   0.000000000000000E+00   0.000000000000000E+00
   9.566039903200000E-01   1.380738959100000E+01   1.380738959100000E+01   0.000000000000000E+00  -9.386529676499999E-01   0.000000000000000E+00   0.000000000000000E+00   0.000000000000000E+00
   9.593540876000000E-01   1.384708382700000E+01   1.384708382700000E+01   0.000000000000000E+00  -9.386529676499999E-01   0.000000000000000E+00   0.000000000000000E+00   0.000000000000000E+00
   9.625161146000000E-01   1.389272375700000E+01   1.389272375700000E+01   0.000000000000000E+00  -9.386529676499999E-01   0.000000000000000E+00   0.000000000000000E+00   0.000000000000000E+00
   9.656781416000000E-01   1.393836368600000E+01   1.393836368600000E+01   0.000000000000000E+00  -9.386529676499999E-01   0.000000000000000E+00   0.000000000000000E+00   0.000000000000000E+00
   9.688401686100000E-01   1.398400361600000E+01   1.398400361600000E+01   0.000000000000000E+00  -9.386529676499999E-01   0.000000000000000E+00   0.000000000000000E+00   0.000000000000000E+00
   9.720021956100000E-01   1.402964354500000E+01   1.402964354500000E+01   0.000000000000000E+00  -9.386529676499999E-01   0.000000000000000E+00   0.000000000000000E+00   0.000000000000000E+00
   9.754908382100000E-01   1.407999776500000E+01   1.407999776500000E+01   0.000000000000000E+00  -9.386529676499999E-01   0.000000000000000E+00   0.000000000000000E+00   0.000000000000000E+00
   9.789794808100000E-01   1.413035198500000E+01   1.413035198500000E+01   0.000000000000000E+00  -9.386529676499999E-01   0.000000000000000E+00   0.000000000000000E+00   0.000000000000000E+00
   9.824681234100000E-01   1.418070620500000E+01   1.418070620500000E+01   0.000000000000000E+00  -9.386529676499999E-01   0.000000000000000E+00   0.000000000000000E+00   0.000000000000000E+00
   9.859567660000000E-01   1.423106042400000E+01   1.423106042400000E+01   0.000000000000000E+00  -9.386529676499999E-01   0.000000000000000E+00   0.000000000000000E+00   0.000000000000000E+00
   9.894675745000000E-01   1.428173458100000E+01   1.428173458100000E+01   0.000000000000000E+00  -9.386529676499999E-01   0.000000000000000E+00   0.000000000000000E+00   0.000000000000000E+00
   9.929783830000000E-01   1.433240873800000E+01   1.433240873800000E+01   0.000000000000000E+00  -9.386529676499999E-01   0.000000000000000E+00   0.000000000000000E+00   0.000000000000000E+00
   9.964891915000000E-01   1.438308289500000E+01   1.438308289500000E+01   0.000000000000000E+00  -9.386529676499999E-01   0.000000000000000E+00   0.000000000000000E+00   0.000000000000000E+00
   1.000000000000000E+00   1.443375705200000E+01   1.443375705200000E+01   0.000000000000000E+00  -9.386529676499999E-01   0.000000000000000E+00   0.000000000000000E+00   0.000000000000000E+00
