   0.000000000000000E+00   2.989521697600000E-30   0.000000000000000E+00   0.000000000000000E+00  -9.965879055800000E-01   0.000000000000000E+00   0.000000000000000E+00   0.000000000000000E+00
   1.641064348100000E-02   2.368672410700000E-01   2.368672410700000E-01   0.000000000000000E+00  -9.965879055800000E-01   0.000000000000000E+00   0.000000000000000E+00   0.000000000000000E+00
   3.282128696200000E-02   4.737344821400000E-01   4.737344821400000E-01   0.000000000000000E+00  -9.965879055800000E-01   0.000000000000000E+00   0.000000000000000E+00   0.000000000000000E+00
   4.923193044300000E-02   7.106017232100000E-01   7.106017232100000E-01   0.000000000000000E+00  -9.965879055800000E-01   0.000000000000000E+00   0.000000000000000E+00   0.000000000000000E+00
   6.564257392400000E-02   9.474689642800000E-01   9.474689642800000E-01   0.000000000000000E+00  -9.965879055800000E-01   0.000000000000000E+00   0.000000000000000E+00   0.000000000000000E+00
   8.363829593900000E-02   1.207214843800000E+00   1.207214843800000E+00   0.000000000000000E+00  -9.965879055800000E-01   0.000000000000000E+00   0.000000000000000E+00   0.000000000000000E+00
   1.016340179500000E-01   1.466960723400000E+00   1.466960723400000E+00   0.000000000000000E+00  -9.965879055800000E-01   0.000000000000000E+00   0.000000000000000E+00   0.000000000000000E+00
   1.196297399700000E-01   1.726706602900000E+00   1.726706602900000E+00   0.000000000000000E+00  -9.965879055800000E-01   0.000000000000000E+00   0.000000000000000E+00   0.000000000000000E+00
   1.376254619800000E-01   1.986452482500000E+00   1.986452482500000E+00   0.000000000000000E+00  -9.965879055800000E-01   0.000000000000000E+00   0.000000000000000E+00   0.000000000000000E+00
   1.531886005400000E-01   2.211087043400000E+00   2.211087043400000E+00   0.000000000000000E+00  -9.965879055800000E-01   0.000000000000000E+00   0.000000000000000E+00   0.000000000000000E+00
   1.687517391000000E-01   2.435721604300000E+00   2.435721604300000E+00   0.000000000000000E+00  -9.965879055800000E-01   0.000000000000000E+00   0.000000000000000E+00   0.000000000000000E+00
   1.843148776600000E-01   2.660356165200000E+00   2.660356165200000E+00   0.000000000000000E+00  -9.965879055800000E-01   0.000000000000000E+00   0.000000000000000E+00   0.000000000000000E+00
   1.998780162100000E-01   2.884990726100000E+00   2.884990726100000E+00   0.000000000000000E+00  -9.965879055800000E-01   0.000000000000000E+00   0.000000000000000E+00   0.000000000000000E+00
   2.122809941600000E-01   3.064012296400000E+00   3.064012296400000E+00   0.000000000000000E+00  -9.965879055800000E-01   0.000000000000000E+00   0.000000000000000E+00   0.000000000000000E+00
   2.246839721000000E-01   3.243033866700000E+00   3.243033866700000E+00   0.000000000000000E+00  -9.965879055800000E-01   0.000000000000000E+00   0.000000000000000E+00   0.000000000000000E+00
   2.370869500400000E-01   3.422055437000000E+00   3.422055437000000E+00   0.000000000000000E+00  -9.965879055800000E-01   0.000000000000000E+00   0.000000000000000E+00   0.000000000000000E+00
   2.494899279800000E-01   3.601077007400000E+00   3.601077007400000E+00   0.000000000000000E+00  -9.965879055800000E-01   0.000000000000000E+00   0.000000000000000E+00   0.000000000000000E+00
   2.595073521500000E-01   3.745666074100000E+00   3.745666074100000E+00   0.000000000000000E+00  -9.965879055800000E-01   0.000000000000000E+00   0.000000000000000E+00   0.000000000000000E+00
   2.695247763100000E-01   3.890255140800000E+00   3.890255140800000E+00   0.000000000000000E+00  -9.965879055800000E-01   0.000000000000000E+00   0.000000000000000E+00   0.000000000000000E+00
   2.795422004800000E-01   4.034844207600000E+00   4.034844207600000E+00   0.000000000000000E+00  -9.965879055800000E-01   0.000000000000000E+00   0.000000000000000E+00   0.000000000000000E+00
   2.895596246500000E-01   4.179433274300000E+00   4.179433274300000E+00   0.000000000000000E+00  -9.965879055800000E-01   0.000000000000000E+00   0.000000000000000E+00   0.000000000000000E+00
   2.979615797400000E-01   4.300705052800000E+00   4.300705052800000E+00   0.000000000000000E+00  -9.965879055800000E-01   0.000000000000000E+00   0.000000000000000E+00   0.000000000000000E+00
   3.063635348300000E-01   4.421976831300000E+00   4.421976831300000E+00   0.000000000000000E+00  -9.965879055800000E-01   0.000000000000000E+00   0.000000000000000E+00   0.000000000000000E+00
   3.147654899200000E-01   4.543248609900000E+00   4.543248609900000E+00   0.000000000000000E+00  -9.965879055800000E-01   0.000000000000000E+00   0.000000000000000E+00   0.000000000000000E+00
   3.231674450100000E-01   4.664520388400000E+00   4.664520388400000E+00   0.000000000000000E+00  -9.965879055800000E-01   0.000000000000000E+00   0.000000000000000E+00   0.000000000000000E+00
   3.310616577700000E-01   4.778463537400000E+00   4.778463537400000E+00   0.000000000000000E+00  -9.965879055800000E-01   0.000000000000000E+00   0.000000000000000E+00   0.000000000000000E+00
   3.389558705200000E-01   4.892406686500000E+00   4.892406686500000E+00   0.000000000000000E+00  -9.965879055800000E-01   0.000000000000000E+00   0.000000000000000E+00   0.000000000000000E+00
   3.468500832800000E-01   5.006349835500000E+00   5.006349835500000E+00   0.000000000000000E+00  -9.965879055800000E-01   0.000000000000000E+00   0.000000000000000E+00   0.000000000000000E+00
   3.547442960300000E-01   5.120292984500000E+00   5.120292984500000E+00   0.000000000000000E+00  -9.965879055800000E-01   0.000000000000000E+00   0.000000000000000E+00   0.000000000000000E+00
   3.624126466400000E-01   5.230976094200000E+00   5.230976094200000E+00   0.000000000000000E+00  -9.965879055800000E-01   0.000000000000000E+00   0.000000000000000E+00   0.000000000000000E+00
   3.700809972500000E-01   5.341659203800000E+00   5.341659203800000E+00   0.000000000000000E+00  -9.965879055800000E-01   0.000000000000000E+00   0.000000000000000E+00   0.000000000000000E+00
   3.777493478500000E-01   5.452342313400000E+00   5.452342313400000E+00   0.000000000000000E+00  -9.965879055800000E-01   0.000000000000000E+00   0.000000000000000E+00   0.000000000000000E+00
   3.854176984600000E-01   5.563025423100000E+00   5.563025423100000E+00   0.000000000000000E+00  -9.965879055800000E-01   0.000000000000000E+00   0.000000000000000E+00   0.000000000000000E+00
   3.923431545900000E-01   5.662985774300000E+00   5.662985774300000E+00   0.000000000000000E+00  -9.965879055800000E-01   0.000000000000000E+00   0.000000000000000E+00   0.000000000000000E+00
   3.992686107200000E-01   5.762946125600000E+00   5.762946125600000E+00   0.000000000000000E+00  -9.965879055800000E-01   0.000000000000000E+00   0.000000000000000E+00   0.000000000000000E+00
   4.061940668500000E-01   5.862906476800000E+00   5.862906476800000E+00   0.000000000000000E+00  -9.965879055800000E-01   0.000000000000000E+00   0.000000000000000E+00   0.000000000000000E+00
   4.131195229800000E-01   5.962866828100000E+00   5.962866828100000E+00   0.000000000000000E+00  -9.965879055800000E-01   0.000000000000000E+00   0.000000000000000E+00   0.000000000000000E+00
   4.194662348100000E-01   6.054473724800000E+00   6.054473724800000E+00   0.000000000000000E+00  -9.965879055800000E-01   0.000000000000000E+00   0.000000000000000E+00   0.000000000000000E+00
   4.258129466500000E-01   6.146080621500000E+00   6.146080621500000E+00   0.000000000000000E+00  -9.965879055800000E-01   0.000000000000000E+00   0.000000000000000E+00   0.000000000000000E+00
   4.321596584800000E-01   6.237687518200000E+00   6.237687518200000E+00   0.000000000000000E+00  -9.965879055800000E-01   0.000000000000000E+00   0.000000000000000E+00   0.000000000000000E+00
   4.385063703100000E-01   6.329294414900000E+00   6.329294414900000E+00   0.000000000000000E+00  -9.965879055800000E-01   0.000000000000000E+00   0.000000000000000E+00   0.000000000000000E+00
   4.444387678600000E-01   6.414921199800000E+00   6.414921199800000E+00   0.000000000000000E+00  -9.965879055800000E-01   0.000000000000000E+00   0.000000000000000E+00   0.000000000000000E+00
   4.503711654100000E-01   6.500547984700000E+00   6.500547984700000E+00   0.000000000000000E+00  -9.965879055800000E-01   0.000000000000000E+00   0.000000000000000E+00   0.000000000000000E+00
   4.563035629600000E-01   6.586174769700000E+00   6.586174769700000E+00   0.000000000000000E+00  -9.965879055800000E-01   0.000000000000000E+00   0.000000000000000E+00   0.000000000000000E+00
   4.622359605000000E-01   6.671801554600000E+00   6.671801554600000E+00   0.000000000000000E+00  -9.965879055800000E-01   0.000000000000000E+00   0.000000000000000E+00   0.000000000000000E+00
   4.682150366800000E-01   6.758102087600000E+00   6.758102087600000E+00   0.000000000000000E+00  -9.965879055800000E-01   0.000000000000000E+00   0.000000000000000E+00   0.000000000000000E+00
   4.741941128600000E-01   6.844402620500000E+00   6.844402620500000E+00   0.000000000000000E+00  -9.965879055800000E-01   0.000000000000000E+00   0.000000000000000E+00   0.000000000000000E+00
   4.801731890400000E-01   6.930703153500000E+00   6.930703153500000E+00   0.000000000000000E+00  -9.965879055800000E-01   0.000000000000000E+00   0.000000000000000E+00   0.000000000000000E+00
   4.861522652200000E-01   7.017003686500000E+00   7.017003686500000E+00   0.000000000000000E+00  -9.965879055800000E-01   0.000000000000000E+00   0.000000000000000E+00   0.000000000000000E+00
   4.922967058900000E-01   7.105691050200000E+00   7.105691050200000E+00   0.000000000000000E+00  -9.965879055800000E-01   0.000000000000000E+00   0.000000000000000E+00   0.000000000000000E+00
   4.984411465500000E-01   7.194378414000000E+00   7.194378414000000E+00   0.000000000000000E+00  -9.965879055800000E-01   0.000000000000000E+00   0.000000000000000E+00   0.000000000000000E+00
   5.045855872200000E-01   7.283065777800000E+00   7.283065777800000E+00   0.000000000000000E+00  -9.965879055800000E-01   0.000000000000000E+00   0.000000000000000E+00   0.000000000000000E+00
   5.107300278800000E-01   7.371753141600000E+00   7.371753141600000E+00   0.000000000000000E+00  -9.965879055800000E-01   0.000000000000000E+00   0.000000000000000E+00   0.000000000000000E+00
   5.165776395100000E-01   7.456156147200000E+00   7.456156147200000E+00   0.000000000000000E+00  -9.965879055800000E-01   0.000000000000000E+00   0.000000000000000E+00   0.000000000000000E+00
   5.224252511400000E-01   7.540559152700000E+00   7.540559152700000E+00   0.000000000000000E+00  -9.965879055800000E-01   0.000000000000000E+00   0.000000000000000E+00   0.000000000000000E+00
   5.282728627600000E-01   7.624962158300000E+00   7.624962158300000E+00   0.000000000000000E+00  -9.965879055800000E-01   0.000000000000000E+00   0.000000000000000E+00   0.000000000000000E+00
   5.341204743900000E-01   7.709365163800000E+00   7.709365163800000E+00   0.000000000000000E+00  -9.965879055800000E-01   0.000000000000000E+00   0.000000000000000E+00   0.000000000000000E+00
   5.396138555100000E-01   7.788655292400000E+00   7.788655292400000E+00   0.000000000000000E+00  -9.965879055800000E-01   0.000000000000000E+00   0.000000000000000E+00   0.000000000000000E+00
   5.451072366400000E-01   7.867945420900000E+00   7.867945420900000E+00   0.000000000000000E+00  -9.965879055800000E-01   0.000000000000000E+00   0.000000000000000E+00   0.000000000000000E+00
   5.506006177600000E-01   7.947235549500000E+00   7.947235549500000E+00   0.000000000000000E+00  -9.965879055800000E-01   0.000000000000000E+00   0.000000000000000E+00   0.000000000000000E+00
   5.560939988900000E-01   8.026525678000000E+00   8.026525678000000E+00   0.000000000000000E+00  -9.965879055800000E-01   0.000000000000000E+00   0.000000000000000E+00   0.000000000000000E+00
   5.608876606300000E-01   8.095716227000000E+00   8.095716227000000E+00   0.000000000000000E+00  -9.965879055800000E-01   0.000000000000000E+00   0.000000000000000E+00   0.000000000000000E+00
   5.656813223800000E-01   8.164906776100000E+00   8.164906776100000E+00   0.000000000000000E+00  -9.965879055800000E-01   0.000000000000000E+00   0.000000000000000E+00   0.000000000000000E+00
   5.704749841300000E-01   8.234097325100000E+00   8.234097325100000E+00   0.000000000000000E+00  -9.965879055800000E-01   0.000000000000000E+00   0.000000000000000E+00   0.000000000000000E+00
   5.752686458700000E-01   8.303287874200000E+00   8.303287874200000E+00   0.000000000000000E+00  -9.965879055800000E-01   0.000000000000000E+00   0.000000000000000E+00   0.000000000000000E+00
   5.793341772800000E-01   8.361968766700000E+00   8.361968766700000E+00   0.000000000000000E+00  -9.965879055800000E-01   0.000000000000000E+00   0.000000000000000E+00   0.000000000000000E+00
   5.833997086800000E-01   8.420649659200000E+00   8.420649659200000E+00   0.000000000000000E+00  -9.965879055800000E-01   0.000000000000000E+00   0.000000000000000E+00   0.000000000000000E+00
   5.874652400800000E-01   8.479330551800000E+00   8.479330551800000E+00   0.000000000000000E+00  -9.965879055800000E-01   0.000000000000000E+00   0.000000000000000E+00   0.000000000000000E+00
   5.915307714800000E-01   8.538011444300000E+00   8.538011444300000E+00   0.000000000000000E+00  -9.965879055800000E-01   0.000000000000000E+00   0.000000000000000E+00   0.000000000000000E+00
   5.954173795200000E-01   8.594109800500000E+00   8.594109800500000E+00   0.000000000000000E+00  -9.965879055800000E-01   0.000000000000000E+00   0.000000000000000E+00   0.000000000000000E+00
   5.993039875500000E-01   8.650208156600000E+00   8.650208156600000E+00   0.000000000000000E+00  -9.965879055800000E-01   0.000000000000000E+00   0.000000000000000E+00   0.000000000000000E+00
   6.031905955900000E-01   8.706306512799999E+00   8.706306512799999E+00   0.000000000000000E+00  -9.965879055800000E-01   0.000000000000000E+00   0.000000000000000E+00   0.000000000000000E+00
   6.070772036300000E-01   8.762404868999999E+00   8.762404868999999E+00   0.000000000000000E+00  -9.965879055800000E-01   0.000000000000000E+00   0.000000000000000E+00   0.000000000000000E+00
   6.115571047500000E-01   8.827066673399999E+00   8.827066673399999E+00   0.000000000000000E+00  -9.965879055800000E-01   0.000000000000000E+00   0.000000000000000E+00   0.000000000000000E+00
   6.160370058800000E-01   8.891728477899999E+00   8.891728477899999E+00   0.000000000000000E+00  -9.965879055800000E-01   0.000000000000000E+00   0.000000000000000E+00   0.000000000000000E+00
   6.205169070000000E-01   8.956390282299999E+00   8.956390282299999E+00   0.000000000000000E+00  -9.965879055800000E-01   0.000000000000000E+00   0.000000000000000E+00   0.000000000000000E+00
   6.249968081300000E-01   9.021052086799999E+00   9.021052086799999E+00   0.000000000000000E+00  -9.965879055800000E-01   0.000000000000000E+00   0.000000000000000E+00   0.000000000000000E+00
   6.286347343399999E-01   9.073561029900000E+00   9.073561029900000E+00   0.000000000000000E+00  -9.965879055800000E-01   0.000000000000000E+00   0.000000000000000E+00   0.000000000000000E+00
   6.322726605500000E-01   9.126069973000000E+00   9.126069973000000E+00   0.000000000000000E+00  -9.965879055800000E-01   0.000000000000000E+00   0.000000000000000E+00   0.000000000000000E+00
   6.359105867600000E-01   9.178578916099999E+00   9.178578916099999E+00   0.000000000000000E+00  -9.965879055800000E-01   0.000000000000000E+00   0.000000000000000E+00   0.000000000000000E+00
   6.395485129700000E-01   9.231087859200001E+00   9.231087859200001E+00   0.000000000000000E+00  -9.965879055800000E-01   0.000000000000000E+00   0.000000000000000E+00   0.000000000000000E+00
   6.426426892100000E-01   9.275748447200000E+00   9.275748447200000E+00   0.000000000000000E+00  -9.965879055800000E-01   0.000000000000000E+00   0.000000000000000E+00   0.000000000000000E+00
   6.457368654400000E-01   9.320409035300001E+00   9.320409035300001E+00   0.000000000000000E+00  -9.965879055800000E-01   0.000000000000000E+00   0.000000000000000E+00   0.000000000000000E+00
   6.488310416700001E-01   9.365069623300000E+00   9.365069623300000E+00   0.000000000000000E+00  -9.965879055800000E-01   0.000000000000000E+00   0.000000000000000E+00   0.000000000000000E+00
   6.519252179100000E-01   9.409730211299999E+00   9.409730211299999E+00   0.000000000000000E+00  -9.965879055800000E-01   0.000000000000000E+00   0.000000000000000E+00   0.000000000000000E+00
   6.547706366300000E-01   9.450800293900000E+00   9.450800293900000E+00   0.000000000000000E+00  -9.965879055800000E-01   0.000000000000000E+00   0.000000000000000E+00   0.000000000000000E+00
   6.576160553500000E-01   9.491870376400000E+00   9.491870376400000E+00   0.000000000000000E+00  -9.965879055800000E-01   0.000000000000000E+00   0.000000000000000E+00   0.000000000000000E+00
   6.604614740700000E-01   9.532940458900001E+00   9.532940458900001E+00   0.000000000000000E+00  -9.965879055800000E-01   0.000000000000000E+00   0.000000000000000E+00   0.000000000000000E+00
   6.633068927900000E-01   9.574010541400000E+00   9.574010541400000E+00   0.000000000000000E+00  -9.965879055800000E-01   0.000000000000000E+00   0.000000000000000E+00   0.000000000000000E+00
   6.657206873700000E-01   9.608850666000000E+00   9.608850666000000E+00   0.000000000000000E+00  -9.965879055800000E-01   0.000000000000000E+00   0.000000000000000E+00   0.000000000000000E+00
   6.681344819600000E-01   9.643690790599999E+00   9.643690790599999E+00   0.000000000000000E+00  -9.965879055800000E-01   0.000000000000000E+00   0.000000000000000E+00   0.000000000000000E+00
   6.705482765400000E-01   9.678530915300000E+00   9.678530915300000E+00   0.000000000000000E+00  -9.965879055800000E-01   0.000000000000000E+00   0.000000000000000E+00   0.000000000000000E+00
   6.729620711300000E-01   9.713371039900000E+00   9.713371039900000E+00   0.000000000000000E+00  -9.965879055800000E-01   0.000000000000000E+00   0.000000000000000E+00   0.000000000000000E+00
   6.752065161400000E-01   9.745766813900000E+00   9.745766813900000E+00   0.000000000000000E+00  -9.965879055800000E-01   0.000000000000000E+00   0.000000000000000E+00   0.000000000000000E+00
   6.774509611500000E-01   9.778162587900001E+00   9.778162587900001E+00   0.000000000000000E+00  -9.965879055800000E-01   0.000000000000000E+00   0.000000000000000E+00   0.000000000000000E+00
   6.796954061700000E-01   9.810558362000000E+00   9.810558362000000E+00   0.000000000000000E+00  -9.965879055800000E-01   0.000000000000000E+00   0.000000000000000E+00   0.000000000000000E+00
   6.819398511800000E-01   9.842954135999999E+00   9.842954135999999E+00   0.000000000000000E+00  -9.965879055800000E-01   0.000000000000000E+00   0.000000000000000E+00   0.000000000000000E+00
   6.845252577599999E-01   9.880271266499999E+00   9.880271266499999E+00   0.000000000000000E+00  -9.965879055800000E-01   0.000000000000000E+00   0.000000000000000E+00   0.000000000000000E+00
   6.871106643400000E-01   9.917588396899999E+00   9.917588396899999E+00   0.000000000000000E+00  -9.965879055800000E-01   0.000000000000000E+00   0.000000000000000E+00   0.000000000000000E+00
   6.896960709200000E-01   9.954905527399999E+00   9.954905527399999E+00   0.000000000000000E+00  -9.965879055800000E-01   0.000000000000000E+00   0.000000000000000E+00   0.000000000000000E+00
   6.922814775000000E-01   9.992222657899999E+00   9.992222657899999E+00   0.000000000000000E+00  -9.965879055800000E-01   0.000000000000000E+00   0.000000000000000E+00   0.000000000000000E+00
   6.951898589000000E-01   1.003420152800000E+01   1.003420152800000E+01   0.000000000000000E+00  -9.965879055800000E-01   0.000000000000000E+00   0.000000000000000E+00   0.000000000000000E+00
   6.980982403100000E-01   1.007618039900000E+01   1.007618039900000E+01   0.000000000000000E+00  -9.965879055800000E-01   0.000000000000000E+00   0.000000000000000E+00   0.000000000000000E+00
   7.010066217100001E-01   1.011815927000000E+01   1.011815927000000E+01   0.000000000000000E+00  -9.965879055800000E-01   0.000000000000000E+00   0.000000000000000E+00   0.000000000000000E+00
   7.039150031100000E-01   1.016013814000000E+01   1.016013814000000E+01   0.000000000000000E+00  -9.965879055800000E-01   0.000000000000000E+00   0.000000000000000E+00   0.000000000000000E+00
   7.061915263400000E-01   1.019299692300000E+01   1.019299692300000E+01   0.000000000000000E+00  -9.965879055800000E-01   0.000000000000000E+00   0.000000000000000E+00   0.000000000000000E+00
   7.084680495600000E-01   1.022585570700000E+01   1.022585570700000E+01   0.000000000000000E+00  -9.965879055800000E-01   0.000000000000000E+00   0.000000000000000E+00   0.000000000000000E+00
   7.107445727900000E-01   1.025871449000000E+01   1.025871449000000E+01   0.000000000000000E+00  -9.965879055800000E-01   0.000000000000000E+00   0.000000000000000E+00   0.000000000000000E+00
   7.130210960200000E-01   1.029157327300000E+01   1.029157327300000E+01   0.000000000000000E+00  -9.965879055800000E-01   0.000000000000000E+00   0.000000000000000E+00   0.000000000000000E+00
   7.152083063300000E-01   1.032314293500000E+01   1.032314293500000E+01   0.000000000000000E+00  -9.965879055800000E-01   0.000000000000000E+00   0.000000000000000E+00   0.000000000000000E+00
   7.173955166500000E-01   1.035471259800000E+01   1.035471259800000E+01   0.000000000000000E+00  -9.965879055800000E-01   0.000000000000000E+00   0.000000000000000E+00   0.000000000000000E+00
   7.195827269700000E-01   1.038628226000000E+01   1.038628226000000E+01   0.000000000000000E+00  -9.965879055800000E-01   0.000000000000000E+00   0.000000000000000E+00   0.000000000000000E+00
   7.217699372900001E-01   1.041785192200000E+01   1.041785192200000E+01   0.000000000000000E+00  -9.965879055800000E-01   0.000000000000000E+00   0.000000000000000E+00   0.000000000000000E+00
   7.241597552500000E-01   1.045234597400000E+01   1.045234597400000E+01   0.000000000000000E+00  -9.965879055800000E-01   0.000000000000000E+00   0.000000000000000E+00   0.000000000000000E+00
   7.265495732200000E-01   1.048684002600000E+01   1.048684002600000E+01   0.000000000000000E+00  -9.965879055800000E-01   0.000000000000000E+00   0.000000000000000E+00   0.000000000000000E+00
   7.289393911900000E-01   1.052133407800000E+01   1.052133407800000E+01   0.000000000000000E+00  -9.965879055800000E-01   0.000000000000000E+00   0.000000000000000E+00   0.000000000000000E+00
   7.313292091500000E-01   1.055582813000000E+01   1.055582813000000E+01   0.000000000000000E+00  -9.965879055800000E-01   0.000000000000000E+00   0.000000000000000E+00   0.000000000000000E+00
   7.343312355700000E-01   1.059915865000000E+01   1.059915865000000E+01   0.000000000000000E+00  -9.965879055800000E-01   0.000000000000000E+00   0.000000000000000E+00   0.000000000000000E+00
   7.373332619900000E-01   1.064248917000000E+01   1.064248917000000E+01   0.000000000000000E+00  -9.965879055800000E-01   0.000000000000000E+00   0.000000000000000E+00   0.000000000000000E+00
   7.403352884200000E-01   1.068581969000000E+01   1.068581969000000E+01   0.000000000000000E+00  -9.965879055800000E-01   0.000000000000000E+00   0.000000000000000E+00   0.000000000000000E+00
   7.433373148400000E-01   1.072915021000000E+01   1.072915021000000E+01   0.000000000000000E+00  -9.965879055800000E-01   0.000000000000000E+00   0.000000000000000E+00   0.000000000000000E+00
   7.464253238900000E-01   1.077372178200000E+01   1.077372178200000E+01   0.000000000000000E+00  -9.965879055800000E-01   0.000000000000000E+00   0.000000000000000E+00   0.000000000000000E+00
   7.495133329400000E-01   1.081829335500000E+01   1.081829335500000E+01   0.000000000000000E+00  -9.965879055800000E-01   0.000000000000000E+00   0.000000000000000E+00   0.000000000000000E+00
   7.526013419900000E-01   1.086286492700000E+01   1.086286492700000E+01   0.000000000000000E+00  -9.965879055800000E-01   0.000000000000000E+00   0.000000000000000E+00   0.000000000000000E+00
   7.556893510500000E-01   1.090743650000000E+01   1.090743650000000E+01   0.000000000000000E+00  -9.965879055800000E-01   0.000000000000000E+00   0.000000000000000E+00   0.000000000000000E+00
   7.584635511100000E-01   1.094747863000000E+01   1.094747863000000E+01   0.000000000000000E+00  -9.965879055800000E-01   0.000000000000000E+00   0.000000000000000E+00   0.000000000000000E+00
   7.612377511800000E-01   1.098752075900000E+01   1.098752075900000E+01   0.000000000000000E+00  -9.965879055800000E-01   0.000000000000000E+00   0.000000000000000E+00   0.000000000000000E+00
   7.640119512400000E-01   1.102756288900000E+01   1.102756288900000E+01   0.000000000000000E+00  -9.965879055800000E-01   0.000000000000000E+00   0.000000000000000E+00   0.000000000000000E+00
   7.667861513100001E-01   1.106760501900000E+01   1.106760501900000E+01   0.000000000000000E+00  -9.965879055800000E-01   0.000000000000000E+00   0.000000000000000E+00   0.000000000000000E+00
   7.690378935700000E-01   1.110010612000000E+01   1.110010612000000E+01   0.000000000000000E+00  -9.965879055800000E-01   0.000000000000000E+00   0.000000000000000E+00   0.000000000000000E+00
   7.712896358300000E-01   1.113260722000000E+01   1.113260722000000E+01   0.000000000000000E+00  -9.965879055800000E-01   0.000000000000000E+00   0.000000000000000E+00   0.000000000000000E+00
   7.735413780800000E-01   1.116510832100000E+01   1.116510832100000E+01   0.000000000000000E+00  -9.965879055800000E-01   0.000000000000000E+00   0.000000000000000E+00   0.000000000000000E+00
   7.757931203400000E-01   1.119760942200000E+01   1.119760942200000E+01   0.000000000000000E+00  -9.965879055800000E-01   0.000000000000000E+00   0.000000000000000E+00   0.000000000000000E+00
   7.777400084900000E-01   1.122571033200000E+01   1.122571033200000E+01   0.000000000000000E+00  -9.965879055800000E-01   0.000000000000000E+00   0.000000000000000E+00   0.000000000000000E+00
   7.796868966400000E-01   1.125381124300000E+01   1.125381124300000E+01   0.000000000000000E+00  -9.965879055800000E-01   0.000000000000000E+00   0.000000000000000E+00   0.000000000000000E+00
   7.816337847800000E-01   1.128191215300000E+01   1.128191215300000E+01   0.000000000000000E+00  -9.965879055800000E-01   0.000000000000000E+00   0.000000000000000E+00   0.000000000000000E+00
   7.835806729300000E-01   1.131001306400000E+01   1.131001306400000E+01   0.000000000000000E+00  -9.965879055800000E-01   0.000000000000000E+00   0.000000000000000E+00   0.000000000000000E+00
   7.853892687800000E-01   1.133611789700000E+01   1.133611789700000E+01   0.000000000000000E+00  -9.965879055800000E-01   0.000000000000000E+00   0.000000000000000E+00   0.000000000000000E+00
   7.871978646300000E-01   1.136222273000000E+01   1.136222273000000E+01   0.000000000000000E+00  -9.965879055800000E-01   0.000000000000000E+00   0.000000000000000E+00   0.000000000000000E+00
   7.890064604700000E-01   1.138832756300000E+01   1.138832756300000E+01   0.000000000000000E+00  -9.965879055800000E-01   0.000000000000000E+00   0.000000000000000E+00   0.000000000000000E+00
   7.908150563200000E-01   1.141443239600000E+01   1.141443239600000E+01   0.000000000000000E+00  -9.965879055800000E-01   0.000000000000000E+00   0.000000000000000E+00   0.000000000000000E+00
   7.924828224900000E-01   1.143850452800000E+01   1.143850452800000E+01   0.000000000000000E+00  -9.965879055800000E-01   0.000000000000000E+00   0.000000000000000E+00   0.000000000000000E+00
   7.941505886600000E-01   1.146257665900000E+01   1.146257665900000E+01   0.000000000000000E+00  -9.965879055800000E-01   0.000000000000000E+00   0.000000000000000E+00   0.000000000000000E+00
   7.958183548300000E-01   1.148664879100000E+01   1.148664879100000E+01   0.000000000000000E+00  -9.965879055800000E-01   0.000000000000000E+00   0.000000000000000E+00   0.000000000000000E+00
   7.974861210000000E-01   1.151072092300000E+01   1.151072092300000E+01   0.000000000000000E+00  -9.965879055800000E-01   0.000000000000000E+00   0.000000000000000E+00   0.000000000000000E+00
   7.991618553700000E-01   1.153490806600000E+01   1.153490806600000E+01   0.000000000000000E+00  -9.965879055800000E-01   0.000000000000000E+00   0.000000000000000E+00   0.000000000000000E+00
   8.008375897400000E-01   1.155909520800000E+01   1.155909520800000E+01   0.000000000000000E+00  -9.965879055800000E-01   0.000000000000000E+00   0.000000000000000E+00   0.000000000000000E+00
   8.025133241000000E-01   1.158328235100000E+01   1.158328235100000E+01   0.000000000000000E+00  -9.965879055800000E-01   0.000000000000000E+00   0.000000000000000E+00   0.000000000000000E+00
   8.041890584700000E-01   1.160746949400000E+01   1.160746949400000E+01   0.000000000000000E+00  -9.965879055800000E-01   0.000000000000000E+00   0.000000000000000E+00   0.000000000000000E+00
   8.061191465400001E-01   1.163532791600000E+01   1.163532791600000E+01   0.000000000000000E+00  -9.965879055800000E-01   0.000000000000000E+00   0.000000000000000E+00   0.000000000000000E+00
   8.080492346200000E-01   1.166318633900000E+01   1.166318633900000E+01   0.000000000000000E+00  -9.965879055800000E-01   0.000000000000000E+00   0.000000000000000E+00   0.000000000000000E+00
   8.099793226899999E-01   1.169104476100000E+01   1.169104476100000E+01   0.000000000000000E+00  -9.965879055800000E-01   0.000000000000000E+00   0.000000000000000E+00   0.000000000000000E+00
   8.119094107600000E-01   1.171890318300000E+01   1.171890318300000E+01   0.000000000000000E+00  -9.965879055800000E-01   0.000000000000000E+00   0.000000000000000E+00   0.000000000000000E+00
   8.133909953100000E-01   1.174028801500000E+01   1.174028801500000E+01   0.000000000000000E+00  -9.965879055800000E-01   0.000000000000000E+00   0.000000000000000E+00   0.000000000000000E+00
   8.148725798599999E-01   1.176167284600000E+01   1.176167284600000E+01   0.000000000000000E+00  -9.965879055800000E-01   0.000000000000000E+00   0.000000000000000E+00   0.000000000000000E+00
   8.163541644100000E-01   1.178305767800000E+01   1.178305767800000E+01   0.000000000000000E+00  -9.965879055800000E-01   0.000000000000000E+00   0.000000000000000E+00   0.000000000000000E+00
   8.178357489600000E-01   1.180444250900000E+01   1.180444250900000E+01   0.000000000000000E+00  -9.965879055800000E-01   0.000000000000000E+00   0.000000000000000E+00   0.000000000000000E+00
   8.189859882200000E-01   1.182104478300000E+01   1.182104478300000E+01   0.000000000000000E+00  -9.965879055800000E-01   0.000000000000000E+00   0.000000000000000E+00   0.000000000000000E+00
   8.201362274900000E-01   1.183764705700000E+01   1.183764705700000E+01   0.000000000000000E+00  -9.965879055800000E-01   0.000000000000000E+00   0.000000000000000E+00   0.000000000000000E+00
   8.212864667500001E-01   1.185424933100000E+01   1.185424933100000E+01   0.000000000000000E+00  -9.965879055800000E-01   0.000000000000000E+00   0.000000000000000E+00   0.000000000000000E+00
   8.224367060200000E-01   1.187085160500000E+01   1.187085160500000E+01   0.000000000000000E+00  -9.965879055800000E-01   0.000000000000000E+00   0.000000000000000E+00   0.000000000000000E+00
   8.235176636600000E-01   1.188645388500000E+01   1.188645388500000E+01   0.000000000000000E+00  -9.965879055800000E-01   0.000000000000000E+00   0.000000000000000E+00   0.000000000000000E+00
   8.245986212899999E-01   1.190205616500000E+01   1.190205616500000E+01   0.000000000000000E+00  -9.965879055800000E-01   0.000000000000000E+00   0.000000000000000E+00   0.000000000000000E+00
   8.256795789300000E-01   1.191765844500000E+01   1.191765844500000E+01   0.000000000000000E+00  -9.965879055800000E-01   0.000000000000000E+00   0.000000000000000E+00   0.000000000000000E+00
   8.267605365700000E-01   1.193326072500000E+01   1.193326072500000E+01   0.000000000000000E+00  -9.965879055800000E-01   0.000000000000000E+00   0.000000000000000E+00   0.000000000000000E+00
   8.280949684800000E-01   1.195252159100000E+01   1.195252159100000E+01   0.000000000000000E+00  -9.965879055800000E-01   0.000000000000000E+00   0.000000000000000E+00   0.000000000000000E+00
   8.294294003800000E-01   1.197178245700000E+01   1.197178245700000E+01   0.000000000000000E+00  -9.965879055800000E-01   0.000000000000000E+00   0.000000000000000E+00   0.000000000000000E+00
   8.307638322899999E-01   1.199104332300000E+01   1.199104332300000E+01   0.000000000000000E+00  -9.965879055800000E-01   0.000000000000000E+00   0.000000000000000E+00   0.000000000000000E+00
   8.320982642000000E-01   1.201030418900000E+01   1.201030418900000E+01   0.000000000000000E+00  -9.965879055800000E-01   0.000000000000000E+00   0.000000000000000E+00   0.000000000000000E+00
   8.337373635799999E-01   1.203396255100000E+01   1.203396255100000E+01   0.000000000000000E+00  -9.965879055800000E-01   0.000000000000000E+00   0.000000000000000E+00   0.000000000000000E+00
   8.353764629700000E-01   1.205762091300000E+01   1.205762091300000E+01   0.000000000000000E+00  -9.965879055800000E-01   0.000000000000000E+00   0.000000000000000E+00   0.000000000000000E+00
   8.370155623600000E-01   1.208127927600000E+01   1.208127927600000E+01   0.000000000000000E+00  -9.965879055800000E-01   0.000000000000000E+00   0.000000000000000E+00   0.000000000000000E+00
   8.386546617400000E-01   1.210493763800000E+01   1.210493763800000E+01   0.000000000000000E+00  -9.965879055800000E-01   0.000000000000000E+00   0.000000000000000E+00   0.000000000000000E+00
   8.402224315100000E-01   1.212756644600000E+01   1.212756644600000E+01   0.000000000000000E+00  -9.965879055800000E-01   0.000000000000000E+00   0.000000000000000E+00   0.000000000000000E+00
   8.417902012800000E-01   1.215019525400000E+01   1.215019525400000E+01   0.000000000000000E+00  -9.965879055800000E-01   0.000000000000000E+00   0.000000000000000E+00   0.000000000000000E+00
   8.433579710500000E-01   1.217282406200000E+01   1.217282406200000E+01   0.000000000000000E+00  -9.965879055800000E-01   0.000000000000000E+00   0.000000000000000E+00   0.000000000000000E+00
   8.449257408200000E-01   1.219545287000000E+01   1.219545287000000E+01   0.000000000000000E+00  -9.965879055800000E-01   0.000000000000000E+00   0.000000000000000E+00   0.000000000000000E+00
   8.462760974700000E-01   1.221494359000000E+01   1.221494359000000E+01   0.000000000000000E+00  -9.965879055800000E-01   0.000000000000000E+00   0.000000000000000E+00   0.000000000000000E+00
   8.476264541300000E-01   1.223443431000000E+01   1.223443431000000E+01   0.000000000000000E+00  -9.965879055800000E-01   0.000000000000000E+00   0.000000000000000E+00   0.000000000000000E+00
   8.489768107800000E-01   1.225392503000000E+01   1.225392503000000E+01   0.000000000000000E+00  -9.965879055800000E-01   0.000000000000000E+00   0.000000000000000E+00   0.000000000000000E+00
   8.503271674400000E-01   1.227341574900000E+01   1.227341574900000E+01   0.000000000000000E+00  -9.965879055800000E-01   0.000000000000000E+00   0.000000000000000E+00   0.000000000000000E+00
   8.515310986300000E-01   1.229079300000000E+01   1.229079300000000E+01   0.000000000000000E+00  -9.965879055800000E-01   0.000000000000000E+00   0.000000000000000E+00   0.000000000000000E+00
   8.527350298200000E-01   1.230817025000000E+01   1.230817025000000E+01   0.000000000000000E+00  -9.965879055800000E-01   0.000000000000000E+00   0.000000000000000E+00   0.000000000000000E+00
   8.539389610100000E-01   1.232554750000000E+01   1.232554750000000E+01   0.000000000000000E+00  -9.965879055800000E-01   0.000000000000000E+00   0.000000000000000E+00   0.000000000000000E+00
   8.551428921999999E-01   1.234292475100000E+01   1.234292475100000E+01   0.000000000000000E+00  -9.965879055800000E-01   0.000000000000000E+00   0.000000000000000E+00   0.000000000000000E+00
   8.563297597700000E-01   1.236005570900000E+01   1.236005570900000E+01   0.000000000000000E+00  -9.965879055800000E-01   0.000000000000000E+00   0.000000000000000E+00   0.000000000000000E+00
   8.575166273400000E-01   1.237718666700000E+01   1.237718666700000E+01   0.000000000000000E+00  -9.965879055800000E-01   0.000000000000000E+00   0.000000000000000E+00   0.000000000000000E+00
   8.587034949100000E-01   1.239431762500000E+01   1.239431762500000E+01   0.000000000000000E+00  -9.965879055800000E-01   0.000000000000000E+00   0.000000000000000E+00   0.000000000000000E+00
   8.598903624799999E-01   1.241144858300000E+01   1.241144858300000E+01   0.000000000000000E+00  -9.965879055800000E-01   0.000000000000000E+00   0.000000000000000E+00   0.000000000000000E+00
   8.610146704800000E-01   1.242767657200000E+01   1.242767657200000E+01   0.000000000000000E+00  -9.965879055800000E-01   0.000000000000000E+00   0.000000000000000E+00   0.000000000000000E+00
   8.621389784800000E-01   1.244390456000000E+01   1.244390456000000E+01   0.000000000000000E+00  -9.965879055800000E-01   0.000000000000000E+00   0.000000000000000E+00   0.000000000000000E+00
   8.632632864799999E-01   1.246013254900000E+01   1.246013254900000E+01   0.000000000000000E+00  -9.965879055800000E-01   0.000000000000000E+00   0.000000000000000E+00   0.000000000000000E+00
   8.643875944900000E-01   1.247636053800000E+01   1.247636053800000E+01   0.000000000000000E+00  -9.965879055800000E-01   0.000000000000000E+00   0.000000000000000E+00   0.000000000000000E+00
   8.655004412400000E-01   1.249242309700000E+01   1.249242309700000E+01   0.000000000000000E+00  -9.965879055800000E-01   0.000000000000000E+00   0.000000000000000E+00   0.000000000000000E+00
   8.666132880000000E-01   1.250848565700000E+01   1.250848565700000E+01   0.000000000000000E+00  -9.965879055800000E-01   0.000000000000000E+00   0.000000000000000E+00   0.000000000000000E+00
   8.677261347600000E-01   1.252454821700000E+01   1.252454821700000E+01   0.000000000000000E+00  -9.965879055800000E-01   0.000000000000000E+00   0.000000000000000E+00   0.000000000000000E+00
   8.688389815100001E-01   1.254061077600000E+01   1.254061077600000E+01   0.000000000000000E+00  -9.965879055800000E-01   0.000000000000000E+00   0.000000000000000E+00   0.000000000000000E+00
   8.697217704200000E-01   1.255335273700000E+01   1.255335273700000E+01   0.000000000000000E+00  -9.965879055800000E-01   0.000000000000000E+00   0.000000000000000E+00   0.000000000000000E+00
   8.706045593200000E-01   1.256609469800000E+01   1.256609469800000E+01   0.000000000000000E+00  -9.965879055800000E-01   0.000000000000000E+00   0.000000000000000E+00   0.000000000000000E+00
   8.714873482200000E-01   1.257883665800000E+01   1.257883665800000E+01   0.000000000000000E+00  -9.965879055800000E-01   0.000000000000000E+00   0.000000000000000E+00   0.000000000000000E+00
   8.723701371300000E-01   1.259157861900000E+01   1.259157861900000E+01   0.000000000000000E+00  -9.965879055800000E-01   0.000000000000000E+00   0.000000000000000E+00   0.000000000000000E+00
   8.730577428400000E-01   1.260150335200000E+01   1.260150335200000E+01   0.000000000000000E+00  -9.965879055800000E-01   0.000000000000000E+00   0.000000000000000E+00   0.000000000000000E+00
   8.737453485500000E-01   1.261142808600000E+01   1.261142808600000E+01   0.000000000000000E+00  -9.965879055800000E-01   0.000000000000000E+00   0.000000000000000E+00   0.000000000000000E+00
   8.744329542600000E-01   1.262135282000000E+01   1.262135282000000E+01   0.000000000000000E+00  -9.965879055800000E-01   0.000000000000000E+00   0.000000000000000E+00   0.000000000000000E+00
   8.751205599700000E-01   1.263127755400000E+01   1.263127755400000E+01   0.000000000000000E+00  -9.965879055800000E-01   0.000000000000000E+00   0.000000000000000E+00   0.000000000000000E+00
   8.758013218900000E-01   1.264110350600000E+01   1.264110350600000E+01   0.000000000000000E+00  -9.965879055800000E-01   0.000000000000000E+00   0.000000000000000E+00   0.000000000000000E+00
   8.764820838100000E-01   1.265092945800000E+01   1.265092945800000E+01   0.000000000000000E+00  -9.965879055800000E-01   0.000000000000000E+00   0.000000000000000E+00   0.000000000000000E+00
   8.771628457300000E-01   1.266075541000000E+01   1.266075541000000E+01   0.000000000000000E+00  -9.965879055800000E-01   0.000000000000000E+00   0.000000000000000E+00   0.000000000000000E+00
   8.778436076500000E-01   1.267058136300000E+01   1.267058136300000E+01   0.000000000000000E+00  -9.965879055800000E-01   0.000000000000000E+00   0.000000000000000E+00   0.000000000000000E+00
   8.786438840800000E-01   1.268213235800000E+01   1.268213235800000E+01   0.000000000000000E+00  -9.965879055800000E-01   0.000000000000000E+00   0.000000000000000E+00   0.000000000000000E+00
   8.794441605100000E-01   1.269368335400000E+01   1.269368335400000E+01   0.000000000000000E+00  -9.965879055800000E-01   0.000000000000000E+00   0.000000000000000E+00   0.000000000000000E+00
   8.802444369400000E-01   1.270523434900000E+01   1.270523434900000E+01   0.000000000000000E+00  -9.965879055800000E-01   0.000000000000000E+00   0.000000000000000E+00   0.000000000000000E+00
   8.810447133700000E-01   1.271678534500000E+01   1.271678534500000E+01   0.000000000000000E+00  -9.965879055800000E-01   0.000000000000000E+00   0.000000000000000E+00   0.000000000000000E+00
   8.822049607400000E-01   1.273353207300000E+01   1.273353207300000E+01   0.000000000000000E+00  -9.965879055800000E-01   0.000000000000000E+00   0.000000000000000E+00   0.000000000000000E+00
   8.833652081200000E-01   1.275027880200000E+01   1.275027880200000E+01   0.000000000000000E+00  -9.965879055800000E-01   0.000000000000000E+00   0.000000000000000E+00   0.000000000000000E+00
   8.845254554999999E-01   1.276702553100000E+01   1.276702553100000E+01   0.000000000000000E+00  -9.965879055800000E-01   0.000000000000000E+00   0.000000000000000E+00   0.000000000000000E+00
   8.856857028700000E-01   1.278377226000000E+01   1.278377226000000E+01   0.000000000000000E+00  -9.965879055800000E-01   0.000000000000000E+00   0.000000000000000E+00   0.000000000000000E+00
   8.870093639500000E-01   1.280287766200000E+01   1.280287766200000E+01   0.000000000000000E+00  -9.965879055800000E-01   0.000000000000000E+00   0.000000000000000E+00   0.000000000000000E+00
   8.883330250200000E-01   1.282198306400000E+01   1.282198306400000E+01   0.000000000000000E+00  -9.965879055800000E-01   0.000000000000000E+00   0.000000000000000E+00   0.000000000000000E+00
   8.896566860900000E-01   1.284108846700000E+01   1.284108846700000E+01   0.000000000000000E+00  -9.965879055800000E-01   0.000000000000000E+00   0.000000000000000E+00   0.000000000000000E+00
   8.909803471600000E-01   1.286019386900000E+01   1.286019386900000E+01   0.000000000000000E+00  -9.965879055800000E-01   0.000000000000000E+00   0.000000000000000E+00   0.000000000000000E+00
   8.921923302200000E-01   1.287768733800000E+01   1.287768733800000E+01   0.000000000000000E+00  -9.965879055800000E-01   0.000000000000000E+00   0.000000000000000E+00   0.000000000000000E+00
   8.934043132800000E-01   1.289518080700000E+01   1.289518080700000E+01   0.000000000000000E+00  -9.965879055800000E-01   0.000000000000000E+00   0.000000000000000E+00   0.000000000000000E+00
   8.946162963400000E-01   1.291267427600000E+01   1.291267427600000E+01   0.000000000000000E+00  -9.965879055800000E-01   0.000000000000000E+00   0.000000000000000E+00   0.000000000000000E+00
   8.958282794000000E-01   1.293016774500000E+01   1.293016774500000E+01   0.000000000000000E+00  -9.965879055800000E-01   0.000000000000000E+00   0.000000000000000E+00   0.000000000000000E+00
   8.969278791200000E-01   1.294603910000000E+01   1.294603910000000E+01   0.000000000000000E+00  -9.965879055800000E-01   0.000000000000000E+00   0.000000000000000E+00   0.000000000000000E+00
   8.980274788500000E-01   1.296191045600000E+01   1.296191045600000E+01   0.000000000000000E+00  -9.965879055800000E-01   0.000000000000000E+00   0.000000000000000E+00   0.000000000000000E+00
   8.991270785700000E-01   1.297778181100000E+01   1.297778181100000E+01   0.000000000000000E+00  -9.965879055800000E-01   0.000000000000000E+00   0.000000000000000E+00   0.000000000000000E+00
   9.002266783000000E-01   1.299365316600000E+01   1.299365316600000E+01   0.000000000000000E+00  -9.965879055800000E-01   0.000000000000000E+00   0.000000000000000E+00   0.000000000000000E+00
   9.014404804900000E-01   1.301117289200000E+01   1.301117289200000E+01   0.000000000000000E+00  -9.965879055800000E-01   0.000000000000000E+00   0.000000000000000E+00   0.000000000000000E+00
   9.026542826900000E-01   1.302869261800000E+01   1.302869261800000E+01   0.000000000000000E+00  -9.965879055800000E-01   0.000000000000000E+00   0.000000000000000E+00   0.000000000000000E+00
   9.038680848800000E-01   1.304621234400000E+01   1.304621234400000E+01   0.000000000000000E+00  -9.965879055800000E-01   0.000000000000000E+00   0.000000000000000E+00   0.000000000000000E+00
   9.050818870800000E-01   1.306373207000000E+01   1.306373207000000E+01   0.000000000000000E+00  -9.965879055800000E-01   0.000000000000000E+00   0.000000000000000E+00   0.000000000000000E+00
   9.066070176600000E-01   1.308574543500000E+01   1.308574543500000E+01   0.000000000000000E+00  -9.965879055800000E-01   0.000000000000000E+00   0.000000000000000E+00   0.000000000000000E+00
   9.081321482400000E-01   1.310775879900000E+01   1.310775879900000E+01   0.000000000000000E+00  -9.965879055800000E-01   0.000000000000000E+00   0.000000000000000E+00   0.000000000000000E+00
   9.096572788200000E-01   1.312977216300000E+01   1.312977216300000E+01   0.000000000000000E+00  -9.965879055800000E-01   0.000000000000000E+00   0.000000000000000E+00   0.000000000000000E+00
   9.111824094099999E-01   1.315178552700000E+01   1.315178552700000E+01   0.000000000000000E+00  -9.965879055800000E-01   0.000000000000000E+00   0.000000000000000E+00   0.000000000000000E+00
   9.123590134600000E-01   1.316876834400000E+01   1.316876834400000E+01   0.000000000000000E+00  -9.965879055800000E-01   0.000000000000000E+00   0.000000000000000E+00   0.000000000000000E+00
   9.135356175100000E-01   1.318575116100000E+01   1.318575116100000E+01   0.000000000000000E+00  -9.965879055800000E-01   0.000000000000000E+00   0.000000000000000E+00   0.000000000000000E+00
   9.147122215600000E-01   1.320273397800000E+01   1.320273397800000E+01   0.000000000000000E+00  -9.965879055800000E-01   0.000000000000000E+00   0.000000000000000E+00   0.000000000000000E+00
   9.158888256100000E-01   1.321971679500000E+01   1.321971679500000E+01   0.000000000000000E+00  -9.965879055800000E-01   0.000000000000000E+00   0.000000000000000E+00   0.000000000000000E+00
   9.171311656700000E-01   1.323764843000000E+01   1.323764843000000E+01   0.000000000000000E+00  -9.965879055800000E-01   0.000000000000000E+00   0.000000000000000E+00   0.000000000000000E+00
   9.183735057400000E-01   1.325558006500000E+01   1.325558006500000E+01   0.000000000000000E+00  -9.965879055800000E-01   0.000000000000000E+00   0.000000000000000E+00   0.000000000000000E+00
   9.196158458000000E-01   1.327351169900000E+01   1.327351169900000E+01   0.000000000000000E+00  -9.965879055800000E-01   0.000000000000000E+00   0.000000000000000E+00   0.000000000000000E+00
   9.208581858600000E-01   1.329144333400000E+01   1.329144333400000E+01   0.000000000000000E+00  -9.965879055800000E-01   0.000000000000000E+00   0.000000000000000E+00   0.000000000000000E+00
   9.222736313100000E-01   1.331187353000000E+01   1.331187353000000E+01   0.000000000000000E+00  -9.965879055800000E-01   0.000000000000000E+00   0.000000000000000E+00   0.000000000000000E+00
   9.236890767500000E-01   1.333230372500000E+01   1.333230372500000E+01   0.000000000000000E+00  -9.965879055800000E-01   0.000000000000000E+00   0.000000000000000E+00   0.000000000000000E+00
   9.251045221899999E-01   1.335273392100000E+01   1.335273392100000E+01   0.000000000000000E+00  -9.965879055800000E-01   0.000000000000000E+00   0.000000000000000E+00   0.000000000000000E+00
   9.265199676300000E-01   1.337316411700000E+01   1.337316411700000E+01   0.000000000000000E+00  -9.965879055800000E-01   0.000000000000000E+00   0.000000000000000E+00   0.000000000000000E+00
   9.279128664000000E-01   1.339326887900000E+01   1.339326887900000E+01   0.000000000000000E+00  -9.965879055800000E-01   0.000000000000000E+00   0.000000000000000E+00   0.000000000000000E+00
   9.293057651700000E-01   1.341337364100000E+01   1.341337364100000E+01   0.000000000000000E+00  -9.965879055800000E-01   0.000000000000000E+00   0.000000000000000E+00   0.000000000000000E+00
   9.306986639300000E-01   1.343347840400000E+01   1.343347840400000E+01   0.000000000000000E+00  -9.965879055800000E-01   0.000000000000000E+00   0.000000000000000E+00   0.000000000000000E+00
   9.320915627000000E-01   1.345358316600000E+01   1.345358316600000E+01   0.000000000000000E+00  -9.965879055800000E-01   0.000000000000000E+00   0.000000000000000E+00   0.000000000000000E+00
   9.335361335100000E-01   1.347443375000000E+01   1.347443375000000E+01   0.000000000000000E+00  -9.965879055800000E-01   0.000000000000000E+00   0.000000000000000E+00   0.000000000000000E+00
   9.349807043300000E-01   1.349528433500000E+01   1.349528433500000E+01   0.000000000000000E+00  -9.965879055800000E-01   0.000000000000000E+00   0.000000000000000E+00   0.000000000000000E+00
   9.364252751400000E-01   1.351613491900000E+01   1.351613491900000E+01   0.000000000000000E+00  -9.965879055800000E-01   0.000000000000000E+00   0.000000000000000E+00   0.000000000000000E+00
   9.378698459600000E-01   1.353698550300000E+01   1.353698550300000E+01   0.000000000000000E+00  -9.965879055800000E-01   0.000000000000000E+00   0.000000000000000E+00   0.000000000000000E+00
   9.395737750099999E-01   1.356157960100000E+01   1.356157960100000E+01   0.000000000000000E+00  -9.965879055800000E-01   0.000000000000000E+00   0.000000000000000E+00   0.000000000000000E+00
   9.412777040500000E-01   1.358617369900000E+01   1.358617369900000E+01   0.000000000000000E+00  -9.965879055800000E-01   0.000000000000000E+00   0.000000000000000E+00   0.000000000000000E+00
   9.429816331000000E-01   1.361076779700000E+01   1.361076779700000E+01   0.000000000000000E+00  -9.965879055800000E-01   0.000000000000000E+00   0.000000000000000E+00   0.000000000000000E+00
   9.446855621500000E-01   1.363536189500000E+01   1.363536189500000E+01   0.000000000000000E+00  -9.965879055800000E-01   0.000000000000000E+00   0.000000000000000E+00   0.000000000000000E+00
   9.464985035000000E-01   1.366152945000000E+01   1.366152945000000E+01   0.000000000000000E+00  -9.965879055800000E-01   0.000000000000000E+00   0.000000000000000E+00   0.000000000000000E+00
   9.483114448400000E-01   1.368769700400000E+01   1.368769700400000E+01   0.000000000000000E+00  -9.965879055800000E-01   0.000000000000000E+00   0.000000000000000E+00   0.000000000000000E+00
   9.501243861899999E-01   1.371386455900000E+01   1.371386455900000E+01   0.000000000000000E+00  -9.965879055800000E-01   0.000000000000000E+00   0.000000000000000E+00   0.000000000000000E+00
   9.519373275300000E-01   1.374003211400000E+01   1.374003211400000E+01   0.000000000000000E+00  -9.965879055800000E-01   0.000000000000000E+00   0.000000000000000E+00   0.000000000000000E+00
   9.535009250699999E-01   1.376260070100000E+01   1.376260070100000E+01   0.000000000000000E+00  -9.965879055800000E-01   0.000000000000000E+00   0.000000000000000E+00   0.000000000000000E+00
   9.550645226100000E-01   1.378516928800000E+01   1.378516928800000E+01   0.000000000000000E+00  -9.965879055800000E-01   0.000000000000000E+00   0.000000000000000E+00   0.000000000000000E+00
   9.566281201500000E-01   1.380773787500000E+01   1.380773787500000E+01   0.000000000000000E+00  -9.965879055800000E-01   0.000000000000000E+00   0.000000000000000E+00   0.000000000000000E+00
   9.581917176900000E-01   1.383030646200000E+01   1.383030646200000E+01   0.000000000000000E+00  -9.965879055800000E-01   0.000000000000000E+00   0.000000000000000E+00   0.000000000000000E+00
   9.593915482199999E-01   1.384762452500000E+01   1.384762452500000E+01   0.000000000000000E+00  -9.965879055800000E-01   0.000000000000000E+00   0.000000000000000E+00   0.000000000000000E+00
   9.605913787600000E-01   1.386494258700000E+01   1.386494258700000E+01   0.000000000000000E+00  -9.965879055800000E-01   0.000000000000000E+00   0.000000000000000E+00   0.000000000000000E+00
   9.617912092899999E-01   1.388226065000000E+01   1.388226065000000E+01   0.000000000000000E+00  -9.965879055800000E-01   0.000000000000000E+00   0.000000000000000E+00   0.000000000000000E+00
   9.629910398300000E-01   1.389957871200000E+01   1.389957871200000E+01   0.000000000000000E+00  -9.965879055800000E-01   0.000000000000000E+00   0.000000000000000E+00   0.000000000000000E+00
   9.640965810000000E-01   1.391553582500000E+01   1.391553582500000E+01   0.000000000000000E+00  -9.965879055800000E-01   0.000000000000000E+00   0.000000000000000E+00   0.000000000000000E+00
   9.652021221600000E-01   1.393149293700000E+01   1.393149293700000E+01   0.000000000000000E+00  -9.965879055800000E-01   0.000000000000000E+00   0.000000000000000E+00   0.000000000000000E+00
   9.663076633300000E-01   1.394745005000000E+01   1.394745005000000E+01   0.000000000000000E+00  -9.965879055800000E-01   0.000000000000000E+00   0.000000000000000E+00   0.000000000000000E+00
   9.674132045000000E-01   1.396340716300000E+01   1.396340716300000E+01   0.000000000000000E+00  -9.965879055800000E-01   0.000000000000000E+00   0.000000000000000E+00   0.000000000000000E+00
   9.684915009700000E-01   1.397897103200000E+01   1.397897103200000E+01   0.000000000000000E+00  -9.965879055800000E-01   0.000000000000000E+00   0.000000000000000E+00   0.000000000000000E+00
   9.695697974300000E-01   1.399453490100000E+01   1.399453490100000E+01   0.000000000000000E+00  -9.965879055800000E-01   0.000000000000000E+00   0.000000000000000E+00   0.000000000000000E+00
   9.706480939000000E-01   1.401009877000000E+01   1.401009877000000E+01   0.000000000000000E+00  -9.965879055800000E-01   0.000000000000000E+00   0.000000000000000E+00   0.000000000000000E+00
   9.717263903600000E-01   1.402566264000000E+01   1.402566264000000E+01   0.000000000000000E+00  -9.965879055800000E-01   0.000000000000000E+00   0.000000000000000E+00   0.000000000000000E+00
   9.728708241100000E-01   1.404218111800000E+01   1.404218111800000E+01   0.000000000000000E+00  -9.965879055800000E-01   0.000000000000000E+00   0.000000000000000E+00   0.000000000000000E+00
   9.740152578600000E-01   1.405869959700000E+01   1.405869959700000E+01   0.000000000000000E+00  -9.965879055800000E-01   0.000000000000000E+00   0.000000000000000E+00   0.000000000000000E+00
   9.751596916000000E-01   1.407521807600000E+01   1.407521807600000E+01   0.000000000000000E+00  -9.965879055800000E-01   0.000000000000000E+00   0.000000000000000E+00   0.000000000000000E+00
   9.763041253500000E-01   1.409173655400000E+01   1.409173655400000E+01   0.000000000000000E+00  -9.965879055800000E-01   0.000000000000000E+00   0.000000000000000E+00   0.000000000000000E+00
   9.775429705599999E-01   1.410961774500000E+01   1.410961774500000E+01   0.000000000000000E+00  -9.965879055800000E-01   0.000000000000000E+00   0.000000000000000E+00   0.000000000000000E+00
   9.787818157600000E-01   1.412749893600000E+01   1.412749893600000E+01   0.000000000000000E+00  -9.965879055800000E-01   0.000000000000000E+00   0.000000000000000E+00   0.000000000000000E+00
   9.800206609600000E-01   1.414538012600000E+01   1.414538012600000E+01   0.000000000000000E+00  -9.965879055800000E-01   0.000000000000000E+00   0.000000000000000E+00   0.000000000000000E+00
   9.812595061700000E-01   1.416326131700000E+01   1.416326131700000E+01   0.000000000000000E+00  -9.965879055800000E-01   0.000000000000000E+00   0.000000000000000E+00   0.000000000000000E+00
   9.825136435600000E-01   1.418136323100000E+01   1.418136323100000E+01   0.000000000000000E+00  -9.965879055800000E-01   0.000000000000000E+00   0.000000000000000E+00   0.000000000000000E+00
   9.837677809499999E-01   1.419946514600000E+01   1.419946514600000E+01   0.000000000000000E+00  -9.965879055800000E-01   0.000000000000000E+00   0.000000000000000E+00   0.000000000000000E+00
   9.850219183500000E-01   1.421756706000000E+01   1.421756706000000E+01   0.000000000000000E+00  -9.965879055800000E-01   0.000000000000000E+00   0.000000000000000E+00   0.000000000000000E+00
   9.862760557400000E-01   1.423566897500000E+01   1.423566897500000E+01   0.000000000000000E+00  -9.965879055800000E-01   0.000000000000000E+00   0.000000000000000E+00   0.000000000000000E+00
   9.878238050400000E-01   1.425800881200000E+01   1.425800881200000E+01   0.000000000000000E+00  -9.965879055800000E-01   0.000000000000000E+00   0.000000000000000E+00   0.000000000000000E+00
   9.893715543400000E-01   1.428034865000000E+01   1.428034865000000E+01   0.000000000000000E+00  -9.965879055800000E-01   0.000000000000000E+00   0.000000000000000E+00   0.000000000000000E+00
   9.909193036500000E-01   1.430268848700000E+01   1.430268848700000E+01   0.000000000000000E+00  -9.965879055800000E-01   0.000000000000000E+00   0.000000000000000E+00   0.000000000000000E+00
   9.924670529500000E-01   1.432502832400000E+01   1.432502832400000E+01   0.000000000000000E+00  -9.965879055800000E-01   0.000000000000000E+00   0.000000000000000E+00   0.000000000000000E+00
   9.943502897099999E-01   1.435221050600000E+01   1.435221050600000E+01   0.000000000000000E+00  -9.965879055800000E-01   0.000000000000000E+00   0.000000000000000E+00   0.000000000000000E+00
   9.962335264700000E-01   1.437939268800000E+01   1.437939268800000E+01   0.000000000000000E+00  -9.965879055800000E-01   0.000000000000000E+00   0.000000000000000E+00   0.000000000000000E+00
   9.981167632400000E-01   1.440657487000000E+01   1.440657487000000E+01   0.000000000000000E+00  -9.965879055800000E-01   0.000000000000000E+00   0.000000000000000E+00   0.000000000000000E+00
   1.000000000000000E+00   1.443375705200000E+01   1.443375705200000E+01   0.000000000000000E+00  -9.965879055800000E-01   0.000000000000000E+00   0.000000000000000E+00   0.000000000000000E+00
