   0.000000000000000E+00   4.375003844400000E-32   0.000000000000000E+00   0.000000000000000E+00  -3.144556568900000E-01   6.329569805900000E-02   0.000000000000000E+00   2.171484434600000E-01
   3.637351264000000E-03   5.250064445700000E-02   6.257294844200000E-02   6.159182179900000E-04  -3.144503782400000E-01   6.329591386600000E-02   1.961640416400000E-02   2.129941642800000E-01
   7.274702527900000E-03   1.050012889100000E-01   1.252460313600000E-01   2.450512656900000E-03  -3.144344697500000E-01   6.329741807100001E-02   3.883613804100000E-02   2.084503027900000E-01
   1.091205379200000E-02   1.575019333700000E-01   1.880054909200000E-01   5.482324904500000E-03  -3.144078335500000E-01   6.330147915000001E-02   5.762401538600000E-02   2.035244142300000E-01
   1.454940505600000E-02   2.100025778300000E-01   2.508380950600000E-01   9.687599443199999E-03  -3.143703859000000E-01   6.330934183799999E-02   7.594556845100001E-02   1.982247008200000E-01
   1.786708065900000E-02   2.578891014600000E-01   3.082016178200000E-01   1.452456591400000E-02  -3.143267419200000E-01   6.332086082000001E-02   9.222170920099999E-02   1.930722519700000E-01
   2.118475626200000E-02   3.057756251000000E-01   3.656064045500000E-01   2.029469432100000E-02  -3.142740010800000E-01   6.333746099900001E-02   1.080568857600000E-01   1.876233275600000E-01
   2.450243186600000E-02   3.536621487300000E-01   4.230439161500000E-01   2.697494759400000E-02  -3.142121279800000E-01   6.336002513600000E-02   1.234267521600000E-01   1.818855402400000E-01
   2.782010746900000E-02   4.015486723700000E-01   4.805061964600000E-01   3.454070728700000E-02  -3.141410951100000E-01   6.338941316600000E-02   1.383076135800000E-01   1.758669336500000E-01
   3.112566520100000E-02   4.492602896000000E-01   5.377759450100000E-01   4.293348322000000E-02  -3.140611920500000E-01   6.342631056299999E-02   1.526249358200000E-01   1.695994382100000E-01
   3.443122293400000E-02   4.969719068300000E-01   5.950564149399999E-01   5.215188213600000E-02  -3.139721627100000E-01   6.347161282800000E-02   1.664119286700000E-01   1.630703618500000E-01
   3.773678066600000E-02   5.446835240600000E-01   6.523417163600000E-01   6.216697209500000E-02  -3.138739997300000E-01   6.352609406100000E-02   1.796472922900000E-01   1.562888873800000E-01
   4.104233839900000E-02   5.923951413000000E-01   7.096266874800000E-01   7.294834739400000E-02  -3.137667009700000E-01   6.359050005000000E-02   1.923105038900000E-01   1.492645848200000E-01
   4.432416020700000E-02   6.397641599600000E-01   7.664956367200000E-01   8.437892952200000E-02  -3.136511375500000E-01   6.366496852600000E-02   2.042973224800000E-01   1.420603164500000E-01
   4.760598201400000E-02   6.871331786200000E-01   8.233563515600000E-01   9.650090686500000E-02  -3.135265777600000E-01   6.375059628200000E-02   2.156822651100000E-01   1.346365818000000E-01
   5.088780382200000E-02   7.345021972800000E-01   8.802060346500000E-01   1.092804297500000E-01  -3.133930307500000E-01   6.384802235700000E-02   2.264477012200000E-01   1.270037995800000E-01
   5.416962563000000E-02   7.818712159400000E-01   9.370426575300000E-01   1.226823765200000E-01  -3.132505079900000E-01   6.395785311700000E-02   2.365768706700000E-01   1.191727081400000E-01
   5.732014286500000E-02   8.273450163000000E-01   9.915918013200000E-01   1.360999565000000E-01  -3.131052553400000E-01   6.407549156800001E-02   2.456874489500000E-01   1.114786169000000E-01
   6.047066010000000E-02   8.728188166600001E-01   1.046127284500000E+00   1.500244937900000E-01  -3.129517551200000E-01   6.420556609899999E-02   2.541837898000000E-01   1.036219595000000E-01
   6.362117733500000E-02   9.182926170200000E-01   1.100649278500000E+00   1.644218819600000E-01  -3.127900196800000E-01   6.434852230400000E-02   2.620534560000000E-01   9.561297920300001E-02
   6.677169457100000E-02   9.637664173800000E-01   1.155158566100000E+00   1.792571233600000E-01  -3.126200609700000E-01   6.450477435300001E-02   2.692848278200000E-01   8.746213096900000E-02
   6.993223760599999E-02   1.009384927700000E+00   1.209829928100000E+00   1.945434705500000E-01  -3.124413098900000E-01   6.467526723500000E-02   2.758870178200000E-01   7.915351290100001E-02
   7.309278064200000E-02   1.055003438000000E+00   1.264491827200000E+00   2.101974195400000E-01  -3.122543037700000E-01   6.485987748100000E-02   2.818259568400000E-01   7.072377763700000E-02
   7.625332367800000E-02   1.100621948400000E+00   1.319146730400000E+00   2.261812664900000E-01  -3.120590501200000E-01   6.505892331099999E-02   2.870924866600000E-01   6.218402395500000E-02
   7.941386671300001E-02   1.146240458700000E+00   1.373797586800000E+00   2.424566340500000E-01  -3.118555540100000E-01   6.527268823500000E-02   2.916783344100000E-01   5.354549820200000E-02
   8.273845590400000E-02   1.194226771400000E+00   1.431284419700000E+00   2.598485578200000E-01  -3.116326026200000E-01   6.551370544399999E-02   2.957595269900000E-01   4.436449264100000E-02
   8.606304509400001E-02   1.242213084000000E+00   1.488774922200000E+00   2.774738596400000E-01  -3.114005319500000E-01   6.577152985500000E-02   2.990718849200000E-01   3.510016365100000E-02
   8.938763428500000E-02   1.290199396700000E+00   1.546273878500000E+00   2.952859192000000E-01  -3.111593362000000E-01   6.604636309600000E-02   3.016090248000000E-01   2.576600270900000E-02
   9.271222347499999E-02   1.338185709400000E+00   1.603786387300000E+00   3.132376134600000E-01  -3.109090048200000E-01   6.633836181500000E-02   3.033656916900000E-01   1.637559444700000E-02
   9.612292512600000E-02   1.387414948400000E+00   1.662808244300000E+00   3.317495556600000E-01  -3.106426794900000E-01   6.665587824300000E-02   3.043524904300000E-01   6.697822247400000E-03
   9.953362677700001E-02   1.436644187400000E+00   1.721855900600000E+00   3.503067207400000E-01  -3.103667002700000E-01   6.699164777100000E-02   3.045103299100000E-01  -3.009976517000000E-03
   1.029443284300000E-01   1.485873426400000E+00   1.780935325600000E+00   3.688571540300000E-01  -3.100810388500000E-01   6.734568935700000E-02   3.038372763000000E-01  -1.273297689500000E-02
   1.063550300800000E-01   1.535102665400000E+00   1.840052443300000E+00   3.873487363800000E-01  -3.097856610100000E-01   6.771797072200000E-02   3.023326636800000E-01  -2.245635077100000E-02
   1.095257068400000E-01   1.580867443500000E+00   1.895048124500000E+00   4.044404945600000E-01  -3.095023203700000E-01   6.808034021900000E-02   3.001886061200000E-01  -3.148281558100000E-02
   1.126963836100000E-01   1.626632221600000E+00   1.950085826600000E+00   4.213943896700000E-01  -3.092105118300000E-01   6.845829382099999E-02   2.973278826300000E-01  -4.048494421900000E-02
   1.158670603700000E-01   1.672396999700000E+00   2.005169730500000E+00   4.381686253300000E-01  -3.089101949800000E-01   6.885168620899999E-02   2.937528974100000E-01  -4.945092834100000E-02
   1.190377371300000E-01   1.718161777800000E+00   2.060303684200000E+00   4.547215754600000E-01  -3.086013257600000E-01   6.926033388400001E-02   2.894669906400000E-01  -5.836902811300000E-02
   1.221580018400000E-01   1.763198920500000E+00   2.114613254300000E+00   4.707551112700000E-01  -3.082889718700000E-01   6.967716270600000E-02   2.845593146400000E-01  -6.708726706100000E-02
   1.252782665500000E-01   1.808236063300000E+00   2.168977487800000E+00   4.864951041000000E-01  -3.079682414600000E-01   7.010830433100000E-02   2.789722202400000E-01  -7.573683119700000E-02
   1.283985312600000E-01   1.853273206000000E+00   2.223398735000000E+00   5.019027624000000E-01  -3.076390842200000E-01   7.055347686400000E-02   2.727115067700000E-01  -8.430681936700000E-02
   1.315187959700000E-01   1.898310348800000E+00   2.277878797200000E+00   5.169397155900000E-01  -3.073014479600000E-01   7.101236365700000E-02   2.657838214900000E-01  -9.278645565200000E-02
   1.346951137400000E-01   1.944156547800000E+00   2.333399204400000E+00   5.318268933100000E-01  -3.069489820900000E-01   7.149321715000000E-02   2.580543724500000E-01  -1.013146305800000E-01
   1.378714315000000E-01   1.990002746800000E+00   2.388982395800000E+00   5.462512785500000E-01  -3.065876169200000E-01   7.198751184299999E-02   2.496503085600000E-01  -1.097270997400000E-01
   1.410477492700000E-01   2.035848945800000E+00   2.444628222200000E+00   5.601741445300000E-01  -3.062172949200000E-01   7.249480560500000E-02   2.405812779000000E-01  -1.180129890200000E-01
   1.442240670400000E-01   2.081695144700000E+00   2.500335761700000E+00   5.735574853199999E-01  -3.058379590300000E-01   7.301462112400001E-02   2.308577866800000E-01  -1.261616204700000E-01
   1.476005303100000E-01   2.130430195300000E+00   2.559619257600000E+00   5.871508835700000E-01  -3.054247742300000E-01   7.358034766700000E-02   2.198167034700000E-01  -1.346614929000000E-01
   1.509769935800000E-01   2.179165245800000E+00   2.618967427600000E+00   6.000489054900000E-01  -3.050012760000000E-01   7.415898827600000E-02   2.080635731300000E-01  -1.429821441600000E-01
   1.543534568500000E-01   2.227900296400000E+00   2.678376081100000E+00   6.122090586300000E-01  -3.045674032800000E-01   7.474984440000000E-02   1.956140761400000E-01  -1.511115872600000E-01
   1.577299201200000E-01   2.276635346900000E+00   2.737839923300000E+00   6.235900925700000E-01  -3.041230996700000E-01   7.535217667600000E-02   1.824848939800000E-01  -1.590381594200000E-01
   1.609496866800000E-01   2.323108675100000E+00   2.794589679800000E+00   6.336805863200000E-01  -3.036896528600000E-01   7.593653121400000E-02   1.693480976400000E-01  -1.663975165900000E-01
   1.641694532300000E-01   2.369582003300000E+00   2.851377307400000E+00   6.429928116400000E-01  -3.032466362900000E-01   7.652990534699999E-02   1.556253983500000E-01  -1.735525815400000E-01
   1.673892197800000E-01   2.416055331500000E+00   2.908195400700000E+00   6.514945108500000E-01  -3.027940181500000E-01   7.713156065300000E-02   1.413336605400000E-01  -1.804941469400000E-01
   1.706089863400000E-01   2.462528659700000E+00   2.965035658300000E+00   6.591546718200000E-01  -3.023317739500000E-01   7.774072930800000E-02   1.264904790200000E-01  -1.872133241000000E-01
   1.739080014700000E-01   2.510145842600000E+00   3.023288319900000E+00   6.660994340800001E-01  -3.018481509800000E-01   7.837185181500000E-02   1.107291325900000E-01  -1.938582653300000E-01
   1.772070166000000E-01   2.557763025500000E+00   3.081543814200000E+00   6.720989944700000E-01  -3.013543971000000E-01   7.900914035499999E-02   9.442850227200000E-02  -2.002519109100000E-01
   1.805060317300000E-01   2.605380208400000E+00   3.139790447600000E+00   6.771243335200000E-01  -3.008505151500000E-01   7.965168088300000E-02   7.760972456900000E-02  -2.063858039800000E-01
   1.838050468600000E-01   2.652997391300000E+00   3.198015669000000E+00   6.811479712200000E-01  -3.003365195000000E-01   8.029853245200000E-02   6.029461932400000E-02  -2.122518783500000E-01
   1.874398622800000E-01   2.705461434000000E+00   3.262126706400000E+00   6.843903618300000E-01  -2.997585273000000E-01   8.101505962300000E-02   4.066928651600000E-02  -2.183957832700000E-01
   1.910746776900000E-01   2.757925476600000E+00   3.326176568500000E+00   6.863529136600000E-01  -2.991683444900000E-01   8.173432015900001E-02   2.049966128900000E-02  -2.241955840400000E-01
   1.947094931100000E-01   2.810389519200000E+00   3.390145291700000E+00   6.870055948900000E-01  -2.985660456800000E-01   8.245495527299999E-02  -1.824810967800000E-04  -2.296421963300000E-01
   1.983443085200000E-01   2.862853561800000E+00   3.454011979600000E+00   6.863207780200000E-01  -2.979517269300000E-01   8.317557592800000E-02  -2.134456530200000E-02  -2.347271456900000E-01
   2.019436456500000E-01   2.914805519500000E+00   3.517133391400000E+00   6.842999002100000E-01  -2.973316760200000E-01   8.388775692500000E-02  -4.274030203300000E-02  -2.393983556700000E-01
   2.055429827800000E-01   2.966757477100000E+00   3.580111627900000E+00   6.809206542300000E-01  -2.967000920600000E-01   8.459713418100000E-02  -6.454095938300000E-02  -2.437001848300000E-01
   2.091423199000000E-01   3.018709434800000E+00   3.642924289000000E+00   6.761632459900000E-01  -2.960571354200000E-01   8.530228589800000E-02  -8.671291061899999E-02  -2.476261935700000E-01
   2.127416570300000E-01   3.070661392400000E+00   3.705548481300000E+00   6.700102127200001E-01  -2.954029900100000E-01   8.600177092600000E-02  -1.092219747700000E-01  -2.511705381700000E-01
   2.162891135900000E-01   3.121864518500000E+00   3.767062922100000E+00   6.625655223400000E-01  -2.947475277300000E-01   8.668420889000000E-02  -1.317026798800000E-01  -2.542852302800000E-01
   2.198365701400000E-01   3.173067644600000E+00   3.828349100500000E+00   6.537381382400000E-01  -2.940816209500000E-01   8.735831592100000E-02  -1.544435262500000E-01  -2.570196225900000E-01
   2.233840267000000E-01   3.224270770600000E+00   3.889384290600000E+00   6.435179217900000E-01  -2.934055150700000E-01   8.802267076000000E-02  -1.774105137800000E-01  -2.593698146200000E-01
   2.269314832500000E-01   3.275473896700000E+00   3.950145697800000E+00   6.318968778500000E-01  -2.927194787800000E-01   8.867584286000001E-02  -2.005693202300000E-01  -2.613324630800000E-01
   2.304735124400000E-01   3.326598685600000E+00   4.010518282300000E+00   6.188901443200000E-01  -2.920248756600000E-01   8.931542479500000E-02  -2.238495728900000E-01  -2.629026740500000E-01
   2.340155416400000E-01   3.377723474400000E+00   4.070572681700000E+00   6.044772605199999E-01  -2.913209774700000E-01   8.994098866600000E-02  -2.472519034200000E-01  -2.640815224000000E-01
   2.375575708300000E-01   3.428848263200000E+00   4.130286591900000E+00   5.886565377400000E-01  -2.906081209700000E-01   9.055109572599999E-02  -2.707414800800000E-01  -2.648673317400000E-01
   2.410996000200000E-01   3.479973052100000E+00   4.189638033900000E+00   5.714283294100000E-01  -2.898866655800000E-01   9.114430654700000E-02  -2.942833465700000E-01  -2.652589723500000E-01
   2.446265215700000E-01   3.530879780800000E+00   4.248354780000000E+00   5.528774636000000E-01  -2.891601221200000E-01   9.171677191900000E-02  -3.177419942900000E-01  -2.652567121500000E-01
   2.481534431100000E-01   3.581786509500000E+00   4.306669991800000E+00   5.329377540200000E-01  -2.884258296900000E-01   9.226964247900001E-02  -3.411831323100000E-01  -2.648630194400000E-01
   2.516803646600000E-01   3.632693238200000E+00   4.364563516100000E+00   5.116154442600001E-01  -2.876842074200000E-01   9.280150728500000E-02  -3.645721673900000E-01  -2.640783898800000E-01
   2.552072862000000E-01   3.683599966900000E+00   4.422015909900000E+00   4.889186898800000E-01  -2.869356945800000E-01   9.331096272300000E-02  -3.878745737600000E-01  -2.629038542600000E-01
   2.585963897700000E-01   3.732517464400000E+00   4.476790342600000E+00   4.658232249500000E-01  -2.862103650400000E-01   9.377810090200001E-02  -4.101527955300000E-01  -2.614093166700000E-01
   2.619854933300000E-01   3.781434961900000E+00   4.531124481900000E+00   4.414784285600000E-01  -2.854795195400000E-01   9.422203151600000E-02  -4.322888530500000E-01  -2.595580487100000E-01
   2.653745969000000E-01   3.830352459400000E+00   4.585003445500000E+00   4.158963958900000E-01  -2.847435961500000E-01   9.464153812600000E-02  -4.542525310400000E-01  -2.573523635800000E-01
   2.687637004700000E-01   3.879269956900000E+00   4.638413294500000E+00   3.890907627000000E-01  -2.840030470600000E-01   9.503541688100001E-02  -4.760138302000000E-01  -2.547950317300000E-01
   2.719891385200000E-01   3.925825146200000E+00   4.688796395700000E+00   3.624570560800000E-01  -2.832943894500000E-01   9.538538579300000E-02  -4.965090989400000E-01  -2.520375578100000E-01
   2.752145765700000E-01   3.972380335400000E+00   4.738732687400000E+00   3.347431038700000E-01  -2.825823749400000E-01   9.571005185299999E-02  -5.167687216900000E-01  -2.489676673300000E-01
   2.784400146300000E-01   4.018935524700000E+00   4.788212950200000E+00   3.059644166300000E-01  -2.818674239100000E-01   9.600841641000001E-02  -5.367675758200000E-01  -2.455889007800000E-01
   2.816654526800000E-01   4.065490713900000E+00   4.837229006500000E+00   2.761376773300000E-01  -2.811499648100000E-01   9.627949580000000E-02  -5.564808400700000E-01  -2.419051712200000E-01
   2.848185402600000E-01   4.111001614000000E+00   4.884690074200000E+00   2.459840356000000E-01  -2.804465928000000E-01   9.651719212200000E-02  -5.754523604000000E-01  -2.380134011500000E-01
   2.879716278400000E-01   4.156512514100000E+00   4.931695229700000E+00   2.148635564200000E-01  -2.797416528600000E-01   9.672700063000000E-02  -5.941050056200000E-01  -2.338386301800000E-01
   2.911247154100000E-01   4.202023414100000E+00   4.978240066400000E+00   1.827949166700000E-01  -2.790355620200000E-01   9.690804974900000E-02  -6.124165870100000E-01  -2.293855324400000E-01
   2.942778029900000E-01   4.247534314200000E+00   5.024321351000000E+00   1.497977531900000E-01  -2.783287408000000E-01   9.705948534100001E-02  -6.303652983400000E-01  -2.246591106600000E-01
   2.974495041900000E-01   4.293313878700000E+00   5.070204968200000E+00   1.156898268300000E-01  -2.776174377300000E-01   9.718109368600000E-02  -6.480322452800000E-01  -2.196344233500000E-01
   3.006212053900000E-01   4.339093443200000E+00   5.115616753900000E+00   8.068503748500000E-02  -2.769062554200000E-01   9.727106080300001E-02  -6.652890344500000E-01  -2.143443118400000E-01
   3.037929065900000E-01   4.384873007800000E+00   5.160557300800000E+00   4.480610355700000E-02  -2.761956256800000E-01   9.732857589600000E-02  -6.821147991800000E-01  -2.087948401300000E-01
   3.069646077900000E-01   4.430652572300000E+00   5.205028585400000E+00   8.076580331200000E-03  -2.754859791200000E-01   9.735284935200000E-02  -6.984891673500000E-01  -2.029923824300000E-01
   3.106010051800000E-01   4.483139448800000E+00   5.255442520600000E+00  -3.504948990000000E-02  -2.746741222700000E-01   9.733878550500000E-02  -7.166815534200000E-01  -1.960371174400000E-01
   3.142374025700000E-01   4.535626325300000E+00   5.305251587500000E+00  -7.922369522300000E-02  -2.738647598000000E-01   9.727889705499999E-02  -7.342254586000000E-01  -1.887686207100000E-01
   3.178737999600000E-01   4.588113201800000E+00   5.354465804900000E+00  -1.244069066900000E-01  -2.730585215300000E-01   9.717210421700000E-02  -7.510928251300000E-01  -1.811979017200000E-01
   3.215101973500000E-01   4.640600078300000E+00   5.403097780100000E+00  -1.705588665700000E-01  -2.722560254200000E-01   9.701736887200001E-02  -7.672566197700000E-01  -1.733364256700000E-01
   3.247506124400000E-01   4.687371442500000E+00   5.445955725600000E+00  -2.124678853100000E-01  -2.715445599800000E-01   9.683827830199999E-02  -7.810463380900000E-01  -1.660956807300000E-01
   3.279910275400000E-01   4.734142806700000E+00   5.488375895300000E+00  -2.550835019000000E-01  -2.708369611000000E-01   9.661965203900000E-02  -7.942390936300000E-01  -1.586421824400000E-01
   3.312314426300000E-01   4.780914170800000E+00   5.530372451800000E+00  -2.983752960200000E-01  -2.701336317500000E-01   9.636084331800000E-02  -8.068179632300000E-01  -1.509848524300000E-01
   3.344718577200000E-01   4.827685535000000E+00   5.571961190300000E+00  -3.423123394800000E-01  -2.694349608600000E-01   9.606123406600001E-02  -8.187667574000000E-01  -1.431328305600000E-01
   3.377643369800000E-01   4.875208380800000E+00   5.613818373100000E+00  -3.875838789700000E-01  -2.687302202300000E-01   9.571441550600000E-02  -8.302462969300000E-01  -1.349648595600000E-01
   3.410568162500000E-01   4.922731226700000E+00   5.655292441200000E+00  -4.334557781400000E-01  -2.680310483400000E-01   9.532428031700001E-02  -8.410440282100000E-01  -1.266155249900000E-01
   3.443492955200000E-01   4.970254072500000E+00   5.696404975400000E+00  -4.798942550300000E-01  -2.673377991300000E-01   9.489027392000000E-02  -8.511453988000000E-01  -1.180949885600000E-01
   3.476417747800000E-01   5.017776918300000E+00   5.737179156400000E+00  -5.268651597300000E-01  -2.666508052900000E-01   9.441187402200001E-02  -8.605367013400000E-01  -1.094135638600000E-01
   3.512305840700000E-01   5.069576919700000E+00   5.781266745800000E+00  -5.786295401100000E-01  -2.659094688300000E-01   9.383927690799999E-02  -8.699493809100000E-01  -9.977979073100000E-02
   3.548193933600000E-01   5.121376921100000E+00   5.825015764500000E+00  -6.309404552500000E-01  -2.651763009000000E-01   9.321276486799999E-02  -8.784877042900000E-01  -8.998095395700000E-02
   3.584082026500000E-01   5.173176922500000E+00   5.868462198800000E+00  -6.837524532600000E-01  -2.644516337200000E-01   9.253179522000000E-02  -8.861374396800000E-01  -8.003085004200000E-02
   3.619970119400000E-01   5.224976923900000E+00   5.911643884600000E+00  -7.370197275300000E-01  -2.637357612500000E-01   9.179587255200000E-02  -8.928856008200000E-01  -6.994336718100000E-02
   3.655217985100000E-01   5.275852836800000E+00   5.953835792300000E+00  -7.897352597200000E-01  -2.630414663500000E-01   9.101915364099999E-02  -8.986244261500000E-01  -5.991561517300000E-02
   3.690465850700000E-01   5.326728749800000E+00   5.995849419400000E+00  -8.428014547000000E-01  -2.623561016900000E-01   9.018861355799999E-02  -9.034722983200000E-01  -4.978204692000000E-02
   3.725713716300000E-01   5.377604662700000E+00   6.037725019700000E+00  -8.961740199600000E-01  -2.616798282500000E-01   8.930391801699999E-02  -9.074204514999999E-01  -3.955590987400000E-02
   3.760961581900000E-01   5.428480575600000E+00   6.079504009000000E+00  -9.498083794400000E-01  -2.610127654700000E-01   8.836477794700000E-02  -9.104612895800001E-01  -2.925042830300000E-02
   3.795450742400000E-01   5.478261391900000E+00   6.120330967900000E+00  -1.002498555700000E+00  -2.603690505800000E-01   8.739291912500000E-02  -9.125522591400000E-01  -1.910263458000000E-02
   3.829939902900000E-01   5.528042208200000E+00   6.161146577200000E+00  -1.055354117800000E+00  -2.597342593600000E-01   8.636851524300000E-02  -9.137634477100000E-01  -8.903772930800000E-03
   3.864429063400000E-01   5.577823024500000E+00   6.201991967300000E+00  -1.108332468300000E+00  -2.591083826600000E-01   8.529142282799999E-02  -9.140909670600000E-01   1.333962438600000E-03
   3.898918223800000E-01   5.627603840800000E+00   6.242908726300000E+00  -1.161390702300000E+00  -2.584913701300000E-01   8.416154097600000E-02  -9.135319789500000E-01   1.159848053000000E-02
   3.932326874100000E-01   5.675825074900000E+00   6.282651184700000E+00  -1.212822055400000E+00  -2.579020535700000E-01   8.301666749300000E-02  -9.121435176900000E-01   2.155566230300000E-02
   3.965735524300000E-01   5.724046309000000E+00   6.322538124000000E+00  -1.264248189500000E+00  -2.573208475500000E-01   8.182219165300000E-02  -9.099208222700000E-01   3.151598260900000E-02
   3.999144174500000E-01   5.772267543100000E+00   6.362607712800000E+00  -1.315629159300000E+00  -2.567475943200000E-01   8.057813773500000E-02  -9.068640753400000E-01   4.146881772200000E-02
   4.032552824700000E-01   5.820488777200000E+00   6.402897954000000E+00  -1.366924663800000E+00  -2.561820993800000E-01   7.928456871500000E-02  -9.029743432500000E-01   5.140369006700000E-02
   4.066469168500000E-01   5.869442803700000E+00   6.444064934000000E+00  -1.418870434400000E+00  -2.556157093200000E-01   7.792079752700000E-02  -8.981754281600000E-01   6.146055295300000E-02
   4.100385512200000E-01   5.918396830200000E+00   6.485537154800000E+00  -1.470643217000000E+00  -2.550567971000000E-01   7.650624839300001E-02  -8.925229509000000E-01   7.147764549000001E-02
   4.134301855900000E-01   5.967350856800000E+00   6.527352945700000E+00  -1.522199582000000E+00  -2.545050450800000E-01   7.504111191800000E-02  -8.860207376200000E-01   8.144453652100000E-02
   4.168218199600000E-01   6.016304883300000E+00   6.569549850800000E+00  -1.573495633200000E+00  -2.539600984500000E-01   7.352562146100000E-02  -8.786734930200000E-01   9.135099382500000E-02
   4.202211913200000E-01   6.065370583700000E+00   6.612262206000000E+00  -1.624602932000000E+00  -2.534203445600000E-01   7.195642517500001E-02  -8.704671539200000E-01   1.012093422400000E-01
   4.236205626900000E-01   6.114436284100000E+00   6.655429976900000E+00  -1.675358963900000E+00  -2.528866046700000E-01   7.033724520000000E-02  -8.614239724200000E-01   1.109870346600000E-01
   4.270199340500000E-01   6.163501984400000E+00   6.699087685200000E+00  -1.725718036200000E+00  -2.523584148800000E-01   6.866844863400000E-02  -8.515512348099999E-01   1.206744218100000E-01
   4.304193054100000E-01   6.212567684800000E+00   6.743268464800000E+00  -1.775633942400000E+00  -2.518352780800000E-01   6.695044766699999E-02  -8.408570399000000E-01   1.302620872500000E-01
   4.337231125200000E-01   6.260254034000000E+00   6.786738462100000E+00  -1.823677599600000E+00  -2.513311878500000E-01   6.523402895100000E-02  -8.296847776200000E-01   1.394759514900000E-01
   4.370269196400000E-01   6.307940383200000E+00   6.830759918900000E+00  -1.871215187300000E+00  -2.508308579600000E-01   6.347202755200000E-02  -8.177538537300000E-01   1.485787484900000E-01
   4.403307267500000E-01   6.355626732400000E+00   6.875358740700000E+00  -1.918202926000000E+00  -2.503337500400000E-01   6.166494698000000E-02  -8.050737995900000E-01   1.575624980700000E-01
   4.436345338600000E-01   6.403313081600000E+00   6.920559120000000E+00  -1.964596617600000E+00  -2.498393018400000E-01   5.981333270000000E-02  -7.916547981800000E-01   1.664194470800000E-01
   4.469944944100000E-01   6.451809936000000E+00   6.967167810100000E+00  -2.011123568400000E+00  -2.493385745300000E-01   5.788517822500000E-02  -7.772609860900001E-01   1.752891240000000E-01
   4.503544549700000E-01   6.500306790300000E+00   7.014443328000000E+00  -2.056942691500000E+00  -2.488393568100000E-01   5.591223496100000E-02  -7.621261124599999E-01   1.840122085500000E-01
   4.537144155300000E-01   6.548803644700000E+00   7.062405013500000E+00  -2.102006350400000E+00  -2.483409924200000E-01   5.389521254600000E-02  -7.462628394600000E-01   1.925812890800000E-01
   4.570743760800000E-01   6.597300499000000E+00   7.111069951500000E+00  -2.146266608300000E+00  -2.478428074100000E-01   5.183486696500000E-02  -7.296844428800000E-01   2.009892093400000E-01
   4.605301434700000E-01   6.647180206000000E+00   7.161871663000000E+00  -2.190900080600000E+00  -2.473298779200000E-01   4.967142390700000E-02  -7.119019342000000E-01   2.094614931800000E-01
   4.639859108600000E-01   6.697059912900000E+00   7.213446250300000E+00  -2.234580080400000E+00  -2.468156440300000E-01   4.746392596400000E-02  -6.933933314700000E-01   2.177487780800000E-01
   4.674416782500000E-01   6.746939619800000E+00   7.265804262600000E+00  -2.277253861200000E+00  -2.462993293300000E-01   4.521335062300000E-02  -6.741749648199999E-01   2.258441349200000E-01
   4.708974456400000E-01   6.796819326800000E+00   7.318953365700000E+00  -2.318868639900000E+00  -2.457801483100000E-01   4.292072800900000E-02  -6.542637520800000E-01   2.337409262100000E-01
   4.743839123500000E-01   6.847142140300000E+00   7.373381073300000E+00  -2.359726355600000E+00  -2.452526456600000E-01   4.056623024700000E-02  -6.334913216100000E-01   2.415002005700000E-01
   4.778703790700000E-01   6.897464953800000E+00   7.428620529900000E+00  -2.399398517400000E+00  -2.447206030200000E-01   3.817120308000000E-02  -6.120499815500000E-01   2.490446919700000E-01
   4.813568457800000E-01   6.947787767400000E+00   7.484670308200000E+00  -2.437831437000000E+00  -2.441832039600000E-01   3.573686675400000E-02  -5.899587662500000E-01   2.563684859600000E-01
   4.848433125000000E-01   6.998110580900000E+00   7.541525777700000E+00  -2.474971831800000E+00  -2.436396351100000E-01   3.326449534500000E-02  -5.672372139500000E-01   2.634659676500000E-01
   4.880412085100000E-01   7.044268235000000E+00   7.594377149400000E+00  -2.507856560100000E+00  -2.431349414300000E-01   3.096445006900000E-02  -5.458591674000000E-01   2.697724577300000E-01
   4.912391045200000E-01   7.090425889100000E+00   7.647891322900000E+00  -2.539569258200000E+00  -2.426237616800000E-01   2.863458508400000E-02  -5.239834286900000E-01   2.758801870800000E-01
   4.944370005300000E-01   7.136583543200000E+00   7.702057541000000E+00  -2.570070276900000E+00  -2.421054888400000E-01   2.627600068200000E-02  -5.016260820700000E-01   2.817854779200000E-01
   4.976348965400000E-01   7.182741197300000E+00   7.756862758100000E+00  -2.599320623000000E+00  -2.415795269200000E-01   2.388983345600000E-02  -4.788034984800000E-01   2.874848572400000E-01
   5.007049050300000E-01   7.227052953900000E+00   7.810063230200000E+00  -2.626189052600000E+00  -2.410668234200000E-01   2.157422940400000E-02  -4.564713615400000E-01   2.927595498300000E-01
   5.037749135100000E-01   7.271364710500000E+00   7.863823000500000E+00  -2.651836478600000E+00  -2.405459933200000E-01   1.923535226400000E-02  -4.337407358700000E-01   2.978387350400000E-01
   5.068449219900000E-01   7.315676467100000E+00   7.918124675500000E+00  -2.676230599100000E+00  -2.400165485800000E-01   1.687429848400000E-02  -4.106267686400000E-01   3.027198593800000E-01
   5.099149304800000E-01   7.359988223700000E+00   7.972949004400000E+00  -2.699339991000000E+00  -2.394780173900000E-01   1.449219274700000E-02  -3.871447972900000E-01   3.074005339500000E-01
   5.129294128100000E-01   7.403498529400000E+00   8.027269931499999E+00  -2.720751854000000E+00  -2.389399457800000E-01   1.213380127400000E-02  -3.637444613800000E-01   3.117993521200000E-01
   5.159438951500001E-01   7.447008835000000E+00   8.082052845100000E+00  -2.740867788900000E+00  -2.383922640200000E-01   9.757338979100000E-03  -3.400191164000000E-01   3.160007996300000E-01
   5.189583774800000E-01   7.490519140700000E+00   8.137274522200000E+00  -2.759660966500000E+00  -2.378345801100000E-01   7.363945305100000E-03  -3.159837483800000E-01   3.200030626400000E-01
   5.219728598200000E-01   7.534029446400000E+00   8.192910182000000E+00  -2.777105665300000E+00  -2.372665229700000E-01   4.954782561200000E-03  -2.916534750700000E-01   3.238044697700000E-01
   5.249963369100000E-01   7.577669580100000E+00   8.249101256099999E+00  -2.793223214200000E+00  -2.366860002600000E-01   2.523782287300000E-03  -2.669697005200000E-01   3.274139241100000E-01
   5.280198140000000E-01   7.621309713900000E+00   8.305654362100000E+00  -2.807936020500000E+00  -2.360943629300000E-01   7.932598508200000E-05  -2.420200768200000E-01   3.308183743800000E-01
   5.310432910800000E-01   7.664949847600000E+00   8.362540132099999E+00  -2.821221905600000E+00  -2.354913077700000E-01  -2.377350545800000E-03  -2.168201927900000E-01   3.340165487300000E-01
   5.340667681700000E-01   7.708589981400000E+00   8.419727877000000E+00  -2.833060081200000E+00  -2.348765577600000E-01  -4.844992754900000E-03  -1.913857286200000E-01   3.370073078400000E-01
   5.371451279700000E-01   7.753022278800000E+00   8.478230932800001E+00  -2.843605795000000E+00  -2.342383754700000E-01  -7.367379132700000E-03  -1.652648598300000E-01   3.398382159100000E-01
   5.402234877700000E-01   7.797454576300000E+00   8.536978961799999E+00  -2.852611914800000E+00  -2.335875777500000E-01  -9.898454116200000E-03  -1.389338699800000E-01   3.424521335700000E-01
   5.433018475700000E-01   7.841886873800000E+00   8.595935861899999E+00  -2.860061320800000E+00  -2.329239628900000E-01  -1.243684187100000E-02  -1.124095376300000E-01   3.448482630100000E-01
   5.463802073700000E-01   7.886319171200000E+00   8.655064470599999E+00  -2.865938628900000E+00  -2.322473617500000E-01  -1.498115212100000E-02  -8.570869796199999E-02   3.470259363300000E-01
   5.496444995500001E-01   7.933435171500000E+00   8.717909510500000E+00  -2.870438400500000E+00  -2.315155567900000E-01  -1.768404411200000E-02  -5.722112630700000E-02   3.490958936200000E-01
   5.529087917300000E-01   7.980551171700000E+00   8.780858236400000E+00  -2.873141189800000E+00  -2.307688774800000E-01  -2.039033058500000E-02  -2.857424034600000E-02   3.509191095600000E-01
   5.561730839000000E-01   8.027667171899999E+00   8.843863219099999E+00  -2.874035399700000E+00  -2.300072484100000E-01  -2.309831263600000E-02   2.117517257000000E-04   3.524952448400000E-01
   5.594373760800000E-01   8.074783172200000E+00   8.906876248100000E+00  -2.873111845600000E+00  -2.292306392500000E-01  -2.580628156900000E-02   2.911662007400000E-02   3.538241099600000E-01
   5.628299823400000E-01   8.123751226700000E+00   8.972322296100000E+00  -2.870218429200000E+00  -2.284076448900000E-01  -2.861883973100000E-02   5.926193948100000E-02   3.549431254100000E-01
   5.662225886000000E-01   8.172719281099999E+00   9.037668895900000E+00  -2.865349541100000E+00  -2.275685567800000E-01  -3.142759700900000E-02   8.949108281199999E-02   3.557951201800000E-01
   5.696151948500000E-01   8.221687335600000E+00   9.102860336099999E+00  -2.858503361800000E+00  -2.267134995800000E-01  -3.423061767600000E-02   1.197813488900000E-01   3.563803744200000E-01
   5.730078011100000E-01   8.270655390100000E+00   9.167840748500000E+00  -2.849680992200000E+00  -2.258426526000000E-01  -3.702596565300000E-02   1.501100672000000E-01   3.566993293900000E-01
   5.762473300099999E-01   8.317413963200000E+00   9.229640889400001E+00  -2.839415909300000E+00  -2.249965764000000E-01  -3.968624610700000E-02   1.790854143900000E-01   3.567558958200000E-01
   5.794868589100000E-01   8.364172536300000E+00   9.291149278100001E+00  -2.827358567600000E+00  -2.241365664200000E-01  -4.233608827500000E-02   2.080555388700000E-01   3.565708531100000E-01
   5.827263878100000E-01   8.410931109400000E+00   9.352317859199999E+00  -2.813517334400000E+00  -2.232629179900000E-01  -4.497381989500000E-02   2.370008482600000E-01   3.561449844300000E-01
   5.859659167100000E-01   8.457689682500000E+00   9.413099086000001E+00  -2.797902943500000E+00  -2.223759711600000E-01  -4.759777763600000E-02   2.659018189300000E-01   3.554791997800000E-01
   5.891988622500000E-01   8.504353233000000E+00   9.473323896500000E+00  -2.780565542000000E+00  -2.214779516700000E-01  -5.020102484300000E-02   2.946804805100000E-01   3.545766150000000E-01
   5.924318077900000E-01   8.551016783500000E+00   9.533070414000001E+00  -2.761490444700000E+00  -2.205674955500000E-01  -5.278727934000000E-02   3.233763785700000E-01   3.534372736500000E-01
   5.956647533300000E-01   8.597680334000000E+00   9.592293793700000E+00  -2.740695106600000E+00  -2.196450701400000E-01  -5.535492743500000E-02   3.519703739300000E-01   3.520624527500000E-01
   5.988976988700000E-01   8.644343884500000E+00   9.650950281900000E+00  -2.718199127900000E+00  -2.187111841400000E-01  -5.790237272900000E-02   3.804434358700000E-01   3.504535524100000E-01
   6.020398234600000E-01   8.689696547500001E+00   9.707375358300000E+00  -2.694726030700000E+00  -2.177930719300000E-01  -6.035739748900000E-02   4.079827835800000E-01   3.486669868000000E-01
   6.051819480500000E-01   8.735049210400000E+00   9.763186940900001E+00  -2.669688682500000E+00  -2.168651919200000E-01  -6.279041971000000E-02   4.353727839900000E-01   3.466622565000000E-01
   6.083240726400000E-01   8.780401873400001E+00   9.818348538900000E+00  -2.643110497200000E+00  -2.159281171900000E-01  -6.520003108100000E-02   4.625963137500000E-01   3.444409811900000E-01
   6.114661972300000E-01   8.825754536400000E+00   9.872825088000001E+00  -2.615016516400000E+00  -2.149824532900000E-01  -6.758484526700000E-02   4.896363814500000E-01   3.420048908900000E-01
   6.146406971900000E-01   8.871574497499999E+00   9.927133091200000E+00  -2.585120862200000E+00  -2.140189721300000E-01  -6.996766115500000E-02   5.167515822300000E-01   3.393274295700000E-01
   6.178151971400000E-01   8.917394458500000E+00   9.980674699800000E+00  -2.553734090600000E+00  -2.130480613100000E-01  -7.232239515100000E-02   5.436450978700000E-01   3.364345965600000E-01
   6.209896970900000E-01   8.963214419600000E+00   1.003341877800000E+01  -2.520886542700000E+00  -2.120704375000000E-01  -7.464769463900001E-02   5.702998712000000E-01   3.333285223300000E-01
   6.241641970400000E-01   9.009034380599999E+00   1.008533605000000E+01  -2.486609875600000E+00  -2.110868450600000E-01  -7.694223541400000E-02   5.966990192700000E-01   3.300114547300000E-01
   6.275208365200000E-01   9.057483299399999E+00   1.013930250900000E+01  -2.448848550000000E+00  -2.100411804500000E-01  -7.933353607300000E-02   6.243162848500000E-01   3.262771926800000E-01
   6.308774760000000E-01   9.105932218100000E+00   1.019228412400000E+01  -2.409566379700000E+00  -2.089906443900000E-01  -8.168750665299999E-02   6.516095734000000E-01   3.223126189200000E-01
   6.342341154800000E-01   9.154381136900000E+00   1.024425359900000E+01  -2.368804792500000E+00  -2.079362045200000E-01  -8.400269351000000E-02   6.785596320400000E-01   3.181208245900000E-01
   6.375907549600000E-01   9.202830055700000E+00   1.029518629700000E+01  -2.326606302800000E+00  -2.068788536400000E-01  -8.627768366800000E-02   7.051474743500000E-01   3.137050512000000E-01
   6.414656035200000E-01   9.258758678500000E+00   1.035266440500000E+01  -2.276163160500000E+00  -2.056559744200000E-01  -8.885211913600000E-02   7.353651766800000E-01   3.083334833500000E-01
   6.453404520900000E-01   9.314687301299999E+00   1.040870265900000E+01  -2.223931302000000E+00  -2.044321649900000E-01  -9.136912344400000E-02   7.650469752300000E-01   3.026734378900000E-01
   6.492153006600000E-01   9.370615924100001E+00   1.046327692100000E+01  -2.169979957500000E+00  -2.032090497000000E-01  -9.382673445900000E-02   7.941651221700000E-01   2.967306556600000E-01
   6.530901492200000E-01   9.426544546900001E+00   1.051636809400000E+01  -2.114379154700000E+00  -2.019882770900000E-01  -9.622306793500000E-02   8.226924405400000E-01   2.905111481700000E-01
   6.564538046200000E-01   9.475094731700000E+00   1.056124165000000E+01  -2.064830824900000E+00  -2.009317478100000E-01  -9.825217645700000E-02   8.469565920000000E-01   2.848926453500000E-01
   6.598174600100000E-01   9.523644916400000E+00   1.060498089800000E+01  -2.014138997100000E+00  -1.998793389700000E-01  -1.002326144500000E-01   8.707384746300000E-01   2.790746192200000E-01
   6.631811154000000E-01   9.572195101100000E+00   1.064758263800000E+01  -1.962349942200000E+00  -1.988321536900000E-01  -1.021632940500000E-01   8.940214480799999E-01   2.730614960600000E-01
   6.665447707900000E-01   9.620745285900000E+00   1.068904652500000E+01  -1.909509785600000E+00  -1.977912967900000E-01  -1.040431722500000E-01   9.167892516800000E-01   2.668578533900000E-01
   6.698002719800000E-01   9.667734399200000E+00   1.072809595200000E+01  -1.857410899600000E+00  -1.967909738600000E-01  -1.058132869500000E-01   9.383194422100000E-01   2.606767044700000E-01
   6.730557731700000E-01   9.714723512400001E+00   1.076608658600000E+01  -1.804411613500000E+00  -1.957986105700000E-01  -1.075340137600000E-01   9.593381663700000E-01   2.543259362600000E-01
   6.763112743700000E-01   9.761712625700000E+00   1.080302558500000E+01  -1.750552713000000E+00  -1.948151987100000E-01  -1.092045256900000E-01   9.798317646200000E-01   2.478100943900000E-01
   6.795667755600000E-01   9.808701739000000E+00   1.083892248300000E+01  -1.695874453500000E+00  -1.938417221900000E-01  -1.108240338100000E-01   9.997869536000000E-01   2.411338502900000E-01
   6.828392890200000E-01   9.855936403199999E+00   1.087396865700000E+01  -1.640124697900000E+00  -1.928741553200000E-01  -1.123998422200000E-01   1.019290764300000E+00   2.342658974800000E-01
   6.861118024800000E-01   9.903171067500001E+00   1.090798814700000E+01  -1.583626628600000E+00  -1.919185890900000E-01  -1.139226276900000E-01   1.038224794000000E+00   2.272457000400000E-01
   6.893843159400000E-01   9.950405731700000E+00   1.094099756200000E+01  -1.526419031300000E+00  -1.909759856400000E-01  -1.153917016500000E-01   1.056576760600000E+00   2.200783707200000E-01
   6.926568294000000E-01   9.997640396000000E+00   1.097301569600000E+01  -1.468539849500000E+00  -1.900472904000000E-01  -1.168064117700000E-01   1.074334806400000E+00   2.127691385800000E-01
   6.960703531600000E-01   1.004691036900000E+01   1.100537983700000E+01  -1.407491112700000E+00  -1.890943999400000E-01  -1.182234863800000E-01   1.092212830600000E+00   2.049995255100000E-01
   6.994838769100000E-01   1.009618034100000E+01   1.103671432800000E+01  -1.345792913100000E+00  -1.881586781000000E-01  -1.195800803300000E-01   1.109419768500000E+00   1.970875181400000E-01
   7.028974006699999E-01   1.014545031400000E+01   1.106704760800000E+01  -1.283485016600000E+00  -1.872411256000000E-01  -1.208755733100000E-01   1.125943702900000E+00   1.890394269000000E-01
   7.063109244200000E-01   1.019472028600000E+01   1.109641034500000E+01  -1.220605972300000E+00  -1.863427140200000E-01  -1.221093835500000E-01   1.141773261900000E+00   1.808616791000000E-01
   7.097233262400000E-01   1.024397406500000E+01   1.112482615300000E+01  -1.157214011000000E+00  -1.854646691100000E-01  -1.232805920000000E-01   1.156892773700000E+00   1.725635610100000E-01
   7.131357280600000E-01   1.029322784400000E+01   1.115233963600000E+01  -1.093324556000000E+00  -1.846075986100000E-01  -1.243891066800000E-01   1.171297312300000E+00   1.641490420200000E-01
   7.165481298800001E-01   1.034248162300000E+01   1.117898749600000E+01  -1.028972328200000E+00  -1.837723733800000E-01  -1.254344546900000E-01   1.184977206600000E+00   1.556248551300000E-01
   7.199605317000000E-01   1.039173540200000E+01   1.120480824700000E+01  -9.641907685600000E-01  -1.829598272400000E-01  -1.264161966900000E-01   1.197923365500000E+00   1.469978235900000E-01
   7.233279406599999E-01   1.044033976400000E+01   1.122951697500000E+01  -8.998738839800000E-01  -1.821810033300000E-01  -1.273222435000000E-01   1.209971238300000E+00   1.383904613600000E-01
   7.266953496200000E-01   1.048894412700000E+01   1.125349959500000E+01  -8.351999575600000E-01  -1.814257643500000E-01  -1.281655928400000E-01   1.221288709000000E+00   1.296963831100000E-01
   7.300627585700000E-01   1.053754849000000E+01   1.127679767500000E+01  -7.701975402800000E-01  -1.806947959900000E-01  -1.289459115500000E-01   1.231868742200000E+00   1.209223613600000E-01
   7.334301675300000E-01   1.058615285300000E+01   1.129945408800000E+01  -7.048940495300000E-01  -1.799887428900000E-01  -1.296628936900000E-01   1.241704876600000E+00   1.120752252200000E-01
   7.369222438300000E-01   1.063655663400000E+01   1.132231868700000E+01  -6.368830443300000E-01  -1.792835102100000E-01  -1.303392236600000E-01   1.251113157900000E+00   1.028306833500000E-01
   7.404143201300000E-01   1.068696041500000E+01   1.134459105400000E+01  -5.686047226299999E-01  -1.786063419300000E-01  -1.309468563800000E-01   1.259709218200000E+00   9.352262878400000E-02
   7.439063964300000E-01   1.073736419600000E+01   1.136632274500000E+01  -5.000861057300000E-01  -1.779578091400000E-01  -1.314855360500000E-01   1.267487836300000E+00   8.415881677900000E-02
   7.473984727300000E-01   1.078776797600000E+01   1.138756634700000E+01  -4.313531386800000E-01  -1.773384304200000E-01  -1.319550335700000E-01   1.274444471000000E+00   7.474703103499999E-02
   7.508527950400000E-01   1.083762682500000E+01   1.140815253300000E+01  -3.631768330900000E-01  -1.767548871500000E-01  -1.323511914600000E-01   1.280513409300000E+00   6.539744993100000E-02
   7.543071173400000E-01   1.088748567400000E+01   1.142836605200000E+01  -2.948384552000000E-01  -1.762007241200000E-01  -1.326792828400000E-01   1.285771187800000E+00   5.601612313200000E-02
   7.577614396400000E-01   1.093734452300000E+01   1.144826012000000E+01  -2.263604835100000E-01  -1.756762864600000E-01  -1.329391573200000E-01   1.290215384500000E+00   4.661060997100000E-02
   7.612157619400000E-01   1.098720337200000E+01   1.146788850000000E+01  -1.577646973100000E-01  -1.751818659200000E-01  -1.331306866000000E-01   1.293844231700000E+00   3.718845912600000E-02
   7.647648090500000E-01   1.103842945600000E+01   1.148783539900000E+01  -8.718740916000001E-02  -1.747054001600000E-01  -1.332561737100000E-01   1.296722228600000E+00   2.749851780400000E-02
   7.683138561500000E-01   1.108965553900000E+01   1.150761824200000E+01  -1.653049685800000E-02  -1.742610697100000E-01  -1.333093101900000E-01   1.298737878900000E+00   1.780709393300000E-02
   7.718629032500000E-01   1.114088162300000E+01   1.152729645300000E+01   5.418408481100000E-02  -1.738490122200000E-01  -1.332900257300000E-01   1.299891410800000E+00   8.122274845400001E-03
   7.754119503600000E-01   1.119210770700000E+01   1.154692960500000E+01   1.249347171400000E-01  -1.734693043800000E-01  -1.331982723500000E-01   1.300183769400000E+00  -1.547907716700000E-03
   7.787802128100000E-01   1.124072438900000E+01   1.156557519100000E+01   1.920952808700000E-01  -1.731388732100000E-01  -1.330441432200000E-01   1.299666244700000E+00  -1.070472110600000E-02
   7.821484752600000E-01   1.128934107100000E+01   1.158428478300000E+01   2.592508463000000E-01  -1.728375569300000E-01  -1.328247125700000E-01   1.298376539200000E+00  -1.983443087900000E-02
   7.855167377100000E-01   1.133795775200000E+01   1.160310911900000E+01   3.263831963900000E-01  -1.725652686300000E-01  -1.325399941100000E-01   1.296317223800000E+00  -2.893036466000000E-02
   7.888850001700000E-01   1.138657443400000E+01   1.162209870800000E+01   3.934740141200000E-01  -1.723218721900000E-01  -1.321900193200000E-01   1.293491429500000E+00  -3.798593035100000E-02
   7.921799162700000E-01   1.143413245300000E+01   1.164088289400000E+01   4.590459270700000E-01  -1.721115533000000E-01  -1.317845725000000E-01   1.289989080500000E+00  -4.679899760600000E-02
   7.954748323800001E-01   1.148169047200000E+01   1.165991986400000E+01   5.245428221800000E-01  -1.719284863900000E-01  -1.313167905300000E-01   1.285760748400000E+00  -5.556121333100000E-02
   7.987697484900000E-01   1.152924849000000E+01   1.167925579000000E+01   5.899467918900000E-01  -1.717724090300000E-01  -1.307867532700000E-01   1.280810878100000E+00  -6.426667622600001E-02
   8.020646645900000E-01   1.157680650900000E+01   1.169893633100000E+01   6.552395248700000E-01  -1.716430151300000E-01  -1.301945578000000E-01   1.275144397800000E+00  -7.290958882100000E-02
   8.053478351300000E-01   1.162419499500000E+01   1.171893427500000E+01   7.201702045600000E-01  -1.715402764700000E-01  -1.295427610400000E-01   1.268790702100000E+00  -8.145382541500000E-02
   8.086310056700000E-01   1.167158348100000E+01   1.173936308600000E+01   7.849526735900000E-01  -1.714632969700000E-01  -1.288294936200000E-01   1.261736665700000E+00  -8.992480088400000E-02
   8.119141761999999E-01   1.171897196600000E+01   1.176026598900000E+01   8.495672097400000E-01  -1.714116477400000E-01  -1.280549053500000E-01   1.253988541500000E+00  -9.831712961400001E-02
   8.151973467400000E-01   1.176636045200000E+01   1.178168541600000E+01   9.139934307100001E-01  -1.713848593300000E-01  -1.272191650000000E-01   1.245553020000000E+00  -1.066255560500000E-01
   8.185245154800000E-01   1.181438399800000E+01   1.180396144500000E+01   9.790692995100000E-01  -1.713825526200000E-01  -1.263100310800000E-01   1.236310472100000E+00  -1.149544827400000E-01
   8.218516842200000E-01   1.186240754300000E+01   1.182685293000000E+01   1.043907346500000E+00  -1.714046833900000E-01  -1.253385060200000E-01   1.226377135100000E+00  -1.231868076800000E-01
   8.251788529500000E-01   1.191043108800000E+01   1.185040110400000E+01   1.108483947000000E+00  -1.714506406700000E-01  -1.243048295200000E-01   1.215761277400000E+00  -1.313175099800000E-01
   8.285060216900000E-01   1.195845463300000E+01   1.187464607000000E+01   1.172774568900000E+00  -1.715197744000000E-01  -1.232092644600000E-01   1.204471579400000E+00  -1.393417318400000E-01
   8.320517844700001E-01   1.200963331200000E+01   1.190129462300000E+01   1.240945613200000E+00  -1.716181860900000E-01  -1.219739228900000E-01   1.191708670200000E+00  -1.477706675100000E-01
   8.355975472500000E-01   1.206081199000000E+01   1.192882418300000E+01   1.308730853900000E+00  -1.717412590200000E-01  -1.206689978700000E-01   1.178202255600000E+00  -1.560678905700000E-01
   8.391433100300000E-01   1.211199066900000E+01   1.195727847400000E+01   1.376096915500000E+00  -1.718880689500000E-01  -1.192949012900000E-01   1.163964278000000E+00  -1.642281755300000E-01
   8.426890728100001E-01   1.216316934700000E+01   1.198669936300000E+01   1.443009084100000E+00  -1.720576478200000E-01  -1.178520799100000E-01   1.149007133700000E+00  -1.722465347100000E-01
   8.461925114600000E-01   1.221373713000000E+01   1.201675749100000E+01   1.508641470600000E+00  -1.722465774400000E-01  -1.163594539300000E-01   1.133534734900000E+00  -1.800251454300000E-01
   8.496959501100000E-01   1.226430491200000E+01   1.204783480000000E+01   1.573759405800000E+00  -1.724557371500000E-01  -1.148007072600000E-01   1.117385531400000E+00  -1.876562270400000E-01
   8.531993887600000E-01   1.231487269400000E+01   1.207996577600000E+01   1.638325462400000E+00  -1.726840786500000E-01  -1.131763790600000E-01   1.100572662900000E+00  -1.951356814200000E-01
   8.567028274200000E-01   1.236544047700000E+01   1.211318276000000E+01   1.702300905100000E+00  -1.729305198700000E-01  -1.114870470000000E-01   1.083109618200000E+00  -2.024596538700000E-01
   8.600484519700000E-01   1.241373040900000E+01   1.214594491500000E+01   1.762806446000000E+00  -1.731817313400000E-01  -1.098137013600000E-01   1.065839002000000E+00  -2.093052594500000E-01
   8.633940765300000E-01   1.246202034100000E+01   1.217974918000000E+01   1.822700945000000E+00  -1.734474380800000E-01  -1.080822116500000E-01   1.048000359400000E+00  -2.160028496900000E-01
   8.667397010900000E-01   1.251031027300000E+01   1.221461780500000E+01   1.881947430700000E+00  -1.737266227900000E-01  -1.062931858200000E-01   1.029606221300000E+00  -2.225496982100000E-01
   8.700853256400000E-01   1.255860020500000E+01   1.225057097900000E+01   1.940507933200000E+00  -1.740182476600000E-01  -1.044472680200000E-01   1.010669338400000E+00  -2.289432846100000E-01
   8.733513790700000E-01   1.260574162600000E+01   1.228673251600000E+01   1.996976698500000E+00  -1.743139256500000E-01  -1.025910261200000E-01   9.916717041899999E-01  -2.350347537800000E-01
   8.766174324900000E-01   1.265288304800000E+01   1.232395963700000E+01   2.052717563300000E+00  -1.746194544600000E-01  -1.006818840300000E-01   9.721814036500001E-01  -2.409759908200000E-01
   8.798834859200000E-01   1.270002447000000E+01   1.236226508300000E+01   2.107692688400000E+00  -1.749338233400000E-01  -9.872054585400000E-02   9.522108123500000E-01  -2.467652122000000E-01
   8.831495393500000E-01   1.274716589100000E+01   1.240165950100000E+01   2.161863503900000E+00  -1.752560104900000E-01  -9.670775169600000E-02   9.317724445400000E-01  -2.524008149600000E-01
   8.864502004700000E-01   1.279480683200000E+01   1.244258636100000E+01   2.215751171400000E+00  -1.755885034600000E-01  -9.462214490900001E-02   9.106551568900000E-01  -2.579386120700000E-01
   8.897508615900001E-01   1.284244777300000E+01   1.248464059000000E+01   2.268736174000000E+00  -1.759268569800000E-01  -9.248561966900000E-02   8.890861945600000E-01  -2.633167719500000E-01
   8.930515227100000E-01   1.289008871400000E+01   1.252782637200000E+01   2.320776819600000E+00  -1.762699947800000E-01  -9.029905589400000E-02   8.670788148700000E-01  -2.685341804900000E-01
   8.963521838300000E-01   1.293772965400000E+01   1.257214552800000E+01   2.371830934100000E+00  -1.766168377200000E-01  -8.806337345500000E-02   8.446463602299999E-01  -2.735898952500000E-01
   8.998758631300000E-01   1.298858958500000E+01   1.262070936000000E+01   2.425197836400000E+00  -1.769899865600000E-01  -8.562350636299999E-02   8.202442074200000E-01  -2.788078896000000E-01
   9.033995424400000E-01   1.303944951600000E+01   1.267056044700000E+01   2.477339669900000E+00  -1.773648157200000E-01  -8.312997315600000E-02   7.953892789100000E-01  -2.838399756200000E-01
   9.069232217400000E-01   1.309030944700000E+01   1.272169183300000E+01   2.528203987100000E+00  -1.777400191900000E-01  -8.058404664200000E-02   7.700980236700000E-01  -2.886856070100000E-01
   9.104469010500000E-01   1.314116937800000E+01   1.277409334400000E+01   2.577738210600000E+00  -1.781142996700000E-01  -7.798705304400000E-02   7.443869306899999E-01  -2.933444251200000E-01
   9.136922289300000E-01   1.318801165300000E+01   1.282346751300000E+01   2.622137576500000E+00  -1.784570899800000E-01  -7.555121985200000E-02   7.203496971500000E-01  -2.974698028100000E-01
   9.169375568200000E-01   1.323485392700000E+01   1.287389480800000E+01   2.665323138500000E+00  -1.787970138200000E-01  -7.307435670699999E-02   6.959832517000000E-01  -3.014365430100000E-01
   9.201828847000000E-01   1.328169620100000E+01   1.292535997500000E+01   2.707254172100000E+00  -1.791330916000000E-01  -7.055761984800001E-02   6.713004987100000E-01  -3.052447382000000E-01
   9.234282125900000E-01   1.332853847500000E+01   1.297784542600000E+01   2.747890280000000E+00  -1.794643591300000E-01  -6.800220351000000E-02   6.463143308500000E-01  -3.088945829900000E-01
   9.265774669300000E-01   1.337399404700000E+01   1.302973371200000E+01   2.786047580300000E+00  -1.797803248200000E-01  -6.548662384400000E-02   6.217899564900000E-01  -3.122852633900000E-01
   9.297267212600000E-01   1.341944961900000E+01   1.308254376600000E+01   2.822911813100000E+00  -1.800900217900000E-01  -6.293694002200000E-02   5.970037279000000E-01  -3.155274410500000E-01
   9.328759756000000E-01   1.346490519100000E+01   1.313625330300000E+01   2.858447529200000E+00  -1.803926220800000E-01  -6.035434372900000E-02   5.719673547000000E-01  -3.186215218100000E-01
   9.360252299400000E-01   1.351036076400000E+01   1.319083804400000E+01   2.892619955000000E+00  -1.806873189200000E-01  -5.774005857200000E-02   5.466925121100000E-01  -3.215679702300000E-01
   9.392267534900000E-01   1.355657077700000E+01   1.324719880800000E+01   2.925927084300000E+00  -1.809779977200000E-01  -5.505119469600000E-02   5.207657294300000E-01  -3.244125253300000E-01
   9.424282770300000E-01   1.360278079000000E+01   1.330440734500000E+01   2.957755341300000E+00  -1.812589010200000E-01  -5.233222914400000E-02   4.946167027200000E-01  -3.271056263300000E-01
   9.456298005800000E-01   1.364899080300000E+01   1.336243205500000E+01   2.988070957400000E+00  -1.815292598200000E-01  -4.958454434200000E-02   4.682575640400000E-01  -3.296478952600000E-01
   9.488313241300000E-01   1.369520081600000E+01   1.342123939100000E+01   3.016841300300000E+00  -1.817883352300000E-01  -4.680955340600000E-02   4.417003944100000E-01  -3.320399815000000E-01
   9.519719808900000E-01   1.374053229200000E+01   1.347965494100000E+01   3.043532856600000E+00  -1.820308385800000E-01  -4.406218062500000E-02   4.154673191100000E-01  -3.342413082800000E-01
   9.551126376400000E-01   1.378586376900000E+01   1.353875440200000E+01   3.068678719600000E+00  -1.822611667400000E-01  -4.129130712400000E-02   3.890665509300000E-01  -3.362993921700000E-01
   9.582532944000000E-01   1.383119524600000E+01   1.359850102300000E+01   3.092251826700000E+00  -1.824787162300000E-01  -3.849834660500000E-02   3.625093438400000E-01  -3.382148743500000E-01
   9.613939511600000E-01   1.387652672200000E+01   1.365885651500000E+01   3.114226526700000E+00  -1.826829176100000E-01  -3.568473666200000E-02   3.358069015400000E-01  -3.399883899200000E-01
   9.645259297400000E-01   1.392173294000000E+01   1.371961203800000E+01   3.134524675100000E+00  -1.828727304400000E-01  -3.285979017500000E-02   3.090447066500000E-01  -3.416162454100000E-01
   9.676579083100000E-01   1.396693915800000E+01   1.378089276700000E+01   3.153186797800000E+00  -1.830482441700000E-01  -3.001722964900000E-02   2.821601846400000E-01  -3.431041337700000E-01
   9.707898868900000E-01   1.401214537600000E+01   1.384265666600000E+01   3.170192117700000E+00  -1.832090029100000E-01  -2.715854372000000E-02   2.551643038300000E-01  -3.444526252700000E-01
   9.739218654600000E-01   1.405735159400000E+01   1.390486053000000E+01   3.185521552100000E+00  -1.833545893000000E-01  -2.428523904300000E-02   2.280679890300000E-01  -3.456622576700000E-01
   9.771816216100000E-01   1.410440212200000E+01   1.397002174500000E+01   3.199677918400000E+00  -1.834895954700000E-01  -2.128082444500000E-02   1.997712584400000E-01  -3.467743057700000E-01
   9.804413777600000E-01   1.415145265000000E+01   1.403556053900000E+01   3.211982658200000E+00  -1.836073775600000E-01  -1.826395854900000E-02   1.713897492400000E-01  -3.477369884400000E-01
   9.837011339000000E-01   1.419850317900000E+01   1.410142487500000E+01   3.222420521100000E+00  -1.837076047100000E-01  -1.523639103100000E-02   1.429356498500000E-01  -3.485507625300000E-01
   9.869608900500000E-01   1.424555370700000E+01   1.416756185100000E+01   3.230978506000000E+00  -1.837899954500000E-01  -1.219988485900000E-02   1.144211138800000E-01  -3.492160233400000E-01
   9.902206675300000E-01   1.429260454300000E+01   1.423391825400000E+01   3.237645942900000E+00  -1.838543187200000E-01  -9.156194366400000E-03   8.585807774400001E-02  -3.497331035300000E-01
   9.934804450200000E-01   1.433965537900000E+01   1.430043941800000E+01   3.242414401300000E+00  -1.839003933200000E-01  -6.107122705500000E-03   5.725882760200000E-02  -3.501022583600000E-01
   9.967402225100001E-01   1.438670621600000E+01   1.436707067200000E+01   3.245277882400000E+00  -1.839280899200000E-01  -3.054459776600000E-03   2.863544520500000E-02  -3.503236755800000E-01
   1.000000000000000E+00   1.443375705200000E+01   1.443375705200000E+01   3.246232778000000E+00  -1.839373307700000E-01   1.369007248900000E-30   0.000000000000000E+00  -3.503974686300000E-01
