   0.000000000000000E+00   5.444498479800000E-33   0.000000000000000E+00   0.000000000000000E+00  -9.965501651599999E-01   0.000000000000000E+00   0.000000000000000E+00   0.000000000000000E+00
   1.547250715500000E-02   2.233264092600000E-01   2.233264092600000E-01   0.000000000000000E+00  -9.965501651599999E-01   0.000000000000000E+00   0.000000000000000E+00   0.000000000000000E+00
   3.094501431000000E-02   4.466528185200000E-01   4.466528185200000E-01   0.000000000000000E+00  -9.965501651599999E-01   0.000000000000000E+00   0.000000000000000E+00   0.000000000000000E+00
   4.641752146500000E-02   6.699792277800000E-01   6.699792277800000E-01   0.000000000000000E+00  -9.965501651599999E-01   0.000000000000000E+00   0.000000000000000E+00   0.000000000000000E+00
   6.189002862000000E-02   8.933056370500000E-01   8.933056370500000E-01   0.000000000000000E+00  -9.965501651599999E-01   0.000000000000000E+00   0.000000000000000E+00   0.000000000000000E+00
   7.515733836200000E-02   1.084802762600000E+00   1.084802762600000E+00   0.000000000000000E+00  -9.965501651599999E-01   0.000000000000000E+00   0.000000000000000E+00   0.000000000000000E+00
   8.842464810300001E-02   1.276299888100000E+00   1.276299888100000E+00   0.000000000000000E+00  -9.965501651599999E-01   0.000000000000000E+00   0.000000000000000E+00   0.000000000000000E+00
   1.016919578400000E-01   1.467797013700000E+00   1.467797013700000E+00   0.000000000000000E+00  -9.965501651599999E-01   0.000000000000000E+00   0.000000000000000E+00   0.000000000000000E+00
   1.149592675900000E-01   1.659294139200000E+00   1.659294139200000E+00   0.000000000000000E+00  -9.965501651599999E-01   0.000000000000000E+00   0.000000000000000E+00   0.000000000000000E+00
   1.259631888800000E-01   1.818122065800000E+00   1.818122065800000E+00   0.000000000000000E+00  -9.965501651599999E-01   0.000000000000000E+00   0.000000000000000E+00   0.000000000000000E+00
   1.369671101800000E-01   1.976949992500000E+00   1.976949992500000E+00   0.000000000000000E+00  -9.965501651599999E-01   0.000000000000000E+00   0.000000000000000E+00   0.000000000000000E+00
   1.479710314800000E-01   2.135777919100000E+00   2.135777919100000E+00   0.000000000000000E+00  -9.965501651599999E-01   0.000000000000000E+00   0.000000000000000E+00   0.000000000000000E+00
   1.589749527700000E-01   2.294605845700000E+00   2.294605845700000E+00   0.000000000000000E+00  -9.965501651599999E-01   0.000000000000000E+00   0.000000000000000E+00   0.000000000000000E+00
   1.702357536000000E-01   2.457141509100000E+00   2.457141509100000E+00   0.000000000000000E+00  -9.965501651599999E-01   0.000000000000000E+00   0.000000000000000E+00   0.000000000000000E+00
   1.814965544300000E-01   2.619677172500000E+00   2.619677172500000E+00   0.000000000000000E+00  -9.965501651599999E-01   0.000000000000000E+00   0.000000000000000E+00   0.000000000000000E+00
   1.927573552600000E-01   2.782212835900000E+00   2.782212835900000E+00   0.000000000000000E+00  -9.965501651599999E-01   0.000000000000000E+00   0.000000000000000E+00   0.000000000000000E+00
   2.040181560900000E-01   2.944748499300000E+00   2.944748499300000E+00   0.000000000000000E+00  -9.965501651599999E-01   0.000000000000000E+00   0.000000000000000E+00   0.000000000000000E+00
   2.173297291200000E-01   3.136884510300000E+00   3.136884510300000E+00   0.000000000000000E+00  -9.965501651599999E-01   0.000000000000000E+00   0.000000000000000E+00   0.000000000000000E+00
   2.306413021500000E-01   3.329020521400000E+00   3.329020521400000E+00   0.000000000000000E+00  -9.965501651599999E-01   0.000000000000000E+00   0.000000000000000E+00   0.000000000000000E+00
   2.439528751800000E-01   3.521156532400000E+00   3.521156532400000E+00   0.000000000000000E+00  -9.965501651599999E-01   0.000000000000000E+00   0.000000000000000E+00   0.000000000000000E+00
   2.572644482000000E-01   3.713292543500000E+00   3.713292543500000E+00   0.000000000000000E+00  -9.965501651599999E-01   0.000000000000000E+00   0.000000000000000E+00   0.000000000000000E+00
   2.697062514100000E-01   3.892874508300000E+00   3.892874508300000E+00   0.000000000000000E+00  -9.965501651599999E-01   0.000000000000000E+00   0.000000000000000E+00   0.000000000000000E+00
   2.821480546200000E-01   4.072456473000000E+00   4.072456473000000E+00   0.000000000000000E+00  -9.965501651599999E-01   0.000000000000000E+00   0.000000000000000E+00   0.000000000000000E+00
   2.945898578200000E-01   4.252038437800000E+00   4.252038437800000E+00   0.000000000000000E+00  -9.965501651599999E-01   0.000000000000000E+00   0.000000000000000E+00   0.000000000000000E+00
   3.070316610300000E-01   4.431620402500000E+00   4.431620402500000E+00   0.000000000000000E+00  -9.965501651599999E-01   0.000000000000000E+00   0.000000000000000E+00   0.000000000000000E+00
   3.156308688800000E-01   4.555739279600000E+00   4.555739279600000E+00   0.000000000000000E+00  -9.965501651599999E-01   0.000000000000000E+00   0.000000000000000E+00   0.000000000000000E+00
   3.242300767400000E-01   4.679858156600000E+00   4.679858156600000E+00   0.000000000000000E+00  -9.965501651599999E-01   0.000000000000000E+00   0.000000000000000E+00   0.000000000000000E+00
   3.328292846000000E-01   4.803977033700000E+00   4.803977033700000E+00   0.000000000000000E+00  -9.965501651599999E-01   0.000000000000000E+00   0.000000000000000E+00   0.000000000000000E+00
   3.414284924500000E-01   4.928095910700000E+00   4.928095910700000E+00   0.000000000000000E+00  -9.965501651599999E-01   0.000000000000000E+00   0.000000000000000E+00   0.000000000000000E+00
   3.499805199100000E-01   5.051533797300000E+00   5.051533797300000E+00   0.000000000000000E+00  -9.965501651599999E-01   0.000000000000000E+00   0.000000000000000E+00   0.000000000000000E+00
   3.585325473700000E-01   5.174971684000000E+00   5.174971684000000E+00   0.000000000000000E+00  -9.965501651599999E-01   0.000000000000000E+00   0.000000000000000E+00   0.000000000000000E+00
   3.670845748300000E-01   5.298409570600000E+00   5.298409570600000E+00   0.000000000000000E+00  -9.965501651599999E-01   0.000000000000000E+00   0.000000000000000E+00   0.000000000000000E+00
   3.756366022900000E-01   5.421847457200000E+00   5.421847457200000E+00   0.000000000000000E+00  -9.965501651599999E-01   0.000000000000000E+00   0.000000000000000E+00   0.000000000000000E+00
   3.843056188000000E-01   5.546973935400000E+00   5.546973935400000E+00   0.000000000000000E+00  -9.965501651599999E-01   0.000000000000000E+00   0.000000000000000E+00   0.000000000000000E+00
   3.929746353000000E-01   5.672100413600000E+00   5.672100413600000E+00   0.000000000000000E+00  -9.965501651599999E-01   0.000000000000000E+00   0.000000000000000E+00   0.000000000000000E+00
   4.016436518100000E-01   5.797226891700000E+00   5.797226891700000E+00   0.000000000000000E+00  -9.965501651599999E-01   0.000000000000000E+00   0.000000000000000E+00   0.000000000000000E+00
   4.103126683200000E-01   5.922353369900000E+00   5.922353369900000E+00   0.000000000000000E+00  -9.965501651599999E-01   0.000000000000000E+00   0.000000000000000E+00   0.000000000000000E+00
   4.180652269400000E-01   6.034251917500000E+00   6.034251917500000E+00   0.000000000000000E+00  -9.965501651599999E-01   0.000000000000000E+00   0.000000000000000E+00   0.000000000000000E+00
   4.258177855600000E-01   6.146150465200000E+00   6.146150465200000E+00   0.000000000000000E+00  -9.965501651599999E-01   0.000000000000000E+00   0.000000000000000E+00   0.000000000000000E+00
   4.335703441800000E-01   6.258049012800000E+00   6.258049012800000E+00   0.000000000000000E+00  -9.965501651599999E-01   0.000000000000000E+00   0.000000000000000E+00   0.000000000000000E+00
   4.413229028000000E-01   6.369947560500000E+00   6.369947560500000E+00   0.000000000000000E+00  -9.965501651599999E-01   0.000000000000000E+00   0.000000000000000E+00   0.000000000000000E+00
   4.486244686500000E-01   6.475336588000000E+00   6.475336588000000E+00   0.000000000000000E+00  -9.965501651599999E-01   0.000000000000000E+00   0.000000000000000E+00   0.000000000000000E+00
   4.559260345000000E-01   6.580725615600000E+00   6.580725615600000E+00   0.000000000000000E+00  -9.965501651599999E-01   0.000000000000000E+00   0.000000000000000E+00   0.000000000000000E+00
   4.632276003500000E-01   6.686114643200000E+00   6.686114643200000E+00   0.000000000000000E+00  -9.965501651599999E-01   0.000000000000000E+00   0.000000000000000E+00   0.000000000000000E+00
   4.705291662000000E-01   6.791503670800000E+00   6.791503670800000E+00   0.000000000000000E+00  -9.965501651599999E-01   0.000000000000000E+00   0.000000000000000E+00   0.000000000000000E+00
   4.760987231700000E-01   6.871893303100000E+00   6.871893303100000E+00   0.000000000000000E+00  -9.965501651599999E-01   0.000000000000000E+00   0.000000000000000E+00   0.000000000000000E+00
   4.816682801500000E-01   6.952282935300000E+00   6.952282935300000E+00   0.000000000000000E+00  -9.965501651599999E-01   0.000000000000000E+00   0.000000000000000E+00   0.000000000000000E+00
   4.872378371300000E-01   7.032672567600000E+00   7.032672567600000E+00   0.000000000000000E+00  -9.965501651599999E-01   0.000000000000000E+00   0.000000000000000E+00   0.000000000000000E+00
   4.928073941000000E-01   7.113062199900000E+00   7.113062199900000E+00   0.000000000000000E+00  -9.965501651599999E-01   0.000000000000000E+00   0.000000000000000E+00   0.000000000000000E+00
   4.977719318200000E-01   7.184719131200000E+00   7.184719131200000E+00   0.000000000000000E+00  -9.965501651599999E-01   0.000000000000000E+00   0.000000000000000E+00   0.000000000000000E+00
   5.027364695400000E-01   7.256376062500000E+00   7.256376062500000E+00   0.000000000000000E+00  -9.965501651599999E-01   0.000000000000000E+00   0.000000000000000E+00   0.000000000000000E+00
   5.077010072500000E-01   7.328032993700000E+00   7.328032993700000E+00   0.000000000000000E+00  -9.965501651599999E-01   0.000000000000000E+00   0.000000000000000E+00   0.000000000000000E+00
   5.126655449700001E-01   7.399689925000000E+00   7.399689925000000E+00   0.000000000000000E+00  -9.965501651599999E-01   0.000000000000000E+00   0.000000000000000E+00   0.000000000000000E+00
   5.179983923200000E-01   7.476662948100000E+00   7.476662948100000E+00   0.000000000000000E+00  -9.965501651599999E-01   0.000000000000000E+00   0.000000000000000E+00   0.000000000000000E+00
   5.233312396799999E-01   7.553635971200000E+00   7.553635971200000E+00   0.000000000000000E+00  -9.965501651599999E-01   0.000000000000000E+00   0.000000000000000E+00   0.000000000000000E+00
   5.286640870300000E-01   7.630608994300000E+00   7.630608994300000E+00   0.000000000000000E+00  -9.965501651599999E-01   0.000000000000000E+00   0.000000000000000E+00   0.000000000000000E+00
   5.339969343900000E-01   7.707582017400000E+00   7.707582017400000E+00   0.000000000000000E+00  -9.965501651599999E-01   0.000000000000000E+00   0.000000000000000E+00   0.000000000000000E+00
   5.396650755900000E-01   7.789394590500000E+00   7.789394590500000E+00   0.000000000000000E+00  -9.965501651599999E-01   0.000000000000000E+00   0.000000000000000E+00   0.000000000000000E+00
   5.453332167900000E-01   7.871207163500000E+00   7.871207163500000E+00   0.000000000000000E+00  -9.965501651599999E-01   0.000000000000000E+00   0.000000000000000E+00   0.000000000000000E+00
   5.510013579900001E-01   7.953019736600000E+00   7.953019736600000E+00   0.000000000000000E+00  -9.965501651599999E-01   0.000000000000000E+00   0.000000000000000E+00   0.000000000000000E+00
   5.566694992000000E-01   8.034832309700001E+00   8.034832309700001E+00   0.000000000000000E+00  -9.965501651599999E-01   0.000000000000000E+00   0.000000000000000E+00   0.000000000000000E+00
   5.615293238500000E-01   8.104977838000000E+00   8.104977838000000E+00   0.000000000000000E+00  -9.965501651599999E-01   0.000000000000000E+00   0.000000000000000E+00   0.000000000000000E+00
   5.663891485000000E-01   8.175123366299999E+00   8.175123366299999E+00   0.000000000000000E+00  -9.965501651599999E-01   0.000000000000000E+00   0.000000000000000E+00   0.000000000000000E+00
   5.712489731500000E-01   8.245268894700001E+00   8.245268894700001E+00   0.000000000000000E+00  -9.965501651599999E-01   0.000000000000000E+00   0.000000000000000E+00   0.000000000000000E+00
   5.761087978100000E-01   8.315414423000000E+00   8.315414423000000E+00   0.000000000000000E+00  -9.965501651599999E-01   0.000000000000000E+00   0.000000000000000E+00   0.000000000000000E+00
   5.803353601500000E-01   8.376419597000000E+00   8.376419597000000E+00   0.000000000000000E+00  -9.965501651599999E-01   0.000000000000000E+00   0.000000000000000E+00   0.000000000000000E+00
   5.845619224900001E-01   8.437424771000000E+00   8.437424771000000E+00   0.000000000000000E+00  -9.965501651599999E-01   0.000000000000000E+00   0.000000000000000E+00   0.000000000000000E+00
   5.887884848300000E-01   8.498429945000000E+00   8.498429945000000E+00   0.000000000000000E+00  -9.965501651599999E-01   0.000000000000000E+00   0.000000000000000E+00   0.000000000000000E+00
   5.930150471700000E-01   8.559435119000000E+00   8.559435119000000E+00   0.000000000000000E+00  -9.965501651599999E-01   0.000000000000000E+00   0.000000000000000E+00   0.000000000000000E+00
   5.973803263900000E-01   8.622442498700000E+00   8.622442498700000E+00   0.000000000000000E+00  -9.965501651599999E-01   0.000000000000000E+00   0.000000000000000E+00   0.000000000000000E+00
   6.017456056100000E-01   8.685449878400000E+00   8.685449878400000E+00   0.000000000000000E+00  -9.965501651599999E-01   0.000000000000000E+00   0.000000000000000E+00   0.000000000000000E+00
   6.061108848200000E-01   8.748457258100000E+00   8.748457258100000E+00   0.000000000000000E+00  -9.965501651599999E-01   0.000000000000000E+00   0.000000000000000E+00   0.000000000000000E+00
   6.104761640400000E-01   8.811464637800000E+00   8.811464637800000E+00   0.000000000000000E+00  -9.965501651599999E-01   0.000000000000000E+00   0.000000000000000E+00   0.000000000000000E+00
   6.148021697400000E-01   8.873905153100001E+00   8.873905153100001E+00   0.000000000000000E+00  -9.965501651599999E-01   0.000000000000000E+00   0.000000000000000E+00   0.000000000000000E+00
   6.191281754400000E-01   8.936345668400000E+00   8.936345668400000E+00   0.000000000000000E+00  -9.965501651599999E-01   0.000000000000000E+00   0.000000000000000E+00   0.000000000000000E+00
   6.234541811500000E-01   8.998786183700000E+00   8.998786183700000E+00   0.000000000000000E+00  -9.965501651599999E-01   0.000000000000000E+00   0.000000000000000E+00   0.000000000000000E+00
   6.277801868500000E-01   9.061226699000001E+00   9.061226699000001E+00   0.000000000000000E+00  -9.965501651599999E-01   0.000000000000000E+00   0.000000000000000E+00   0.000000000000000E+00
   6.318345483200000E-01   9.119746367599999E+00   9.119746367599999E+00   0.000000000000000E+00  -9.965501651599999E-01   0.000000000000000E+00   0.000000000000000E+00   0.000000000000000E+00
   6.358889098000000E-01   9.178266036100000E+00   9.178266036100000E+00   0.000000000000000E+00  -9.965501651599999E-01   0.000000000000000E+00   0.000000000000000E+00   0.000000000000000E+00
   6.399432712699999E-01   9.236785704600001E+00   9.236785704600001E+00   0.000000000000000E+00  -9.965501651599999E-01   0.000000000000000E+00   0.000000000000000E+00   0.000000000000000E+00
   6.439976327500000E-01   9.295305373100000E+00   9.295305373100000E+00   0.000000000000000E+00  -9.965501651599999E-01   0.000000000000000E+00   0.000000000000000E+00   0.000000000000000E+00
   6.477384974100000E-01   9.349300104899999E+00   9.349300104899999E+00   0.000000000000000E+00  -9.965501651599999E-01   0.000000000000000E+00   0.000000000000000E+00   0.000000000000000E+00
   6.514793620800000E-01   9.403294836600001E+00   9.403294836600001E+00   0.000000000000000E+00  -9.965501651599999E-01   0.000000000000000E+00   0.000000000000000E+00   0.000000000000000E+00
   6.552202267400000E-01   9.457289568400000E+00   9.457289568400000E+00   0.000000000000000E+00  -9.965501651599999E-01   0.000000000000000E+00   0.000000000000000E+00   0.000000000000000E+00
   6.589610914100000E-01   9.511284300200000E+00   9.511284300200000E+00   0.000000000000000E+00  -9.965501651599999E-01   0.000000000000000E+00   0.000000000000000E+00   0.000000000000000E+00
   6.622457476900000E-01   9.558694230900000E+00   9.558694230900000E+00   0.000000000000000E+00  -9.965501651599999E-01   0.000000000000000E+00   0.000000000000000E+00   0.000000000000000E+00
   6.655304039700000E-01   9.606104161699999E+00   9.606104161699999E+00   0.000000000000000E+00  -9.965501651599999E-01   0.000000000000000E+00   0.000000000000000E+00   0.000000000000000E+00
   6.688150602500000E-01   9.653514092400000E+00   9.653514092400000E+00   0.000000000000000E+00  -9.965501651599999E-01   0.000000000000000E+00   0.000000000000000E+00   0.000000000000000E+00
   6.720997165300000E-01   9.700924023200001E+00   9.700924023200001E+00   0.000000000000000E+00  -9.965501651599999E-01   0.000000000000000E+00   0.000000000000000E+00   0.000000000000000E+00
   6.748939238800000E-01   9.741254933100000E+00   9.741254933100000E+00   0.000000000000000E+00  -9.965501651599999E-01   0.000000000000000E+00   0.000000000000000E+00   0.000000000000000E+00
   6.776881312200000E-01   9.781585843100000E+00   9.781585843100000E+00   0.000000000000000E+00  -9.965501651599999E-01   0.000000000000000E+00   0.000000000000000E+00   0.000000000000000E+00
   6.804823385700000E-01   9.821916753100000E+00   9.821916753100000E+00   0.000000000000000E+00  -9.965501651599999E-01   0.000000000000000E+00   0.000000000000000E+00   0.000000000000000E+00
   6.832765459100000E-01   9.862247663000000E+00   9.862247663000000E+00   0.000000000000000E+00  -9.965501651599999E-01   0.000000000000000E+00   0.000000000000000E+00   0.000000000000000E+00
   6.854209936700000E-01   9.893200100900000E+00   9.893200100900000E+00   0.000000000000000E+00  -9.965501651599999E-01   0.000000000000000E+00   0.000000000000000E+00   0.000000000000000E+00
   6.875654414200000E-01   9.924152538800000E+00   9.924152538800000E+00   0.000000000000000E+00  -9.965501651599999E-01   0.000000000000000E+00   0.000000000000000E+00   0.000000000000000E+00
   6.897098891700000E-01   9.955104976699999E+00   9.955104976699999E+00   0.000000000000000E+00  -9.965501651599999E-01   0.000000000000000E+00   0.000000000000000E+00   0.000000000000000E+00
   6.918543369300000E-01   9.986057414599999E+00   9.986057414599999E+00   0.000000000000000E+00  -9.965501651599999E-01   0.000000000000000E+00   0.000000000000000E+00   0.000000000000000E+00
   6.936750522100000E-01   1.001233717700000E+01   1.001233717700000E+01   0.000000000000000E+00  -9.965501651599999E-01   0.000000000000000E+00   0.000000000000000E+00   0.000000000000000E+00
   6.954957675000000E-01   1.003861693900000E+01   1.003861693900000E+01   0.000000000000000E+00  -9.965501651599999E-01   0.000000000000000E+00   0.000000000000000E+00   0.000000000000000E+00
   6.973164827800000E-01   1.006489670100000E+01   1.006489670100000E+01   0.000000000000000E+00  -9.965501651599999E-01   0.000000000000000E+00   0.000000000000000E+00   0.000000000000000E+00
   6.991371980600000E-01   1.009117646300000E+01   1.009117646300000E+01   0.000000000000000E+00  -9.965501651599999E-01   0.000000000000000E+00   0.000000000000000E+00   0.000000000000000E+00
   7.007997690200000E-01   1.011517360800000E+01   1.011517360800000E+01   0.000000000000000E+00  -9.965501651599999E-01   0.000000000000000E+00   0.000000000000000E+00   0.000000000000000E+00
   7.024623399800000E-01   1.013917075400000E+01   1.013917075400000E+01   0.000000000000000E+00  -9.965501651599999E-01   0.000000000000000E+00   0.000000000000000E+00   0.000000000000000E+00
   7.041249109500000E-01   1.016316789900000E+01   1.016316789900000E+01   0.000000000000000E+00  -9.965501651599999E-01   0.000000000000000E+00   0.000000000000000E+00   0.000000000000000E+00
   7.057874819100000E-01   1.018716504400000E+01   1.018716504400000E+01   0.000000000000000E+00  -9.965501651599999E-01   0.000000000000000E+00   0.000000000000000E+00   0.000000000000000E+00
   7.077635150500000E-01   1.021568662600000E+01   1.021568662600000E+01   0.000000000000000E+00  -9.965501651599999E-01   0.000000000000000E+00   0.000000000000000E+00   0.000000000000000E+00
   7.097395481900000E-01   1.024420820900000E+01   1.024420820900000E+01   0.000000000000000E+00  -9.965501651599999E-01   0.000000000000000E+00   0.000000000000000E+00   0.000000000000000E+00
   7.117155813400000E-01   1.027272979100000E+01   1.027272979100000E+01   0.000000000000000E+00  -9.965501651599999E-01   0.000000000000000E+00   0.000000000000000E+00   0.000000000000000E+00
   7.136916144800000E-01   1.030125137300000E+01   1.030125137300000E+01   0.000000000000000E+00  -9.965501651599999E-01   0.000000000000000E+00   0.000000000000000E+00   0.000000000000000E+00
   7.163611424200000E-01   1.033978269100000E+01   1.033978269100000E+01   0.000000000000000E+00  -9.965501651599999E-01   0.000000000000000E+00   0.000000000000000E+00   0.000000000000000E+00
   7.190306703600000E-01   1.037831400900000E+01   1.037831400900000E+01   0.000000000000000E+00  -9.965501651599999E-01   0.000000000000000E+00   0.000000000000000E+00   0.000000000000000E+00
   7.217001983000000E-01   1.041684532700000E+01   1.041684532700000E+01   0.000000000000000E+00  -9.965501651599999E-01   0.000000000000000E+00   0.000000000000000E+00   0.000000000000000E+00
   7.243697262400000E-01   1.045537664400000E+01   1.045537664400000E+01   0.000000000000000E+00  -9.965501651599999E-01   0.000000000000000E+00   0.000000000000000E+00   0.000000000000000E+00
   7.268632143400000E-01   1.049136704600000E+01   1.049136704600000E+01   0.000000000000000E+00  -9.965501651599999E-01   0.000000000000000E+00   0.000000000000000E+00   0.000000000000000E+00
   7.293567024299999E-01   1.052735744700000E+01   1.052735744700000E+01   0.000000000000000E+00  -9.965501651599999E-01   0.000000000000000E+00   0.000000000000000E+00   0.000000000000000E+00
   7.318501905300000E-01   1.056334784900000E+01   1.056334784900000E+01   0.000000000000000E+00  -9.965501651599999E-01   0.000000000000000E+00   0.000000000000000E+00   0.000000000000000E+00
   7.343436786300001E-01   1.059933825000000E+01   1.059933825000000E+01   0.000000000000000E+00  -9.965501651599999E-01   0.000000000000000E+00   0.000000000000000E+00   0.000000000000000E+00
   7.367868408200000E-01   1.063460225900000E+01   1.063460225900000E+01   0.000000000000000E+00  -9.965501651599999E-01   0.000000000000000E+00   0.000000000000000E+00   0.000000000000000E+00
   7.392300030100000E-01   1.066986626900000E+01   1.066986626900000E+01   0.000000000000000E+00  -9.965501651599999E-01   0.000000000000000E+00   0.000000000000000E+00   0.000000000000000E+00
   7.416731652000000E-01   1.070513027900000E+01   1.070513027900000E+01   0.000000000000000E+00  -9.965501651599999E-01   0.000000000000000E+00   0.000000000000000E+00   0.000000000000000E+00
   7.441163274000000E-01   1.074039428800000E+01   1.074039428800000E+01   0.000000000000000E+00  -9.965501651599999E-01   0.000000000000000E+00   0.000000000000000E+00   0.000000000000000E+00
   7.465678103400000E-01   1.077577839700000E+01   1.077577839700000E+01   0.000000000000000E+00  -9.965501651599999E-01   0.000000000000000E+00   0.000000000000000E+00   0.000000000000000E+00
   7.490192932800001E-01   1.081116250600000E+01   1.081116250600000E+01   0.000000000000000E+00  -9.965501651599999E-01   0.000000000000000E+00   0.000000000000000E+00   0.000000000000000E+00
   7.514707762200000E-01   1.084654661600000E+01   1.084654661600000E+01   0.000000000000000E+00  -9.965501651599999E-01   0.000000000000000E+00   0.000000000000000E+00   0.000000000000000E+00
   7.539222591700000E-01   1.088193072500000E+01   1.088193072500000E+01   0.000000000000000E+00  -9.965501651599999E-01   0.000000000000000E+00   0.000000000000000E+00   0.000000000000000E+00
   7.561449745100000E-01   1.091401285800000E+01   1.091401285800000E+01   0.000000000000000E+00  -9.965501651599999E-01   0.000000000000000E+00   0.000000000000000E+00   0.000000000000000E+00
   7.583676898600000E-01   1.094609499100000E+01   1.094609499100000E+01   0.000000000000000E+00  -9.965501651599999E-01   0.000000000000000E+00   0.000000000000000E+00   0.000000000000000E+00
   7.605904052000000E-01   1.097817712500000E+01   1.097817712500000E+01   0.000000000000000E+00  -9.965501651599999E-01   0.000000000000000E+00   0.000000000000000E+00   0.000000000000000E+00
   7.628131205399999E-01   1.101025925800000E+01   1.101025925800000E+01   0.000000000000000E+00  -9.965501651599999E-01   0.000000000000000E+00   0.000000000000000E+00   0.000000000000000E+00
   7.648998199300000E-01   1.104037817000000E+01   1.104037817000000E+01   0.000000000000000E+00  -9.965501651599999E-01   0.000000000000000E+00   0.000000000000000E+00   0.000000000000000E+00
   7.669865193199999E-01   1.107049708200000E+01   1.107049708200000E+01   0.000000000000000E+00  -9.965501651599999E-01   0.000000000000000E+00   0.000000000000000E+00   0.000000000000000E+00
   7.690732187100000E-01   1.110061599400000E+01   1.110061599400000E+01   0.000000000000000E+00  -9.965501651599999E-01   0.000000000000000E+00   0.000000000000000E+00   0.000000000000000E+00
   7.711599181000000E-01   1.113073490600000E+01   1.113073490600000E+01   0.000000000000000E+00  -9.965501651599999E-01   0.000000000000000E+00   0.000000000000000E+00   0.000000000000000E+00
   7.732009106400000E-01   1.116019409700000E+01   1.116019409700000E+01   0.000000000000000E+00  -9.965501651599999E-01   0.000000000000000E+00   0.000000000000000E+00   0.000000000000000E+00
   7.752419031700000E-01   1.118965328700000E+01   1.118965328700000E+01   0.000000000000000E+00  -9.965501651599999E-01   0.000000000000000E+00   0.000000000000000E+00   0.000000000000000E+00
   7.772828957100000E-01   1.121911247700000E+01   1.121911247700000E+01   0.000000000000000E+00  -9.965501651599999E-01   0.000000000000000E+00   0.000000000000000E+00   0.000000000000000E+00
   7.793238882400000E-01   1.124857166800000E+01   1.124857166800000E+01   0.000000000000000E+00  -9.965501651599999E-01   0.000000000000000E+00   0.000000000000000E+00   0.000000000000000E+00
   7.814984391599999E-01   1.127995860700000E+01   1.127995860700000E+01   0.000000000000000E+00  -9.965501651599999E-01   0.000000000000000E+00   0.000000000000000E+00   0.000000000000000E+00
   7.836729900700000E-01   1.131134554700000E+01   1.131134554700000E+01   0.000000000000000E+00  -9.965501651599999E-01   0.000000000000000E+00   0.000000000000000E+00   0.000000000000000E+00
   7.858475409900000E-01   1.134273248700000E+01   1.134273248700000E+01   0.000000000000000E+00  -9.965501651599999E-01   0.000000000000000E+00   0.000000000000000E+00   0.000000000000000E+00
   7.880220919000001E-01   1.137411942600000E+01   1.137411942600000E+01   0.000000000000000E+00  -9.965501651599999E-01   0.000000000000000E+00   0.000000000000000E+00   0.000000000000000E+00
   7.898521110200000E-01   1.140053347700000E+01   1.140053347700000E+01   0.000000000000000E+00  -9.965501651599999E-01   0.000000000000000E+00   0.000000000000000E+00   0.000000000000000E+00
   7.916821301400000E-01   1.142694752900000E+01   1.142694752900000E+01   0.000000000000000E+00  -9.965501651599999E-01   0.000000000000000E+00   0.000000000000000E+00   0.000000000000000E+00
   7.935121492600000E-01   1.145336158000000E+01   1.145336158000000E+01   0.000000000000000E+00  -9.965501651599999E-01   0.000000000000000E+00   0.000000000000000E+00   0.000000000000000E+00
   7.953421683800000E-01   1.147977563200000E+01   1.147977563200000E+01   0.000000000000000E+00  -9.965501651599999E-01   0.000000000000000E+00   0.000000000000000E+00   0.000000000000000E+00
   7.970254211300000E-01   1.150407129300000E+01   1.150407129300000E+01   0.000000000000000E+00  -9.965501651599999E-01   0.000000000000000E+00   0.000000000000000E+00   0.000000000000000E+00
   7.987086738800000E-01   1.152836695400000E+01   1.152836695400000E+01   0.000000000000000E+00  -9.965501651599999E-01   0.000000000000000E+00   0.000000000000000E+00   0.000000000000000E+00
   8.003919266300000E-01   1.155266261500000E+01   1.155266261500000E+01   0.000000000000000E+00  -9.965501651599999E-01   0.000000000000000E+00   0.000000000000000E+00   0.000000000000000E+00
   8.020751793799999E-01   1.157695827700000E+01   1.157695827700000E+01   0.000000000000000E+00  -9.965501651599999E-01   0.000000000000000E+00   0.000000000000000E+00   0.000000000000000E+00
   8.036551673200000E-01   1.159976343900000E+01   1.159976343900000E+01   0.000000000000000E+00  -9.965501651599999E-01   0.000000000000000E+00   0.000000000000000E+00   0.000000000000000E+00
   8.052351552600000E-01   1.162256860100000E+01   1.162256860100000E+01   0.000000000000000E+00  -9.965501651599999E-01   0.000000000000000E+00   0.000000000000000E+00   0.000000000000000E+00
   8.068151432000000E-01   1.164537376300000E+01   1.164537376300000E+01   0.000000000000000E+00  -9.965501651599999E-01   0.000000000000000E+00   0.000000000000000E+00   0.000000000000000E+00
   8.083951311399999E-01   1.166817892500000E+01   1.166817892500000E+01   0.000000000000000E+00  -9.965501651599999E-01   0.000000000000000E+00   0.000000000000000E+00   0.000000000000000E+00
   8.102618464600000E-01   1.169512264000000E+01   1.169512264000000E+01   0.000000000000000E+00  -9.965501651599999E-01   0.000000000000000E+00   0.000000000000000E+00   0.000000000000000E+00
   8.121285617700000E-01   1.172206635600000E+01   1.172206635600000E+01   0.000000000000000E+00  -9.965501651599999E-01   0.000000000000000E+00   0.000000000000000E+00   0.000000000000000E+00
   8.139952770900000E-01   1.174901007100000E+01   1.174901007100000E+01   0.000000000000000E+00  -9.965501651599999E-01   0.000000000000000E+00   0.000000000000000E+00   0.000000000000000E+00
   8.158619924100000E-01   1.177595378600000E+01   1.177595378600000E+01   0.000000000000000E+00  -9.965501651599999E-01   0.000000000000000E+00   0.000000000000000E+00   0.000000000000000E+00
   8.178030238400000E-01   1.180397016300000E+01   1.180397016300000E+01   0.000000000000000E+00  -9.965501651599999E-01   0.000000000000000E+00   0.000000000000000E+00   0.000000000000000E+00
   8.197440552800001E-01   1.183198653900000E+01   1.183198653900000E+01   0.000000000000000E+00  -9.965501651599999E-01   0.000000000000000E+00   0.000000000000000E+00   0.000000000000000E+00
   8.216850867200000E-01   1.186000291500000E+01   1.186000291500000E+01   0.000000000000000E+00  -9.965501651599999E-01   0.000000000000000E+00   0.000000000000000E+00   0.000000000000000E+00
   8.236261181500000E-01   1.188801929100000E+01   1.188801929100000E+01   0.000000000000000E+00  -9.965501651599999E-01   0.000000000000000E+00   0.000000000000000E+00   0.000000000000000E+00
   8.252384629600000E-01   1.191129148400000E+01   1.191129148400000E+01   0.000000000000000E+00  -9.965501651599999E-01   0.000000000000000E+00   0.000000000000000E+00   0.000000000000000E+00
   8.268508077700000E-01   1.193456367800000E+01   1.193456367800000E+01   0.000000000000000E+00  -9.965501651599999E-01   0.000000000000000E+00   0.000000000000000E+00   0.000000000000000E+00
   8.284631525800000E-01   1.195783587100000E+01   1.195783587100000E+01   0.000000000000000E+00  -9.965501651599999E-01   0.000000000000000E+00   0.000000000000000E+00   0.000000000000000E+00
   8.300754973800000E-01   1.198110806400000E+01   1.198110806400000E+01   0.000000000000000E+00  -9.965501651599999E-01   0.000000000000000E+00   0.000000000000000E+00   0.000000000000000E+00
   8.319168387900000E-01   1.200768553900000E+01   1.200768553900000E+01   0.000000000000000E+00  -9.965501651599999E-01   0.000000000000000E+00   0.000000000000000E+00   0.000000000000000E+00
   8.337581802000000E-01   1.203426301300000E+01   1.203426301300000E+01   0.000000000000000E+00  -9.965501651599999E-01   0.000000000000000E+00   0.000000000000000E+00   0.000000000000000E+00
   8.355995216100000E-01   1.206084048800000E+01   1.206084048800000E+01   0.000000000000000E+00  -9.965501651599999E-01   0.000000000000000E+00   0.000000000000000E+00   0.000000000000000E+00
   8.374408630200000E-01   1.208741796200000E+01   1.208741796200000E+01   0.000000000000000E+00  -9.965501651599999E-01   0.000000000000000E+00   0.000000000000000E+00   0.000000000000000E+00
   8.387202206700000E-01   1.210588390000000E+01   1.210588390000000E+01   0.000000000000000E+00  -9.965501651599999E-01   0.000000000000000E+00   0.000000000000000E+00   0.000000000000000E+00
   8.399995783300001E-01   1.212434983700000E+01   1.212434983700000E+01   0.000000000000000E+00  -9.965501651599999E-01   0.000000000000000E+00   0.000000000000000E+00   0.000000000000000E+00
   8.412789359900000E-01   1.214281577500000E+01   1.214281577500000E+01   0.000000000000000E+00  -9.965501651599999E-01   0.000000000000000E+00   0.000000000000000E+00   0.000000000000000E+00
   8.425582936400000E-01   1.216128171300000E+01   1.216128171300000E+01   0.000000000000000E+00  -9.965501651599999E-01   0.000000000000000E+00   0.000000000000000E+00   0.000000000000000E+00
   8.437966489700000E-01   1.217915583300000E+01   1.217915583300000E+01   0.000000000000000E+00  -9.965501651599999E-01   0.000000000000000E+00   0.000000000000000E+00   0.000000000000000E+00
   8.450350043000000E-01   1.219702995200000E+01   1.219702995200000E+01   0.000000000000000E+00  -9.965501651599999E-01   0.000000000000000E+00   0.000000000000000E+00   0.000000000000000E+00
   8.462733596300001E-01   1.221490407200000E+01   1.221490407200000E+01   0.000000000000000E+00  -9.965501651599999E-01   0.000000000000000E+00   0.000000000000000E+00   0.000000000000000E+00
   8.475117149500000E-01   1.223277819200000E+01   1.223277819200000E+01   0.000000000000000E+00  -9.965501651599999E-01   0.000000000000000E+00   0.000000000000000E+00   0.000000000000000E+00
   8.487628186000000E-01   1.225083631800000E+01   1.225083631800000E+01   0.000000000000000E+00  -9.965501651599999E-01   0.000000000000000E+00   0.000000000000000E+00   0.000000000000000E+00
   8.500139222500001E-01   1.226889444500000E+01   1.226889444500000E+01   0.000000000000000E+00  -9.965501651599999E-01   0.000000000000000E+00   0.000000000000000E+00   0.000000000000000E+00
   8.512650258900000E-01   1.228695257100000E+01   1.228695257100000E+01   0.000000000000000E+00  -9.965501651599999E-01   0.000000000000000E+00   0.000000000000000E+00   0.000000000000000E+00
   8.525161295400000E-01   1.230501069700000E+01   1.230501069700000E+01   0.000000000000000E+00  -9.965501651599999E-01   0.000000000000000E+00   0.000000000000000E+00   0.000000000000000E+00
   8.538342690500000E-01   1.232403640200000E+01   1.232403640200000E+01   0.000000000000000E+00  -9.965501651599999E-01   0.000000000000000E+00   0.000000000000000E+00   0.000000000000000E+00
   8.551524085600000E-01   1.234306210800000E+01   1.234306210800000E+01   0.000000000000000E+00  -9.965501651599999E-01   0.000000000000000E+00   0.000000000000000E+00   0.000000000000000E+00
   8.564705480800000E-01   1.236208781300000E+01   1.236208781300000E+01   0.000000000000000E+00  -9.965501651599999E-01   0.000000000000000E+00   0.000000000000000E+00   0.000000000000000E+00
   8.577886875900000E-01   1.238111351900000E+01   1.238111351900000E+01   0.000000000000000E+00  -9.965501651599999E-01   0.000000000000000E+00   0.000000000000000E+00   0.000000000000000E+00
   8.590510223900000E-01   1.239933375200000E+01   1.239933375200000E+01   0.000000000000000E+00  -9.965501651599999E-01   0.000000000000000E+00   0.000000000000000E+00   0.000000000000000E+00
   8.603133571900000E-01   1.241755398600000E+01   1.241755398600000E+01   0.000000000000000E+00  -9.965501651599999E-01   0.000000000000000E+00   0.000000000000000E+00   0.000000000000000E+00
   8.615756919899999E-01   1.243577422000000E+01   1.243577422000000E+01   0.000000000000000E+00  -9.965501651599999E-01   0.000000000000000E+00   0.000000000000000E+00   0.000000000000000E+00
   8.628380267900000E-01   1.245399445400000E+01   1.245399445400000E+01   0.000000000000000E+00  -9.965501651599999E-01   0.000000000000000E+00   0.000000000000000E+00   0.000000000000000E+00
   8.638973508400000E-01   1.246928448000000E+01   1.246928448000000E+01   0.000000000000000E+00  -9.965501651599999E-01   0.000000000000000E+00   0.000000000000000E+00   0.000000000000000E+00
   8.649566748800001E-01   1.248457450600000E+01   1.248457450600000E+01   0.000000000000000E+00  -9.965501651599999E-01   0.000000000000000E+00   0.000000000000000E+00   0.000000000000000E+00
   8.660159989200000E-01   1.249986453200000E+01   1.249986453200000E+01   0.000000000000000E+00  -9.965501651599999E-01   0.000000000000000E+00   0.000000000000000E+00   0.000000000000000E+00
   8.670753229700000E-01   1.251515455800000E+01   1.251515455800000E+01   0.000000000000000E+00  -9.965501651599999E-01   0.000000000000000E+00   0.000000000000000E+00   0.000000000000000E+00
   8.680443448900000E-01   1.252914118400000E+01   1.252914118400000E+01   0.000000000000000E+00  -9.965501651599999E-01   0.000000000000000E+00   0.000000000000000E+00   0.000000000000000E+00
   8.690133668100000E-01   1.254312781100000E+01   1.254312781100000E+01   0.000000000000000E+00  -9.965501651599999E-01   0.000000000000000E+00   0.000000000000000E+00   0.000000000000000E+00
   8.699823887300000E-01   1.255711443800000E+01   1.255711443800000E+01   0.000000000000000E+00  -9.965501651599999E-01   0.000000000000000E+00   0.000000000000000E+00   0.000000000000000E+00
   8.709514106500000E-01   1.257110106500000E+01   1.257110106500000E+01   0.000000000000000E+00  -9.965501651599999E-01   0.000000000000000E+00   0.000000000000000E+00   0.000000000000000E+00
   8.719144478400001E-01   1.258500131000000E+01   1.258500131000000E+01   0.000000000000000E+00  -9.965501651599999E-01   0.000000000000000E+00   0.000000000000000E+00   0.000000000000000E+00
   8.728774850400000E-01   1.259890155500000E+01   1.259890155500000E+01   0.000000000000000E+00  -9.965501651599999E-01   0.000000000000000E+00   0.000000000000000E+00   0.000000000000000E+00
   8.738405222300000E-01   1.261280180000000E+01   1.261280180000000E+01   0.000000000000000E+00  -9.965501651599999E-01   0.000000000000000E+00   0.000000000000000E+00   0.000000000000000E+00
   8.748035594200000E-01   1.262670204500000E+01   1.262670204500000E+01   0.000000000000000E+00  -9.965501651599999E-01   0.000000000000000E+00   0.000000000000000E+00   0.000000000000000E+00
   8.755886901800000E-01   1.263803443100000E+01   1.263803443100000E+01   0.000000000000000E+00  -9.965501651599999E-01   0.000000000000000E+00   0.000000000000000E+00   0.000000000000000E+00
   8.763738209300000E-01   1.264936681800000E+01   1.264936681800000E+01   0.000000000000000E+00  -9.965501651599999E-01   0.000000000000000E+00   0.000000000000000E+00   0.000000000000000E+00
   8.771589516900000E-01   1.266069920500000E+01   1.266069920500000E+01   0.000000000000000E+00  -9.965501651599999E-01   0.000000000000000E+00   0.000000000000000E+00   0.000000000000000E+00
   8.779440824400000E-01   1.267203159100000E+01   1.267203159100000E+01   0.000000000000000E+00  -9.965501651599999E-01   0.000000000000000E+00   0.000000000000000E+00   0.000000000000000E+00
   8.785731093500000E-01   1.268111081300000E+01   1.268111081300000E+01   0.000000000000000E+00  -9.965501651599999E-01   0.000000000000000E+00   0.000000000000000E+00   0.000000000000000E+00
   8.792021362700000E-01   1.269019003400000E+01   1.269019003400000E+01   0.000000000000000E+00  -9.965501651599999E-01   0.000000000000000E+00   0.000000000000000E+00   0.000000000000000E+00
   8.798311631800000E-01   1.269926925600000E+01   1.269926925600000E+01   0.000000000000000E+00  -9.965501651599999E-01   0.000000000000000E+00   0.000000000000000E+00   0.000000000000000E+00
   8.804601900900000E-01   1.270834847800000E+01   1.270834847800000E+01   0.000000000000000E+00  -9.965501651599999E-01   0.000000000000000E+00   0.000000000000000E+00   0.000000000000000E+00
   8.811031556500000E-01   1.271762888600000E+01   1.271762888600000E+01   0.000000000000000E+00  -9.965501651599999E-01   0.000000000000000E+00   0.000000000000000E+00   0.000000000000000E+00
   8.817461212200000E-01   1.272690929500000E+01   1.272690929500000E+01   0.000000000000000E+00  -9.965501651599999E-01   0.000000000000000E+00   0.000000000000000E+00   0.000000000000000E+00
   8.823890867900001E-01   1.273618970400000E+01   1.273618970400000E+01   0.000000000000000E+00  -9.965501651599999E-01   0.000000000000000E+00   0.000000000000000E+00   0.000000000000000E+00
   8.830320523500000E-01   1.274547011300000E+01   1.274547011300000E+01   0.000000000000000E+00  -9.965501651599999E-01   0.000000000000000E+00   0.000000000000000E+00   0.000000000000000E+00
   8.838990434600000E-01   1.275798405200000E+01   1.275798405200000E+01   0.000000000000000E+00  -9.965501651599999E-01   0.000000000000000E+00   0.000000000000000E+00   0.000000000000000E+00
   8.847660345700000E-01   1.277049799100000E+01   1.277049799100000E+01   0.000000000000000E+00  -9.965501651599999E-01   0.000000000000000E+00   0.000000000000000E+00   0.000000000000000E+00
   8.856330256800000E-01   1.278301193000000E+01   1.278301193000000E+01   0.000000000000000E+00  -9.965501651599999E-01   0.000000000000000E+00   0.000000000000000E+00   0.000000000000000E+00
   8.865000167900000E-01   1.279552586900000E+01   1.279552586900000E+01   0.000000000000000E+00  -9.965501651599999E-01   0.000000000000000E+00   0.000000000000000E+00   0.000000000000000E+00
   8.877040502900000E-01   1.281290459600000E+01   1.281290459600000E+01   0.000000000000000E+00  -9.965501651599999E-01   0.000000000000000E+00   0.000000000000000E+00   0.000000000000000E+00
   8.889080837900000E-01   1.283028332300000E+01   1.283028332300000E+01   0.000000000000000E+00  -9.965501651599999E-01   0.000000000000000E+00   0.000000000000000E+00   0.000000000000000E+00
   8.901121172899999E-01   1.284766205000000E+01   1.284766205000000E+01   0.000000000000000E+00  -9.965501651599999E-01   0.000000000000000E+00   0.000000000000000E+00   0.000000000000000E+00
   8.913161508000000E-01   1.286504077700000E+01   1.286504077700000E+01   0.000000000000000E+00  -9.965501651599999E-01   0.000000000000000E+00   0.000000000000000E+00   0.000000000000000E+00
   8.925277996200000E-01   1.288252942200000E+01   1.288252942200000E+01   0.000000000000000E+00  -9.965501651599999E-01   0.000000000000000E+00   0.000000000000000E+00   0.000000000000000E+00
   8.937394484500000E-01   1.290001806700000E+01   1.290001806700000E+01   0.000000000000000E+00  -9.965501651599999E-01   0.000000000000000E+00   0.000000000000000E+00   0.000000000000000E+00
   8.949510972800000E-01   1.291750671200000E+01   1.291750671200000E+01   0.000000000000000E+00  -9.965501651599999E-01   0.000000000000000E+00   0.000000000000000E+00   0.000000000000000E+00
   8.961627461000000E-01   1.293499535600000E+01   1.293499535600000E+01   0.000000000000000E+00  -9.965501651599999E-01   0.000000000000000E+00   0.000000000000000E+00   0.000000000000000E+00
   8.972499263100000E-01   1.295068745100000E+01   1.295068745100000E+01   0.000000000000000E+00  -9.965501651599999E-01   0.000000000000000E+00   0.000000000000000E+00   0.000000000000000E+00
   8.983371065200000E-01   1.296637954600000E+01   1.296637954600000E+01   0.000000000000000E+00  -9.965501651599999E-01   0.000000000000000E+00   0.000000000000000E+00   0.000000000000000E+00
   8.994242867300000E-01   1.298207164100000E+01   1.298207164100000E+01   0.000000000000000E+00  -9.965501651599999E-01   0.000000000000000E+00   0.000000000000000E+00   0.000000000000000E+00
   9.005114669399999E-01   1.299776373600000E+01   1.299776373600000E+01   0.000000000000000E+00  -9.965501651599999E-01   0.000000000000000E+00   0.000000000000000E+00   0.000000000000000E+00
   9.016789172000000E-01   1.301461443000000E+01   1.301461443000000E+01   0.000000000000000E+00  -9.965501651599999E-01   0.000000000000000E+00   0.000000000000000E+00   0.000000000000000E+00
   9.028463674500000E-01   1.303146512300000E+01   1.303146512300000E+01   0.000000000000000E+00  -9.965501651599999E-01   0.000000000000000E+00   0.000000000000000E+00   0.000000000000000E+00
   9.040138177000000E-01   1.304831581600000E+01   1.304831581600000E+01   0.000000000000000E+00  -9.965501651599999E-01   0.000000000000000E+00   0.000000000000000E+00   0.000000000000000E+00
   9.051812679600000E-01   1.306516651000000E+01   1.306516651000000E+01   0.000000000000000E+00  -9.965501651599999E-01   0.000000000000000E+00   0.000000000000000E+00   0.000000000000000E+00
   9.062661291200000E-01   1.308082513200000E+01   1.308082513200000E+01   0.000000000000000E+00  -9.965501651599999E-01   0.000000000000000E+00   0.000000000000000E+00   0.000000000000000E+00
   9.073509902800000E-01   1.309648375500000E+01   1.309648375500000E+01   0.000000000000000E+00  -9.965501651599999E-01   0.000000000000000E+00   0.000000000000000E+00   0.000000000000000E+00
   9.084358514400001E-01   1.311214237700000E+01   1.311214237700000E+01   0.000000000000000E+00  -9.965501651599999E-01   0.000000000000000E+00   0.000000000000000E+00   0.000000000000000E+00
   9.095207125900000E-01   1.312780099900000E+01   1.312780099900000E+01   0.000000000000000E+00  -9.965501651599999E-01   0.000000000000000E+00   0.000000000000000E+00   0.000000000000000E+00
   9.105989136000000E-01   1.314336349100000E+01   1.314336349100000E+01   0.000000000000000E+00  -9.965501651599999E-01   0.000000000000000E+00   0.000000000000000E+00   0.000000000000000E+00
   9.116771146000000E-01   1.315892598200000E+01   1.315892598200000E+01   0.000000000000000E+00  -9.965501651599999E-01   0.000000000000000E+00   0.000000000000000E+00   0.000000000000000E+00
   9.127553156000000E-01   1.317448847300000E+01   1.317448847300000E+01   0.000000000000000E+00  -9.965501651599999E-01   0.000000000000000E+00   0.000000000000000E+00   0.000000000000000E+00
   9.138335166000000E-01   1.319005096500000E+01   1.319005096500000E+01   0.000000000000000E+00  -9.965501651599999E-01   0.000000000000000E+00   0.000000000000000E+00   0.000000000000000E+00
   9.152062969400000E-01   1.320986534200000E+01   1.320986534200000E+01   0.000000000000000E+00  -9.965501651599999E-01   0.000000000000000E+00   0.000000000000000E+00   0.000000000000000E+00
   9.165790772800000E-01   1.322967972000000E+01   1.322967972000000E+01   0.000000000000000E+00  -9.965501651599999E-01   0.000000000000000E+00   0.000000000000000E+00   0.000000000000000E+00
   9.179518576200000E-01   1.324949409800000E+01   1.324949409800000E+01   0.000000000000000E+00  -9.965501651599999E-01   0.000000000000000E+00   0.000000000000000E+00   0.000000000000000E+00
   9.193246379700000E-01   1.326930847600000E+01   1.326930847600000E+01   0.000000000000000E+00  -9.965501651599999E-01   0.000000000000000E+00   0.000000000000000E+00   0.000000000000000E+00
   9.213522379700000E-01   1.329857436200000E+01   1.329857436200000E+01   0.000000000000000E+00  -9.965501651599999E-01   0.000000000000000E+00   0.000000000000000E+00   0.000000000000000E+00
   9.233798379700000E-01   1.332784024800000E+01   1.332784024800000E+01   0.000000000000000E+00  -9.965501651599999E-01   0.000000000000000E+00   0.000000000000000E+00   0.000000000000000E+00
   9.254074379700000E-01   1.335710613400000E+01   1.335710613400000E+01   0.000000000000000E+00  -9.965501651599999E-01   0.000000000000000E+00   0.000000000000000E+00   0.000000000000000E+00
   9.274350379800000E-01   1.338637202000000E+01   1.338637202000000E+01   0.000000000000000E+00  -9.965501651599999E-01   0.000000000000000E+00   0.000000000000000E+00   0.000000000000000E+00
   9.291176620300000E-01   1.341065860600000E+01   1.341065860600000E+01   0.000000000000000E+00  -9.965501651599999E-01   0.000000000000000E+00   0.000000000000000E+00   0.000000000000000E+00
   9.308002860800000E-01   1.343494519300000E+01   1.343494519300000E+01   0.000000000000000E+00  -9.965501651599999E-01   0.000000000000000E+00   0.000000000000000E+00   0.000000000000000E+00
   9.324829101300000E-01   1.345923178000000E+01   1.345923178000000E+01   0.000000000000000E+00  -9.965501651599999E-01   0.000000000000000E+00   0.000000000000000E+00   0.000000000000000E+00
   9.341655341900000E-01   1.348351836700000E+01   1.348351836700000E+01   0.000000000000000E+00  -9.965501651599999E-01   0.000000000000000E+00   0.000000000000000E+00   0.000000000000000E+00
   9.356050532400000E-01   1.350429603500000E+01   1.350429603500000E+01   0.000000000000000E+00  -9.965501651599999E-01   0.000000000000000E+00   0.000000000000000E+00   0.000000000000000E+00
   9.370445722900000E-01   1.352507370300000E+01   1.352507370300000E+01   0.000000000000000E+00  -9.965501651599999E-01   0.000000000000000E+00   0.000000000000000E+00   0.000000000000000E+00
   9.384840913400000E-01   1.354585137200000E+01   1.354585137200000E+01   0.000000000000000E+00  -9.965501651599999E-01   0.000000000000000E+00   0.000000000000000E+00   0.000000000000000E+00
   9.399236103900001E-01   1.356662904000000E+01   1.356662904000000E+01   0.000000000000000E+00  -9.965501651599999E-01   0.000000000000000E+00   0.000000000000000E+00   0.000000000000000E+00
   9.414109754500000E-01   1.358809730600000E+01   1.358809730600000E+01   0.000000000000000E+00  -9.965501651599999E-01   0.000000000000000E+00   0.000000000000000E+00   0.000000000000000E+00
   9.428983405100000E-01   1.360956557200000E+01   1.360956557200000E+01   0.000000000000000E+00  -9.965501651599999E-01   0.000000000000000E+00   0.000000000000000E+00   0.000000000000000E+00
   9.443857055700000E-01   1.363103383800000E+01   1.363103383800000E+01   0.000000000000000E+00  -9.965501651599999E-01   0.000000000000000E+00   0.000000000000000E+00   0.000000000000000E+00
   9.458730706400000E-01   1.365250210400000E+01   1.365250210400000E+01   0.000000000000000E+00  -9.965501651599999E-01   0.000000000000000E+00   0.000000000000000E+00   0.000000000000000E+00
   9.475319039600000E-01   1.367644530100000E+01   1.367644530100000E+01   0.000000000000000E+00  -9.965501651599999E-01   0.000000000000000E+00   0.000000000000000E+00   0.000000000000000E+00
   9.491907372800000E-01   1.370038849800000E+01   1.370038849800000E+01   0.000000000000000E+00  -9.965501651599999E-01   0.000000000000000E+00   0.000000000000000E+00   0.000000000000000E+00
   9.508495706100000E-01   1.372433169500000E+01   1.372433169500000E+01   0.000000000000000E+00  -9.965501651599999E-01   0.000000000000000E+00   0.000000000000000E+00   0.000000000000000E+00
   9.525084039300000E-01   1.374827489200000E+01   1.374827489200000E+01   0.000000000000000E+00  -9.965501651599999E-01   0.000000000000000E+00   0.000000000000000E+00   0.000000000000000E+00
   9.540727577300000E-01   1.377085439500000E+01   1.377085439500000E+01   0.000000000000000E+00  -9.965501651599999E-01   0.000000000000000E+00   0.000000000000000E+00   0.000000000000000E+00
   9.556371115200000E-01   1.379343389800000E+01   1.379343389800000E+01   0.000000000000000E+00  -9.965501651599999E-01   0.000000000000000E+00   0.000000000000000E+00   0.000000000000000E+00
   9.572014653100001E-01   1.381601340000000E+01   1.381601340000000E+01   0.000000000000000E+00  -9.965501651599999E-01   0.000000000000000E+00   0.000000000000000E+00   0.000000000000000E+00
   9.587658191100000E-01   1.383859290300000E+01   1.383859290300000E+01   0.000000000000000E+00  -9.965501651599999E-01   0.000000000000000E+00   0.000000000000000E+00   0.000000000000000E+00
   9.601710648600000E-01   1.385887587900000E+01   1.385887587900000E+01   0.000000000000000E+00  -9.965501651599999E-01   0.000000000000000E+00   0.000000000000000E+00   0.000000000000000E+00
   9.615763106100000E-01   1.387915885400000E+01   1.387915885400000E+01   0.000000000000000E+00  -9.965501651599999E-01   0.000000000000000E+00   0.000000000000000E+00   0.000000000000000E+00
   9.629815563700000E-01   1.389944183000000E+01   1.389944183000000E+01   0.000000000000000E+00  -9.965501651599999E-01   0.000000000000000E+00   0.000000000000000E+00   0.000000000000000E+00
   9.643868021200001E-01   1.391972480600000E+01   1.391972480600000E+01   0.000000000000000E+00  -9.965501651599999E-01   0.000000000000000E+00   0.000000000000000E+00   0.000000000000000E+00
   9.658694884600000E-01   1.394112554000000E+01   1.394112554000000E+01   0.000000000000000E+00  -9.965501651599999E-01   0.000000000000000E+00   0.000000000000000E+00   0.000000000000000E+00
   9.673521748100000E-01   1.396252627500000E+01   1.396252627500000E+01   0.000000000000000E+00  -9.965501651599999E-01   0.000000000000000E+00   0.000000000000000E+00   0.000000000000000E+00
   9.688348611499999E-01   1.398392700900000E+01   1.398392700900000E+01   0.000000000000000E+00  -9.965501651599999E-01   0.000000000000000E+00   0.000000000000000E+00   0.000000000000000E+00
   9.703175474900000E-01   1.400532774400000E+01   1.400532774400000E+01   0.000000000000000E+00  -9.965501651599999E-01   0.000000000000000E+00   0.000000000000000E+00   0.000000000000000E+00
   9.715252700800000E-01   1.402275971800000E+01   1.402275971800000E+01   0.000000000000000E+00  -9.965501651599999E-01   0.000000000000000E+00   0.000000000000000E+00   0.000000000000000E+00
   9.727329926700000E-01   1.404019169300000E+01   1.404019169300000E+01   0.000000000000000E+00  -9.965501651599999E-01   0.000000000000000E+00   0.000000000000000E+00   0.000000000000000E+00
   9.739407152600000E-01   1.405762366700000E+01   1.405762366700000E+01   0.000000000000000E+00  -9.965501651599999E-01   0.000000000000000E+00   0.000000000000000E+00   0.000000000000000E+00
   9.751484378400000E-01   1.407505564100000E+01   1.407505564100000E+01   0.000000000000000E+00  -9.965501651599999E-01   0.000000000000000E+00   0.000000000000000E+00   0.000000000000000E+00
   9.762438556700000E-01   1.409086663600000E+01   1.409086663600000E+01   0.000000000000000E+00  -9.965501651599999E-01   0.000000000000000E+00   0.000000000000000E+00   0.000000000000000E+00
   9.773392735100001E-01   1.410667763100000E+01   1.410667763100000E+01   0.000000000000000E+00  -9.965501651599999E-01   0.000000000000000E+00   0.000000000000000E+00   0.000000000000000E+00
   9.784346913400001E-01   1.412248862600000E+01   1.412248862600000E+01   0.000000000000000E+00  -9.965501651599999E-01   0.000000000000000E+00   0.000000000000000E+00   0.000000000000000E+00
   9.795301091700001E-01   1.413829962100000E+01   1.413829962100000E+01   0.000000000000000E+00  -9.965501651599999E-01   0.000000000000000E+00   0.000000000000000E+00   0.000000000000000E+00
   9.806779785100000E-01   1.415486768800000E+01   1.415486768800000E+01   0.000000000000000E+00  -9.965501651599999E-01   0.000000000000000E+00   0.000000000000000E+00   0.000000000000000E+00
   9.818258478500000E-01   1.417143575500000E+01   1.417143575500000E+01   0.000000000000000E+00  -9.965501651599999E-01   0.000000000000000E+00   0.000000000000000E+00   0.000000000000000E+00
   9.829737171900000E-01   1.418800382200000E+01   1.418800382200000E+01   0.000000000000000E+00  -9.965501651599999E-01   0.000000000000000E+00   0.000000000000000E+00   0.000000000000000E+00
   9.841215865400000E-01   1.420457189000000E+01   1.420457189000000E+01   0.000000000000000E+00  -9.965501651599999E-01   0.000000000000000E+00   0.000000000000000E+00   0.000000000000000E+00
   9.852886084300000E-01   1.422141640000000E+01   1.422141640000000E+01   0.000000000000000E+00  -9.965501651599999E-01   0.000000000000000E+00   0.000000000000000E+00   0.000000000000000E+00
   9.864556303200001E-01   1.423826091100000E+01   1.423826091100000E+01   0.000000000000000E+00  -9.965501651599999E-01   0.000000000000000E+00   0.000000000000000E+00   0.000000000000000E+00
   9.876226522200000E-01   1.425510542100000E+01   1.425510542100000E+01   0.000000000000000E+00  -9.965501651599999E-01   0.000000000000000E+00   0.000000000000000E+00   0.000000000000000E+00
   9.887896741100000E-01   1.427194993200000E+01   1.427194993200000E+01   0.000000000000000E+00  -9.965501651599999E-01   0.000000000000000E+00   0.000000000000000E+00   0.000000000000000E+00
   9.901455405300000E-01   1.429152017800000E+01   1.429152017800000E+01   0.000000000000000E+00  -9.965501651599999E-01   0.000000000000000E+00   0.000000000000000E+00   0.000000000000000E+00
   9.915014069500000E-01   1.431109042500000E+01   1.431109042500000E+01   0.000000000000000E+00  -9.965501651599999E-01   0.000000000000000E+00   0.000000000000000E+00   0.000000000000000E+00
   9.928572733700000E-01   1.433066067100000E+01   1.433066067100000E+01   0.000000000000000E+00  -9.965501651599999E-01   0.000000000000000E+00   0.000000000000000E+00   0.000000000000000E+00
   9.942131397900000E-01   1.435023091800000E+01   1.435023091800000E+01   0.000000000000000E+00  -9.965501651599999E-01   0.000000000000000E+00   0.000000000000000E+00   0.000000000000000E+00
   9.956598548400000E-01   1.437111245100000E+01   1.437111245100000E+01   0.000000000000000E+00  -9.965501651599999E-01   0.000000000000000E+00   0.000000000000000E+00   0.000000000000000E+00
   9.971065698900000E-01   1.439199398500000E+01   1.439199398500000E+01   0.000000000000000E+00  -9.965501651599999E-01   0.000000000000000E+00   0.000000000000000E+00   0.000000000000000E+00
   9.985532849500000E-01   1.441287551800000E+01   1.441287551800000E+01   0.000000000000000E+00  -9.965501651599999E-01   0.000000000000000E+00   0.000000000000000E+00   0.000000000000000E+00
   1.000000000000000E+00   1.443375705200000E+01   1.443375705200000E+01   0.000000000000000E+00  -9.965501651599999E-01   0.000000000000000E+00   0.000000000000000E+00   0.000000000000000E+00
