   0.000000000000000E+00   1.478480944700000E-30   0.000000000000000E+00   0.000000000000000E+00  -9.980994363300000E-01   0.000000000000000E+00   0.000000000000000E+00   0.000000000000000E+00
   1.252721122300000E-02   1.808147233300000E-01   1.808147233300000E-01   0.000000000000000E+00  -9.980994363300000E-01   0.000000000000000E+00   0.000000000000000E+00   0.000000000000000E+00
   2.505442244600000E-02   3.616294466700000E-01   3.616294466700000E-01   0.000000000000000E+00  -9.980994363300000E-01   0.000000000000000E+00   0.000000000000000E+00   0.000000000000000E+00
   3.758163366900000E-02   5.424441700000000E-01   5.424441700000000E-01   0.000000000000000E+00  -9.980994363300000E-01   0.000000000000000E+00   0.000000000000000E+00   0.000000000000000E+00
   5.010884489300000E-02   7.232588933400000E-01   7.232588933400000E-01   0.000000000000000E+00  -9.980994363300000E-01   0.000000000000000E+00   0.000000000000000E+00   0.000000000000000E+00
   6.096235936700000E-02   8.799158844200000E-01   8.799158844200000E-01   0.000000000000000E+00  -9.980994363300000E-01   0.000000000000000E+00   0.000000000000000E+00   0.000000000000000E+00
   7.181587384099999E-02   1.036572875500000E+00   1.036572875500000E+00   0.000000000000000E+00  -9.980994363300000E-01   0.000000000000000E+00   0.000000000000000E+00   0.000000000000000E+00
   8.266938831600000E-02   1.193229866600000E+00   1.193229866600000E+00   0.000000000000000E+00  -9.980994363300000E-01   0.000000000000000E+00   0.000000000000000E+00   0.000000000000000E+00
   9.352290279000000E-02   1.349886857700000E+00   1.349886857700000E+00   0.000000000000000E+00  -9.980994363300000E-01   0.000000000000000E+00   0.000000000000000E+00   0.000000000000000E+00
   1.048025423000000E-01   1.512694434000000E+00   1.512694434000000E+00   0.000000000000000E+00  -9.980994363300000E-01   0.000000000000000E+00   0.000000000000000E+00   0.000000000000000E+00
   1.160821818100000E-01   1.675502010300000E+00   1.675502010300000E+00   0.000000000000000E+00  -9.980994363300000E-01   0.000000000000000E+00   0.000000000000000E+00   0.000000000000000E+00
   1.273618213200000E-01   1.838309586600000E+00   1.838309586600000E+00   0.000000000000000E+00  -9.980994363300000E-01   0.000000000000000E+00   0.000000000000000E+00   0.000000000000000E+00
   1.386414608200000E-01   2.001117162900000E+00   2.001117162900000E+00   0.000000000000000E+00  -9.980994363300000E-01   0.000000000000000E+00   0.000000000000000E+00   0.000000000000000E+00
   1.479601281500000E-01   2.135620543100000E+00   2.135620543100000E+00   0.000000000000000E+00  -9.980994363300000E-01   0.000000000000000E+00   0.000000000000000E+00   0.000000000000000E+00
   1.572787954800000E-01   2.270123923400000E+00   2.270123923400000E+00   0.000000000000000E+00  -9.980994363300000E-01   0.000000000000000E+00   0.000000000000000E+00   0.000000000000000E+00
   1.665974628100000E-01   2.404627303700000E+00   2.404627303700000E+00   0.000000000000000E+00  -9.980994363300000E-01   0.000000000000000E+00   0.000000000000000E+00   0.000000000000000E+00
   1.759161301400000E-01   2.539130684000000E+00   2.539130684000000E+00   0.000000000000000E+00  -9.980994363300000E-01   0.000000000000000E+00   0.000000000000000E+00   0.000000000000000E+00
   1.836066399400000E-01   2.650133634000000E+00   2.650133634000000E+00   0.000000000000000E+00  -9.980994363300000E-01   0.000000000000000E+00   0.000000000000000E+00   0.000000000000000E+00
   1.912971497300000E-01   2.761136583900000E+00   2.761136583900000E+00   0.000000000000000E+00  -9.980994363300000E-01   0.000000000000000E+00   0.000000000000000E+00   0.000000000000000E+00
   1.989876595200000E-01   2.872139533900000E+00   2.872139533900000E+00   0.000000000000000E+00  -9.980994363300000E-01   0.000000000000000E+00   0.000000000000000E+00   0.000000000000000E+00
   2.066781693200000E-01   2.983142483900000E+00   2.983142483900000E+00   0.000000000000000E+00  -9.980994363300000E-01   0.000000000000000E+00   0.000000000000000E+00   0.000000000000000E+00
   2.144788481600000E-01   3.095735587100000E+00   3.095735587100000E+00   0.000000000000000E+00  -9.980994363300000E-01   0.000000000000000E+00   0.000000000000000E+00   0.000000000000000E+00
   2.222795270000000E-01   3.208328690400000E+00   3.208328690400000E+00   0.000000000000000E+00  -9.980994363300000E-01   0.000000000000000E+00   0.000000000000000E+00   0.000000000000000E+00
   2.300802058500000E-01   3.320921793700000E+00   3.320921793700000E+00   0.000000000000000E+00  -9.980994363300000E-01   0.000000000000000E+00   0.000000000000000E+00   0.000000000000000E+00
   2.378808846900000E-01   3.433514896900000E+00   3.433514896900000E+00   0.000000000000000E+00  -9.980994363300000E-01   0.000000000000000E+00   0.000000000000000E+00   0.000000000000000E+00
   2.444963811800000E-01   3.529001366000000E+00   3.529001366000000E+00   0.000000000000000E+00  -9.980994363300000E-01   0.000000000000000E+00   0.000000000000000E+00   0.000000000000000E+00
   2.511118776600000E-01   3.624487835000000E+00   3.624487835000000E+00   0.000000000000000E+00  -9.980994363300000E-01   0.000000000000000E+00   0.000000000000000E+00   0.000000000000000E+00
   2.577273741400000E-01   3.719974304100000E+00   3.719974304100000E+00   0.000000000000000E+00  -9.980994363300000E-01   0.000000000000000E+00   0.000000000000000E+00   0.000000000000000E+00
   2.643428706300000E-01   3.815460773100000E+00   3.815460773100000E+00   0.000000000000000E+00  -9.980994363300000E-01   0.000000000000000E+00   0.000000000000000E+00   0.000000000000000E+00
   2.706641224500000E-01   3.906700186100000E+00   3.906700186100000E+00   0.000000000000000E+00  -9.980994363300000E-01   0.000000000000000E+00   0.000000000000000E+00   0.000000000000000E+00
   2.769853742700000E-01   3.997939599200000E+00   3.997939599200000E+00   0.000000000000000E+00  -9.980994363300000E-01   0.000000000000000E+00   0.000000000000000E+00   0.000000000000000E+00
   2.833066260900000E-01   4.089179012200000E+00   4.089179012200000E+00   0.000000000000000E+00  -9.980994363300000E-01   0.000000000000000E+00   0.000000000000000E+00   0.000000000000000E+00
   2.896278779100000E-01   4.180418425300000E+00   4.180418425300000E+00   0.000000000000000E+00  -9.980994363300000E-01   0.000000000000000E+00   0.000000000000000E+00   0.000000000000000E+00
   2.968888311800000E-01   4.285221260700000E+00   4.285221260700000E+00   0.000000000000000E+00  -9.980994363300000E-01   0.000000000000000E+00   0.000000000000000E+00   0.000000000000000E+00
   3.041497844500000E-01   4.390024096100000E+00   4.390024096100000E+00   0.000000000000000E+00  -9.980994363300000E-01   0.000000000000000E+00   0.000000000000000E+00   0.000000000000000E+00
   3.114107377100000E-01   4.494826931600000E+00   4.494826931600000E+00   0.000000000000000E+00  -9.980994363300000E-01   0.000000000000000E+00   0.000000000000000E+00   0.000000000000000E+00
   3.186716909800000E-01   4.599629767000000E+00   4.599629767000000E+00   0.000000000000000E+00  -9.980994363300000E-01   0.000000000000000E+00   0.000000000000000E+00   0.000000000000000E+00
   3.269831911700000E-01   4.719595941400000E+00   4.719595941400000E+00   0.000000000000000E+00  -9.980994363300000E-01   0.000000000000000E+00   0.000000000000000E+00   0.000000000000000E+00
   3.352946913500000E-01   4.839562115800000E+00   4.839562115800000E+00   0.000000000000000E+00  -9.980994363300000E-01   0.000000000000000E+00   0.000000000000000E+00   0.000000000000000E+00
   3.436061915300000E-01   4.959528290200000E+00   4.959528290200000E+00   0.000000000000000E+00  -9.980994363300000E-01   0.000000000000000E+00   0.000000000000000E+00   0.000000000000000E+00
   3.519176917200000E-01   5.079494464500000E+00   5.079494464500000E+00   0.000000000000000E+00  -9.980994363300000E-01   0.000000000000000E+00   0.000000000000000E+00   0.000000000000000E+00
   3.571778246700000E-01   5.155417945700000E+00   5.155417945700000E+00   0.000000000000000E+00  -9.980994363300000E-01   0.000000000000000E+00   0.000000000000000E+00   0.000000000000000E+00
   3.624379576300000E-01   5.231341426800000E+00   5.231341426800000E+00   0.000000000000000E+00  -9.980994363300000E-01   0.000000000000000E+00   0.000000000000000E+00   0.000000000000000E+00
   3.676980905800000E-01   5.307264908000000E+00   5.307264908000000E+00   0.000000000000000E+00  -9.980994363300000E-01   0.000000000000000E+00   0.000000000000000E+00   0.000000000000000E+00
   3.729582235400000E-01   5.383188389100000E+00   5.383188389100000E+00   0.000000000000000E+00  -9.980994363300000E-01   0.000000000000000E+00   0.000000000000000E+00   0.000000000000000E+00
   3.772042031900000E-01   5.444473827900000E+00   5.444473827900000E+00   0.000000000000000E+00  -9.980994363300000E-01   0.000000000000000E+00   0.000000000000000E+00   0.000000000000000E+00
   3.814501828400000E-01   5.505759266600000E+00   5.505759266600000E+00   0.000000000000000E+00  -9.980994363300000E-01   0.000000000000000E+00   0.000000000000000E+00   0.000000000000000E+00
   3.856961625000000E-01   5.567044705400000E+00   5.567044705400000E+00   0.000000000000000E+00  -9.980994363300000E-01   0.000000000000000E+00   0.000000000000000E+00   0.000000000000000E+00
   3.899421421500000E-01   5.628330144200000E+00   5.628330144200000E+00   0.000000000000000E+00  -9.980994363300000E-01   0.000000000000000E+00   0.000000000000000E+00   0.000000000000000E+00
   3.940779237700000E-01   5.688025011200000E+00   5.688025011200000E+00   0.000000000000000E+00  -9.980994363300000E-01   0.000000000000000E+00   0.000000000000000E+00   0.000000000000000E+00
   3.982137053900000E-01   5.747719878300000E+00   5.747719878300000E+00   0.000000000000000E+00  -9.980994363300000E-01   0.000000000000000E+00   0.000000000000000E+00   0.000000000000000E+00
   4.023494870000000E-01   5.807414745400000E+00   5.807414745400000E+00   0.000000000000000E+00  -9.980994363300000E-01   0.000000000000000E+00   0.000000000000000E+00   0.000000000000000E+00
   4.064852686200000E-01   5.867109612500000E+00   5.867109612500000E+00   0.000000000000000E+00  -9.980994363300000E-01   0.000000000000000E+00   0.000000000000000E+00   0.000000000000000E+00
   4.103326892700000E-01   5.922642347400000E+00   5.922642347400000E+00   0.000000000000000E+00  -9.980994363300000E-01   0.000000000000000E+00   0.000000000000000E+00   0.000000000000000E+00
   4.141801099200000E-01   5.978175082400000E+00   5.978175082400000E+00   0.000000000000000E+00  -9.980994363300000E-01   0.000000000000000E+00   0.000000000000000E+00   0.000000000000000E+00
   4.180275305700000E-01   6.033707817300000E+00   6.033707817300000E+00   0.000000000000000E+00  -9.980994363300000E-01   0.000000000000000E+00   0.000000000000000E+00   0.000000000000000E+00
   4.218749512200000E-01   6.089240552300000E+00   6.089240552300000E+00   0.000000000000000E+00  -9.980994363300000E-01   0.000000000000000E+00   0.000000000000000E+00   0.000000000000000E+00
   4.256487254000000E-01   6.143710291900000E+00   6.143710291900000E+00   0.000000000000000E+00  -9.980994363300000E-01   0.000000000000000E+00   0.000000000000000E+00   0.000000000000000E+00
   4.294224995700000E-01   6.198180031500000E+00   6.198180031500000E+00   0.000000000000000E+00  -9.980994363300000E-01   0.000000000000000E+00   0.000000000000000E+00   0.000000000000000E+00
   4.331962737500000E-01   6.252649771100000E+00   6.252649771100000E+00   0.000000000000000E+00  -9.980994363300000E-01   0.000000000000000E+00   0.000000000000000E+00   0.000000000000000E+00
   4.369700479200000E-01   6.307119510700000E+00   6.307119510700000E+00   0.000000000000000E+00  -9.980994363300000E-01   0.000000000000000E+00   0.000000000000000E+00   0.000000000000000E+00
   4.407442028200000E-01   6.361594745500000E+00   6.361594745500000E+00   0.000000000000000E+00  -9.980994363300000E-01   0.000000000000000E+00   0.000000000000000E+00   0.000000000000000E+00
   4.445183577100000E-01   6.416069980300000E+00   6.416069980300000E+00   0.000000000000000E+00  -9.980994363300000E-01   0.000000000000000E+00   0.000000000000000E+00   0.000000000000000E+00
   4.482925126100000E-01   6.470545215200000E+00   6.470545215200000E+00   0.000000000000000E+00  -9.980994363300000E-01   0.000000000000000E+00   0.000000000000000E+00   0.000000000000000E+00
   4.520666675000000E-01   6.525020450000000E+00   6.525020450000000E+00   0.000000000000000E+00  -9.980994363300000E-01   0.000000000000000E+00   0.000000000000000E+00   0.000000000000000E+00
   4.555971651200000E-01   6.575978795000000E+00   6.575978795000000E+00   0.000000000000000E+00  -9.980994363300000E-01   0.000000000000000E+00   0.000000000000000E+00   0.000000000000000E+00
   4.591276627400000E-01   6.626937139900000E+00   6.626937139900000E+00   0.000000000000000E+00  -9.980994363300000E-01   0.000000000000000E+00   0.000000000000000E+00   0.000000000000000E+00
   4.626581603700000E-01   6.677895484900000E+00   6.677895484900000E+00   0.000000000000000E+00  -9.980994363300000E-01   0.000000000000000E+00   0.000000000000000E+00   0.000000000000000E+00
   4.661886579900000E-01   6.728853829800000E+00   6.728853829800000E+00   0.000000000000000E+00  -9.980994363300000E-01   0.000000000000000E+00   0.000000000000000E+00   0.000000000000000E+00
   4.703630656000000E-01   6.789106215100000E+00   6.789106215100000E+00   0.000000000000000E+00  -9.980994363300000E-01   0.000000000000000E+00   0.000000000000000E+00   0.000000000000000E+00
   4.745374732100000E-01   6.849358600400000E+00   6.849358600400000E+00   0.000000000000000E+00  -9.980994363300000E-01   0.000000000000000E+00   0.000000000000000E+00   0.000000000000000E+00
   4.787118808300000E-01   6.909610985800000E+00   6.909610985800000E+00   0.000000000000000E+00  -9.980994363300000E-01   0.000000000000000E+00   0.000000000000000E+00   0.000000000000000E+00
   4.828862884400000E-01   6.969863371100000E+00   6.969863371100000E+00   0.000000000000000E+00  -9.980994363300000E-01   0.000000000000000E+00   0.000000000000000E+00   0.000000000000000E+00
   4.872844067700000E-01   7.033344742600000E+00   7.033344742600000E+00   0.000000000000000E+00  -9.980994363300000E-01   0.000000000000000E+00   0.000000000000000E+00   0.000000000000000E+00
   4.916825251100000E-01   7.096826114200000E+00   7.096826114200000E+00   0.000000000000000E+00  -9.980994363300000E-01   0.000000000000000E+00   0.000000000000000E+00   0.000000000000000E+00
   4.960806434500000E-01   7.160307485700000E+00   7.160307485700000E+00   0.000000000000000E+00  -9.980994363300000E-01   0.000000000000000E+00   0.000000000000000E+00   0.000000000000000E+00
   5.004787617799999E-01   7.223788857200000E+00   7.223788857200000E+00   0.000000000000000E+00  -9.980994363300000E-01   0.000000000000000E+00   0.000000000000000E+00   0.000000000000000E+00
   5.043967812100000E-01   7.280340597800000E+00   7.280340597800000E+00   0.000000000000000E+00  -9.980994363300000E-01   0.000000000000000E+00   0.000000000000000E+00   0.000000000000000E+00
   5.083148006400000E-01   7.336892338300000E+00   7.336892338300000E+00   0.000000000000000E+00  -9.980994363300000E-01   0.000000000000000E+00   0.000000000000000E+00   0.000000000000000E+00
   5.122328200600000E-01   7.393444078900000E+00   7.393444078900000E+00   0.000000000000000E+00  -9.980994363300000E-01   0.000000000000000E+00   0.000000000000000E+00   0.000000000000000E+00
   5.161508394900000E-01   7.449995819400000E+00   7.449995819400000E+00   0.000000000000000E+00  -9.980994363300000E-01   0.000000000000000E+00   0.000000000000000E+00   0.000000000000000E+00
   5.193195579500000E-01   7.495732331800000E+00   7.495732331800000E+00   0.000000000000000E+00  -9.980994363300000E-01   0.000000000000000E+00   0.000000000000000E+00   0.000000000000000E+00
   5.224882764000000E-01   7.541468844100000E+00   7.541468844100000E+00   0.000000000000000E+00  -9.980994363300000E-01   0.000000000000000E+00   0.000000000000000E+00   0.000000000000000E+00
   5.256569948599999E-01   7.587205356400000E+00   7.587205356400000E+00   0.000000000000000E+00  -9.980994363300000E-01   0.000000000000000E+00   0.000000000000000E+00   0.000000000000000E+00
   5.288257133099999E-01   7.632941868800000E+00   7.632941868800000E+00   0.000000000000000E+00  -9.980994363300000E-01   0.000000000000000E+00   0.000000000000000E+00   0.000000000000000E+00
   5.318055367000000E-01   7.675951915700000E+00   7.675951915700000E+00   0.000000000000000E+00  -9.980994363300000E-01   0.000000000000000E+00   0.000000000000000E+00   0.000000000000000E+00
   5.347853601000000E-01   7.718961962600000E+00   7.718961962600000E+00   0.000000000000000E+00  -9.980994363300000E-01   0.000000000000000E+00   0.000000000000000E+00   0.000000000000000E+00
   5.377651834900000E-01   7.761972009500000E+00   7.761972009500000E+00   0.000000000000000E+00  -9.980994363300000E-01   0.000000000000000E+00   0.000000000000000E+00   0.000000000000000E+00
   5.407450068900000E-01   7.804982056500000E+00   7.804982056500000E+00   0.000000000000000E+00  -9.980994363300000E-01   0.000000000000000E+00   0.000000000000000E+00   0.000000000000000E+00
   5.440670798800000E-01   7.852932051000000E+00   7.852932051000000E+00   0.000000000000000E+00  -9.980994363300000E-01   0.000000000000000E+00   0.000000000000000E+00   0.000000000000000E+00
   5.473891528800000E-01   7.900882045600000E+00   7.900882045600000E+00   0.000000000000000E+00  -9.980994363300000E-01   0.000000000000000E+00   0.000000000000000E+00   0.000000000000000E+00
   5.507112258800000E-01   7.948832040200000E+00   7.948832040200000E+00   0.000000000000000E+00  -9.980994363300000E-01   0.000000000000000E+00   0.000000000000000E+00   0.000000000000000E+00
   5.540332988800000E-01   7.996782034700000E+00   7.996782034700000E+00   0.000000000000000E+00  -9.980994363300000E-01   0.000000000000000E+00   0.000000000000000E+00   0.000000000000000E+00
   5.569841718600000E-01   8.039374218400001E+00   8.039374218400001E+00   0.000000000000000E+00  -9.980994363300000E-01   0.000000000000000E+00   0.000000000000000E+00   0.000000000000000E+00
   5.599350448400000E-01   8.081966402100001E+00   8.081966402100001E+00   0.000000000000000E+00  -9.980994363300000E-01   0.000000000000000E+00   0.000000000000000E+00   0.000000000000000E+00
   5.628859178200000E-01   8.124558585799999E+00   8.124558585799999E+00   0.000000000000000E+00  -9.980994363300000E-01   0.000000000000000E+00   0.000000000000000E+00   0.000000000000000E+00
   5.658367908000000E-01   8.167150769499999E+00   8.167150769499999E+00   0.000000000000000E+00  -9.980994363300000E-01   0.000000000000000E+00   0.000000000000000E+00   0.000000000000000E+00
   5.683400654300000E-01   8.203282427300000E+00   8.203282427300000E+00   0.000000000000000E+00  -9.980994363300000E-01   0.000000000000000E+00   0.000000000000000E+00   0.000000000000000E+00
   5.708433400500000E-01   8.239414085100000E+00   8.239414085100000E+00   0.000000000000000E+00  -9.980994363300000E-01   0.000000000000000E+00   0.000000000000000E+00   0.000000000000000E+00
   5.733466146800000E-01   8.275545742900000E+00   8.275545742900000E+00   0.000000000000000E+00  -9.980994363300000E-01   0.000000000000000E+00   0.000000000000000E+00   0.000000000000000E+00
   5.758498893100000E-01   8.311677400700001E+00   8.311677400700001E+00   0.000000000000000E+00  -9.980994363300000E-01   0.000000000000000E+00   0.000000000000000E+00   0.000000000000000E+00
   5.782763482200000E-01   8.346700319200000E+00   8.346700319200000E+00   0.000000000000000E+00  -9.980994363300000E-01   0.000000000000000E+00   0.000000000000000E+00   0.000000000000000E+00
   5.807028071400000E-01   8.381723237699999E+00   8.381723237699999E+00   0.000000000000000E+00  -9.980994363300000E-01   0.000000000000000E+00   0.000000000000000E+00   0.000000000000000E+00
   5.831292660600000E-01   8.416746156200000E+00   8.416746156200000E+00   0.000000000000000E+00  -9.980994363300000E-01   0.000000000000000E+00   0.000000000000000E+00   0.000000000000000E+00
   5.855557249700000E-01   8.451769074700000E+00   8.451769074700000E+00   0.000000000000000E+00  -9.980994363300000E-01   0.000000000000000E+00   0.000000000000000E+00   0.000000000000000E+00
   5.877082345200000E-01   8.482837874499999E+00   8.482837874499999E+00   0.000000000000000E+00  -9.980994363300000E-01   0.000000000000000E+00   0.000000000000000E+00   0.000000000000000E+00
   5.898607440600000E-01   8.513906674199999E+00   8.513906674199999E+00   0.000000000000000E+00  -9.980994363300000E-01   0.000000000000000E+00   0.000000000000000E+00   0.000000000000000E+00
   5.920132536000000E-01   8.544975473999999E+00   8.544975473999999E+00   0.000000000000000E+00  -9.980994363300000E-01   0.000000000000000E+00   0.000000000000000E+00   0.000000000000000E+00
   5.941657631400000E-01   8.576044273799999E+00   8.576044273799999E+00   0.000000000000000E+00  -9.980994363300000E-01   0.000000000000000E+00   0.000000000000000E+00   0.000000000000000E+00
   5.969395179400000E-01   8.616079976600000E+00   8.616079976600000E+00   0.000000000000000E+00  -9.980994363300000E-01   0.000000000000000E+00   0.000000000000000E+00   0.000000000000000E+00
   5.997132727400000E-01   8.656115679499999E+00   8.656115679499999E+00   0.000000000000000E+00  -9.980994363300000E-01   0.000000000000000E+00   0.000000000000000E+00   0.000000000000000E+00
   6.024870275400001E-01   8.696151382400000E+00   8.696151382400000E+00   0.000000000000000E+00  -9.980994363300000E-01   0.000000000000000E+00   0.000000000000000E+00   0.000000000000000E+00
   6.052607823300000E-01   8.736187085299999E+00   8.736187085299999E+00   0.000000000000000E+00  -9.980994363300000E-01   0.000000000000000E+00   0.000000000000000E+00   0.000000000000000E+00
   6.080040612199999E-01   8.775782906300000E+00   8.775782906300000E+00   0.000000000000000E+00  -9.980994363300000E-01   0.000000000000000E+00   0.000000000000000E+00   0.000000000000000E+00
   6.107473401100000E-01   8.815378727400001E+00   8.815378727400001E+00   0.000000000000000E+00  -9.980994363300000E-01   0.000000000000000E+00   0.000000000000000E+00   0.000000000000000E+00
   6.134906190000000E-01   8.854974548400000E+00   8.854974548400000E+00   0.000000000000000E+00  -9.980994363300000E-01   0.000000000000000E+00   0.000000000000000E+00   0.000000000000000E+00
   6.162338978900000E-01   8.894570369400000E+00   8.894570369400000E+00   0.000000000000000E+00  -9.980994363300000E-01   0.000000000000000E+00   0.000000000000000E+00   0.000000000000000E+00
   6.187903734800000E-01   8.931469916999999E+00   8.931469916999999E+00   0.000000000000000E+00  -9.980994363300000E-01   0.000000000000000E+00   0.000000000000000E+00   0.000000000000000E+00
   6.213468490700000E-01   8.968369464500000E+00   8.968369464500000E+00   0.000000000000000E+00  -9.980994363300000E-01   0.000000000000000E+00   0.000000000000000E+00   0.000000000000000E+00
   6.239033246600000E-01   9.005269012099999E+00   9.005269012099999E+00   0.000000000000000E+00  -9.980994363300000E-01   0.000000000000000E+00   0.000000000000000E+00   0.000000000000000E+00
   6.264598002500000E-01   9.042168559700000E+00   9.042168559700000E+00   0.000000000000000E+00  -9.980994363300000E-01   0.000000000000000E+00   0.000000000000000E+00   0.000000000000000E+00
   6.286695969200000E-01   9.074064227899999E+00   9.074064227899999E+00   0.000000000000000E+00  -9.980994363300000E-01   0.000000000000000E+00   0.000000000000000E+00   0.000000000000000E+00
   6.308793935900000E-01   9.105959896200000E+00   9.105959896200000E+00   0.000000000000000E+00  -9.980994363300000E-01   0.000000000000000E+00   0.000000000000000E+00   0.000000000000000E+00
   6.330891902600000E-01   9.137855564500001E+00   9.137855564500001E+00   0.000000000000000E+00  -9.980994363300000E-01   0.000000000000000E+00   0.000000000000000E+00   0.000000000000000E+00
   6.352989869400000E-01   9.169751232799999E+00   9.169751232799999E+00   0.000000000000000E+00  -9.980994363300000E-01   0.000000000000000E+00   0.000000000000000E+00   0.000000000000000E+00
   6.374014535200000E-01   9.200097724700001E+00   9.200097724700001E+00   0.000000000000000E+00  -9.980994363300000E-01   0.000000000000000E+00   0.000000000000000E+00   0.000000000000000E+00
   6.395039201100000E-01   9.230444216600000E+00   9.230444216600000E+00   0.000000000000000E+00  -9.980994363300000E-01   0.000000000000000E+00   0.000000000000000E+00   0.000000000000000E+00
   6.416063866900000E-01   9.260790708500000E+00   9.260790708500000E+00   0.000000000000000E+00  -9.980994363300000E-01   0.000000000000000E+00   0.000000000000000E+00   0.000000000000000E+00
   6.437088532800000E-01   9.291137200400000E+00   9.291137200400000E+00   0.000000000000000E+00  -9.980994363300000E-01   0.000000000000000E+00   0.000000000000000E+00   0.000000000000000E+00
   6.463667772300000E-01   9.329501029099999E+00   9.329501029099999E+00   0.000000000000000E+00  -9.980994363300000E-01   0.000000000000000E+00   0.000000000000000E+00   0.000000000000000E+00
   6.490247011900000E-01   9.367864857700001E+00   9.367864857700001E+00   0.000000000000000E+00  -9.980994363300000E-01   0.000000000000000E+00   0.000000000000000E+00   0.000000000000000E+00
   6.516826251400000E-01   9.406228686300000E+00   9.406228686300000E+00   0.000000000000000E+00  -9.980994363300000E-01   0.000000000000000E+00   0.000000000000000E+00   0.000000000000000E+00
   6.543405490999999E-01   9.444592514900000E+00   9.444592514900000E+00   0.000000000000000E+00  -9.980994363300000E-01   0.000000000000000E+00   0.000000000000000E+00   0.000000000000000E+00
   6.570987494400000E-01   9.484403708500000E+00   9.484403708500000E+00   0.000000000000000E+00  -9.980994363300000E-01   0.000000000000000E+00   0.000000000000000E+00   0.000000000000000E+00
   6.598569497800000E-01   9.524214902200001E+00   9.524214902200001E+00   0.000000000000000E+00  -9.980994363300000E-01   0.000000000000000E+00   0.000000000000000E+00   0.000000000000000E+00
   6.626151501200001E-01   9.564026095799999E+00   9.564026095799999E+00   0.000000000000000E+00  -9.980994363300000E-01   0.000000000000000E+00   0.000000000000000E+00   0.000000000000000E+00
   6.653733504600000E-01   9.603837289399999E+00   9.603837289399999E+00   0.000000000000000E+00  -9.980994363300000E-01   0.000000000000000E+00   0.000000000000000E+00   0.000000000000000E+00
   6.674285151000000E-01   9.633501036500000E+00   9.633501036500000E+00   0.000000000000000E+00  -9.980994363300000E-01   0.000000000000000E+00   0.000000000000000E+00   0.000000000000000E+00
   6.694836797400000E-01   9.663164783599999E+00   9.663164783599999E+00   0.000000000000000E+00  -9.980994363300000E-01   0.000000000000000E+00   0.000000000000000E+00   0.000000000000000E+00
   6.715388443700000E-01   9.692828530700000E+00   9.692828530700000E+00   0.000000000000000E+00  -9.980994363300000E-01   0.000000000000000E+00   0.000000000000000E+00   0.000000000000000E+00
   6.735940090100000E-01   9.722492277800001E+00   9.722492277800001E+00   0.000000000000000E+00  -9.980994363300000E-01   0.000000000000000E+00   0.000000000000000E+00   0.000000000000000E+00
   6.755981557000000E-01   9.751419644200000E+00   9.751419644200000E+00   0.000000000000000E+00  -9.980994363300000E-01   0.000000000000000E+00   0.000000000000000E+00   0.000000000000000E+00
   6.776023023900000E-01   9.780347010600000E+00   9.780347010600000E+00   0.000000000000000E+00  -9.980994363300000E-01   0.000000000000000E+00   0.000000000000000E+00   0.000000000000000E+00
   6.796064490800000E-01   9.809274377099999E+00   9.809274377099999E+00   0.000000000000000E+00  -9.980994363300000E-01   0.000000000000000E+00   0.000000000000000E+00   0.000000000000000E+00
   6.816105957700000E-01   9.838201743500001E+00   9.838201743500001E+00   0.000000000000000E+00  -9.980994363300000E-01   0.000000000000000E+00   0.000000000000000E+00   0.000000000000000E+00
   6.834020856900000E-01   9.864059673600000E+00   9.864059673600000E+00   0.000000000000000E+00  -9.980994363300000E-01   0.000000000000000E+00   0.000000000000000E+00   0.000000000000000E+00
   6.851935756000000E-01   9.889917603800001E+00   9.889917603800001E+00   0.000000000000000E+00  -9.980994363300000E-01   0.000000000000000E+00   0.000000000000000E+00   0.000000000000000E+00
   6.869850655100000E-01   9.915775534000000E+00   9.915775534000000E+00   0.000000000000000E+00  -9.980994363300000E-01   0.000000000000000E+00   0.000000000000000E+00   0.000000000000000E+00
   6.887765554300000E-01   9.941633464100001E+00   9.941633464100001E+00   0.000000000000000E+00  -9.980994363300000E-01   0.000000000000000E+00   0.000000000000000E+00   0.000000000000000E+00
   6.909890616000000E-01   9.973568240800001E+00   9.973568240800001E+00   0.000000000000000E+00  -9.980994363300000E-01   0.000000000000000E+00   0.000000000000000E+00   0.000000000000000E+00
   6.932015677800000E-01   1.000550301700000E+01   1.000550301700000E+01   0.000000000000000E+00  -9.980994363300000E-01   0.000000000000000E+00   0.000000000000000E+00   0.000000000000000E+00
   6.954140739600000E-01   1.003743779400000E+01   1.003743779400000E+01   0.000000000000000E+00  -9.980994363300000E-01   0.000000000000000E+00   0.000000000000000E+00   0.000000000000000E+00
   6.976265801400000E-01   1.006937257100000E+01   1.006937257100000E+01   0.000000000000000E+00  -9.980994363300000E-01   0.000000000000000E+00   0.000000000000000E+00   0.000000000000000E+00
   6.997786751400000E-01   1.010043538700000E+01   1.010043538700000E+01   0.000000000000000E+00  -9.980994363300000E-01   0.000000000000000E+00   0.000000000000000E+00   0.000000000000000E+00
   7.019307701400000E-01   1.013149820300000E+01   1.013149820300000E+01   0.000000000000000E+00  -9.980994363300000E-01   0.000000000000000E+00   0.000000000000000E+00   0.000000000000000E+00
   7.040828651400000E-01   1.016256102000000E+01   1.016256102000000E+01   0.000000000000000E+00  -9.980994363300000E-01   0.000000000000000E+00   0.000000000000000E+00   0.000000000000000E+00
   7.062349601300000E-01   1.019362383600000E+01   1.019362383600000E+01   0.000000000000000E+00  -9.980994363300000E-01   0.000000000000000E+00   0.000000000000000E+00   0.000000000000000E+00
   7.082752485100000E-01   1.022307286300000E+01   1.022307286300000E+01   0.000000000000000E+00  -9.980994363300000E-01   0.000000000000000E+00   0.000000000000000E+00   0.000000000000000E+00
   7.103155368900000E-01   1.025252189000000E+01   1.025252189000000E+01   0.000000000000000E+00  -9.980994363300000E-01   0.000000000000000E+00   0.000000000000000E+00   0.000000000000000E+00
   7.123558252700000E-01   1.028197091600000E+01   1.028197091600000E+01   0.000000000000000E+00  -9.980994363300000E-01   0.000000000000000E+00   0.000000000000000E+00   0.000000000000000E+00
   7.143961136400000E-01   1.031141994300000E+01   1.031141994300000E+01   0.000000000000000E+00  -9.980994363300000E-01   0.000000000000000E+00   0.000000000000000E+00   0.000000000000000E+00
   7.162337742800000E-01   1.033794429000000E+01   1.033794429000000E+01   0.000000000000000E+00  -9.980994363300000E-01   0.000000000000000E+00   0.000000000000000E+00   0.000000000000000E+00
   7.180714349100000E-01   1.036446863700000E+01   1.036446863700000E+01   0.000000000000000E+00  -9.980994363300000E-01   0.000000000000000E+00   0.000000000000000E+00   0.000000000000000E+00
   7.199090955400000E-01   1.039099298500000E+01   1.039099298500000E+01   0.000000000000000E+00  -9.980994363300000E-01   0.000000000000000E+00   0.000000000000000E+00   0.000000000000000E+00
   7.217467561699999E-01   1.041751733200000E+01   1.041751733200000E+01   0.000000000000000E+00  -9.980994363300000E-01   0.000000000000000E+00   0.000000000000000E+00   0.000000000000000E+00
   7.231970595600000E-01   1.043845065800000E+01   1.043845065800000E+01   0.000000000000000E+00  -9.980994363300000E-01   0.000000000000000E+00   0.000000000000000E+00   0.000000000000000E+00
   7.246473629600000E-01   1.045938398500000E+01   1.045938398500000E+01   0.000000000000000E+00  -9.980994363300000E-01   0.000000000000000E+00   0.000000000000000E+00   0.000000000000000E+00
   7.260976663499999E-01   1.048031731200000E+01   1.048031731200000E+01   0.000000000000000E+00  -9.980994363300000E-01   0.000000000000000E+00   0.000000000000000E+00   0.000000000000000E+00
   7.275479697400000E-01   1.050125063900000E+01   1.050125063900000E+01   0.000000000000000E+00  -9.980994363300000E-01   0.000000000000000E+00   0.000000000000000E+00   0.000000000000000E+00
   7.290161864300000E-01   1.052244252200000E+01   1.052244252200000E+01   0.000000000000000E+00  -9.980994363300000E-01   0.000000000000000E+00   0.000000000000000E+00   0.000000000000000E+00
   7.304844031100000E-01   1.054363440500000E+01   1.054363440500000E+01   0.000000000000000E+00  -9.980994363300000E-01   0.000000000000000E+00   0.000000000000000E+00   0.000000000000000E+00
   7.319526198000000E-01   1.056482628800000E+01   1.056482628800000E+01   0.000000000000000E+00  -9.980994363300000E-01   0.000000000000000E+00   0.000000000000000E+00   0.000000000000000E+00
   7.334208364900000E-01   1.058601817100000E+01   1.058601817100000E+01   0.000000000000000E+00  -9.980994363300000E-01   0.000000000000000E+00   0.000000000000000E+00   0.000000000000000E+00
   7.346575135400000E-01   1.060386806700000E+01   1.060386806700000E+01   0.000000000000000E+00  -9.980994363300000E-01   0.000000000000000E+00   0.000000000000000E+00   0.000000000000000E+00
   7.358941906000001E-01   1.062171796300000E+01   1.062171796300000E+01   0.000000000000000E+00  -9.980994363300000E-01   0.000000000000000E+00   0.000000000000000E+00   0.000000000000000E+00
   7.371308676500000E-01   1.063956785900000E+01   1.063956785900000E+01   0.000000000000000E+00  -9.980994363300000E-01   0.000000000000000E+00   0.000000000000000E+00   0.000000000000000E+00
   7.383675447000000E-01   1.065741775500000E+01   1.065741775500000E+01   0.000000000000000E+00  -9.980994363300000E-01   0.000000000000000E+00   0.000000000000000E+00   0.000000000000000E+00
   7.393827995000000E-01   1.067207169600000E+01   1.067207169600000E+01   0.000000000000000E+00  -9.980994363300000E-01   0.000000000000000E+00   0.000000000000000E+00   0.000000000000000E+00
   7.403980542900001E-01   1.068672563700000E+01   1.068672563700000E+01   0.000000000000000E+00  -9.980994363300000E-01   0.000000000000000E+00   0.000000000000000E+00   0.000000000000000E+00
   7.414133090900000E-01   1.070137957800000E+01   1.070137957800000E+01   0.000000000000000E+00  -9.980994363300000E-01   0.000000000000000E+00   0.000000000000000E+00   0.000000000000000E+00
   7.424285638800000E-01   1.071603352000000E+01   1.071603352000000E+01   0.000000000000000E+00  -9.980994363300000E-01   0.000000000000000E+00   0.000000000000000E+00   0.000000000000000E+00
   7.433351328700000E-01   1.072911871600000E+01   1.072911871600000E+01   0.000000000000000E+00  -9.980994363300000E-01   0.000000000000000E+00   0.000000000000000E+00   0.000000000000000E+00
   7.442417018700000E-01   1.074220391300000E+01   1.074220391300000E+01   0.000000000000000E+00  -9.980994363300000E-01   0.000000000000000E+00   0.000000000000000E+00   0.000000000000000E+00
   7.451482708600000E-01   1.075528910900000E+01   1.075528910900000E+01   0.000000000000000E+00  -9.980994363300000E-01   0.000000000000000E+00   0.000000000000000E+00   0.000000000000000E+00
   7.460548398500000E-01   1.076837430600000E+01   1.076837430600000E+01   0.000000000000000E+00  -9.980994363300000E-01   0.000000000000000E+00   0.000000000000000E+00   0.000000000000000E+00
   7.469230940800000E-01   1.078090647600000E+01   1.078090647600000E+01   0.000000000000000E+00  -9.980994363300000E-01   0.000000000000000E+00   0.000000000000000E+00   0.000000000000000E+00
   7.477913483100000E-01   1.079343864700000E+01   1.079343864700000E+01   0.000000000000000E+00  -9.980994363300000E-01   0.000000000000000E+00   0.000000000000000E+00   0.000000000000000E+00
   7.486596025400000E-01   1.080597081800000E+01   1.080597081800000E+01   0.000000000000000E+00  -9.980994363300000E-01   0.000000000000000E+00   0.000000000000000E+00   0.000000000000000E+00
   7.495278567700000E-01   1.081850298800000E+01   1.081850298800000E+01   0.000000000000000E+00  -9.980994363300000E-01   0.000000000000000E+00   0.000000000000000E+00   0.000000000000000E+00
   7.505671300000000E-01   1.083350360600000E+01   1.083350360600000E+01   0.000000000000000E+00  -9.980994363300000E-01   0.000000000000000E+00   0.000000000000000E+00   0.000000000000000E+00
   7.516064032300001E-01   1.084850422300000E+01   1.084850422300000E+01   0.000000000000000E+00  -9.980994363300000E-01   0.000000000000000E+00   0.000000000000000E+00   0.000000000000000E+00
   7.526456764500000E-01   1.086350484000000E+01   1.086350484000000E+01   0.000000000000000E+00  -9.980994363300000E-01   0.000000000000000E+00   0.000000000000000E+00   0.000000000000000E+00
   7.536849496800000E-01   1.087850545700000E+01   1.087850545700000E+01   0.000000000000000E+00  -9.980994363300000E-01   0.000000000000000E+00   0.000000000000000E+00   0.000000000000000E+00
   7.546754847000000E-01   1.089280259900000E+01   1.089280259900000E+01   0.000000000000000E+00  -9.980994363300000E-01   0.000000000000000E+00   0.000000000000000E+00   0.000000000000000E+00
   7.556660197100000E-01   1.090709974100000E+01   1.090709974100000E+01   0.000000000000000E+00  -9.980994363300000E-01   0.000000000000000E+00   0.000000000000000E+00   0.000000000000000E+00
   7.566565547300000E-01   1.092139688300000E+01   1.092139688300000E+01   0.000000000000000E+00  -9.980994363300000E-01   0.000000000000000E+00   0.000000000000000E+00   0.000000000000000E+00
   7.576470897399999E-01   1.093569402400000E+01   1.093569402400000E+01   0.000000000000000E+00  -9.980994363300000E-01   0.000000000000000E+00   0.000000000000000E+00   0.000000000000000E+00
   7.586258942400000E-01   1.094982185100000E+01   1.094982185100000E+01   0.000000000000000E+00  -9.980994363300000E-01   0.000000000000000E+00   0.000000000000000E+00   0.000000000000000E+00
   7.596046987500000E-01   1.096394967700000E+01   1.096394967700000E+01   0.000000000000000E+00  -9.980994363300000E-01   0.000000000000000E+00   0.000000000000000E+00   0.000000000000000E+00
   7.605835032500000E-01   1.097807750400000E+01   1.097807750400000E+01   0.000000000000000E+00  -9.980994363300000E-01   0.000000000000000E+00   0.000000000000000E+00   0.000000000000000E+00
   7.615623077500000E-01   1.099220533000000E+01   1.099220533000000E+01   0.000000000000000E+00  -9.980994363300000E-01   0.000000000000000E+00   0.000000000000000E+00   0.000000000000000E+00
   7.625787279000000E-01   1.100687609200000E+01   1.100687609200000E+01   0.000000000000000E+00  -9.980994363300000E-01   0.000000000000000E+00   0.000000000000000E+00   0.000000000000000E+00
   7.635951480499999E-01   1.102154685300000E+01   1.102154685300000E+01   0.000000000000000E+00  -9.980994363300000E-01   0.000000000000000E+00   0.000000000000000E+00   0.000000000000000E+00
   7.646115682000000E-01   1.103621761500000E+01   1.103621761500000E+01   0.000000000000000E+00  -9.980994363300000E-01   0.000000000000000E+00   0.000000000000000E+00   0.000000000000000E+00
   7.656279883500000E-01   1.105088837600000E+01   1.105088837600000E+01   0.000000000000000E+00  -9.980994363300000E-01   0.000000000000000E+00   0.000000000000000E+00   0.000000000000000E+00
   7.666764146300000E-01   1.106602110600000E+01   1.106602110600000E+01   0.000000000000000E+00  -9.980994363300000E-01   0.000000000000000E+00   0.000000000000000E+00   0.000000000000000E+00
   7.677248409100000E-01   1.108115383700000E+01   1.108115383700000E+01   0.000000000000000E+00  -9.980994363300000E-01   0.000000000000000E+00   0.000000000000000E+00   0.000000000000000E+00
   7.687732671900001E-01   1.109628656700000E+01   1.109628656700000E+01   0.000000000000000E+00  -9.980994363300000E-01   0.000000000000000E+00   0.000000000000000E+00   0.000000000000000E+00
   7.698216934700000E-01   1.111141929700000E+01   1.111141929700000E+01   0.000000000000000E+00  -9.980994363300000E-01   0.000000000000000E+00   0.000000000000000E+00   0.000000000000000E+00
   7.713500046600000E-01   1.113347856900000E+01   1.113347856900000E+01   0.000000000000000E+00  -9.980994363300000E-01   0.000000000000000E+00   0.000000000000000E+00   0.000000000000000E+00
   7.728783158500000E-01   1.115553784200000E+01   1.115553784200000E+01   0.000000000000000E+00  -9.980994363300000E-01   0.000000000000000E+00   0.000000000000000E+00   0.000000000000000E+00
   7.744066270400000E-01   1.117759711400000E+01   1.117759711400000E+01   0.000000000000000E+00  -9.980994363300000E-01   0.000000000000000E+00   0.000000000000000E+00   0.000000000000000E+00
   7.759349382300000E-01   1.119965638700000E+01   1.119965638700000E+01   0.000000000000000E+00  -9.980994363300000E-01   0.000000000000000E+00   0.000000000000000E+00   0.000000000000000E+00
   7.775734324700000E-01   1.122330601400000E+01   1.122330601400000E+01   0.000000000000000E+00  -9.980994363300000E-01   0.000000000000000E+00   0.000000000000000E+00   0.000000000000000E+00
   7.792119267099999E-01   1.124695564200000E+01   1.124695564200000E+01   0.000000000000000E+00  -9.980994363300000E-01   0.000000000000000E+00   0.000000000000000E+00   0.000000000000000E+00
   7.808504209600000E-01   1.127060527000000E+01   1.127060527000000E+01   0.000000000000000E+00  -9.980994363300000E-01   0.000000000000000E+00   0.000000000000000E+00   0.000000000000000E+00
   7.824889152000000E-01   1.129425489800000E+01   1.129425489800000E+01   0.000000000000000E+00  -9.980994363300000E-01   0.000000000000000E+00   0.000000000000000E+00   0.000000000000000E+00
   7.839653597700000E-01   1.131556554000000E+01   1.131556554000000E+01   0.000000000000000E+00  -9.980994363300000E-01   0.000000000000000E+00   0.000000000000000E+00   0.000000000000000E+00
   7.854418043300000E-01   1.133687618200000E+01   1.133687618200000E+01   0.000000000000000E+00  -9.980994363300000E-01   0.000000000000000E+00   0.000000000000000E+00   0.000000000000000E+00
   7.869182489000000E-01   1.135818682400000E+01   1.135818682400000E+01   0.000000000000000E+00  -9.980994363300000E-01   0.000000000000000E+00   0.000000000000000E+00   0.000000000000000E+00
   7.883946934700000E-01   1.137949746700000E+01   1.137949746700000E+01   0.000000000000000E+00  -9.980994363300000E-01   0.000000000000000E+00   0.000000000000000E+00   0.000000000000000E+00
   7.902714297500000E-01   1.140658582200000E+01   1.140658582200000E+01   0.000000000000000E+00  -9.980994363300000E-01   0.000000000000000E+00   0.000000000000000E+00   0.000000000000000E+00
   7.921481660300000E-01   1.143367417800000E+01   1.143367417800000E+01   0.000000000000000E+00  -9.980994363300000E-01   0.000000000000000E+00   0.000000000000000E+00   0.000000000000000E+00
   7.940249023100000E-01   1.146076253300000E+01   1.146076253300000E+01   0.000000000000000E+00  -9.980994363300000E-01   0.000000000000000E+00   0.000000000000000E+00   0.000000000000000E+00
   7.959016385900000E-01   1.148785088900000E+01   1.148785088900000E+01   0.000000000000000E+00  -9.980994363300000E-01   0.000000000000000E+00   0.000000000000000E+00   0.000000000000000E+00
   7.981578438300000E-01   1.152041640700000E+01   1.152041640700000E+01   0.000000000000000E+00  -9.980994363300000E-01   0.000000000000000E+00   0.000000000000000E+00   0.000000000000000E+00
   8.004140490700000E-01   1.155298192500000E+01   1.155298192500000E+01   0.000000000000000E+00  -9.980994363300000E-01   0.000000000000000E+00   0.000000000000000E+00   0.000000000000000E+00
   8.026702543100001E-01   1.158554744400000E+01   1.158554744400000E+01   0.000000000000000E+00  -9.980994363300000E-01   0.000000000000000E+00   0.000000000000000E+00   0.000000000000000E+00
   8.049264595500000E-01   1.161811296200000E+01   1.161811296200000E+01   0.000000000000000E+00  -9.980994363300000E-01   0.000000000000000E+00   0.000000000000000E+00   0.000000000000000E+00
   8.073161048700001E-01   1.165260452200000E+01   1.165260452200000E+01   0.000000000000000E+00  -9.980994363300000E-01   0.000000000000000E+00   0.000000000000000E+00   0.000000000000000E+00
   8.097057501800000E-01   1.168709608200000E+01   1.168709608200000E+01   0.000000000000000E+00  -9.980994363300000E-01   0.000000000000000E+00   0.000000000000000E+00   0.000000000000000E+00
   8.120953955000000E-01   1.172158764200000E+01   1.172158764200000E+01   0.000000000000000E+00  -9.980994363300000E-01   0.000000000000000E+00   0.000000000000000E+00   0.000000000000000E+00
   8.144850408099999E-01   1.175607920200000E+01   1.175607920200000E+01   0.000000000000000E+00  -9.980994363300000E-01   0.000000000000000E+00   0.000000000000000E+00   0.000000000000000E+00
   8.170610619999999E-01   1.179326086600000E+01   1.179326086600000E+01   0.000000000000000E+00  -9.980994363300000E-01   0.000000000000000E+00   0.000000000000000E+00   0.000000000000000E+00
   8.196370831999999E-01   1.183044253000000E+01   1.183044253000000E+01   0.000000000000000E+00  -9.980994363300000E-01   0.000000000000000E+00   0.000000000000000E+00   0.000000000000000E+00
   8.222131043899999E-01   1.186762419400000E+01   1.186762419400000E+01   0.000000000000000E+00  -9.980994363300000E-01   0.000000000000000E+00   0.000000000000000E+00   0.000000000000000E+00
   8.247891255799999E-01   1.190480585800000E+01   1.190480585800000E+01   0.000000000000000E+00  -9.980994363300000E-01   0.000000000000000E+00   0.000000000000000E+00   0.000000000000000E+00
   8.272118792700000E-01   1.193977529600000E+01   1.193977529600000E+01   0.000000000000000E+00  -9.980994363300000E-01   0.000000000000000E+00   0.000000000000000E+00   0.000000000000000E+00
   8.296346329500000E-01   1.197474473400000E+01   1.197474473400000E+01   0.000000000000000E+00  -9.980994363300000E-01   0.000000000000000E+00   0.000000000000000E+00   0.000000000000000E+00
   8.320573866400000E-01   1.200971417200000E+01   1.200971417200000E+01   0.000000000000000E+00  -9.980994363300000E-01   0.000000000000000E+00   0.000000000000000E+00   0.000000000000000E+00
   8.344801403300000E-01   1.204468361000000E+01   1.204468361000000E+01   0.000000000000000E+00  -9.980994363300000E-01   0.000000000000000E+00   0.000000000000000E+00   0.000000000000000E+00
   8.372566578200000E-01   1.208475918900000E+01   1.208475918900000E+01   0.000000000000000E+00  -9.980994363300000E-01   0.000000000000000E+00   0.000000000000000E+00   0.000000000000000E+00
   8.400331753100000E-01   1.212483476800000E+01   1.212483476800000E+01   0.000000000000000E+00  -9.980994363300000E-01   0.000000000000000E+00   0.000000000000000E+00   0.000000000000000E+00
   8.428096928000000E-01   1.216491034700000E+01   1.216491034700000E+01   0.000000000000000E+00  -9.980994363300000E-01   0.000000000000000E+00   0.000000000000000E+00   0.000000000000000E+00
   8.455862102900000E-01   1.220498592600000E+01   1.220498592600000E+01   0.000000000000000E+00  -9.980994363300000E-01   0.000000000000000E+00   0.000000000000000E+00   0.000000000000000E+00
   8.484904407700000E-01   1.224690488300000E+01   1.224690488300000E+01   0.000000000000000E+00  -9.980994363300000E-01   0.000000000000000E+00   0.000000000000000E+00   0.000000000000000E+00
   8.513946712500000E-01   1.228882384000000E+01   1.228882384000000E+01   0.000000000000000E+00  -9.980994363300000E-01   0.000000000000000E+00   0.000000000000000E+00   0.000000000000000E+00
   8.542989017300000E-01   1.233074279700000E+01   1.233074279700000E+01   0.000000000000000E+00  -9.980994363300000E-01   0.000000000000000E+00   0.000000000000000E+00   0.000000000000000E+00
   8.572031322000000E-01   1.237266175400000E+01   1.237266175400000E+01   0.000000000000000E+00  -9.980994363300000E-01   0.000000000000000E+00   0.000000000000000E+00   0.000000000000000E+00
   8.607109989900000E-01   1.242329345100000E+01   1.242329345100000E+01   0.000000000000000E+00  -9.980994363300000E-01   0.000000000000000E+00   0.000000000000000E+00   0.000000000000000E+00
   8.642188657800000E-01   1.247392514800000E+01   1.247392514800000E+01   0.000000000000000E+00  -9.980994363300000E-01   0.000000000000000E+00   0.000000000000000E+00   0.000000000000000E+00
   8.677267325700000E-01   1.252455684500000E+01   1.252455684500000E+01   0.000000000000000E+00  -9.980994363300000E-01   0.000000000000000E+00   0.000000000000000E+00   0.000000000000000E+00
   8.712345993600000E-01   1.257518854200000E+01   1.257518854200000E+01   0.000000000000000E+00  -9.980994363300000E-01   0.000000000000000E+00   0.000000000000000E+00   0.000000000000000E+00
   8.737543888300000E-01   1.261155857200000E+01   1.261155857200000E+01   0.000000000000000E+00  -9.980994363300000E-01   0.000000000000000E+00   0.000000000000000E+00   0.000000000000000E+00
   8.762741783100000E-01   1.264792860100000E+01   1.264792860100000E+01   0.000000000000000E+00  -9.980994363300000E-01   0.000000000000000E+00   0.000000000000000E+00   0.000000000000000E+00
   8.787939677800000E-01   1.268429863000000E+01   1.268429863000000E+01   0.000000000000000E+00  -9.980994363300000E-01   0.000000000000000E+00   0.000000000000000E+00   0.000000000000000E+00
   8.813137572600001E-01   1.272066865900000E+01   1.272066865900000E+01   0.000000000000000E+00  -9.980994363300000E-01   0.000000000000000E+00   0.000000000000000E+00   0.000000000000000E+00
   8.837068009700000E-01   1.275520927000000E+01   1.275520927000000E+01   0.000000000000000E+00  -9.980994363300000E-01   0.000000000000000E+00   0.000000000000000E+00   0.000000000000000E+00
   8.860998446900000E-01   1.278974988200000E+01   1.278974988200000E+01   0.000000000000000E+00  -9.980994363300000E-01   0.000000000000000E+00   0.000000000000000E+00   0.000000000000000E+00
   8.884928884000000E-01   1.282429049400000E+01   1.282429049400000E+01   0.000000000000000E+00  -9.980994363300000E-01   0.000000000000000E+00   0.000000000000000E+00   0.000000000000000E+00
   8.908859321200000E-01   1.285883110500000E+01   1.285883110500000E+01   0.000000000000000E+00  -9.980994363300000E-01   0.000000000000000E+00   0.000000000000000E+00   0.000000000000000E+00
   8.931840699600000E-01   1.289200186800000E+01   1.289200186800000E+01   0.000000000000000E+00  -9.980994363300000E-01   0.000000000000000E+00   0.000000000000000E+00   0.000000000000000E+00
   8.954822078000000E-01   1.292517263200000E+01   1.292517263200000E+01   0.000000000000000E+00  -9.980994363300000E-01   0.000000000000000E+00   0.000000000000000E+00   0.000000000000000E+00
   8.977803456400000E-01   1.295834339500000E+01   1.295834339500000E+01   0.000000000000000E+00  -9.980994363300000E-01   0.000000000000000E+00   0.000000000000000E+00   0.000000000000000E+00
   9.000784834800000E-01   1.299151415800000E+01   1.299151415800000E+01   0.000000000000000E+00  -9.980994363300000E-01   0.000000000000000E+00   0.000000000000000E+00   0.000000000000000E+00
   9.024191126300000E-01   1.302529823100000E+01   1.302529823100000E+01   0.000000000000000E+00  -9.980994363300000E-01   0.000000000000000E+00   0.000000000000000E+00   0.000000000000000E+00
   9.047597417800000E-01   1.305908230300000E+01   1.305908230300000E+01   0.000000000000000E+00  -9.980994363300000E-01   0.000000000000000E+00   0.000000000000000E+00   0.000000000000000E+00
   9.071003709300000E-01   1.309286637600000E+01   1.309286637600000E+01   0.000000000000000E+00  -9.980994363300000E-01   0.000000000000000E+00   0.000000000000000E+00   0.000000000000000E+00
   9.094410000800000E-01   1.312665044800000E+01   1.312665044800000E+01   0.000000000000000E+00  -9.980994363300000E-01   0.000000000000000E+00   0.000000000000000E+00   0.000000000000000E+00
   9.120860489600000E-01   1.316482844100000E+01   1.316482844100000E+01   0.000000000000000E+00  -9.980994363300000E-01   0.000000000000000E+00   0.000000000000000E+00   0.000000000000000E+00
   9.147310978500000E-01   1.320300643400000E+01   1.320300643400000E+01   0.000000000000000E+00  -9.980994363300000E-01   0.000000000000000E+00   0.000000000000000E+00   0.000000000000000E+00
   9.173761467400000E-01   1.324118442700000E+01   1.324118442700000E+01   0.000000000000000E+00  -9.980994363300000E-01   0.000000000000000E+00   0.000000000000000E+00   0.000000000000000E+00
   9.200211956300000E-01   1.327936242000000E+01   1.327936242000000E+01   0.000000000000000E+00  -9.980994363300000E-01   0.000000000000000E+00   0.000000000000000E+00   0.000000000000000E+00
   9.227557397800000E-01   1.331883216600000E+01   1.331883216600000E+01   0.000000000000000E+00  -9.980994363300000E-01   0.000000000000000E+00   0.000000000000000E+00   0.000000000000000E+00
   9.254902839300000E-01   1.335830191200000E+01   1.335830191200000E+01   0.000000000000000E+00  -9.980994363300000E-01   0.000000000000000E+00   0.000000000000000E+00   0.000000000000000E+00
   9.282248280700000E-01   1.339777165800000E+01   1.339777165800000E+01   0.000000000000000E+00  -9.980994363300000E-01   0.000000000000000E+00   0.000000000000000E+00   0.000000000000000E+00
   9.309593722200000E-01   1.343724140400000E+01   1.343724140400000E+01   0.000000000000000E+00  -9.980994363300000E-01   0.000000000000000E+00   0.000000000000000E+00   0.000000000000000E+00
   9.334756745700000E-01   1.347356110100000E+01   1.347356110100000E+01   0.000000000000000E+00  -9.980994363300000E-01   0.000000000000000E+00   0.000000000000000E+00   0.000000000000000E+00
   9.359919769100000E-01   1.350988079700000E+01   1.350988079700000E+01   0.000000000000000E+00  -9.980994363300000E-01   0.000000000000000E+00   0.000000000000000E+00   0.000000000000000E+00
   9.385082792500000E-01   1.354620049400000E+01   1.354620049400000E+01   0.000000000000000E+00  -9.980994363300000E-01   0.000000000000000E+00   0.000000000000000E+00   0.000000000000000E+00
   9.410245815900000E-01   1.358252019100000E+01   1.358252019100000E+01   0.000000000000000E+00  -9.980994363300000E-01   0.000000000000000E+00   0.000000000000000E+00   0.000000000000000E+00
   9.438317968500000E-01   1.362303885400000E+01   1.362303885400000E+01   0.000000000000000E+00  -9.980994363300000E-01   0.000000000000000E+00   0.000000000000000E+00   0.000000000000000E+00
   9.466390121000000E-01   1.366355751700000E+01   1.366355751700000E+01   0.000000000000000E+00  -9.980994363300000E-01   0.000000000000000E+00   0.000000000000000E+00   0.000000000000000E+00
   9.494462273499999E-01   1.370407618000000E+01   1.370407618000000E+01   0.000000000000000E+00  -9.980994363300000E-01   0.000000000000000E+00   0.000000000000000E+00   0.000000000000000E+00
   9.522534426100000E-01   1.374459484300000E+01   1.374459484300000E+01   0.000000000000000E+00  -9.980994363300000E-01   0.000000000000000E+00   0.000000000000000E+00   0.000000000000000E+00
   9.549863216700000E-01   1.378404055500000E+01   1.378404055500000E+01   0.000000000000000E+00  -9.980994363300000E-01   0.000000000000000E+00   0.000000000000000E+00   0.000000000000000E+00
   9.577192007300001E-01   1.382348626700000E+01   1.382348626700000E+01   0.000000000000000E+00  -9.980994363300000E-01   0.000000000000000E+00   0.000000000000000E+00   0.000000000000000E+00
   9.604520797800000E-01   1.386293198000000E+01   1.386293198000000E+01   0.000000000000000E+00  -9.980994363300000E-01   0.000000000000000E+00   0.000000000000000E+00   0.000000000000000E+00
   9.631849588400000E-01   1.390237769200000E+01   1.390237769200000E+01   0.000000000000000E+00  -9.980994363300000E-01   0.000000000000000E+00   0.000000000000000E+00   0.000000000000000E+00
   9.662198327000000E-01   1.394618232400000E+01   1.394618232400000E+01   0.000000000000000E+00  -9.980994363300000E-01   0.000000000000000E+00   0.000000000000000E+00   0.000000000000000E+00
   9.692547065500000E-01   1.398998695600000E+01   1.398998695600000E+01   0.000000000000000E+00  -9.980994363300000E-01   0.000000000000000E+00   0.000000000000000E+00   0.000000000000000E+00
   9.722895804000000E-01   1.403379158800000E+01   1.403379158800000E+01   0.000000000000000E+00  -9.980994363300000E-01   0.000000000000000E+00   0.000000000000000E+00   0.000000000000000E+00
   9.753244542600000E-01   1.407759622000000E+01   1.407759622000000E+01   0.000000000000000E+00  -9.980994363300000E-01   0.000000000000000E+00   0.000000000000000E+00   0.000000000000000E+00
   9.784055269500000E-01   1.412206767400000E+01   1.412206767400000E+01   0.000000000000000E+00  -9.980994363300000E-01   0.000000000000000E+00   0.000000000000000E+00   0.000000000000000E+00
   9.814865996500000E-01   1.416653912900000E+01   1.416653912900000E+01   0.000000000000000E+00  -9.980994363300000E-01   0.000000000000000E+00   0.000000000000000E+00   0.000000000000000E+00
   9.845676723500000E-01   1.421101058400000E+01   1.421101058400000E+01   0.000000000000000E+00  -9.980994363300000E-01   0.000000000000000E+00   0.000000000000000E+00   0.000000000000000E+00
   9.876487450500000E-01   1.425548203900000E+01   1.425548203900000E+01   0.000000000000000E+00  -9.980994363300000E-01   0.000000000000000E+00   0.000000000000000E+00   0.000000000000000E+00
   9.907365587800000E-01   1.430005079200000E+01   1.430005079200000E+01   0.000000000000000E+00  -9.980994363300000E-01   0.000000000000000E+00   0.000000000000000E+00   0.000000000000000E+00
   9.938243725200000E-01   1.434461954500000E+01   1.434461954500000E+01   0.000000000000000E+00  -9.980994363300000E-01   0.000000000000000E+00   0.000000000000000E+00   0.000000000000000E+00
   9.969121862600000E-01   1.438918829900000E+01   1.438918829900000E+01   0.000000000000000E+00  -9.980994363300000E-01   0.000000000000000E+00   0.000000000000000E+00   0.000000000000000E+00
   1.000000000000000E+00   1.443375705200000E+01   1.443375705200000E+01   0.000000000000000E+00  -9.980994363300000E-01   0.000000000000000E+00   0.000000000000000E+00   0.000000000000000E+00
