   0.000000000000000E+00  -8.817260288000000E-33   0.000000000000000E+00   0.000000000000000E+00  -9.989275710000000E-01   0.000000000000000E+00   0.000000000000000E+00   0.000000000000000E+00
   8.801683491899999E-03   1.270413611700000E-01   1.270413611700000E-01   0.000000000000000E+00  -9.989275710000000E-01   0.000000000000000E+00   0.000000000000000E+00   0.000000000000000E+00
   1.760336698400000E-02   2.540827223400000E-01   2.540827223400000E-01   0.000000000000000E+00  -9.989275710000000E-01   0.000000000000000E+00   0.000000000000000E+00   0.000000000000000E+00
   2.640505047600000E-02   3.811240835100000E-01   3.811240835100000E-01   0.000000000000000E+00  -9.989275710000000E-01   0.000000000000000E+00   0.000000000000000E+00   0.000000000000000E+00
   3.520673396800000E-02   5.081654446800000E-01   5.081654446800000E-01   0.000000000000000E+00  -9.989275710000000E-01   0.000000000000000E+00   0.000000000000000E+00   0.000000000000000E+00
   4.334997552700000E-02   6.257030149700000E-01   6.257030149700000E-01   0.000000000000000E+00  -9.989275710000000E-01   0.000000000000000E+00   0.000000000000000E+00   0.000000000000000E+00
   5.149321708700000E-02   7.432405852600000E-01   7.432405852600000E-01   0.000000000000000E+00  -9.989275710000000E-01   0.000000000000000E+00   0.000000000000000E+00   0.000000000000000E+00
   5.963645864700000E-02   8.607781555500000E-01   8.607781555500000E-01   0.000000000000000E+00  -9.989275710000000E-01   0.000000000000000E+00   0.000000000000000E+00   0.000000000000000E+00
   6.777970020599999E-02   9.783157258300000E-01   9.783157258300000E-01   0.000000000000000E+00  -9.989275710000000E-01   0.000000000000000E+00   0.000000000000000E+00   0.000000000000000E+00
   7.365352934000000E-02   1.063097148500000E+00   1.063097148500000E+00   0.000000000000000E+00  -9.989275710000000E-01   0.000000000000000E+00   0.000000000000000E+00   0.000000000000000E+00
   7.952735847300001E-02   1.147878571200000E+00   1.147878571200000E+00   0.000000000000000E+00  -9.989275710000000E-01   0.000000000000000E+00   0.000000000000000E+00   0.000000000000000E+00
   8.540118760600000E-02   1.232659993900000E+00   1.232659993900000E+00   0.000000000000000E+00  -9.989275710000000E-01   0.000000000000000E+00   0.000000000000000E+00   0.000000000000000E+00
   9.127501674000001E-02   1.317441416500000E+00   1.317441416500000E+00   0.000000000000000E+00  -9.989275710000000E-01   0.000000000000000E+00   0.000000000000000E+00   0.000000000000000E+00
   9.753981284799999E-02   1.407865961600000E+00   1.407865961600000E+00   0.000000000000000E+00  -9.989275710000000E-01   0.000000000000000E+00   0.000000000000000E+00   0.000000000000000E+00
   1.038046089600000E-01   1.498290506600000E+00   1.498290506600000E+00   0.000000000000000E+00  -9.989275710000000E-01   0.000000000000000E+00   0.000000000000000E+00   0.000000000000000E+00
   1.100694050700000E-01   1.588715051600000E+00   1.588715051600000E+00   0.000000000000000E+00  -9.989275710000000E-01   0.000000000000000E+00   0.000000000000000E+00   0.000000000000000E+00
   1.163342011800000E-01   1.679139596600000E+00   1.679139596600000E+00   0.000000000000000E+00  -9.989275710000000E-01   0.000000000000000E+00   0.000000000000000E+00   0.000000000000000E+00
   1.221457194600000E-01   1.763021639600000E+00   1.763021639600000E+00   0.000000000000000E+00  -9.989275710000000E-01   0.000000000000000E+00   0.000000000000000E+00   0.000000000000000E+00
   1.279572377500000E-01   1.846903682700000E+00   1.846903682700000E+00   0.000000000000000E+00  -9.989275710000000E-01   0.000000000000000E+00   0.000000000000000E+00   0.000000000000000E+00
   1.337687560300000E-01   1.930785725700000E+00   1.930785725700000E+00   0.000000000000000E+00  -9.989275710000000E-01   0.000000000000000E+00   0.000000000000000E+00   0.000000000000000E+00
   1.395802743200000E-01   2.014667768700000E+00   2.014667768700000E+00   0.000000000000000E+00  -9.989275710000000E-01   0.000000000000000E+00   0.000000000000000E+00   0.000000000000000E+00
   1.457684124400000E-01   2.103985851000000E+00   2.103985851000000E+00   0.000000000000000E+00  -9.989275710000000E-01   0.000000000000000E+00   0.000000000000000E+00   0.000000000000000E+00
   1.519565505600000E-01   2.193303933200000E+00   2.193303933200000E+00   0.000000000000000E+00  -9.989275710000000E-01   0.000000000000000E+00   0.000000000000000E+00   0.000000000000000E+00
   1.581446886800000E-01   2.282622015400000E+00   2.282622015400000E+00   0.000000000000000E+00  -9.989275710000000E-01   0.000000000000000E+00   0.000000000000000E+00   0.000000000000000E+00
   1.643328268000000E-01   2.371940097700000E+00   2.371940097700000E+00   0.000000000000000E+00  -9.989275710000000E-01   0.000000000000000E+00   0.000000000000000E+00   0.000000000000000E+00
   1.704635018700000E-01   2.460428772200000E+00   2.460428772200000E+00   0.000000000000000E+00  -9.989275710000000E-01   0.000000000000000E+00   0.000000000000000E+00   0.000000000000000E+00
   1.765941769400000E-01   2.548917446800000E+00   2.548917446800000E+00   0.000000000000000E+00  -9.989275710000000E-01   0.000000000000000E+00   0.000000000000000E+00   0.000000000000000E+00
   1.827248520100000E-01   2.637406121300000E+00   2.637406121300000E+00   0.000000000000000E+00  -9.989275710000000E-01   0.000000000000000E+00   0.000000000000000E+00   0.000000000000000E+00
   1.888555270900000E-01   2.725894795900000E+00   2.725894795900000E+00   0.000000000000000E+00  -9.989275710000000E-01   0.000000000000000E+00   0.000000000000000E+00   0.000000000000000E+00
   1.960155629100000E-01   2.829241013400000E+00   2.829241013400000E+00   0.000000000000000E+00  -9.989275710000000E-01   0.000000000000000E+00   0.000000000000000E+00   0.000000000000000E+00
   2.031755987300000E-01   2.932587231000000E+00   2.932587231000000E+00   0.000000000000000E+00  -9.989275710000000E-01   0.000000000000000E+00   0.000000000000000E+00   0.000000000000000E+00
   2.103356345500000E-01   3.035933448500000E+00   3.035933448500000E+00   0.000000000000000E+00  -9.989275710000000E-01   0.000000000000000E+00   0.000000000000000E+00   0.000000000000000E+00
   2.174956703800000E-01   3.139279666100000E+00   3.139279666100000E+00   0.000000000000000E+00  -9.989275710000000E-01   0.000000000000000E+00   0.000000000000000E+00   0.000000000000000E+00
   2.238786387200000E-01   3.231409880400000E+00   3.231409880400000E+00   0.000000000000000E+00  -9.989275710000000E-01   0.000000000000000E+00   0.000000000000000E+00   0.000000000000000E+00
   2.302616070600000E-01   3.323540094700000E+00   3.323540094700000E+00   0.000000000000000E+00  -9.989275710000000E-01   0.000000000000000E+00   0.000000000000000E+00   0.000000000000000E+00
   2.366445754000000E-01   3.415670309000000E+00   3.415670309000000E+00   0.000000000000000E+00  -9.989275710000000E-01   0.000000000000000E+00   0.000000000000000E+00   0.000000000000000E+00
   2.430275437400000E-01   3.507800523300000E+00   3.507800523300000E+00   0.000000000000000E+00  -9.989275710000000E-01   0.000000000000000E+00   0.000000000000000E+00   0.000000000000000E+00
   2.484448449900000E-01   3.585992533400000E+00   3.585992533400000E+00   0.000000000000000E+00  -9.989275710000000E-01   0.000000000000000E+00   0.000000000000000E+00   0.000000000000000E+00
   2.538621462400000E-01   3.664184543600000E+00   3.664184543600000E+00   0.000000000000000E+00  -9.989275710000000E-01   0.000000000000000E+00   0.000000000000000E+00   0.000000000000000E+00
   2.592794475000000E-01   3.742376553800000E+00   3.742376553800000E+00   0.000000000000000E+00  -9.989275710000000E-01   0.000000000000000E+00   0.000000000000000E+00   0.000000000000000E+00
   2.646967487500000E-01   3.820568563900000E+00   3.820568563900000E+00   0.000000000000000E+00  -9.989275710000000E-01   0.000000000000000E+00   0.000000000000000E+00   0.000000000000000E+00
   2.695138812700000E-01   3.890097884400000E+00   3.890097884400000E+00   0.000000000000000E+00  -9.989275710000000E-01   0.000000000000000E+00   0.000000000000000E+00   0.000000000000000E+00
   2.743310138000000E-01   3.959627205000000E+00   3.959627205000000E+00   0.000000000000000E+00  -9.989275710000000E-01   0.000000000000000E+00   0.000000000000000E+00   0.000000000000000E+00
   2.791481463200000E-01   4.029156525500000E+00   4.029156525500000E+00   0.000000000000000E+00  -9.989275710000000E-01   0.000000000000000E+00   0.000000000000000E+00   0.000000000000000E+00
   2.839652788400000E-01   4.098685846000000E+00   4.098685846000000E+00   0.000000000000000E+00  -9.989275710000000E-01   0.000000000000000E+00   0.000000000000000E+00   0.000000000000000E+00
   2.892080566200000E-01   4.174358826800000E+00   4.174358826800000E+00   0.000000000000000E+00  -9.989275710000000E-01   0.000000000000000E+00   0.000000000000000E+00   0.000000000000000E+00
   2.944508344000000E-01   4.250031807500000E+00   4.250031807500000E+00   0.000000000000000E+00  -9.989275710000000E-01   0.000000000000000E+00   0.000000000000000E+00   0.000000000000000E+00
   2.996936121900000E-01   4.325704788300000E+00   4.325704788300000E+00   0.000000000000000E+00  -9.989275710000000E-01   0.000000000000000E+00   0.000000000000000E+00   0.000000000000000E+00
   3.049363899700000E-01   4.401377769100000E+00   4.401377769100000E+00   0.000000000000000E+00  -9.989275710000000E-01   0.000000000000000E+00   0.000000000000000E+00   0.000000000000000E+00
   3.093058482800000E-01   4.464445468800000E+00   4.464445468800000E+00   0.000000000000000E+00  -9.989275710000000E-01   0.000000000000000E+00   0.000000000000000E+00   0.000000000000000E+00
   3.136753065900000E-01   4.527513168600000E+00   4.527513168600000E+00   0.000000000000000E+00  -9.989275710000000E-01   0.000000000000000E+00   0.000000000000000E+00   0.000000000000000E+00
   3.180447649100000E-01   4.590580868300000E+00   4.590580868300000E+00   0.000000000000000E+00  -9.989275710000000E-01   0.000000000000000E+00   0.000000000000000E+00   0.000000000000000E+00
   3.224142232200000E-01   4.653648568000000E+00   4.653648568000000E+00   0.000000000000000E+00  -9.989275710000000E-01   0.000000000000000E+00   0.000000000000000E+00   0.000000000000000E+00
   3.268539170800000E-01   4.717730030600000E+00   4.717730030600000E+00   0.000000000000000E+00  -9.989275710000000E-01   0.000000000000000E+00   0.000000000000000E+00   0.000000000000000E+00
   3.312936109300000E-01   4.781811493100000E+00   4.781811493100000E+00   0.000000000000000E+00  -9.989275710000000E-01   0.000000000000000E+00   0.000000000000000E+00   0.000000000000000E+00
   3.357333047900000E-01   4.845892955600000E+00   4.845892955600000E+00   0.000000000000000E+00  -9.989275710000000E-01   0.000000000000000E+00   0.000000000000000E+00   0.000000000000000E+00
   3.401729986500000E-01   4.909974418100000E+00   4.909974418100000E+00   0.000000000000000E+00  -9.989275710000000E-01   0.000000000000000E+00   0.000000000000000E+00   0.000000000000000E+00
   3.440688235800000E-01   4.966205808700000E+00   4.966205808700000E+00   0.000000000000000E+00  -9.989275710000000E-01   0.000000000000000E+00   0.000000000000000E+00   0.000000000000000E+00
   3.479646485100000E-01   5.022437199300000E+00   5.022437199300000E+00   0.000000000000000E+00  -9.989275710000000E-01   0.000000000000000E+00   0.000000000000000E+00   0.000000000000000E+00
   3.518604734400000E-01   5.078668589800000E+00   5.078668589800000E+00   0.000000000000000E+00  -9.989275710000000E-01   0.000000000000000E+00   0.000000000000000E+00   0.000000000000000E+00
   3.557562983700000E-01   5.134899980400000E+00   5.134899980400000E+00   0.000000000000000E+00  -9.989275710000000E-01   0.000000000000000E+00   0.000000000000000E+00   0.000000000000000E+00
   3.589995733300000E-01   5.181712623300000E+00   5.181712623300000E+00   0.000000000000000E+00  -9.989275710000000E-01   0.000000000000000E+00   0.000000000000000E+00   0.000000000000000E+00
   3.622428483000000E-01   5.228525266200000E+00   5.228525266200000E+00   0.000000000000000E+00  -9.989275710000000E-01   0.000000000000000E+00   0.000000000000000E+00   0.000000000000000E+00
   3.654861232600000E-01   5.275337909100000E+00   5.275337909100000E+00   0.000000000000000E+00  -9.989275710000000E-01   0.000000000000000E+00   0.000000000000000E+00   0.000000000000000E+00
   3.687293982300000E-01   5.322150552000000E+00   5.322150552000000E+00   0.000000000000000E+00  -9.989275710000000E-01   0.000000000000000E+00   0.000000000000000E+00   0.000000000000000E+00
   3.723904353200000E-01   5.374993072000000E+00   5.374993072000000E+00   0.000000000000000E+00  -9.989275710000000E-01   0.000000000000000E+00   0.000000000000000E+00   0.000000000000000E+00
   3.760514724200000E-01   5.427835592000000E+00   5.427835592000000E+00   0.000000000000000E+00  -9.989275710000000E-01   0.000000000000000E+00   0.000000000000000E+00   0.000000000000000E+00
   3.797125095200000E-01   5.480678112000000E+00   5.480678112000000E+00   0.000000000000000E+00  -9.989275710000000E-01   0.000000000000000E+00   0.000000000000000E+00   0.000000000000000E+00
   3.833735466100000E-01   5.533520631900000E+00   5.533520631900000E+00   0.000000000000000E+00  -9.989275710000000E-01   0.000000000000000E+00   0.000000000000000E+00   0.000000000000000E+00
   3.884244210300000E-01   5.606423726200000E+00   5.606423726200000E+00   0.000000000000000E+00  -9.989275710000000E-01   0.000000000000000E+00   0.000000000000000E+00   0.000000000000000E+00
   3.934752954500000E-01   5.679326820400000E+00   5.679326820400000E+00   0.000000000000000E+00  -9.989275710000000E-01   0.000000000000000E+00   0.000000000000000E+00   0.000000000000000E+00
   3.985261698600000E-01   5.752229914700000E+00   5.752229914700000E+00   0.000000000000000E+00  -9.989275710000000E-01   0.000000000000000E+00   0.000000000000000E+00   0.000000000000000E+00
   4.035770442800000E-01   5.825133008900000E+00   5.825133008900000E+00   0.000000000000000E+00  -9.989275710000000E-01   0.000000000000000E+00   0.000000000000000E+00   0.000000000000000E+00
   4.073090466100000E-01   5.878999823800000E+00   5.878999823800000E+00   0.000000000000000E+00  -9.989275710000000E-01   0.000000000000000E+00   0.000000000000000E+00   0.000000000000000E+00
   4.110410489400000E-01   5.932866638800000E+00   5.932866638800000E+00   0.000000000000000E+00  -9.989275710000000E-01   0.000000000000000E+00   0.000000000000000E+00   0.000000000000000E+00
   4.147730512700000E-01   5.986733453700000E+00   5.986733453700000E+00   0.000000000000000E+00  -9.989275710000000E-01   0.000000000000000E+00   0.000000000000000E+00   0.000000000000000E+00
   4.185050535900000E-01   6.040600268600000E+00   6.040600268600000E+00   0.000000000000000E+00  -9.989275710000000E-01   0.000000000000000E+00   0.000000000000000E+00   0.000000000000000E+00
   4.220310053900000E-01   6.091493000200000E+00   6.091493000200000E+00   0.000000000000000E+00  -9.989275710000000E-01   0.000000000000000E+00   0.000000000000000E+00   0.000000000000000E+00
   4.255569571800000E-01   6.142385731800000E+00   6.142385731800000E+00   0.000000000000000E+00  -9.989275710000000E-01   0.000000000000000E+00   0.000000000000000E+00   0.000000000000000E+00
   4.290829089800000E-01   6.193278463300000E+00   6.193278463300000E+00   0.000000000000000E+00  -9.989275710000000E-01   0.000000000000000E+00   0.000000000000000E+00   0.000000000000000E+00
   4.326088607700000E-01   6.244171194900000E+00   6.244171194900000E+00   0.000000000000000E+00  -9.989275710000000E-01   0.000000000000000E+00   0.000000000000000E+00   0.000000000000000E+00
   4.366272267700000E-01   6.302171313500000E+00   6.302171313500000E+00   0.000000000000000E+00  -9.989275710000000E-01   0.000000000000000E+00   0.000000000000000E+00   0.000000000000000E+00
   4.406455927800000E-01   6.360171432200000E+00   6.360171432200000E+00   0.000000000000000E+00  -9.989275710000000E-01   0.000000000000000E+00   0.000000000000000E+00   0.000000000000000E+00
   4.446639587800000E-01   6.418171550900000E+00   6.418171550900000E+00   0.000000000000000E+00  -9.989275710000000E-01   0.000000000000000E+00   0.000000000000000E+00   0.000000000000000E+00
   4.486823247900000E-01   6.476171669500000E+00   6.476171669500000E+00   0.000000000000000E+00  -9.989275710000000E-01   0.000000000000000E+00   0.000000000000000E+00   0.000000000000000E+00
   4.533040837100000E-01   6.542881015000000E+00   6.542881015000000E+00   0.000000000000000E+00  -9.989275710000000E-01   0.000000000000000E+00   0.000000000000000E+00   0.000000000000000E+00
   4.579258426400000E-01   6.609590360500000E+00   6.609590360500000E+00   0.000000000000000E+00  -9.989275710000000E-01   0.000000000000000E+00   0.000000000000000E+00   0.000000000000000E+00
   4.625476015700000E-01   6.676299706000000E+00   6.676299706000000E+00   0.000000000000000E+00  -9.989275710000000E-01   0.000000000000000E+00   0.000000000000000E+00   0.000000000000000E+00
   4.671693604900000E-01   6.743009051500000E+00   6.743009051500000E+00   0.000000000000000E+00  -9.989275710000000E-01   0.000000000000000E+00   0.000000000000000E+00   0.000000000000000E+00
   4.711664145000000E-01   6.800701558000000E+00   6.800701558000000E+00   0.000000000000000E+00  -9.989275710000000E-01   0.000000000000000E+00   0.000000000000000E+00   0.000000000000000E+00
   4.751634685200000E-01   6.858394064600000E+00   6.858394064600000E+00   0.000000000000000E+00  -9.989275710000000E-01   0.000000000000000E+00   0.000000000000000E+00   0.000000000000000E+00
   4.791605225300000E-01   6.916086571100000E+00   6.916086571100000E+00   0.000000000000000E+00  -9.989275710000000E-01   0.000000000000000E+00   0.000000000000000E+00   0.000000000000000E+00
   4.831575765400000E-01   6.973779077700000E+00   6.973779077700000E+00   0.000000000000000E+00  -9.989275710000000E-01   0.000000000000000E+00   0.000000000000000E+00   0.000000000000000E+00
   4.866670766300000E-01   7.024434349300000E+00   7.024434349300000E+00   0.000000000000000E+00  -9.989275710000000E-01   0.000000000000000E+00   0.000000000000000E+00   0.000000000000000E+00
   4.901765767200000E-01   7.075089620900000E+00   7.075089620900000E+00   0.000000000000000E+00  -9.989275710000000E-01   0.000000000000000E+00   0.000000000000000E+00   0.000000000000000E+00
   4.936860768100000E-01   7.125744892600000E+00   7.125744892600000E+00   0.000000000000000E+00  -9.989275710000000E-01   0.000000000000000E+00   0.000000000000000E+00   0.000000000000000E+00
   4.971955768900000E-01   7.176400164200000E+00   7.176400164200000E+00   0.000000000000000E+00  -9.989275710000000E-01   0.000000000000000E+00   0.000000000000000E+00   0.000000000000000E+00
   5.013401951399999E-01   7.236222577100000E+00   7.236222577100000E+00   0.000000000000000E+00  -9.989275710000000E-01   0.000000000000000E+00   0.000000000000000E+00   0.000000000000000E+00
   5.054848133900000E-01   7.296044989900000E+00   7.296044989900000E+00   0.000000000000000E+00  -9.989275710000000E-01   0.000000000000000E+00   0.000000000000000E+00   0.000000000000000E+00
   5.096294316400000E-01   7.355867402800000E+00   7.355867402800000E+00   0.000000000000000E+00  -9.989275710000000E-01   0.000000000000000E+00   0.000000000000000E+00   0.000000000000000E+00
   5.137740498800000E-01   7.415689815700000E+00   7.415689815700000E+00   0.000000000000000E+00  -9.989275710000000E-01   0.000000000000000E+00   0.000000000000000E+00   0.000000000000000E+00
   5.172466176400000E-01   7.465812015000000E+00   7.465812015000000E+00   0.000000000000000E+00  -9.989275710000000E-01   0.000000000000000E+00   0.000000000000000E+00   0.000000000000000E+00
   5.207191853900000E-01   7.515934214300000E+00   7.515934214300000E+00   0.000000000000000E+00  -9.989275710000000E-01   0.000000000000000E+00   0.000000000000000E+00   0.000000000000000E+00
   5.241917531500000E-01   7.566056413600000E+00   7.566056413600000E+00   0.000000000000000E+00  -9.989275710000000E-01   0.000000000000000E+00   0.000000000000000E+00   0.000000000000000E+00
   5.276643209000000E-01   7.616178612900000E+00   7.616178612900000E+00   0.000000000000000E+00  -9.989275710000000E-01   0.000000000000000E+00   0.000000000000000E+00   0.000000000000000E+00
   5.312431811900000E-01   7.667835012800000E+00   7.667835012800000E+00   0.000000000000000E+00  -9.989275710000000E-01   0.000000000000000E+00   0.000000000000000E+00   0.000000000000000E+00
   5.348220414700000E-01   7.719491412700000E+00   7.719491412700000E+00   0.000000000000000E+00  -9.989275710000000E-01   0.000000000000000E+00   0.000000000000000E+00   0.000000000000000E+00
   5.384009017600000E-01   7.771147812600000E+00   7.771147812600000E+00   0.000000000000000E+00  -9.989275710000000E-01   0.000000000000000E+00   0.000000000000000E+00   0.000000000000000E+00
   5.419797620400000E-01   7.822804212500000E+00   7.822804212500000E+00   0.000000000000000E+00  -9.989275710000000E-01   0.000000000000000E+00   0.000000000000000E+00   0.000000000000000E+00
   5.448073223800000E-01   7.863616531400000E+00   7.863616531400000E+00   0.000000000000000E+00  -9.989275710000000E-01   0.000000000000000E+00   0.000000000000000E+00   0.000000000000000E+00
   5.476348827200000E-01   7.904428850400000E+00   7.904428850400000E+00   0.000000000000000E+00  -9.989275710000000E-01   0.000000000000000E+00   0.000000000000000E+00   0.000000000000000E+00
   5.504624430600000E-01   7.945241169400000E+00   7.945241169400000E+00   0.000000000000000E+00  -9.989275710000000E-01   0.000000000000000E+00   0.000000000000000E+00   0.000000000000000E+00
   5.532900034000000E-01   7.986053488400000E+00   7.986053488400000E+00   0.000000000000000E+00  -9.989275710000000E-01   0.000000000000000E+00   0.000000000000000E+00   0.000000000000000E+00
   5.558190925099999E-01   8.022557746100000E+00   8.022557746100000E+00   0.000000000000000E+00  -9.989275710000000E-01   0.000000000000000E+00   0.000000000000000E+00   0.000000000000000E+00
   5.583481816200000E-01   8.059062003899999E+00   8.059062003899999E+00   0.000000000000000E+00  -9.989275710000000E-01   0.000000000000000E+00   0.000000000000000E+00   0.000000000000000E+00
   5.608772707200000E-01   8.095566261600000E+00   8.095566261600000E+00   0.000000000000000E+00  -9.989275710000000E-01   0.000000000000000E+00   0.000000000000000E+00   0.000000000000000E+00
   5.634063598300000E-01   8.132070519299999E+00   8.132070519299999E+00   0.000000000000000E+00  -9.989275710000000E-01   0.000000000000000E+00   0.000000000000000E+00   0.000000000000000E+00
   5.660941060300000E-01   8.170864795100000E+00   8.170864795100000E+00   0.000000000000000E+00  -9.989275710000000E-01   0.000000000000000E+00   0.000000000000000E+00   0.000000000000000E+00
   5.687818522400000E-01   8.209659070800001E+00   8.209659070800001E+00   0.000000000000000E+00  -9.989275710000000E-01   0.000000000000000E+00   0.000000000000000E+00   0.000000000000000E+00
   5.714695984500000E-01   8.248453346600000E+00   8.248453346600000E+00   0.000000000000000E+00  -9.989275710000000E-01   0.000000000000000E+00   0.000000000000000E+00   0.000000000000000E+00
   5.741573446500000E-01   8.287247622300001E+00   8.287247622300001E+00   0.000000000000000E+00  -9.989275710000000E-01   0.000000000000000E+00   0.000000000000000E+00   0.000000000000000E+00
   5.765526634900000E-01   8.321821072600001E+00   8.321821072600001E+00   0.000000000000000E+00  -9.989275710000000E-01   0.000000000000000E+00   0.000000000000000E+00   0.000000000000000E+00
   5.789479823400000E-01   8.356394522800001E+00   8.356394522800001E+00   0.000000000000000E+00  -9.989275710000000E-01   0.000000000000000E+00   0.000000000000000E+00   0.000000000000000E+00
   5.813433011800000E-01   8.390967973100000E+00   8.390967973100000E+00   0.000000000000000E+00  -9.989275710000000E-01   0.000000000000000E+00   0.000000000000000E+00   0.000000000000000E+00
   5.837386200300000E-01   8.425541423300000E+00   8.425541423300000E+00   0.000000000000000E+00  -9.989275710000000E-01   0.000000000000000E+00   0.000000000000000E+00   0.000000000000000E+00
   5.861286332800000E-01   8.460038294000000E+00   8.460038294000000E+00   0.000000000000000E+00  -9.989275710000000E-01   0.000000000000000E+00   0.000000000000000E+00   0.000000000000000E+00
   5.885186465300000E-01   8.494535164600000E+00   8.494535164600000E+00   0.000000000000000E+00  -9.989275710000000E-01   0.000000000000000E+00   0.000000000000000E+00   0.000000000000000E+00
   5.909086597800000E-01   8.529032035200000E+00   8.529032035200000E+00   0.000000000000000E+00  -9.989275710000000E-01   0.000000000000000E+00   0.000000000000000E+00   0.000000000000000E+00
   5.932986730299999E-01   8.563528905800000E+00   8.563528905800000E+00   0.000000000000000E+00  -9.989275710000000E-01   0.000000000000000E+00   0.000000000000000E+00   0.000000000000000E+00
   5.959780489900000E-01   8.602202367400000E+00   8.602202367400000E+00   0.000000000000000E+00  -9.989275710000000E-01   0.000000000000000E+00   0.000000000000000E+00   0.000000000000000E+00
   5.986574249400000E-01   8.640875828900000E+00   8.640875828900000E+00   0.000000000000000E+00  -9.989275710000000E-01   0.000000000000000E+00   0.000000000000000E+00   0.000000000000000E+00
   6.013368008900000E-01   8.679549290500001E+00   8.679549290500001E+00   0.000000000000000E+00  -9.989275710000000E-01   0.000000000000000E+00   0.000000000000000E+00   0.000000000000000E+00
   6.040161768500000E-01   8.718222752100001E+00   8.718222752100001E+00   0.000000000000000E+00  -9.989275710000000E-01   0.000000000000000E+00   0.000000000000000E+00   0.000000000000000E+00
   6.062566969199999E-01   8.750561874400001E+00   8.750561874400001E+00   0.000000000000000E+00  -9.989275710000000E-01   0.000000000000000E+00   0.000000000000000E+00   0.000000000000000E+00
   6.084972169900000E-01   8.782900996800000E+00   8.782900996800000E+00   0.000000000000000E+00  -9.989275710000000E-01   0.000000000000000E+00   0.000000000000000E+00   0.000000000000000E+00
   6.107377370600000E-01   8.815240119200000E+00   8.815240119200000E+00   0.000000000000000E+00  -9.989275710000000E-01   0.000000000000000E+00   0.000000000000000E+00   0.000000000000000E+00
   6.129782571300000E-01   8.847579241600000E+00   8.847579241600000E+00   0.000000000000000E+00  -9.989275710000000E-01   0.000000000000000E+00   0.000000000000000E+00   0.000000000000000E+00
   6.161646135100000E-01   8.893570335400000E+00   8.893570335400000E+00   0.000000000000000E+00  -9.989275710000000E-01   0.000000000000000E+00   0.000000000000000E+00   0.000000000000000E+00
   6.193509698800000E-01   8.939561429199999E+00   8.939561429199999E+00   0.000000000000000E+00  -9.989275710000000E-01   0.000000000000000E+00   0.000000000000000E+00   0.000000000000000E+00
   6.225373262600000E-01   8.985552523000001E+00   8.985552523000001E+00   0.000000000000000E+00  -9.989275710000000E-01   0.000000000000000E+00   0.000000000000000E+00   0.000000000000000E+00
   6.257236826300000E-01   9.031543616800001E+00   9.031543616800001E+00   0.000000000000000E+00  -9.989275710000000E-01   0.000000000000000E+00   0.000000000000000E+00   0.000000000000000E+00
   6.285613436100000E-01   9.072501726000000E+00   9.072501726000000E+00   0.000000000000000E+00  -9.989275710000000E-01   0.000000000000000E+00   0.000000000000000E+00   0.000000000000000E+00
   6.313990046000000E-01   9.113459835200000E+00   9.113459835200000E+00   0.000000000000000E+00  -9.989275710000000E-01   0.000000000000000E+00   0.000000000000000E+00   0.000000000000000E+00
   6.342366655800000E-01   9.154417944500000E+00   9.154417944500000E+00   0.000000000000000E+00  -9.989275710000000E-01   0.000000000000000E+00   0.000000000000000E+00   0.000000000000000E+00
   6.370743265600000E-01   9.195376053700000E+00   9.195376053700000E+00   0.000000000000000E+00  -9.989275710000000E-01   0.000000000000000E+00   0.000000000000000E+00   0.000000000000000E+00
   6.392777258500000E-01   9.227179383699999E+00   9.227179383699999E+00   0.000000000000000E+00  -9.989275710000000E-01   0.000000000000000E+00   0.000000000000000E+00   0.000000000000000E+00
   6.414811251400000E-01   9.258982713700000E+00   9.258982713700000E+00   0.000000000000000E+00  -9.989275710000000E-01   0.000000000000000E+00   0.000000000000000E+00   0.000000000000000E+00
   6.436845244200000E-01   9.290786043700001E+00   9.290786043700001E+00   0.000000000000000E+00  -9.989275710000000E-01   0.000000000000000E+00   0.000000000000000E+00   0.000000000000000E+00
   6.458879237100000E-01   9.322589373700000E+00   9.322589373700000E+00   0.000000000000000E+00  -9.989275710000000E-01   0.000000000000000E+00   0.000000000000000E+00   0.000000000000000E+00
   6.480406222400000E-01   9.353660901300000E+00   9.353660901300000E+00   0.000000000000000E+00  -9.989275710000000E-01   0.000000000000000E+00   0.000000000000000E+00   0.000000000000000E+00
   6.501933207800000E-01   9.384732429000000E+00   9.384732429000000E+00   0.000000000000000E+00  -9.989275710000000E-01   0.000000000000000E+00   0.000000000000000E+00   0.000000000000000E+00
   6.523460193100000E-01   9.415803956600000E+00   9.415803956600000E+00   0.000000000000000E+00  -9.989275710000000E-01   0.000000000000000E+00   0.000000000000000E+00   0.000000000000000E+00
   6.544987178500000E-01   9.446875484300000E+00   9.446875484300000E+00   0.000000000000000E+00  -9.989275710000000E-01   0.000000000000000E+00   0.000000000000000E+00   0.000000000000000E+00
   6.578632790900000E-01   9.495438743799999E+00   9.495438743799999E+00   0.000000000000000E+00  -9.989275710000000E-01   0.000000000000000E+00   0.000000000000000E+00   0.000000000000000E+00
   6.612278403300000E-01   9.544002003399999E+00   9.544002003399999E+00   0.000000000000000E+00  -9.989275710000000E-01   0.000000000000000E+00   0.000000000000000E+00   0.000000000000000E+00
   6.645924015800000E-01   9.592565262999999E+00   9.592565262999999E+00   0.000000000000000E+00  -9.989275710000000E-01   0.000000000000000E+00   0.000000000000000E+00   0.000000000000000E+00
   6.679569628200001E-01   9.641128522500001E+00   9.641128522500001E+00   0.000000000000000E+00  -9.989275710000000E-01   0.000000000000000E+00   0.000000000000000E+00   0.000000000000000E+00
   6.705017449800000E-01   9.677859289900001E+00   9.677859289900001E+00   0.000000000000000E+00  -9.989275710000000E-01   0.000000000000000E+00   0.000000000000000E+00   0.000000000000000E+00
   6.730465271300000E-01   9.714590057300001E+00   9.714590057300001E+00   0.000000000000000E+00  -9.989275710000000E-01   0.000000000000000E+00   0.000000000000000E+00   0.000000000000000E+00
   6.755913092900000E-01   9.751320824700001E+00   9.751320824700001E+00   0.000000000000000E+00  -9.989275710000000E-01   0.000000000000000E+00   0.000000000000000E+00   0.000000000000000E+00
   6.781360914400000E-01   9.788051592100000E+00   9.788051592100000E+00   0.000000000000000E+00  -9.989275710000000E-01   0.000000000000000E+00   0.000000000000000E+00   0.000000000000000E+00
   6.801759166000000E-01   9.817493932900000E+00   9.817493932900000E+00   0.000000000000000E+00  -9.989275710000000E-01   0.000000000000000E+00   0.000000000000000E+00   0.000000000000000E+00
   6.822157417600000E-01   9.846936273600001E+00   9.846936273600001E+00   0.000000000000000E+00  -9.989275710000000E-01   0.000000000000000E+00   0.000000000000000E+00   0.000000000000000E+00
   6.842555669200000E-01   9.876378614400000E+00   9.876378614400000E+00   0.000000000000000E+00  -9.989275710000000E-01   0.000000000000000E+00   0.000000000000000E+00   0.000000000000000E+00
   6.862953920800000E-01   9.905820955199999E+00   9.905820955199999E+00   0.000000000000000E+00  -9.989275710000000E-01   0.000000000000000E+00   0.000000000000000E+00   0.000000000000000E+00
   6.883307565400000E-01   9.935198911400001E+00   9.935198911400001E+00   0.000000000000000E+00  -9.989275710000000E-01   0.000000000000000E+00   0.000000000000000E+00   0.000000000000000E+00
   6.903661210099999E-01   9.964576867500000E+00   9.964576867500000E+00   0.000000000000000E+00  -9.989275710000000E-01   0.000000000000000E+00   0.000000000000000E+00   0.000000000000000E+00
   6.924014854700000E-01   9.993954823699999E+00   9.993954823699999E+00   0.000000000000000E+00  -9.989275710000000E-01   0.000000000000000E+00   0.000000000000000E+00   0.000000000000000E+00
   6.944368499400000E-01   1.002333278000000E+01   1.002333278000000E+01   0.000000000000000E+00  -9.989275710000000E-01   0.000000000000000E+00   0.000000000000000E+00   0.000000000000000E+00
   6.964937190800000E-01   1.005302112900000E+01   1.005302112900000E+01   0.000000000000000E+00  -9.989275710000000E-01   0.000000000000000E+00   0.000000000000000E+00   0.000000000000000E+00
   6.985505882200000E-01   1.008270947900000E+01   1.008270947900000E+01   0.000000000000000E+00  -9.989275710000000E-01   0.000000000000000E+00   0.000000000000000E+00   0.000000000000000E+00
   7.006074573600000E-01   1.011239782800000E+01   1.011239782800000E+01   0.000000000000000E+00  -9.989275710000000E-01   0.000000000000000E+00   0.000000000000000E+00   0.000000000000000E+00
   7.026643265100000E-01   1.014208617800000E+01   1.014208617800000E+01   0.000000000000000E+00  -9.989275710000000E-01   0.000000000000000E+00   0.000000000000000E+00   0.000000000000000E+00
   7.047363461800000E-01   1.017199320600000E+01   1.017199320600000E+01   0.000000000000000E+00  -9.989275710000000E-01   0.000000000000000E+00   0.000000000000000E+00   0.000000000000000E+00
   7.068083658500000E-01   1.020190023500000E+01   1.020190023500000E+01   0.000000000000000E+00  -9.989275710000000E-01   0.000000000000000E+00   0.000000000000000E+00   0.000000000000000E+00
   7.088803855200000E-01   1.023180726400000E+01   1.023180726400000E+01   0.000000000000000E+00  -9.989275710000000E-01   0.000000000000000E+00   0.000000000000000E+00   0.000000000000000E+00
   7.109524052000000E-01   1.026171429200000E+01   1.026171429200000E+01   0.000000000000000E+00  -9.989275710000000E-01   0.000000000000000E+00   0.000000000000000E+00   0.000000000000000E+00
   7.133293920100000E-01   1.029602314200000E+01   1.029602314200000E+01   0.000000000000000E+00  -9.989275710000000E-01   0.000000000000000E+00   0.000000000000000E+00   0.000000000000000E+00
   7.157063788300000E-01   1.033033199300000E+01   1.033033199300000E+01   0.000000000000000E+00  -9.989275710000000E-01   0.000000000000000E+00   0.000000000000000E+00   0.000000000000000E+00
   7.180833656400000E-01   1.036464084300000E+01   1.036464084300000E+01   0.000000000000000E+00  -9.989275710000000E-01   0.000000000000000E+00   0.000000000000000E+00   0.000000000000000E+00
   7.204603524600000E-01   1.039894969300000E+01   1.039894969300000E+01   0.000000000000000E+00  -9.989275710000000E-01   0.000000000000000E+00   0.000000000000000E+00   0.000000000000000E+00
   7.225720301700000E-01   1.042942913600000E+01   1.042942913600000E+01   0.000000000000000E+00  -9.989275710000000E-01   0.000000000000000E+00   0.000000000000000E+00   0.000000000000000E+00
   7.246837078800000E-01   1.045990857900000E+01   1.045990857900000E+01   0.000000000000000E+00  -9.989275710000000E-01   0.000000000000000E+00   0.000000000000000E+00   0.000000000000000E+00
   7.267953855900000E-01   1.049038802200000E+01   1.049038802200000E+01   0.000000000000000E+00  -9.989275710000000E-01   0.000000000000000E+00   0.000000000000000E+00   0.000000000000000E+00
   7.289070633100000E-01   1.052086746500000E+01   1.052086746500000E+01   0.000000000000000E+00  -9.989275710000000E-01   0.000000000000000E+00   0.000000000000000E+00   0.000000000000000E+00
   7.307963920200000E-01   1.054813757700000E+01   1.054813757700000E+01   0.000000000000000E+00  -9.989275710000000E-01   0.000000000000000E+00   0.000000000000000E+00   0.000000000000000E+00
   7.326857207400000E-01   1.057540768900000E+01   1.057540768900000E+01   0.000000000000000E+00  -9.989275710000000E-01   0.000000000000000E+00   0.000000000000000E+00   0.000000000000000E+00
   7.345750494600000E-01   1.060267780000000E+01   1.060267780000000E+01   0.000000000000000E+00  -9.989275710000000E-01   0.000000000000000E+00   0.000000000000000E+00   0.000000000000000E+00
   7.364643781800000E-01   1.062994791200000E+01   1.062994791200000E+01   0.000000000000000E+00  -9.989275710000000E-01   0.000000000000000E+00   0.000000000000000E+00   0.000000000000000E+00
   7.383723321300000E-01   1.065748685600000E+01   1.065748685600000E+01   0.000000000000000E+00  -9.989275710000000E-01   0.000000000000000E+00   0.000000000000000E+00   0.000000000000000E+00
   7.402802860800000E-01   1.068502580000000E+01   1.068502580000000E+01   0.000000000000000E+00  -9.989275710000000E-01   0.000000000000000E+00   0.000000000000000E+00   0.000000000000000E+00
   7.421882400299999E-01   1.071256474300000E+01   1.071256474300000E+01   0.000000000000000E+00  -9.989275710000000E-01   0.000000000000000E+00   0.000000000000000E+00   0.000000000000000E+00
   7.440961939800000E-01   1.074010368700000E+01   1.074010368700000E+01   0.000000000000000E+00  -9.989275710000000E-01   0.000000000000000E+00   0.000000000000000E+00   0.000000000000000E+00
   7.461921892400000E-01   1.077035677400000E+01   1.077035677400000E+01   0.000000000000000E+00  -9.989275710000000E-01   0.000000000000000E+00   0.000000000000000E+00   0.000000000000000E+00
   7.482881845000000E-01   1.080060986000000E+01   1.080060986000000E+01   0.000000000000000E+00  -9.989275710000000E-01   0.000000000000000E+00   0.000000000000000E+00   0.000000000000000E+00
   7.503841797600000E-01   1.083086294600000E+01   1.083086294600000E+01   0.000000000000000E+00  -9.989275710000000E-01   0.000000000000000E+00   0.000000000000000E+00   0.000000000000000E+00
   7.524801750200000E-01   1.086111603300000E+01   1.086111603300000E+01   0.000000000000000E+00  -9.989275710000000E-01   0.000000000000000E+00   0.000000000000000E+00   0.000000000000000E+00
   7.547570071900001E-01   1.089397927500000E+01   1.089397927500000E+01   0.000000000000000E+00  -9.989275710000000E-01   0.000000000000000E+00   0.000000000000000E+00   0.000000000000000E+00
   7.570338393500000E-01   1.092684251700000E+01   1.092684251700000E+01   0.000000000000000E+00  -9.989275710000000E-01   0.000000000000000E+00   0.000000000000000E+00   0.000000000000000E+00
   7.593106715200000E-01   1.095970576000000E+01   1.095970576000000E+01   0.000000000000000E+00  -9.989275710000000E-01   0.000000000000000E+00   0.000000000000000E+00   0.000000000000000E+00
   7.615875036899999E-01   1.099256900200000E+01   1.099256900200000E+01   0.000000000000000E+00  -9.989275710000000E-01   0.000000000000000E+00   0.000000000000000E+00   0.000000000000000E+00
   7.640686332900000E-01   1.102838102400000E+01   1.102838102400000E+01   0.000000000000000E+00  -9.989275710000000E-01   0.000000000000000E+00   0.000000000000000E+00   0.000000000000000E+00
   7.665497628800000E-01   1.106419304600000E+01   1.106419304600000E+01   0.000000000000000E+00  -9.989275710000000E-01   0.000000000000000E+00   0.000000000000000E+00   0.000000000000000E+00
   7.690308924700000E-01   1.110000506700000E+01   1.110000506700000E+01   0.000000000000000E+00  -9.989275710000000E-01   0.000000000000000E+00   0.000000000000000E+00   0.000000000000000E+00
   7.715120220700000E-01   1.113581708900000E+01   1.113581708900000E+01   0.000000000000000E+00  -9.989275710000000E-01   0.000000000000000E+00   0.000000000000000E+00   0.000000000000000E+00
   7.738704860600000E-01   1.116985858500000E+01   1.116985858500000E+01   0.000000000000000E+00  -9.989275710000000E-01   0.000000000000000E+00   0.000000000000000E+00   0.000000000000000E+00
   7.762289500500000E-01   1.120390008200000E+01   1.120390008200000E+01   0.000000000000000E+00  -9.989275710000000E-01   0.000000000000000E+00   0.000000000000000E+00   0.000000000000000E+00
   7.785874140300000E-01   1.123794157800000E+01   1.123794157800000E+01   0.000000000000000E+00  -9.989275710000000E-01   0.000000000000000E+00   0.000000000000000E+00   0.000000000000000E+00
   7.809458780200000E-01   1.127198307400000E+01   1.127198307400000E+01   0.000000000000000E+00  -9.989275710000000E-01   0.000000000000000E+00   0.000000000000000E+00   0.000000000000000E+00
   7.826677546000000E-01   1.129683622200000E+01   1.129683622200000E+01   0.000000000000000E+00  -9.989275710000000E-01   0.000000000000000E+00   0.000000000000000E+00   0.000000000000000E+00
   7.843896311800000E-01   1.132168937100000E+01   1.132168937100000E+01   0.000000000000000E+00  -9.989275710000000E-01   0.000000000000000E+00   0.000000000000000E+00   0.000000000000000E+00
   7.861115077600001E-01   1.134654251900000E+01   1.134654251900000E+01   0.000000000000000E+00  -9.989275710000000E-01   0.000000000000000E+00   0.000000000000000E+00   0.000000000000000E+00
   7.878333843400001E-01   1.137139566700000E+01   1.137139566700000E+01   0.000000000000000E+00  -9.989275710000000E-01   0.000000000000000E+00   0.000000000000000E+00   0.000000000000000E+00
   7.899339946100000E-01   1.140171536500000E+01   1.140171536500000E+01   0.000000000000000E+00  -9.989275710000000E-01   0.000000000000000E+00   0.000000000000000E+00   0.000000000000000E+00
   7.920346048900000E-01   1.143203506400000E+01   1.143203506400000E+01   0.000000000000000E+00  -9.989275710000000E-01   0.000000000000000E+00   0.000000000000000E+00   0.000000000000000E+00
   7.941352151600000E-01   1.146235476200000E+01   1.146235476200000E+01   0.000000000000000E+00  -9.989275710000000E-01   0.000000000000000E+00   0.000000000000000E+00   0.000000000000000E+00
   7.962358254400000E-01   1.149267446000000E+01   1.149267446000000E+01   0.000000000000000E+00  -9.989275710000000E-01   0.000000000000000E+00   0.000000000000000E+00   0.000000000000000E+00
   7.986541393500000E-01   1.152757981600000E+01   1.152757981600000E+01   0.000000000000000E+00  -9.989275710000000E-01   0.000000000000000E+00   0.000000000000000E+00   0.000000000000000E+00
   8.010724532700000E-01   1.156248517200000E+01   1.156248517200000E+01   0.000000000000000E+00  -9.989275710000000E-01   0.000000000000000E+00   0.000000000000000E+00   0.000000000000000E+00
   8.034907671900000E-01   1.159739052700000E+01   1.159739052700000E+01   0.000000000000000E+00  -9.989275710000000E-01   0.000000000000000E+00   0.000000000000000E+00   0.000000000000000E+00
   8.059090811000000E-01   1.163229588300000E+01   1.163229588300000E+01   0.000000000000000E+00  -9.989275710000000E-01   0.000000000000000E+00   0.000000000000000E+00   0.000000000000000E+00
   8.081416874100000E-01   1.166452078000000E+01   1.166452078000000E+01   0.000000000000000E+00  -9.989275710000000E-01   0.000000000000000E+00   0.000000000000000E+00   0.000000000000000E+00
   8.103742937200000E-01   1.169674567700000E+01   1.169674567700000E+01   0.000000000000000E+00  -9.989275710000000E-01   0.000000000000000E+00   0.000000000000000E+00   0.000000000000000E+00
   8.126069000300000E-01   1.172897057400000E+01   1.172897057400000E+01   0.000000000000000E+00  -9.989275710000000E-01   0.000000000000000E+00   0.000000000000000E+00   0.000000000000000E+00
   8.148395063300000E-01   1.176119547100000E+01   1.176119547100000E+01   0.000000000000000E+00  -9.989275710000000E-01   0.000000000000000E+00   0.000000000000000E+00   0.000000000000000E+00
   8.172484994400000E-01   1.179596629200000E+01   1.179596629200000E+01   0.000000000000000E+00  -9.989275710000000E-01   0.000000000000000E+00   0.000000000000000E+00   0.000000000000000E+00
   8.196574925500000E-01   1.183073711300000E+01   1.183073711300000E+01   0.000000000000000E+00  -9.989275710000000E-01   0.000000000000000E+00   0.000000000000000E+00   0.000000000000000E+00
   8.220664856600000E-01   1.186550793500000E+01   1.186550793500000E+01   0.000000000000000E+00  -9.989275710000000E-01   0.000000000000000E+00   0.000000000000000E+00   0.000000000000000E+00
   8.244754787700000E-01   1.190027875600000E+01   1.190027875600000E+01   0.000000000000000E+00  -9.989275710000000E-01   0.000000000000000E+00   0.000000000000000E+00   0.000000000000000E+00
   8.266356841100000E-01   1.193145863500000E+01   1.193145863500000E+01   0.000000000000000E+00  -9.989275710000000E-01   0.000000000000000E+00   0.000000000000000E+00   0.000000000000000E+00
   8.287958894500000E-01   1.196263851400000E+01   1.196263851400000E+01   0.000000000000000E+00  -9.989275710000000E-01   0.000000000000000E+00   0.000000000000000E+00   0.000000000000000E+00
   8.309560947800000E-01   1.199381839300000E+01   1.199381839300000E+01   0.000000000000000E+00  -9.989275710000000E-01   0.000000000000000E+00   0.000000000000000E+00   0.000000000000000E+00
   8.331163001200000E-01   1.202499827200000E+01   1.202499827200000E+01   0.000000000000000E+00  -9.989275710000000E-01   0.000000000000000E+00   0.000000000000000E+00   0.000000000000000E+00
   8.351452903300000E-01   1.205428422400000E+01   1.205428422400000E+01   0.000000000000000E+00  -9.989275710000000E-01   0.000000000000000E+00   0.000000000000000E+00   0.000000000000000E+00
   8.371742805500000E-01   1.208357017600000E+01   1.208357017600000E+01   0.000000000000000E+00  -9.989275710000000E-01   0.000000000000000E+00   0.000000000000000E+00   0.000000000000000E+00
   8.392032707600000E-01   1.211285612700000E+01   1.211285612700000E+01   0.000000000000000E+00  -9.989275710000000E-01   0.000000000000000E+00   0.000000000000000E+00   0.000000000000000E+00
   8.412322609800000E-01   1.214214207900000E+01   1.214214207900000E+01   0.000000000000000E+00  -9.989275710000000E-01   0.000000000000000E+00   0.000000000000000E+00   0.000000000000000E+00
   8.433214261400001E-01   1.217229658200000E+01   1.217229658200000E+01   0.000000000000000E+00  -9.989275710000000E-01   0.000000000000000E+00   0.000000000000000E+00   0.000000000000000E+00
   8.454105913100000E-01   1.220245108400000E+01   1.220245108400000E+01   0.000000000000000E+00  -9.989275710000000E-01   0.000000000000000E+00   0.000000000000000E+00   0.000000000000000E+00
   8.474997564800000E-01   1.223260558700000E+01   1.223260558700000E+01   0.000000000000000E+00  -9.989275710000000E-01   0.000000000000000E+00   0.000000000000000E+00   0.000000000000000E+00
   8.495889216500000E-01   1.226276008900000E+01   1.226276008900000E+01   0.000000000000000E+00  -9.989275710000000E-01   0.000000000000000E+00   0.000000000000000E+00   0.000000000000000E+00
   8.519037798100000E-01   1.229617218900000E+01   1.229617218900000E+01   0.000000000000000E+00  -9.989275710000000E-01   0.000000000000000E+00   0.000000000000000E+00   0.000000000000000E+00
   8.542186379700000E-01   1.232958429000000E+01   1.232958429000000E+01   0.000000000000000E+00  -9.989275710000000E-01   0.000000000000000E+00   0.000000000000000E+00   0.000000000000000E+00
   8.565334961300000E-01   1.236299639000000E+01   1.236299639000000E+01   0.000000000000000E+00  -9.989275710000000E-01   0.000000000000000E+00   0.000000000000000E+00   0.000000000000000E+00
   8.588483542899999E-01   1.239640849000000E+01   1.239640849000000E+01   0.000000000000000E+00  -9.989275710000000E-01   0.000000000000000E+00   0.000000000000000E+00   0.000000000000000E+00
   8.612936055300000E-01   1.243170265300000E+01   1.243170265300000E+01   0.000000000000000E+00  -9.989275710000000E-01   0.000000000000000E+00   0.000000000000000E+00   0.000000000000000E+00
   8.637388567800000E-01   1.246699681500000E+01   1.246699681500000E+01   0.000000000000000E+00  -9.989275710000000E-01   0.000000000000000E+00   0.000000000000000E+00   0.000000000000000E+00
   8.661841080200000E-01   1.250229097700000E+01   1.250229097700000E+01   0.000000000000000E+00  -9.989275710000000E-01   0.000000000000000E+00   0.000000000000000E+00   0.000000000000000E+00
   8.686293592600000E-01   1.253758514000000E+01   1.253758514000000E+01   0.000000000000000E+00  -9.989275710000000E-01   0.000000000000000E+00   0.000000000000000E+00   0.000000000000000E+00
   8.710027188900000E-01   1.257184163600000E+01   1.257184163600000E+01   0.000000000000000E+00  -9.989275710000000E-01   0.000000000000000E+00   0.000000000000000E+00   0.000000000000000E+00
   8.733760785200000E-01   1.260609813200000E+01   1.260609813200000E+01   0.000000000000000E+00  -9.989275710000000E-01   0.000000000000000E+00   0.000000000000000E+00   0.000000000000000E+00
   8.757494381499999E-01   1.264035462900000E+01   1.264035462900000E+01   0.000000000000000E+00  -9.989275710000000E-01   0.000000000000000E+00   0.000000000000000E+00   0.000000000000000E+00
   8.781227977900000E-01   1.267461112500000E+01   1.267461112500000E+01   0.000000000000000E+00  -9.989275710000000E-01   0.000000000000000E+00   0.000000000000000E+00   0.000000000000000E+00
   8.804431625000000E-01   1.270810270600000E+01   1.270810270600000E+01   0.000000000000000E+00  -9.989275710000000E-01   0.000000000000000E+00   0.000000000000000E+00   0.000000000000000E+00
   8.827635272200000E-01   1.274159428600000E+01   1.274159428600000E+01   0.000000000000000E+00  -9.989275710000000E-01   0.000000000000000E+00   0.000000000000000E+00   0.000000000000000E+00
   8.850838919400000E-01   1.277508586700000E+01   1.277508586700000E+01   0.000000000000000E+00  -9.989275710000000E-01   0.000000000000000E+00   0.000000000000000E+00   0.000000000000000E+00
   8.874042566600000E-01   1.280857744800000E+01   1.280857744800000E+01   0.000000000000000E+00  -9.989275710000000E-01   0.000000000000000E+00   0.000000000000000E+00   0.000000000000000E+00
   8.896677453700000E-01   1.284124809400000E+01   1.284124809400000E+01   0.000000000000000E+00  -9.989275710000000E-01   0.000000000000000E+00   0.000000000000000E+00   0.000000000000000E+00
   8.919312340800000E-01   1.287391874000000E+01   1.287391874000000E+01   0.000000000000000E+00  -9.989275710000000E-01   0.000000000000000E+00   0.000000000000000E+00   0.000000000000000E+00
   8.941947227900000E-01   1.290658938600000E+01   1.290658938600000E+01   0.000000000000000E+00  -9.989275710000000E-01   0.000000000000000E+00   0.000000000000000E+00   0.000000000000000E+00
   8.964582114900000E-01   1.293926003200000E+01   1.293926003200000E+01   0.000000000000000E+00  -9.989275710000000E-01   0.000000000000000E+00   0.000000000000000E+00   0.000000000000000E+00
   8.989079588100000E-01   1.297461909000000E+01   1.297461909000000E+01   0.000000000000000E+00  -9.989275710000000E-01   0.000000000000000E+00   0.000000000000000E+00   0.000000000000000E+00
   9.013577061200000E-01   1.300997814700000E+01   1.300997814700000E+01   0.000000000000000E+00  -9.989275710000000E-01   0.000000000000000E+00   0.000000000000000E+00   0.000000000000000E+00
   9.038074534300000E-01   1.304533720500000E+01   1.304533720500000E+01   0.000000000000000E+00  -9.989275710000000E-01   0.000000000000000E+00   0.000000000000000E+00   0.000000000000000E+00
   9.062572007500000E-01   1.308069626200000E+01   1.308069626200000E+01   0.000000000000000E+00  -9.989275710000000E-01   0.000000000000000E+00   0.000000000000000E+00   0.000000000000000E+00
   9.085161551700000E-01   1.311330146200000E+01   1.311330146200000E+01   0.000000000000000E+00  -9.989275710000000E-01   0.000000000000000E+00   0.000000000000000E+00   0.000000000000000E+00
   9.107751095900000E-01   1.314590666100000E+01   1.314590666100000E+01   0.000000000000000E+00  -9.989275710000000E-01   0.000000000000000E+00   0.000000000000000E+00   0.000000000000000E+00
   9.130340640100000E-01   1.317851186000000E+01   1.317851186000000E+01   0.000000000000000E+00  -9.989275710000000E-01   0.000000000000000E+00   0.000000000000000E+00   0.000000000000000E+00
   9.152930184300000E-01   1.321111705900000E+01   1.321111705900000E+01   0.000000000000000E+00  -9.989275710000000E-01   0.000000000000000E+00   0.000000000000000E+00   0.000000000000000E+00
   9.172561699100000E-01   1.323945271100000E+01   1.323945271100000E+01   0.000000000000000E+00  -9.989275710000000E-01   0.000000000000000E+00   0.000000000000000E+00   0.000000000000000E+00
   9.192193213800000E-01   1.326778836200000E+01   1.326778836200000E+01   0.000000000000000E+00  -9.989275710000000E-01   0.000000000000000E+00   0.000000000000000E+00   0.000000000000000E+00
   9.211824728500000E-01   1.329612401400000E+01   1.329612401400000E+01   0.000000000000000E+00  -9.989275710000000E-01   0.000000000000000E+00   0.000000000000000E+00   0.000000000000000E+00
   9.231456243300000E-01   1.332445966500000E+01   1.332445966500000E+01   0.000000000000000E+00  -9.989275710000000E-01   0.000000000000000E+00   0.000000000000000E+00   0.000000000000000E+00
   9.258368321300000E-01   1.336330390500000E+01   1.336330390500000E+01   0.000000000000000E+00  -9.989275710000000E-01   0.000000000000000E+00   0.000000000000000E+00   0.000000000000000E+00
   9.285280399200000E-01   1.340214814400000E+01   1.340214814400000E+01   0.000000000000000E+00  -9.989275710000000E-01   0.000000000000000E+00   0.000000000000000E+00   0.000000000000000E+00
   9.312192477200000E-01   1.344099238400000E+01   1.344099238400000E+01   0.000000000000000E+00  -9.989275710000000E-01   0.000000000000000E+00   0.000000000000000E+00   0.000000000000000E+00
   9.339104555200000E-01   1.347983662300000E+01   1.347983662300000E+01   0.000000000000000E+00  -9.989275710000000E-01   0.000000000000000E+00   0.000000000000000E+00   0.000000000000000E+00
   9.366259283800000E-01   1.351903109900000E+01   1.351903109900000E+01   0.000000000000000E+00  -9.989275710000000E-01   0.000000000000000E+00   0.000000000000000E+00   0.000000000000000E+00
   9.393414012400000E-01   1.355822557400000E+01   1.355822557400000E+01   0.000000000000000E+00  -9.989275710000000E-01   0.000000000000000E+00   0.000000000000000E+00   0.000000000000000E+00
   9.420568741100001E-01   1.359742005000000E+01   1.359742005000000E+01   0.000000000000000E+00  -9.989275710000000E-01   0.000000000000000E+00   0.000000000000000E+00   0.000000000000000E+00
   9.447723469700000E-01   1.363661452600000E+01   1.363661452600000E+01   0.000000000000000E+00  -9.989275710000000E-01   0.000000000000000E+00   0.000000000000000E+00   0.000000000000000E+00
   9.467529894800000E-01   1.366520263800000E+01   1.366520263800000E+01   0.000000000000000E+00  -9.989275710000000E-01   0.000000000000000E+00   0.000000000000000E+00   0.000000000000000E+00
   9.487336319900000E-01   1.369379075100000E+01   1.369379075100000E+01   0.000000000000000E+00  -9.989275710000000E-01   0.000000000000000E+00   0.000000000000000E+00   0.000000000000000E+00
   9.507142745000000E-01   1.372237886400000E+01   1.372237886400000E+01   0.000000000000000E+00  -9.989275710000000E-01   0.000000000000000E+00   0.000000000000000E+00   0.000000000000000E+00
   9.526949170100000E-01   1.375096697700000E+01   1.375096697700000E+01   0.000000000000000E+00  -9.989275710000000E-01   0.000000000000000E+00   0.000000000000000E+00   0.000000000000000E+00
   9.547378951300000E-01   1.378045482700000E+01   1.378045482700000E+01   0.000000000000000E+00  -9.989275710000000E-01   0.000000000000000E+00   0.000000000000000E+00   0.000000000000000E+00
   9.567808732500001E-01   1.380994267600000E+01   1.380994267600000E+01   0.000000000000000E+00  -9.989275710000000E-01   0.000000000000000E+00   0.000000000000000E+00   0.000000000000000E+00
   9.588238513600000E-01   1.383943052600000E+01   1.383943052600000E+01   0.000000000000000E+00  -9.989275710000000E-01   0.000000000000000E+00   0.000000000000000E+00   0.000000000000000E+00
   9.608668294800000E-01   1.386891837600000E+01   1.386891837600000E+01   0.000000000000000E+00  -9.989275710000000E-01   0.000000000000000E+00   0.000000000000000E+00   0.000000000000000E+00
   9.633474275700000E-01   1.390472272600000E+01   1.390472272600000E+01   0.000000000000000E+00  -9.989275710000000E-01   0.000000000000000E+00   0.000000000000000E+00   0.000000000000000E+00
   9.658280256600000E-01   1.394052707600000E+01   1.394052707600000E+01   0.000000000000000E+00  -9.989275710000000E-01   0.000000000000000E+00   0.000000000000000E+00   0.000000000000000E+00
   9.683086237400000E-01   1.397633142600000E+01   1.397633142600000E+01   0.000000000000000E+00  -9.989275710000000E-01   0.000000000000000E+00   0.000000000000000E+00   0.000000000000000E+00
   9.707892218300000E-01   1.401213577700000E+01   1.401213577700000E+01   0.000000000000000E+00  -9.989275710000000E-01   0.000000000000000E+00   0.000000000000000E+00   0.000000000000000E+00
   9.732051055800000E-01   1.404700605600000E+01   1.404700605600000E+01   0.000000000000000E+00  -9.989275710000000E-01   0.000000000000000E+00   0.000000000000000E+00   0.000000000000000E+00
   9.756209893400000E-01   1.408187633500000E+01   1.408187633500000E+01   0.000000000000000E+00  -9.989275710000000E-01   0.000000000000000E+00   0.000000000000000E+00   0.000000000000000E+00
   9.780368730900000E-01   1.411674661400000E+01   1.411674661400000E+01   0.000000000000000E+00  -9.989275710000000E-01   0.000000000000000E+00   0.000000000000000E+00   0.000000000000000E+00
   9.804527568500000E-01   1.415161689300000E+01   1.415161689300000E+01   0.000000000000000E+00  -9.989275710000000E-01   0.000000000000000E+00   0.000000000000000E+00   0.000000000000000E+00
   9.853395676300000E-01   1.422215193300000E+01   1.422215193300000E+01   0.000000000000000E+00  -9.989275710000000E-01   0.000000000000000E+00   0.000000000000000E+00   0.000000000000000E+00
   9.902263784200001E-01   1.429268697300000E+01   1.429268697300000E+01   0.000000000000000E+00  -9.989275710000000E-01   0.000000000000000E+00   0.000000000000000E+00   0.000000000000000E+00
   9.951131892100000E-01   1.436322201200000E+01   1.436322201200000E+01   0.000000000000000E+00  -9.989275710000000E-01   0.000000000000000E+00   0.000000000000000E+00   0.000000000000000E+00
   1.000000000000000E+00   1.443375705200000E+01   1.443375705200000E+01   0.000000000000000E+00  -9.989275710000000E-01   0.000000000000000E+00   0.000000000000000E+00   0.000000000000000E+00
