   0.000000000000000E+00  -1.781257210200000E-30   0.000000000000000E+00   0.000000000000000E+00  -9.595358234600000E-01   0.000000000000000E+00   0.000000000000000E+00   0.000000000000000E+00
   3.650037665100000E-02   5.268375688900000E-01   5.268375688900000E-01   0.000000000000000E+00  -9.595358234600000E-01   0.000000000000000E+00   0.000000000000000E+00   0.000000000000000E+00
   7.300075330300000E-02   1.053675137800000E+00   1.053675137800000E+00   0.000000000000000E+00  -9.595358234600000E-01   0.000000000000000E+00   0.000000000000000E+00   0.000000000000000E+00
   1.095011299500000E-01   1.580512706700000E+00   1.580512706700000E+00   0.000000000000000E+00  -9.595358234600000E-01   0.000000000000000E+00   0.000000000000000E+00   0.000000000000000E+00
   1.460015066100000E-01   2.107350275600000E+00   2.107350275600000E+00   0.000000000000000E+00  -9.595358234600000E-01   0.000000000000000E+00   0.000000000000000E+00   0.000000000000000E+00
   1.679279362000000E-01   2.423831033300000E+00   2.423831033300000E+00   0.000000000000000E+00  -9.595358234600000E-01   0.000000000000000E+00   0.000000000000000E+00   0.000000000000000E+00
   1.898543657900000E-01   2.740311791000000E+00   2.740311791000000E+00   0.000000000000000E+00  -9.595358234600000E-01   0.000000000000000E+00   0.000000000000000E+00   0.000000000000000E+00
   2.117807953800000E-01   3.056792548700000E+00   3.056792548700000E+00   0.000000000000000E+00  -9.595358234600000E-01   0.000000000000000E+00   0.000000000000000E+00   0.000000000000000E+00
   2.337072249700000E-01   3.373273306500000E+00   3.373273306500000E+00   0.000000000000000E+00  -9.595358234600000E-01   0.000000000000000E+00   0.000000000000000E+00   0.000000000000000E+00
   2.495114284900000E-01   3.601387340500000E+00   3.601387340500000E+00   0.000000000000000E+00  -9.595358234600000E-01   0.000000000000000E+00   0.000000000000000E+00   0.000000000000000E+00
   2.653156320000000E-01   3.829501374400000E+00   3.829501374400000E+00   0.000000000000000E+00  -9.595358234600000E-01   0.000000000000000E+00   0.000000000000000E+00   0.000000000000000E+00
   2.811198355200000E-01   4.057615408400000E+00   4.057615408400000E+00   0.000000000000000E+00  -9.595358234600000E-01   0.000000000000000E+00   0.000000000000000E+00   0.000000000000000E+00
   2.969240390400000E-01   4.285729442400000E+00   4.285729442400000E+00   0.000000000000000E+00  -9.595358234600000E-01   0.000000000000000E+00   0.000000000000000E+00   0.000000000000000E+00
   3.094297901000000E-01   4.466234415000000E+00   4.466234415000000E+00   0.000000000000000E+00  -9.595358234600000E-01   0.000000000000000E+00   0.000000000000000E+00   0.000000000000000E+00
   3.219355411700000E-01   4.646739387600000E+00   4.646739387600000E+00   0.000000000000000E+00  -9.595358234600000E-01   0.000000000000000E+00   0.000000000000000E+00   0.000000000000000E+00
   3.344412922300000E-01   4.827244360200000E+00   4.827244360200000E+00   0.000000000000000E+00  -9.595358234600000E-01   0.000000000000000E+00   0.000000000000000E+00   0.000000000000000E+00
   3.469470432900000E-01   5.007749332800000E+00   5.007749332800000E+00   0.000000000000000E+00  -9.595358234600000E-01   0.000000000000000E+00   0.000000000000000E+00   0.000000000000000E+00
   3.595712775500000E-01   5.189964463000000E+00   5.189964463000000E+00   0.000000000000000E+00  -9.595358234600000E-01   0.000000000000000E+00   0.000000000000000E+00   0.000000000000000E+00
   3.721955118100000E-01   5.372179593300000E+00   5.372179593300000E+00   0.000000000000000E+00  -9.595358234600000E-01   0.000000000000000E+00   0.000000000000000E+00   0.000000000000000E+00
   3.848197460700000E-01   5.554394723500000E+00   5.554394723500000E+00   0.000000000000000E+00  -9.595358234600000E-01   0.000000000000000E+00   0.000000000000000E+00   0.000000000000000E+00
   3.974439803300000E-01   5.736609853800000E+00   5.736609853800000E+00   0.000000000000000E+00  -9.595358234600000E-01   0.000000000000000E+00   0.000000000000000E+00   0.000000000000000E+00
   4.061836920300000E-01   5.862756729200000E+00   5.862756729200000E+00   0.000000000000000E+00  -9.595358234600000E-01   0.000000000000000E+00   0.000000000000000E+00   0.000000000000000E+00
   4.149234037300000E-01   5.988903604700000E+00   5.988903604700000E+00   0.000000000000000E+00  -9.595358234600000E-01   0.000000000000000E+00   0.000000000000000E+00   0.000000000000000E+00
   4.236631154300000E-01   6.115050480100000E+00   6.115050480100000E+00   0.000000000000000E+00  -9.595358234600000E-01   0.000000000000000E+00   0.000000000000000E+00   0.000000000000000E+00
   4.324028271400000E-01   6.241197355500000E+00   6.241197355500000E+00   0.000000000000000E+00  -9.595358234600000E-01   0.000000000000000E+00   0.000000000000000E+00   0.000000000000000E+00
   4.415156271400000E-01   6.372729296900000E+00   6.372729296900000E+00   0.000000000000000E+00  -9.595358234600000E-01   0.000000000000000E+00   0.000000000000000E+00   0.000000000000000E+00
   4.506284271500000E-01   6.504261238200000E+00   6.504261238200000E+00   0.000000000000000E+00  -9.595358234600000E-01   0.000000000000000E+00   0.000000000000000E+00   0.000000000000000E+00
   4.597412271600000E-01   6.635793179600000E+00   6.635793179600000E+00   0.000000000000000E+00  -9.595358234600000E-01   0.000000000000000E+00   0.000000000000000E+00   0.000000000000000E+00
   4.688540271700000E-01   6.767325121000000E+00   6.767325121000000E+00   0.000000000000000E+00  -9.595358234600000E-01   0.000000000000000E+00   0.000000000000000E+00   0.000000000000000E+00
   4.782728201200000E-01   6.903273690200000E+00   6.903273690200000E+00   0.000000000000000E+00  -9.595358234600000E-01   0.000000000000000E+00   0.000000000000000E+00   0.000000000000000E+00
   4.876916130700000E-01   7.039222259400000E+00   7.039222259400000E+00   0.000000000000000E+00  -9.595358234600000E-01   0.000000000000000E+00   0.000000000000000E+00   0.000000000000000E+00
   4.971104060200000E-01   7.175170828600000E+00   7.175170828600000E+00   0.000000000000000E+00  -9.595358234600000E-01   0.000000000000000E+00   0.000000000000000E+00   0.000000000000000E+00
   5.065291989800000E-01   7.311119397800000E+00   7.311119397800000E+00   0.000000000000000E+00  -9.595358234600000E-01   0.000000000000000E+00   0.000000000000000E+00   0.000000000000000E+00
   5.137612982999999E-01   7.415505762300000E+00   7.415505762300000E+00   0.000000000000000E+00  -9.595358234600000E-01   0.000000000000000E+00   0.000000000000000E+00   0.000000000000000E+00
   5.209933976200000E-01   7.519892126900000E+00   7.519892126900000E+00   0.000000000000000E+00  -9.595358234600000E-01   0.000000000000000E+00   0.000000000000000E+00   0.000000000000000E+00
   5.282254969400000E-01   7.624278491500000E+00   7.624278491500000E+00   0.000000000000000E+00  -9.595358234600000E-01   0.000000000000000E+00   0.000000000000000E+00   0.000000000000000E+00
   5.354575962600000E-01   7.728664856100000E+00   7.728664856100000E+00   0.000000000000000E+00  -9.595358234600000E-01   0.000000000000000E+00   0.000000000000000E+00   0.000000000000000E+00
   5.411726367700000E-01   7.811154362300000E+00   7.811154362300000E+00   0.000000000000000E+00  -9.595358234600000E-01   0.000000000000000E+00   0.000000000000000E+00   0.000000000000000E+00
   5.468876772700000E-01   7.893643868400000E+00   7.893643868400000E+00   0.000000000000000E+00  -9.595358234600000E-01   0.000000000000000E+00   0.000000000000000E+00   0.000000000000000E+00
   5.526027177700000E-01   7.976133374600000E+00   7.976133374600000E+00   0.000000000000000E+00  -9.595358234600000E-01   0.000000000000000E+00   0.000000000000000E+00   0.000000000000000E+00
   5.583177582800000E-01   8.058622880800000E+00   8.058622880800000E+00   0.000000000000000E+00  -9.595358234600000E-01   0.000000000000000E+00   0.000000000000000E+00   0.000000000000000E+00
   5.634671726400000E-01   8.132948276700001E+00   8.132948276700001E+00   0.000000000000000E+00  -9.595358234600000E-01   0.000000000000000E+00   0.000000000000000E+00   0.000000000000000E+00
   5.686165870000000E-01   8.207273672500000E+00   8.207273672500000E+00   0.000000000000000E+00  -9.595358234600000E-01   0.000000000000000E+00   0.000000000000000E+00   0.000000000000000E+00
   5.737660013600000E-01   8.281599068400000E+00   8.281599068400000E+00   0.000000000000000E+00  -9.595358234600000E-01   0.000000000000000E+00   0.000000000000000E+00   0.000000000000000E+00
   5.789154157200000E-01   8.355924464199999E+00   8.355924464199999E+00   0.000000000000000E+00  -9.595358234600000E-01   0.000000000000000E+00   0.000000000000000E+00   0.000000000000000E+00
   5.835114068400000E-01   8.422261883399999E+00   8.422261883399999E+00   0.000000000000000E+00  -9.595358234600000E-01   0.000000000000000E+00   0.000000000000000E+00   0.000000000000000E+00
   5.881073979500000E-01   8.488599302500001E+00   8.488599302500001E+00   0.000000000000000E+00  -9.595358234600000E-01   0.000000000000000E+00   0.000000000000000E+00   0.000000000000000E+00
   5.927033890600000E-01   8.554936721600001E+00   8.554936721600001E+00   0.000000000000000E+00  -9.595358234600000E-01   0.000000000000000E+00   0.000000000000000E+00   0.000000000000000E+00
   5.972993801800000E-01   8.621274140800001E+00   8.621274140800001E+00   0.000000000000000E+00  -9.595358234600000E-01   0.000000000000000E+00   0.000000000000000E+00   0.000000000000000E+00
   6.019164045299999E-01   8.687915148500000E+00   8.687915148500000E+00   0.000000000000000E+00  -9.595358234600000E-01   0.000000000000000E+00   0.000000000000000E+00   0.000000000000000E+00
   6.065334288699999E-01   8.754556156300000E+00   8.754556156300000E+00   0.000000000000000E+00  -9.595358234600000E-01   0.000000000000000E+00   0.000000000000000E+00   0.000000000000000E+00
   6.111504532199999E-01   8.821197164100001E+00   8.821197164100001E+00   0.000000000000000E+00  -9.595358234600000E-01   0.000000000000000E+00   0.000000000000000E+00   0.000000000000000E+00
   6.157674775700001E-01   8.887838171800000E+00   8.887838171800000E+00   0.000000000000000E+00  -9.595358234600000E-01   0.000000000000000E+00   0.000000000000000E+00   0.000000000000000E+00
   6.201229591000000E-01   8.950704134100000E+00   8.950704134100000E+00   0.000000000000000E+00  -9.595358234600000E-01   0.000000000000000E+00   0.000000000000000E+00   0.000000000000000E+00
   6.244784406400000E-01   9.013570096300001E+00   9.013570096300001E+00   0.000000000000000E+00  -9.595358234600000E-01   0.000000000000000E+00   0.000000000000000E+00   0.000000000000000E+00
   6.288339221700000E-01   9.076436058600001E+00   9.076436058600001E+00   0.000000000000000E+00  -9.595358234600000E-01   0.000000000000000E+00   0.000000000000000E+00   0.000000000000000E+00
   6.331894037000000E-01   9.139302020900001E+00   9.139302020900001E+00   0.000000000000000E+00  -9.595358234600000E-01   0.000000000000000E+00   0.000000000000000E+00   0.000000000000000E+00
   6.378240132500000E-01   9.206196849199999E+00   9.206196849199999E+00   0.000000000000000E+00  -9.595358234600000E-01   0.000000000000000E+00   0.000000000000000E+00   0.000000000000000E+00
   6.424586228000000E-01   9.273091677500000E+00   9.273091677500000E+00   0.000000000000000E+00  -9.595358234600000E-01   0.000000000000000E+00   0.000000000000000E+00   0.000000000000000E+00
   6.470932323500000E-01   9.339986505800001E+00   9.339986505800001E+00   0.000000000000000E+00  -9.595358234600000E-01   0.000000000000000E+00   0.000000000000000E+00   0.000000000000000E+00
   6.517278419100000E-01   9.406881334099999E+00   9.406881334099999E+00   0.000000000000000E+00  -9.595358234600000E-01   0.000000000000000E+00   0.000000000000000E+00   0.000000000000000E+00
   6.564644964500000E-01   9.475249055000001E+00   9.475249055000001E+00   0.000000000000000E+00  -9.595358234600000E-01   0.000000000000000E+00   0.000000000000000E+00   0.000000000000000E+00
   6.612011509900000E-01   9.543616775800000E+00   9.543616775800000E+00   0.000000000000000E+00  -9.595358234600000E-01   0.000000000000000E+00   0.000000000000000E+00   0.000000000000000E+00
   6.659378055300000E-01   9.611984496700000E+00   9.611984496700000E+00   0.000000000000000E+00  -9.595358234600000E-01   0.000000000000000E+00   0.000000000000000E+00   0.000000000000000E+00
   6.706744600700000E-01   9.680352217599999E+00   9.680352217599999E+00   0.000000000000000E+00  -9.595358234600000E-01   0.000000000000000E+00   0.000000000000000E+00   0.000000000000000E+00
   6.740147215700000E-01   9.728564740700000E+00   9.728564740700000E+00   0.000000000000000E+00  -9.595358234600000E-01   0.000000000000000E+00   0.000000000000000E+00   0.000000000000000E+00
   6.773549830800000E-01   9.776777263800000E+00   9.776777263800000E+00   0.000000000000000E+00  -9.595358234600000E-01   0.000000000000000E+00   0.000000000000000E+00   0.000000000000000E+00
   6.806952445900000E-01   9.824989786900000E+00   9.824989786900000E+00   0.000000000000000E+00  -9.595358234600000E-01   0.000000000000000E+00   0.000000000000000E+00   0.000000000000000E+00
   6.840355061000000E-01   9.873202310000000E+00   9.873202310000000E+00   0.000000000000000E+00  -9.595358234600000E-01   0.000000000000000E+00   0.000000000000000E+00   0.000000000000000E+00
   6.872976225800000E-01   9.920286906799999E+00   9.920286906799999E+00   0.000000000000000E+00  -9.595358234600000E-01   0.000000000000000E+00   0.000000000000000E+00   0.000000000000000E+00
   6.905597390700000E-01   9.967371503600001E+00   9.967371503600001E+00   0.000000000000000E+00  -9.595358234600000E-01   0.000000000000000E+00   0.000000000000000E+00   0.000000000000000E+00
   6.938218555500000E-01   1.001445610000000E+01   1.001445610000000E+01   0.000000000000000E+00  -9.595358234600000E-01   0.000000000000000E+00   0.000000000000000E+00   0.000000000000000E+00
   6.970839720400001E-01   1.006154069700000E+01   1.006154069700000E+01   0.000000000000000E+00  -9.595358234600000E-01   0.000000000000000E+00   0.000000000000000E+00   0.000000000000000E+00
   6.989895349700000E-01   1.008904513000000E+01   1.008904513000000E+01   0.000000000000000E+00  -9.595358234600000E-01   0.000000000000000E+00   0.000000000000000E+00   0.000000000000000E+00
   7.008950978900000E-01   1.011654956200000E+01   1.011654956200000E+01   0.000000000000000E+00  -9.595358234600000E-01   0.000000000000000E+00   0.000000000000000E+00   0.000000000000000E+00
   7.028006608200000E-01   1.014405399400000E+01   1.014405399400000E+01   0.000000000000000E+00  -9.595358234600000E-01   0.000000000000000E+00   0.000000000000000E+00   0.000000000000000E+00
   7.047062237500000E-01   1.017155842700000E+01   1.017155842700000E+01   0.000000000000000E+00  -9.595358234600000E-01   0.000000000000000E+00   0.000000000000000E+00   0.000000000000000E+00
   7.065883928800000E-01   1.019872519900000E+01   1.019872519900000E+01   0.000000000000000E+00  -9.595358234600000E-01   0.000000000000000E+00   0.000000000000000E+00   0.000000000000000E+00
   7.084705620100000E-01   1.022589197000000E+01   1.022589197000000E+01   0.000000000000000E+00  -9.595358234600000E-01   0.000000000000000E+00   0.000000000000000E+00   0.000000000000000E+00
   7.103527311400000E-01   1.025305874200000E+01   1.025305874200000E+01   0.000000000000000E+00  -9.595358234600000E-01   0.000000000000000E+00   0.000000000000000E+00   0.000000000000000E+00
   7.122349002600000E-01   1.028022551400000E+01   1.028022551400000E+01   0.000000000000000E+00  -9.595358234600000E-01   0.000000000000000E+00   0.000000000000000E+00   0.000000000000000E+00
   7.144753091100000E-01   1.031256303100000E+01   1.031256303100000E+01   0.000000000000000E+00  -9.595358234600000E-01   0.000000000000000E+00   0.000000000000000E+00   0.000000000000000E+00
   7.167157179500000E-01   1.034490054800000E+01   1.034490054800000E+01   0.000000000000000E+00  -9.595358234600000E-01   0.000000000000000E+00   0.000000000000000E+00   0.000000000000000E+00
   7.189561267900000E-01   1.037723806500000E+01   1.037723806500000E+01   0.000000000000000E+00  -9.595358234600000E-01   0.000000000000000E+00   0.000000000000000E+00   0.000000000000000E+00
   7.211965356400000E-01   1.040957558200000E+01   1.040957558200000E+01   0.000000000000000E+00  -9.595358234600000E-01   0.000000000000000E+00   0.000000000000000E+00   0.000000000000000E+00
   7.234116130800000E-01   1.044154747200000E+01   1.044154747200000E+01   0.000000000000000E+00  -9.595358234600000E-01   0.000000000000000E+00   0.000000000000000E+00   0.000000000000000E+00
   7.256266905200000E-01   1.047351936100000E+01   1.047351936100000E+01   0.000000000000000E+00  -9.595358234600000E-01   0.000000000000000E+00   0.000000000000000E+00   0.000000000000000E+00
   7.278417679600000E-01   1.050549125100000E+01   1.050549125100000E+01   0.000000000000000E+00  -9.595358234600000E-01   0.000000000000000E+00   0.000000000000000E+00   0.000000000000000E+00
   7.300568454100000E-01   1.053746314100000E+01   1.053746314100000E+01   0.000000000000000E+00  -9.595358234600000E-01   0.000000000000000E+00   0.000000000000000E+00   0.000000000000000E+00
   7.317610332400000E-01   1.056206097400000E+01   1.056206097400000E+01   0.000000000000000E+00  -9.595358234600000E-01   0.000000000000000E+00   0.000000000000000E+00   0.000000000000000E+00
   7.334652210600000E-01   1.058665880700000E+01   1.058665880700000E+01   0.000000000000000E+00  -9.595358234600000E-01   0.000000000000000E+00   0.000000000000000E+00   0.000000000000000E+00
   7.351694088900000E-01   1.061125664000000E+01   1.061125664000000E+01   0.000000000000000E+00  -9.595358234600000E-01   0.000000000000000E+00   0.000000000000000E+00   0.000000000000000E+00
   7.368735967200000E-01   1.063585447300000E+01   1.063585447300000E+01   0.000000000000000E+00  -9.595358234600000E-01   0.000000000000000E+00   0.000000000000000E+00   0.000000000000000E+00
   7.382566872500000E-01   1.065581766600000E+01   1.065581766600000E+01   0.000000000000000E+00  -9.595358234600000E-01   0.000000000000000E+00   0.000000000000000E+00   0.000000000000000E+00
   7.396397777700000E-01   1.067578085800000E+01   1.067578085800000E+01   0.000000000000000E+00  -9.595358234600000E-01   0.000000000000000E+00   0.000000000000000E+00   0.000000000000000E+00
   7.410228683000000E-01   1.069574405100000E+01   1.069574405100000E+01   0.000000000000000E+00  -9.595358234600000E-01   0.000000000000000E+00   0.000000000000000E+00   0.000000000000000E+00
   7.424059588200000E-01   1.071570724400000E+01   1.071570724400000E+01   0.000000000000000E+00  -9.595358234600000E-01   0.000000000000000E+00   0.000000000000000E+00   0.000000000000000E+00
   7.433985181700000E-01   1.073003360400000E+01   1.073003360400000E+01   0.000000000000000E+00  -9.595358234600000E-01   0.000000000000000E+00   0.000000000000000E+00   0.000000000000000E+00
   7.443910775200000E-01   1.074435996500000E+01   1.074435996500000E+01   0.000000000000000E+00  -9.595358234600000E-01   0.000000000000000E+00   0.000000000000000E+00   0.000000000000000E+00
   7.453836368600000E-01   1.075868632500000E+01   1.075868632500000E+01   0.000000000000000E+00  -9.595358234600000E-01   0.000000000000000E+00   0.000000000000000E+00   0.000000000000000E+00
   7.463761962100000E-01   1.077301268500000E+01   1.077301268500000E+01   0.000000000000000E+00  -9.595358234600000E-01   0.000000000000000E+00   0.000000000000000E+00   0.000000000000000E+00
   7.474273394500000E-01   1.078818463200000E+01   1.078818463200000E+01   0.000000000000000E+00  -9.595358234600000E-01   0.000000000000000E+00   0.000000000000000E+00   0.000000000000000E+00
   7.484784826999999E-01   1.080335657800000E+01   1.080335657800000E+01   0.000000000000000E+00  -9.595358234600000E-01   0.000000000000000E+00   0.000000000000000E+00   0.000000000000000E+00
   7.495296259499999E-01   1.081852852400000E+01   1.081852852400000E+01   0.000000000000000E+00  -9.595358234600000E-01   0.000000000000000E+00   0.000000000000000E+00   0.000000000000000E+00
   7.505807691900001E-01   1.083370047000000E+01   1.083370047000000E+01   0.000000000000000E+00  -9.595358234600000E-01   0.000000000000000E+00   0.000000000000000E+00   0.000000000000000E+00
   7.516319983000000E-01   1.084887365600000E+01   1.084887365600000E+01   0.000000000000000E+00  -9.595358234600000E-01   0.000000000000000E+00   0.000000000000000E+00   0.000000000000000E+00
   7.526832274200000E-01   1.086404684200000E+01   1.086404684200000E+01   0.000000000000000E+00  -9.595358234600000E-01   0.000000000000000E+00   0.000000000000000E+00   0.000000000000000E+00
   7.537344565300000E-01   1.087922002700000E+01   1.087922002700000E+01   0.000000000000000E+00  -9.595358234600000E-01   0.000000000000000E+00   0.000000000000000E+00   0.000000000000000E+00
   7.547856856400000E-01   1.089439321300000E+01   1.089439321300000E+01   0.000000000000000E+00  -9.595358234600000E-01   0.000000000000000E+00   0.000000000000000E+00   0.000000000000000E+00
   7.557599294400000E-01   1.090845521100000E+01   1.090845521100000E+01   0.000000000000000E+00  -9.595358234600000E-01   0.000000000000000E+00   0.000000000000000E+00   0.000000000000000E+00
   7.567341732300000E-01   1.092251720900000E+01   1.092251720900000E+01   0.000000000000000E+00  -9.595358234600000E-01   0.000000000000000E+00   0.000000000000000E+00   0.000000000000000E+00
   7.577084170300000E-01   1.093657920800000E+01   1.093657920800000E+01   0.000000000000000E+00  -9.595358234600000E-01   0.000000000000000E+00   0.000000000000000E+00   0.000000000000000E+00
   7.586826608200000E-01   1.095064120600000E+01   1.095064120600000E+01   0.000000000000000E+00  -9.595358234600000E-01   0.000000000000000E+00   0.000000000000000E+00   0.000000000000000E+00
   7.596223729700000E-01   1.096420478300000E+01   1.096420478300000E+01   0.000000000000000E+00  -9.595358234600000E-01   0.000000000000000E+00   0.000000000000000E+00   0.000000000000000E+00
   7.605620851100000E-01   1.097776835900000E+01   1.097776835900000E+01   0.000000000000000E+00  -9.595358234600000E-01   0.000000000000000E+00   0.000000000000000E+00   0.000000000000000E+00
   7.615017972600000E-01   1.099133193600000E+01   1.099133193600000E+01   0.000000000000000E+00  -9.595358234600000E-01   0.000000000000000E+00   0.000000000000000E+00   0.000000000000000E+00
   7.624415094000000E-01   1.100489551300000E+01   1.100489551300000E+01   0.000000000000000E+00  -9.595358234600000E-01   0.000000000000000E+00   0.000000000000000E+00   0.000000000000000E+00
   7.633925417800000E-01   1.101862248300000E+01   1.101862248300000E+01   0.000000000000000E+00  -9.595358234600000E-01   0.000000000000000E+00   0.000000000000000E+00   0.000000000000000E+00
   7.643435741500000E-01   1.103234945400000E+01   1.103234945400000E+01   0.000000000000000E+00  -9.595358234600000E-01   0.000000000000000E+00   0.000000000000000E+00   0.000000000000000E+00
   7.652946065200000E-01   1.104607642400000E+01   1.104607642400000E+01   0.000000000000000E+00  -9.595358234600000E-01   0.000000000000000E+00   0.000000000000000E+00   0.000000000000000E+00
   7.662456389000000E-01   1.105980339400000E+01   1.105980339400000E+01   0.000000000000000E+00  -9.595358234600000E-01   0.000000000000000E+00   0.000000000000000E+00   0.000000000000000E+00
   7.671639307700000E-01   1.107305779600000E+01   1.107305779600000E+01   0.000000000000000E+00  -9.595358234600000E-01   0.000000000000000E+00   0.000000000000000E+00   0.000000000000000E+00
   7.680822226400000E-01   1.108631219800000E+01   1.108631219800000E+01   0.000000000000000E+00  -9.595358234600000E-01   0.000000000000000E+00   0.000000000000000E+00   0.000000000000000E+00
   7.690005145100000E-01   1.109956659900000E+01   1.109956659900000E+01   0.000000000000000E+00  -9.595358234600000E-01   0.000000000000000E+00   0.000000000000000E+00   0.000000000000000E+00
   7.699188063800000E-01   1.111282100100000E+01   1.111282100100000E+01   0.000000000000000E+00  -9.595358234600000E-01   0.000000000000000E+00   0.000000000000000E+00   0.000000000000000E+00
   7.707889802600000E-01   1.112538087900000E+01   1.112538087900000E+01   0.000000000000000E+00  -9.595358234600000E-01   0.000000000000000E+00   0.000000000000000E+00   0.000000000000000E+00
   7.716591541300000E-01   1.113794075800000E+01   1.113794075800000E+01   0.000000000000000E+00  -9.595358234600000E-01   0.000000000000000E+00   0.000000000000000E+00   0.000000000000000E+00
   7.725293280100000E-01   1.115050063600000E+01   1.115050063600000E+01   0.000000000000000E+00  -9.595358234600000E-01   0.000000000000000E+00   0.000000000000000E+00   0.000000000000000E+00
   7.733995018900000E-01   1.116306051400000E+01   1.116306051400000E+01   0.000000000000000E+00  -9.595358234600000E-01   0.000000000000000E+00   0.000000000000000E+00   0.000000000000000E+00
   7.743228882400000E-01   1.117638844900000E+01   1.117638844900000E+01   0.000000000000000E+00  -9.595358234600000E-01   0.000000000000000E+00   0.000000000000000E+00   0.000000000000000E+00
   7.752462746000000E-01   1.118971638300000E+01   1.118971638300000E+01   0.000000000000000E+00  -9.595358234600000E-01   0.000000000000000E+00   0.000000000000000E+00   0.000000000000000E+00
   7.761696609500000E-01   1.120304431700000E+01   1.120304431700000E+01   0.000000000000000E+00  -9.595358234600000E-01   0.000000000000000E+00   0.000000000000000E+00   0.000000000000000E+00
   7.770930473100000E-01   1.121637225200000E+01   1.121637225200000E+01   0.000000000000000E+00  -9.595358234600000E-01   0.000000000000000E+00   0.000000000000000E+00   0.000000000000000E+00
   7.778944767500000E-01   1.122793988900000E+01   1.122793988900000E+01   0.000000000000000E+00  -9.595358234600000E-01   0.000000000000000E+00   0.000000000000000E+00   0.000000000000000E+00
   7.786959061900000E-01   1.123950752700000E+01   1.123950752700000E+01   0.000000000000000E+00  -9.595358234600000E-01   0.000000000000000E+00   0.000000000000000E+00   0.000000000000000E+00
   7.794973356400000E-01   1.125107516500000E+01   1.125107516500000E+01   0.000000000000000E+00  -9.595358234600000E-01   0.000000000000000E+00   0.000000000000000E+00   0.000000000000000E+00
   7.802987650800000E-01   1.126264280300000E+01   1.126264280300000E+01   0.000000000000000E+00  -9.595358234600000E-01   0.000000000000000E+00   0.000000000000000E+00   0.000000000000000E+00
   7.811018425800000E-01   1.127423422900000E+01   1.127423422900000E+01   0.000000000000000E+00  -9.595358234600000E-01   0.000000000000000E+00   0.000000000000000E+00   0.000000000000000E+00
   7.819049200900000E-01   1.128582565400000E+01   1.128582565400000E+01   0.000000000000000E+00  -9.595358234600000E-01   0.000000000000000E+00   0.000000000000000E+00   0.000000000000000E+00
   7.827079975900000E-01   1.129741708000000E+01   1.129741708000000E+01   0.000000000000000E+00  -9.595358234600000E-01   0.000000000000000E+00   0.000000000000000E+00   0.000000000000000E+00
   7.835110751000000E-01   1.130900850600000E+01   1.130900850600000E+01   0.000000000000000E+00  -9.595358234600000E-01   0.000000000000000E+00   0.000000000000000E+00   0.000000000000000E+00
   7.844105592900000E-01   1.132199144200000E+01   1.132199144200000E+01   0.000000000000000E+00  -9.595358234600000E-01   0.000000000000000E+00   0.000000000000000E+00   0.000000000000000E+00
   7.853100434900000E-01   1.133497437800000E+01   1.133497437800000E+01   0.000000000000000E+00  -9.595358234600000E-01   0.000000000000000E+00   0.000000000000000E+00   0.000000000000000E+00
   7.862095276800000E-01   1.134795731500000E+01   1.134795731500000E+01   0.000000000000000E+00  -9.595358234600000E-01   0.000000000000000E+00   0.000000000000000E+00   0.000000000000000E+00
   7.871090118800000E-01   1.136094025100000E+01   1.136094025100000E+01   0.000000000000000E+00  -9.595358234600000E-01   0.000000000000000E+00   0.000000000000000E+00   0.000000000000000E+00
   7.881102154200000E-01   1.137539138000000E+01   1.137539138000000E+01   0.000000000000000E+00  -9.595358234600000E-01   0.000000000000000E+00   0.000000000000000E+00   0.000000000000000E+00
   7.891114189600000E-01   1.138984250800000E+01   1.138984250800000E+01   0.000000000000000E+00  -9.595358234600000E-01   0.000000000000000E+00   0.000000000000000E+00   0.000000000000000E+00
   7.901126225000000E-01   1.140429363700000E+01   1.140429363700000E+01   0.000000000000000E+00  -9.595358234600000E-01   0.000000000000000E+00   0.000000000000000E+00   0.000000000000000E+00
   7.911138260500000E-01   1.141874476600000E+01   1.141874476600000E+01   0.000000000000000E+00  -9.595358234600000E-01   0.000000000000000E+00   0.000000000000000E+00   0.000000000000000E+00
   7.919365122399999E-01   1.143061921800000E+01   1.143061921800000E+01   0.000000000000000E+00  -9.595358234600000E-01   0.000000000000000E+00   0.000000000000000E+00   0.000000000000000E+00
   7.927591984400000E-01   1.144249367100000E+01   1.144249367100000E+01   0.000000000000000E+00  -9.595358234600000E-01   0.000000000000000E+00   0.000000000000000E+00   0.000000000000000E+00
   7.935818846400000E-01   1.145436812400000E+01   1.145436812400000E+01   0.000000000000000E+00  -9.595358234600000E-01   0.000000000000000E+00   0.000000000000000E+00   0.000000000000000E+00
   7.944045708400000E-01   1.146624257600000E+01   1.146624257600000E+01   0.000000000000000E+00  -9.595358234600000E-01   0.000000000000000E+00   0.000000000000000E+00   0.000000000000000E+00
   7.952417879800000E-01   1.147832676500000E+01   1.147832676500000E+01   0.000000000000000E+00  -9.595358234600000E-01   0.000000000000000E+00   0.000000000000000E+00   0.000000000000000E+00
   7.960790051100000E-01   1.149041095400000E+01   1.149041095400000E+01   0.000000000000000E+00  -9.595358234600000E-01   0.000000000000000E+00   0.000000000000000E+00   0.000000000000000E+00
   7.969162222500000E-01   1.150249514300000E+01   1.150249514300000E+01   0.000000000000000E+00  -9.595358234600000E-01   0.000000000000000E+00   0.000000000000000E+00   0.000000000000000E+00
   7.977534393900000E-01   1.151457933200000E+01   1.151457933200000E+01   0.000000000000000E+00  -9.595358234600000E-01   0.000000000000000E+00   0.000000000000000E+00   0.000000000000000E+00
   7.986106761500000E-01   1.152695247900000E+01   1.152695247900000E+01   0.000000000000000E+00  -9.595358234600000E-01   0.000000000000000E+00   0.000000000000000E+00   0.000000000000000E+00
   7.994679129100000E-01   1.153932562600000E+01   1.153932562600000E+01   0.000000000000000E+00  -9.595358234600000E-01   0.000000000000000E+00   0.000000000000000E+00   0.000000000000000E+00
   8.003251496700000E-01   1.155169877300000E+01   1.155169877300000E+01   0.000000000000000E+00  -9.595358234600000E-01   0.000000000000000E+00   0.000000000000000E+00   0.000000000000000E+00
   8.011823864299999E-01   1.156407192000000E+01   1.156407192000000E+01   0.000000000000000E+00  -9.595358234600000E-01   0.000000000000000E+00   0.000000000000000E+00   0.000000000000000E+00
   8.020250334600000E-01   1.157623448300000E+01   1.157623448300000E+01   0.000000000000000E+00  -9.595358234600000E-01   0.000000000000000E+00   0.000000000000000E+00   0.000000000000000E+00
   8.028676805000000E-01   1.158839704500000E+01   1.158839704500000E+01   0.000000000000000E+00  -9.595358234600000E-01   0.000000000000000E+00   0.000000000000000E+00   0.000000000000000E+00
   8.037103275400000E-01   1.160055960800000E+01   1.160055960800000E+01   0.000000000000000E+00  -9.595358234600000E-01   0.000000000000000E+00   0.000000000000000E+00   0.000000000000000E+00
   8.045529745800000E-01   1.161272217000000E+01   1.161272217000000E+01   0.000000000000000E+00  -9.595358234600000E-01   0.000000000000000E+00   0.000000000000000E+00   0.000000000000000E+00
   8.053604084600000E-01   1.162437647500000E+01   1.162437647500000E+01   0.000000000000000E+00  -9.595358234600000E-01   0.000000000000000E+00   0.000000000000000E+00   0.000000000000000E+00
   8.061678423400001E-01   1.163603078000000E+01   1.163603078000000E+01   0.000000000000000E+00  -9.595358234600000E-01   0.000000000000000E+00   0.000000000000000E+00   0.000000000000000E+00
   8.069752762300000E-01   1.164768508400000E+01   1.164768508400000E+01   0.000000000000000E+00  -9.595358234600000E-01   0.000000000000000E+00   0.000000000000000E+00   0.000000000000000E+00
   8.077827101100000E-01   1.165933938900000E+01   1.165933938900000E+01   0.000000000000000E+00  -9.595358234600000E-01   0.000000000000000E+00   0.000000000000000E+00   0.000000000000000E+00
   8.085833449399999E-01   1.167089555700000E+01   1.167089555700000E+01   0.000000000000000E+00  -9.595358234600000E-01   0.000000000000000E+00   0.000000000000000E+00   0.000000000000000E+00
   8.093839797700000E-01   1.168245172600000E+01   1.168245172600000E+01   0.000000000000000E+00  -9.595358234600000E-01   0.000000000000000E+00   0.000000000000000E+00   0.000000000000000E+00
   8.101846146000000E-01   1.169400789400000E+01   1.169400789400000E+01   0.000000000000000E+00  -9.595358234600000E-01   0.000000000000000E+00   0.000000000000000E+00   0.000000000000000E+00
   8.109852494399999E-01   1.170556406300000E+01   1.170556406300000E+01   0.000000000000000E+00  -9.595358234600000E-01   0.000000000000000E+00   0.000000000000000E+00   0.000000000000000E+00
   8.118084918700000E-01   1.171744654400000E+01   1.171744654400000E+01   0.000000000000000E+00  -9.595358234600000E-01   0.000000000000000E+00   0.000000000000000E+00   0.000000000000000E+00
   8.126317343100000E-01   1.172932902600000E+01   1.172932902600000E+01   0.000000000000000E+00  -9.595358234600000E-01   0.000000000000000E+00   0.000000000000000E+00   0.000000000000000E+00
   8.134549767500000E-01   1.174121150700000E+01   1.174121150700000E+01   0.000000000000000E+00  -9.595358234600000E-01   0.000000000000000E+00   0.000000000000000E+00   0.000000000000000E+00
   8.142782191900000E-01   1.175309398800000E+01   1.175309398800000E+01   0.000000000000000E+00  -9.595358234600000E-01   0.000000000000000E+00   0.000000000000000E+00   0.000000000000000E+00
   8.150321291900000E-01   1.176397574200000E+01   1.176397574200000E+01   0.000000000000000E+00  -9.595358234600000E-01   0.000000000000000E+00   0.000000000000000E+00   0.000000000000000E+00
   8.157860391900000E-01   1.177485749600000E+01   1.177485749600000E+01   0.000000000000000E+00  -9.595358234600000E-01   0.000000000000000E+00   0.000000000000000E+00   0.000000000000000E+00
   8.165399491899999E-01   1.178573925000000E+01   1.178573925000000E+01   0.000000000000000E+00  -9.595358234600000E-01   0.000000000000000E+00   0.000000000000000E+00   0.000000000000000E+00
   8.172938591900000E-01   1.179662100400000E+01   1.179662100400000E+01   0.000000000000000E+00  -9.595358234600000E-01   0.000000000000000E+00   0.000000000000000E+00   0.000000000000000E+00
   8.182167743100000E-01   1.180994213600000E+01   1.180994213600000E+01   0.000000000000000E+00  -9.595358234600000E-01   0.000000000000000E+00   0.000000000000000E+00   0.000000000000000E+00
   8.191396894300000E-01   1.182326326900000E+01   1.182326326900000E+01   0.000000000000000E+00  -9.595358234600000E-01   0.000000000000000E+00   0.000000000000000E+00   0.000000000000000E+00
   8.200626045500000E-01   1.183658440200000E+01   1.183658440200000E+01   0.000000000000000E+00  -9.595358234600000E-01   0.000000000000000E+00   0.000000000000000E+00   0.000000000000000E+00
   8.209855196700000E-01   1.184990553400000E+01   1.184990553400000E+01   0.000000000000000E+00  -9.595358234600000E-01   0.000000000000000E+00   0.000000000000000E+00   0.000000000000000E+00
   8.216218846600000E-01   1.185909067200000E+01   1.185909067200000E+01   0.000000000000000E+00  -9.595358234600000E-01   0.000000000000000E+00   0.000000000000000E+00   0.000000000000000E+00
   8.222582496500001E-01   1.186827581000000E+01   1.186827581000000E+01   0.000000000000000E+00  -9.595358234600000E-01   0.000000000000000E+00   0.000000000000000E+00   0.000000000000000E+00
   8.228946146500000E-01   1.187746094700000E+01   1.187746094700000E+01   0.000000000000000E+00  -9.595358234600000E-01   0.000000000000000E+00   0.000000000000000E+00   0.000000000000000E+00
   8.235309796400000E-01   1.188664608500000E+01   1.188664608500000E+01   0.000000000000000E+00  -9.595358234600000E-01   0.000000000000000E+00   0.000000000000000E+00   0.000000000000000E+00
   8.239839697000000E-01   1.189318443300000E+01   1.189318443300000E+01   0.000000000000000E+00  -9.595358234600000E-01   0.000000000000000E+00   0.000000000000000E+00   0.000000000000000E+00
   8.244369597500000E-01   1.189972278200000E+01   1.189972278200000E+01   0.000000000000000E+00  -9.595358234600000E-01   0.000000000000000E+00   0.000000000000000E+00   0.000000000000000E+00
   8.248899498100000E-01   1.190626113000000E+01   1.190626113000000E+01   0.000000000000000E+00  -9.595358234600000E-01   0.000000000000000E+00   0.000000000000000E+00   0.000000000000000E+00
   8.253429398700000E-01   1.191279947900000E+01   1.191279947900000E+01   0.000000000000000E+00  -9.595358234600000E-01   0.000000000000000E+00   0.000000000000000E+00   0.000000000000000E+00
   8.258276053000000E-01   1.191979502200000E+01   1.191979502200000E+01   0.000000000000000E+00  -9.595358234600000E-01   0.000000000000000E+00   0.000000000000000E+00   0.000000000000000E+00
   8.263122707400000E-01   1.192679056500000E+01   1.192679056500000E+01   0.000000000000000E+00  -9.595358234600000E-01   0.000000000000000E+00   0.000000000000000E+00   0.000000000000000E+00
   8.267969361700001E-01   1.193378610800000E+01   1.193378610800000E+01   0.000000000000000E+00  -9.595358234600000E-01   0.000000000000000E+00   0.000000000000000E+00   0.000000000000000E+00
   8.272816016000000E-01   1.194078165100000E+01   1.194078165100000E+01   0.000000000000000E+00  -9.595358234600000E-01   0.000000000000000E+00   0.000000000000000E+00   0.000000000000000E+00
   8.278332624900000E-01   1.194874419000000E+01   1.194874419000000E+01   0.000000000000000E+00  -9.595358234600000E-01   0.000000000000000E+00   0.000000000000000E+00   0.000000000000000E+00
   8.283849233700000E-01   1.195670672900000E+01   1.195670672900000E+01   0.000000000000000E+00  -9.595358234600000E-01   0.000000000000000E+00   0.000000000000000E+00   0.000000000000000E+00
   8.289365842600001E-01   1.196466926900000E+01   1.196466926900000E+01   0.000000000000000E+00  -9.595358234600000E-01   0.000000000000000E+00   0.000000000000000E+00   0.000000000000000E+00
   8.294882451400000E-01   1.197263180800000E+01   1.197263180800000E+01   0.000000000000000E+00  -9.595358234600000E-01   0.000000000000000E+00   0.000000000000000E+00   0.000000000000000E+00
   8.300681216200000E-01   1.198100160400000E+01   1.198100160400000E+01   0.000000000000000E+00  -9.595358234600000E-01   0.000000000000000E+00   0.000000000000000E+00   0.000000000000000E+00
   8.306479980900000E-01   1.198937140000000E+01   1.198937140000000E+01   0.000000000000000E+00  -9.595358234600000E-01   0.000000000000000E+00   0.000000000000000E+00   0.000000000000000E+00
   8.312278745700000E-01   1.199774119600000E+01   1.199774119600000E+01   0.000000000000000E+00  -9.595358234600000E-01   0.000000000000000E+00   0.000000000000000E+00   0.000000000000000E+00
   8.318077510500000E-01   1.200611099300000E+01   1.200611099300000E+01   0.000000000000000E+00  -9.595358234600000E-01   0.000000000000000E+00   0.000000000000000E+00   0.000000000000000E+00
   8.323451017800000E-01   1.201386698300000E+01   1.201386698300000E+01   0.000000000000000E+00  -9.595358234600000E-01   0.000000000000000E+00   0.000000000000000E+00   0.000000000000000E+00
   8.328824525100000E-01   1.202162297200000E+01   1.202162297200000E+01   0.000000000000000E+00  -9.595358234600000E-01   0.000000000000000E+00   0.000000000000000E+00   0.000000000000000E+00
   8.334198032400000E-01   1.202937896200000E+01   1.202937896200000E+01   0.000000000000000E+00  -9.595358234600000E-01   0.000000000000000E+00   0.000000000000000E+00   0.000000000000000E+00
   8.339571539700000E-01   1.203713495200000E+01   1.203713495200000E+01   0.000000000000000E+00  -9.595358234600000E-01   0.000000000000000E+00   0.000000000000000E+00   0.000000000000000E+00
   8.344334864400000E-01   1.204401021900000E+01   1.204401021900000E+01   0.000000000000000E+00  -9.595358234600000E-01   0.000000000000000E+00   0.000000000000000E+00   0.000000000000000E+00
   8.349098189200000E-01   1.205088548700000E+01   1.205088548700000E+01   0.000000000000000E+00  -9.595358234600000E-01   0.000000000000000E+00   0.000000000000000E+00   0.000000000000000E+00
   8.353861513900001E-01   1.205776075400000E+01   1.205776075400000E+01   0.000000000000000E+00  -9.595358234600000E-01   0.000000000000000E+00   0.000000000000000E+00   0.000000000000000E+00
   8.358624838599999E-01   1.206463602100000E+01   1.206463602100000E+01   0.000000000000000E+00  -9.595358234600000E-01   0.000000000000000E+00   0.000000000000000E+00   0.000000000000000E+00
   8.362750989100000E-01   1.207059160600000E+01   1.207059160600000E+01   0.000000000000000E+00  -9.595358234600000E-01   0.000000000000000E+00   0.000000000000000E+00   0.000000000000000E+00
   8.366877139500000E-01   1.207654719100000E+01   1.207654719100000E+01   0.000000000000000E+00  -9.595358234600000E-01   0.000000000000000E+00   0.000000000000000E+00   0.000000000000000E+00
   8.371003289900000E-01   1.208250277700000E+01   1.208250277700000E+01   0.000000000000000E+00  -9.595358234600000E-01   0.000000000000000E+00   0.000000000000000E+00   0.000000000000000E+00
   8.375129440300000E-01   1.208845836200000E+01   1.208845836200000E+01   0.000000000000000E+00  -9.595358234600000E-01   0.000000000000000E+00   0.000000000000000E+00   0.000000000000000E+00
   8.378908298200000E-01   1.209391267400000E+01   1.209391267400000E+01   0.000000000000000E+00  -9.595358234600000E-01   0.000000000000000E+00   0.000000000000000E+00   0.000000000000000E+00
   8.382687156200000E-01   1.209936698600000E+01   1.209936698600000E+01   0.000000000000000E+00  -9.595358234600000E-01   0.000000000000000E+00   0.000000000000000E+00   0.000000000000000E+00
   8.386466014200000E-01   1.210482129700000E+01   1.210482129700000E+01   0.000000000000000E+00  -9.595358234600000E-01   0.000000000000000E+00   0.000000000000000E+00   0.000000000000000E+00
   8.390244872200000E-01   1.211027560900000E+01   1.211027560900000E+01   0.000000000000000E+00  -9.595358234600000E-01   0.000000000000000E+00   0.000000000000000E+00   0.000000000000000E+00
   8.393746701700000E-01   1.211533006500000E+01   1.211533006500000E+01   0.000000000000000E+00  -9.595358234600000E-01   0.000000000000000E+00   0.000000000000000E+00   0.000000000000000E+00
   8.397248531200000E-01   1.212038452000000E+01   1.212038452000000E+01   0.000000000000000E+00  -9.595358234600000E-01   0.000000000000000E+00   0.000000000000000E+00   0.000000000000000E+00
   8.400750360700000E-01   1.212543897600000E+01   1.212543897600000E+01   0.000000000000000E+00  -9.595358234600000E-01   0.000000000000000E+00   0.000000000000000E+00   0.000000000000000E+00
   8.404252190200000E-01   1.213049343200000E+01   1.213049343200000E+01   0.000000000000000E+00  -9.595358234600000E-01   0.000000000000000E+00   0.000000000000000E+00   0.000000000000000E+00
   8.407454980000000E-01   1.213511626100000E+01   1.213511626100000E+01   0.000000000000000E+00  -9.595358234600000E-01   0.000000000000000E+00   0.000000000000000E+00   0.000000000000000E+00
   8.410657769800000E-01   1.213973909000000E+01   1.213973909000000E+01   0.000000000000000E+00  -9.595358234600000E-01   0.000000000000000E+00   0.000000000000000E+00   0.000000000000000E+00
   8.413860559600000E-01   1.214436191900000E+01   1.214436191900000E+01   0.000000000000000E+00  -9.595358234600000E-01   0.000000000000000E+00   0.000000000000000E+00   0.000000000000000E+00
   8.417063349400000E-01   1.214898474800000E+01   1.214898474800000E+01   0.000000000000000E+00  -9.595358234600000E-01   0.000000000000000E+00   0.000000000000000E+00   0.000000000000000E+00
   8.420392288900000E-01   1.215378965800000E+01   1.215378965800000E+01   0.000000000000000E+00  -9.595358234600000E-01   0.000000000000000E+00   0.000000000000000E+00   0.000000000000000E+00
   8.423721228400000E-01   1.215859456800000E+01   1.215859456800000E+01   0.000000000000000E+00  -9.595358234600000E-01   0.000000000000000E+00   0.000000000000000E+00   0.000000000000000E+00
   8.427050167800000E-01   1.216339947900000E+01   1.216339947900000E+01   0.000000000000000E+00  -9.595358234600000E-01   0.000000000000000E+00   0.000000000000000E+00   0.000000000000000E+00
   8.430379107300000E-01   1.216820438900000E+01   1.216820438900000E+01   0.000000000000000E+00  -9.595358234600000E-01   0.000000000000000E+00   0.000000000000000E+00   0.000000000000000E+00
   8.434755336100001E-01   1.217452093100000E+01   1.217452093100000E+01   0.000000000000000E+00  -9.595358234600000E-01   0.000000000000000E+00   0.000000000000000E+00   0.000000000000000E+00
   8.439131565000000E-01   1.218083747400000E+01   1.218083747400000E+01   0.000000000000000E+00  -9.595358234600000E-01   0.000000000000000E+00   0.000000000000000E+00   0.000000000000000E+00
   8.443507793800000E-01   1.218715401600000E+01   1.218715401600000E+01   0.000000000000000E+00  -9.595358234600000E-01   0.000000000000000E+00   0.000000000000000E+00   0.000000000000000E+00
   8.447884022600000E-01   1.219347055900000E+01   1.219347055900000E+01   0.000000000000000E+00  -9.595358234600000E-01   0.000000000000000E+00   0.000000000000000E+00   0.000000000000000E+00
   8.453692250000000E-01   1.220185401300000E+01   1.220185401300000E+01   0.000000000000000E+00  -9.595358234600000E-01   0.000000000000000E+00   0.000000000000000E+00   0.000000000000000E+00
   8.459500477500000E-01   1.221023746700000E+01   1.221023746700000E+01   0.000000000000000E+00  -9.595358234600000E-01   0.000000000000000E+00   0.000000000000000E+00   0.000000000000000E+00
   8.465308705000000E-01   1.221862092200000E+01   1.221862092200000E+01   0.000000000000000E+00  -9.595358234600000E-01   0.000000000000000E+00   0.000000000000000E+00   0.000000000000000E+00
   8.471116932400000E-01   1.222700437600000E+01   1.222700437600000E+01   0.000000000000000E+00  -9.595358234600000E-01   0.000000000000000E+00   0.000000000000000E+00   0.000000000000000E+00
   8.476238618500000E-01   1.223439689300000E+01   1.223439689300000E+01   0.000000000000000E+00  -9.595358234600000E-01   0.000000000000000E+00   0.000000000000000E+00   0.000000000000000E+00
   8.481360304600000E-01   1.224178941100000E+01   1.224178941100000E+01   0.000000000000000E+00  -9.595358234600000E-01   0.000000000000000E+00   0.000000000000000E+00   0.000000000000000E+00
   8.486481990700000E-01   1.224918192800000E+01   1.224918192800000E+01   0.000000000000000E+00  -9.595358234600000E-01   0.000000000000000E+00   0.000000000000000E+00   0.000000000000000E+00
   8.491603676800000E-01   1.225657444500000E+01   1.225657444500000E+01   0.000000000000000E+00  -9.595358234600000E-01   0.000000000000000E+00   0.000000000000000E+00   0.000000000000000E+00
   8.498759422800000E-01   1.226690287500000E+01   1.226690287500000E+01   0.000000000000000E+00  -9.595358234600000E-01   0.000000000000000E+00   0.000000000000000E+00   0.000000000000000E+00
   8.505915168700000E-01   1.227723130500000E+01   1.227723130500000E+01   0.000000000000000E+00  -9.595358234600000E-01   0.000000000000000E+00   0.000000000000000E+00   0.000000000000000E+00
   8.513070914700001E-01   1.228755973500000E+01   1.228755973500000E+01   0.000000000000000E+00  -9.595358234600000E-01   0.000000000000000E+00   0.000000000000000E+00   0.000000000000000E+00
   8.520226660700000E-01   1.229788816500000E+01   1.229788816500000E+01   0.000000000000000E+00  -9.595358234600000E-01   0.000000000000000E+00   0.000000000000000E+00   0.000000000000000E+00
   8.529056137400000E-01   1.231063241700000E+01   1.231063241700000E+01   0.000000000000000E+00  -9.595358234600000E-01   0.000000000000000E+00   0.000000000000000E+00   0.000000000000000E+00
   8.537885614100000E-01   1.232337666900000E+01   1.232337666900000E+01   0.000000000000000E+00  -9.595358234600000E-01   0.000000000000000E+00   0.000000000000000E+00   0.000000000000000E+00
   8.546715090700000E-01   1.233612092100000E+01   1.233612092100000E+01   0.000000000000000E+00  -9.595358234600000E-01   0.000000000000000E+00   0.000000000000000E+00   0.000000000000000E+00
   8.555544567400000E-01   1.234886517300000E+01   1.234886517300000E+01   0.000000000000000E+00  -9.595358234600000E-01   0.000000000000000E+00   0.000000000000000E+00   0.000000000000000E+00
   8.563947059600000E-01   1.236099312600000E+01   1.236099312600000E+01   0.000000000000000E+00  -9.595358234600000E-01   0.000000000000000E+00   0.000000000000000E+00   0.000000000000000E+00
   8.572349551800000E-01   1.237312108000000E+01   1.237312108000000E+01   0.000000000000000E+00  -9.595358234600000E-01   0.000000000000000E+00   0.000000000000000E+00   0.000000000000000E+00
   8.580752044000000E-01   1.238524903300000E+01   1.238524903300000E+01   0.000000000000000E+00  -9.595358234600000E-01   0.000000000000000E+00   0.000000000000000E+00   0.000000000000000E+00
   8.589154536200000E-01   1.239737698600000E+01   1.239737698600000E+01   0.000000000000000E+00  -9.595358234600000E-01   0.000000000000000E+00   0.000000000000000E+00   0.000000000000000E+00
   8.596960342400000E-01   1.240864369700000E+01   1.240864369700000E+01   0.000000000000000E+00  -9.595358234600000E-01   0.000000000000000E+00   0.000000000000000E+00   0.000000000000000E+00
   8.604766148700000E-01   1.241991040800000E+01   1.241991040800000E+01   0.000000000000000E+00  -9.595358234600000E-01   0.000000000000000E+00   0.000000000000000E+00   0.000000000000000E+00
   8.612571955000000E-01   1.243117711900000E+01   1.243117711900000E+01   0.000000000000000E+00  -9.595358234600000E-01   0.000000000000000E+00   0.000000000000000E+00   0.000000000000000E+00
   8.620377761300000E-01   1.244244383000000E+01   1.244244383000000E+01   0.000000000000000E+00  -9.595358234600000E-01   0.000000000000000E+00   0.000000000000000E+00   0.000000000000000E+00
   8.630016354400000E-01   1.245635594100000E+01   1.245635594100000E+01   0.000000000000000E+00  -9.595358234600000E-01   0.000000000000000E+00   0.000000000000000E+00   0.000000000000000E+00
   8.639654947500000E-01   1.247026805200000E+01   1.247026805200000E+01   0.000000000000000E+00  -9.595358234600000E-01   0.000000000000000E+00   0.000000000000000E+00   0.000000000000000E+00
   8.649293540600000E-01   1.248418016400000E+01   1.248418016400000E+01   0.000000000000000E+00  -9.595358234600000E-01   0.000000000000000E+00   0.000000000000000E+00   0.000000000000000E+00
   8.658932133600000E-01   1.249809227500000E+01   1.249809227500000E+01   0.000000000000000E+00  -9.595358234600000E-01   0.000000000000000E+00   0.000000000000000E+00   0.000000000000000E+00
   8.671875049500000E-01   1.251677376500000E+01   1.251677376500000E+01   0.000000000000000E+00  -9.595358234600000E-01   0.000000000000000E+00   0.000000000000000E+00   0.000000000000000E+00
   8.684817965300000E-01   1.253545525500000E+01   1.253545525500000E+01   0.000000000000000E+00  -9.595358234600000E-01   0.000000000000000E+00   0.000000000000000E+00   0.000000000000000E+00
   8.697760881200000E-01   1.255413674500000E+01   1.255413674500000E+01   0.000000000000000E+00  -9.595358234600000E-01   0.000000000000000E+00   0.000000000000000E+00   0.000000000000000E+00
   8.710703797000000E-01   1.257281823600000E+01   1.257281823600000E+01   0.000000000000000E+00  -9.595358234600000E-01   0.000000000000000E+00   0.000000000000000E+00   0.000000000000000E+00
   8.733324192300000E-01   1.260546796500000E+01   1.260546796500000E+01   0.000000000000000E+00  -9.595358234600000E-01   0.000000000000000E+00   0.000000000000000E+00   0.000000000000000E+00
   8.755944587600000E-01   1.263811769400000E+01   1.263811769400000E+01   0.000000000000000E+00  -9.595358234600000E-01   0.000000000000000E+00   0.000000000000000E+00   0.000000000000000E+00
   8.778564982900000E-01   1.267076742300000E+01   1.267076742300000E+01   0.000000000000000E+00  -9.595358234600000E-01   0.000000000000000E+00   0.000000000000000E+00   0.000000000000000E+00
   8.801185378200000E-01   1.270341715200000E+01   1.270341715200000E+01   0.000000000000000E+00  -9.595358234600000E-01   0.000000000000000E+00   0.000000000000000E+00   0.000000000000000E+00
   8.845092228300000E-01   1.276679123300000E+01   1.276679123300000E+01   0.000000000000000E+00  -9.595358234600000E-01   0.000000000000000E+00   0.000000000000000E+00   0.000000000000000E+00
   8.888999078299999E-01   1.283016531300000E+01   1.283016531300000E+01   0.000000000000000E+00  -9.595358234600000E-01   0.000000000000000E+00   0.000000000000000E+00   0.000000000000000E+00
   8.932905928400000E-01   1.289353939400000E+01   1.289353939400000E+01   0.000000000000000E+00  -9.595358234600000E-01   0.000000000000000E+00   0.000000000000000E+00   0.000000000000000E+00
   8.976812778500000E-01   1.295691347500000E+01   1.295691347500000E+01   0.000000000000000E+00  -9.595358234600000E-01   0.000000000000000E+00   0.000000000000000E+00   0.000000000000000E+00
   9.016264446400000E-01   1.301385705400000E+01   1.301385705400000E+01   0.000000000000000E+00  -9.595358234600000E-01   0.000000000000000E+00   0.000000000000000E+00   0.000000000000000E+00
   9.055716114400000E-01   1.307080063300000E+01   1.307080063300000E+01   0.000000000000000E+00  -9.595358234600000E-01   0.000000000000000E+00   0.000000000000000E+00   0.000000000000000E+00
   9.095167782300000E-01   1.312774421200000E+01   1.312774421200000E+01   0.000000000000000E+00  -9.595358234600000E-01   0.000000000000000E+00   0.000000000000000E+00   0.000000000000000E+00
   9.134619450200000E-01   1.318468779100000E+01   1.318468779100000E+01   0.000000000000000E+00  -9.595358234600000E-01   0.000000000000000E+00   0.000000000000000E+00   0.000000000000000E+00
   9.170120305400000E-01   1.323592886300000E+01   1.323592886300000E+01   0.000000000000000E+00  -9.595358234600000E-01   0.000000000000000E+00   0.000000000000000E+00   0.000000000000000E+00
   9.205621160600000E-01   1.328716993500000E+01   1.328716993500000E+01   0.000000000000000E+00  -9.595358234600000E-01   0.000000000000000E+00   0.000000000000000E+00   0.000000000000000E+00
   9.241122015800000E-01   1.333841100600000E+01   1.333841100600000E+01   0.000000000000000E+00  -9.595358234600000E-01   0.000000000000000E+00   0.000000000000000E+00   0.000000000000000E+00
   9.276622871000000E-01   1.338965207800000E+01   1.338965207800000E+01   0.000000000000000E+00  -9.595358234600000E-01   0.000000000000000E+00   0.000000000000000E+00   0.000000000000000E+00
   9.314547133600000E-01   1.344439103800000E+01   1.344439103800000E+01   0.000000000000000E+00  -9.595358234600000E-01   0.000000000000000E+00   0.000000000000000E+00   0.000000000000000E+00
   9.352471396099999E-01   1.349912999700000E+01   1.349912999700000E+01   0.000000000000000E+00  -9.595358234600000E-01   0.000000000000000E+00   0.000000000000000E+00   0.000000000000000E+00
   9.390395658700000E-01   1.355386895600000E+01   1.355386895600000E+01   0.000000000000000E+00  -9.595358234600000E-01   0.000000000000000E+00   0.000000000000000E+00   0.000000000000000E+00
   9.428319921200000E-01   1.360860791500000E+01   1.360860791500000E+01   0.000000000000000E+00  -9.595358234600000E-01   0.000000000000000E+00   0.000000000000000E+00   0.000000000000000E+00
   9.474481098600001E-01   1.367523583700000E+01   1.367523583700000E+01   0.000000000000000E+00  -9.595358234600000E-01   0.000000000000000E+00   0.000000000000000E+00   0.000000000000000E+00
   9.520642276000000E-01   1.374186375900000E+01   1.374186375900000E+01   0.000000000000000E+00  -9.595358234600000E-01   0.000000000000000E+00   0.000000000000000E+00   0.000000000000000E+00
   9.566803453300000E-01   1.380849168100000E+01   1.380849168100000E+01   0.000000000000000E+00  -9.595358234600000E-01   0.000000000000000E+00   0.000000000000000E+00   0.000000000000000E+00
   9.612964630700001E-01   1.387511960300000E+01   1.387511960300000E+01   0.000000000000000E+00  -9.595358234600000E-01   0.000000000000000E+00   0.000000000000000E+00   0.000000000000000E+00
   9.661246542700000E-01   1.394480854200000E+01   1.394480854200000E+01   0.000000000000000E+00  -9.595358234600000E-01   0.000000000000000E+00   0.000000000000000E+00   0.000000000000000E+00
   9.709528454600000E-01   1.401449748000000E+01   1.401449748000000E+01   0.000000000000000E+00  -9.595358234600000E-01   0.000000000000000E+00   0.000000000000000E+00   0.000000000000000E+00
   9.757810366500000E-01   1.408418641900000E+01   1.408418641900000E+01   0.000000000000000E+00  -9.595358234600000E-01   0.000000000000000E+00   0.000000000000000E+00   0.000000000000000E+00
   9.806092278500000E-01   1.415387535800000E+01   1.415387535800000E+01   0.000000000000000E+00  -9.595358234600000E-01   0.000000000000000E+00   0.000000000000000E+00   0.000000000000000E+00
   9.854569208900000E-01   1.422384578100000E+01   1.422384578100000E+01   0.000000000000000E+00  -9.595358234600000E-01   0.000000000000000E+00   0.000000000000000E+00   0.000000000000000E+00
   9.903046139200000E-01   1.429381620500000E+01   1.429381620500000E+01   0.000000000000000E+00  -9.595358234600000E-01   0.000000000000000E+00   0.000000000000000E+00   0.000000000000000E+00
   9.951523069600000E-01   1.436378662800000E+01   1.436378662800000E+01   0.000000000000000E+00  -9.595358234600000E-01   0.000000000000000E+00   0.000000000000000E+00   0.000000000000000E+00
   1.000000000000000E+00   1.443375705200000E+01   1.443375705200000E+01   0.000000000000000E+00  -9.595358234600000E-01   0.000000000000000E+00   0.000000000000000E+00   0.000000000000000E+00
