   0.000000000000000E+00   2.866018677200000E-31   0.000000000000000E+00   0.000000000000000E+00  -9.957952585299999E-01   0.000000000000000E+00   0.000000000000000E+00   0.000000000000000E+00
   1.827871340500000E-02   2.638305085100000E-01   2.638305085100000E-01   0.000000000000000E+00  -9.957952585299999E-01   0.000000000000000E+00   0.000000000000000E+00   0.000000000000000E+00
   3.655742681000000E-02   5.276610170300000E-01   5.276610170300000E-01   0.000000000000000E+00  -9.957952585299999E-01   0.000000000000000E+00   0.000000000000000E+00   0.000000000000000E+00
   5.483614021600000E-02   7.914915255400000E-01   7.914915255400000E-01   0.000000000000000E+00  -9.957952585299999E-01   0.000000000000000E+00   0.000000000000000E+00   0.000000000000000E+00
   7.311485362099999E-02   1.055322034100000E+00   1.055322034100000E+00   0.000000000000000E+00  -9.957952585299999E-01   0.000000000000000E+00   0.000000000000000E+00   0.000000000000000E+00
   8.820062168499999E-02   1.273066345200000E+00   1.273066345200000E+00   0.000000000000000E+00  -9.957952585299999E-01   0.000000000000000E+00   0.000000000000000E+00   0.000000000000000E+00
   1.032863897500000E-01   1.490810656400000E+00   1.490810656400000E+00   0.000000000000000E+00  -9.957952585299999E-01   0.000000000000000E+00   0.000000000000000E+00   0.000000000000000E+00
   1.183721578100000E-01   1.708554967600000E+00   1.708554967600000E+00   0.000000000000000E+00  -9.957952585299999E-01   0.000000000000000E+00   0.000000000000000E+00   0.000000000000000E+00
   1.334579258800000E-01   1.926299278800000E+00   1.926299278800000E+00   0.000000000000000E+00  -9.957952585299999E-01   0.000000000000000E+00   0.000000000000000E+00   0.000000000000000E+00
   1.496469347400000E-01   2.159967499600000E+00   2.159967499600000E+00   0.000000000000000E+00  -9.957952585299999E-01   0.000000000000000E+00   0.000000000000000E+00   0.000000000000000E+00
   1.658359436100000E-01   2.393635720500000E+00   2.393635720500000E+00   0.000000000000000E+00  -9.957952585299999E-01   0.000000000000000E+00   0.000000000000000E+00   0.000000000000000E+00
   1.820249524700000E-01   2.627303941400000E+00   2.627303941400000E+00   0.000000000000000E+00  -9.957952585299999E-01   0.000000000000000E+00   0.000000000000000E+00   0.000000000000000E+00
   1.982139613400000E-01   2.860972162300000E+00   2.860972162300000E+00   0.000000000000000E+00  -9.957952585299999E-01   0.000000000000000E+00   0.000000000000000E+00   0.000000000000000E+00
   2.117054950900000E-01   3.055705682700000E+00   3.055705682700000E+00   0.000000000000000E+00  -9.957952585299999E-01   0.000000000000000E+00   0.000000000000000E+00   0.000000000000000E+00
   2.251970288400000E-01   3.250439203200000E+00   3.250439203200000E+00   0.000000000000000E+00  -9.957952585299999E-01   0.000000000000000E+00   0.000000000000000E+00   0.000000000000000E+00
   2.386885626000000E-01   3.445172723600000E+00   3.445172723600000E+00   0.000000000000000E+00  -9.957952585299999E-01   0.000000000000000E+00   0.000000000000000E+00   0.000000000000000E+00
   2.521800963500000E-01   3.639906244100000E+00   3.639906244100000E+00   0.000000000000000E+00  -9.957952585299999E-01   0.000000000000000E+00   0.000000000000000E+00   0.000000000000000E+00
   2.619291744600000E-01   3.780622069000000E+00   3.780622069000000E+00   0.000000000000000E+00  -9.957952585299999E-01   0.000000000000000E+00   0.000000000000000E+00   0.000000000000000E+00
   2.716782525800000E-01   3.921337894000000E+00   3.921337894000000E+00   0.000000000000000E+00  -9.957952585299999E-01   0.000000000000000E+00   0.000000000000000E+00   0.000000000000000E+00
   2.814273306900000E-01   4.062053718900000E+00   4.062053718900000E+00   0.000000000000000E+00  -9.957952585299999E-01   0.000000000000000E+00   0.000000000000000E+00   0.000000000000000E+00
   2.911764088000000E-01   4.202769543900000E+00   4.202769543900000E+00   0.000000000000000E+00  -9.957952585299999E-01   0.000000000000000E+00   0.000000000000000E+00   0.000000000000000E+00
   2.992300291100000E-01   4.319013542800000E+00   4.319013542800000E+00   0.000000000000000E+00  -9.957952585299999E-01   0.000000000000000E+00   0.000000000000000E+00   0.000000000000000E+00
   3.072836494200000E-01   4.435257541700000E+00   4.435257541700000E+00   0.000000000000000E+00  -9.957952585299999E-01   0.000000000000000E+00   0.000000000000000E+00   0.000000000000000E+00
   3.153372697200000E-01   4.551501540600000E+00   4.551501540600000E+00   0.000000000000000E+00  -9.957952585299999E-01   0.000000000000000E+00   0.000000000000000E+00   0.000000000000000E+00
   3.233908900300000E-01   4.667745539600000E+00   4.667745539600000E+00   0.000000000000000E+00  -9.957952585299999E-01   0.000000000000000E+00   0.000000000000000E+00   0.000000000000000E+00
   3.310125941300000E-01   4.777755364800000E+00   4.777755364800000E+00   0.000000000000000E+00  -9.957952585299999E-01   0.000000000000000E+00   0.000000000000000E+00   0.000000000000000E+00
   3.386342982300000E-01   4.887765190100000E+00   4.887765190100000E+00   0.000000000000000E+00  -9.957952585299999E-01   0.000000000000000E+00   0.000000000000000E+00   0.000000000000000E+00
   3.462560023300000E-01   4.997775015400000E+00   4.997775015400000E+00   0.000000000000000E+00  -9.957952585299999E-01   0.000000000000000E+00   0.000000000000000E+00   0.000000000000000E+00
   3.538777064300000E-01   5.107784840700000E+00   5.107784840700000E+00   0.000000000000000E+00  -9.957952585299999E-01   0.000000000000000E+00   0.000000000000000E+00   0.000000000000000E+00
   3.621757376600000E-01   5.227556607500000E+00   5.227556607500000E+00   0.000000000000000E+00  -9.957952585299999E-01   0.000000000000000E+00   0.000000000000000E+00   0.000000000000000E+00
   3.704737688800000E-01   5.347328374200000E+00   5.347328374200000E+00   0.000000000000000E+00  -9.957952585299999E-01   0.000000000000000E+00   0.000000000000000E+00   0.000000000000000E+00
   3.787718001100000E-01   5.467100140900000E+00   5.467100140900000E+00   0.000000000000000E+00  -9.957952585299999E-01   0.000000000000000E+00   0.000000000000000E+00   0.000000000000000E+00
   3.870698313400000E-01   5.586871907700000E+00   5.586871907700000E+00   0.000000000000000E+00  -9.957952585299999E-01   0.000000000000000E+00   0.000000000000000E+00   0.000000000000000E+00
   3.935406073500000E-01   5.680269516500000E+00   5.680269516500000E+00   0.000000000000000E+00  -9.957952585299999E-01   0.000000000000000E+00   0.000000000000000E+00   0.000000000000000E+00
   4.000113833600000E-01   5.773667125400000E+00   5.773667125400000E+00   0.000000000000000E+00  -9.957952585299999E-01   0.000000000000000E+00   0.000000000000000E+00   0.000000000000000E+00
   4.064821593700000E-01   5.867064734300000E+00   5.867064734300000E+00   0.000000000000000E+00  -9.957952585299999E-01   0.000000000000000E+00   0.000000000000000E+00   0.000000000000000E+00
   4.129529353800000E-01   5.960462343200000E+00   5.960462343200000E+00   0.000000000000000E+00  -9.957952585299999E-01   0.000000000000000E+00   0.000000000000000E+00   0.000000000000000E+00
   4.202563867100000E-01   6.065878585300000E+00   6.065878585300000E+00   0.000000000000000E+00  -9.957952585299999E-01   0.000000000000000E+00   0.000000000000000E+00   0.000000000000000E+00
   4.275598380400000E-01   6.171294827400000E+00   6.171294827400000E+00   0.000000000000000E+00  -9.957952585299999E-01   0.000000000000000E+00   0.000000000000000E+00   0.000000000000000E+00
   4.348632893700000E-01   6.276711069600000E+00   6.276711069600000E+00   0.000000000000000E+00  -9.957952585299999E-01   0.000000000000000E+00   0.000000000000000E+00   0.000000000000000E+00
   4.421667407000000E-01   6.382127311700000E+00   6.382127311700000E+00   0.000000000000000E+00  -9.957952585299999E-01   0.000000000000000E+00   0.000000000000000E+00   0.000000000000000E+00
   4.480917256200000E-01   6.467647104600000E+00   6.467647104600000E+00   0.000000000000000E+00  -9.957952585299999E-01   0.000000000000000E+00   0.000000000000000E+00   0.000000000000000E+00
   4.540167105400000E-01   6.553166897500000E+00   6.553166897500000E+00   0.000000000000000E+00  -9.957952585299999E-01   0.000000000000000E+00   0.000000000000000E+00   0.000000000000000E+00
   4.599416954700000E-01   6.638686690400000E+00   6.638686690400000E+00   0.000000000000000E+00  -9.957952585299999E-01   0.000000000000000E+00   0.000000000000000E+00   0.000000000000000E+00
   4.658666803900000E-01   6.724206483400000E+00   6.724206483400000E+00   0.000000000000000E+00  -9.957952585299999E-01   0.000000000000000E+00   0.000000000000000E+00   0.000000000000000E+00
   4.710564596800000E-01   6.799114496800000E+00   6.799114496800000E+00   0.000000000000000E+00  -9.957952585299999E-01   0.000000000000000E+00   0.000000000000000E+00   0.000000000000000E+00
   4.762462389700000E-01   6.874022510200000E+00   6.874022510200000E+00   0.000000000000000E+00  -9.957952585299999E-01   0.000000000000000E+00   0.000000000000000E+00   0.000000000000000E+00
   4.814360182600000E-01   6.948930523600000E+00   6.948930523600000E+00   0.000000000000000E+00  -9.957952585299999E-01   0.000000000000000E+00   0.000000000000000E+00   0.000000000000000E+00
   4.866257975400000E-01   7.023838537000000E+00   7.023838537000000E+00   0.000000000000000E+00  -9.957952585299999E-01   0.000000000000000E+00   0.000000000000000E+00   0.000000000000000E+00
   4.917644536300000E-01   7.098008650500000E+00   7.098008650500000E+00   0.000000000000000E+00  -9.957952585299999E-01   0.000000000000000E+00   0.000000000000000E+00   0.000000000000000E+00
   4.969031097100000E-01   7.172178764000000E+00   7.172178764000000E+00   0.000000000000000E+00  -9.957952585299999E-01   0.000000000000000E+00   0.000000000000000E+00   0.000000000000000E+00
   5.020417658000000E-01   7.246348877400000E+00   7.246348877400000E+00   0.000000000000000E+00  -9.957952585299999E-01   0.000000000000000E+00   0.000000000000000E+00   0.000000000000000E+00
   5.071804218800000E-01   7.320518990900000E+00   7.320518990900000E+00   0.000000000000000E+00  -9.957952585299999E-01   0.000000000000000E+00   0.000000000000000E+00   0.000000000000000E+00
   5.118698405700000E-01   7.388204921100000E+00   7.388204921100000E+00   0.000000000000000E+00  -9.957952585299999E-01   0.000000000000000E+00   0.000000000000000E+00   0.000000000000000E+00
   5.165592592700000E-01   7.455890851200000E+00   7.455890851200000E+00   0.000000000000000E+00  -9.957952585299999E-01   0.000000000000000E+00   0.000000000000000E+00   0.000000000000000E+00
   5.212486779600000E-01   7.523576781300000E+00   7.523576781300000E+00   0.000000000000000E+00  -9.957952585299999E-01   0.000000000000000E+00   0.000000000000000E+00   0.000000000000000E+00
   5.259380966500000E-01   7.591262711500000E+00   7.591262711500000E+00   0.000000000000000E+00  -9.957952585299999E-01   0.000000000000000E+00   0.000000000000000E+00   0.000000000000000E+00
   5.302449149000000E-01   7.653426279700000E+00   7.653426279700000E+00   0.000000000000000E+00  -9.957952585299999E-01   0.000000000000000E+00   0.000000000000000E+00   0.000000000000000E+00
   5.345517331500000E-01   7.715589848000000E+00   7.715589848000000E+00   0.000000000000000E+00  -9.957952585299999E-01   0.000000000000000E+00   0.000000000000000E+00   0.000000000000000E+00
   5.388585514000001E-01   7.777753416300000E+00   7.777753416300000E+00   0.000000000000000E+00  -9.957952585299999E-01   0.000000000000000E+00   0.000000000000000E+00   0.000000000000000E+00
   5.431653696500000E-01   7.839916984600000E+00   7.839916984600000E+00   0.000000000000000E+00  -9.957952585299999E-01   0.000000000000000E+00   0.000000000000000E+00   0.000000000000000E+00
   5.478860111800000E-01   7.908053577600000E+00   7.908053577600000E+00   0.000000000000000E+00  -9.957952585299999E-01   0.000000000000000E+00   0.000000000000000E+00   0.000000000000000E+00
   5.526066527100000E-01   7.976190170500000E+00   7.976190170500000E+00   0.000000000000000E+00  -9.957952585299999E-01   0.000000000000000E+00   0.000000000000000E+00   0.000000000000000E+00
   5.573272942400000E-01   8.044326763500001E+00   8.044326763500001E+00   0.000000000000000E+00  -9.957952585299999E-01   0.000000000000000E+00   0.000000000000000E+00   0.000000000000000E+00
   5.620479357700000E-01   8.112463356499999E+00   8.112463356499999E+00   0.000000000000000E+00  -9.957952585299999E-01   0.000000000000000E+00   0.000000000000000E+00   0.000000000000000E+00
   5.670030943600000E-01   8.183984911700000E+00   8.183984911700000E+00   0.000000000000000E+00  -9.957952585299999E-01   0.000000000000000E+00   0.000000000000000E+00   0.000000000000000E+00
   5.719582529500000E-01   8.255506466900000E+00   8.255506466900000E+00   0.000000000000000E+00  -9.957952585299999E-01   0.000000000000000E+00   0.000000000000000E+00   0.000000000000000E+00
   5.769134115300000E-01   8.327028022100000E+00   8.327028022100000E+00   0.000000000000000E+00  -9.957952585299999E-01   0.000000000000000E+00   0.000000000000000E+00   0.000000000000000E+00
   5.818685701200000E-01   8.398549577400001E+00   8.398549577400001E+00   0.000000000000000E+00  -9.957952585299999E-01   0.000000000000000E+00   0.000000000000000E+00   0.000000000000000E+00
   5.862843351700000E-01   8.462285657200001E+00   8.462285657200001E+00   0.000000000000000E+00  -9.957952585299999E-01   0.000000000000000E+00   0.000000000000000E+00   0.000000000000000E+00
   5.907001002100000E-01   8.526021737100001E+00   8.526021737100001E+00   0.000000000000000E+00  -9.957952585299999E-01   0.000000000000000E+00   0.000000000000000E+00   0.000000000000000E+00
   5.951158652600000E-01   8.589757816900001E+00   8.589757816900001E+00   0.000000000000000E+00  -9.957952585299999E-01   0.000000000000000E+00   0.000000000000000E+00   0.000000000000000E+00
   5.995316303000000E-01   8.653493896800001E+00   8.653493896800001E+00   0.000000000000000E+00  -9.957952585299999E-01   0.000000000000000E+00   0.000000000000000E+00   0.000000000000000E+00
   6.032416710700000E-01   8.707043723900000E+00   8.707043723900000E+00   0.000000000000000E+00  -9.957952585299999E-01   0.000000000000000E+00   0.000000000000000E+00   0.000000000000000E+00
   6.069517118400000E-01   8.760593550999999E+00   8.760593550999999E+00   0.000000000000000E+00  -9.957952585299999E-01   0.000000000000000E+00   0.000000000000000E+00   0.000000000000000E+00
   6.106617526100000E-01   8.814143378200001E+00   8.814143378200001E+00   0.000000000000000E+00  -9.957952585299999E-01   0.000000000000000E+00   0.000000000000000E+00   0.000000000000000E+00
   6.143717933800000E-01   8.867693205300000E+00   8.867693205300000E+00   0.000000000000000E+00  -9.957952585299999E-01   0.000000000000000E+00   0.000000000000000E+00   0.000000000000000E+00
   6.172548511300000E-01   8.909306560399999E+00   8.909306560399999E+00   0.000000000000000E+00  -9.957952585299999E-01   0.000000000000000E+00   0.000000000000000E+00   0.000000000000000E+00
   6.201379088800000E-01   8.950919915500000E+00   8.950919915500000E+00   0.000000000000000E+00  -9.957952585299999E-01   0.000000000000000E+00   0.000000000000000E+00   0.000000000000000E+00
   6.230209666300000E-01   8.992533270699999E+00   8.992533270699999E+00   0.000000000000000E+00  -9.957952585299999E-01   0.000000000000000E+00   0.000000000000000E+00   0.000000000000000E+00
   6.259040243800000E-01   9.034146625800000E+00   9.034146625800000E+00   0.000000000000000E+00  -9.957952585299999E-01   0.000000000000000E+00   0.000000000000000E+00   0.000000000000000E+00
   6.288334095400000E-01   9.076428659499999E+00   9.076428659499999E+00   0.000000000000000E+00  -9.957952585299999E-01   0.000000000000000E+00   0.000000000000000E+00   0.000000000000000E+00
   6.317627946900000E-01   9.118710693100001E+00   9.118710693100001E+00   0.000000000000000E+00  -9.957952585299999E-01   0.000000000000000E+00   0.000000000000000E+00   0.000000000000000E+00
   6.346921798500000E-01   9.160992726800000E+00   9.160992726800000E+00   0.000000000000000E+00  -9.957952585299999E-01   0.000000000000000E+00   0.000000000000000E+00   0.000000000000000E+00
   6.376215650100000E-01   9.203274760399999E+00   9.203274760399999E+00   0.000000000000000E+00  -9.957952585299999E-01   0.000000000000000E+00   0.000000000000000E+00   0.000000000000000E+00
   6.404916454100000E-01   9.244700803600001E+00   9.244700803600001E+00   0.000000000000000E+00  -9.957952585299999E-01   0.000000000000000E+00   0.000000000000000E+00   0.000000000000000E+00
   6.433617258000000E-01   9.286126846800000E+00   9.286126846800000E+00   0.000000000000000E+00  -9.957952585299999E-01   0.000000000000000E+00   0.000000000000000E+00   0.000000000000000E+00
   6.462318062000000E-01   9.327552890000000E+00   9.327552890000000E+00   0.000000000000000E+00  -9.957952585299999E-01   0.000000000000000E+00   0.000000000000000E+00   0.000000000000000E+00
   6.491018866000000E-01   9.368978933199999E+00   9.368978933199999E+00   0.000000000000000E+00  -9.957952585299999E-01   0.000000000000000E+00   0.000000000000000E+00   0.000000000000000E+00
   6.525501215500000E-01   9.418749918700000E+00   9.418749918700000E+00   0.000000000000000E+00  -9.957952585299999E-01   0.000000000000000E+00   0.000000000000000E+00   0.000000000000000E+00
   6.559983565000000E-01   9.468520904300000E+00   9.468520904300000E+00   0.000000000000000E+00  -9.957952585299999E-01   0.000000000000000E+00   0.000000000000000E+00   0.000000000000000E+00
   6.594465914500000E-01   9.518291889800000E+00   9.518291889800000E+00   0.000000000000000E+00  -9.957952585299999E-01   0.000000000000000E+00   0.000000000000000E+00   0.000000000000000E+00
   6.628948264000000E-01   9.568062875300001E+00   9.568062875300001E+00   0.000000000000000E+00  -9.957952585299999E-01   0.000000000000000E+00   0.000000000000000E+00   0.000000000000000E+00
   6.669951826200000E-01   9.627246420800001E+00   9.627246420800001E+00   0.000000000000000E+00  -9.957952585299999E-01   0.000000000000000E+00   0.000000000000000E+00   0.000000000000000E+00
   6.710955388399999E-01   9.686429966300000E+00   9.686429966300000E+00   0.000000000000000E+00  -9.957952585299999E-01   0.000000000000000E+00   0.000000000000000E+00   0.000000000000000E+00
   6.751958950600000E-01   9.745613511800000E+00   9.745613511800000E+00   0.000000000000000E+00  -9.957952585299999E-01   0.000000000000000E+00   0.000000000000000E+00   0.000000000000000E+00
   6.792962512800000E-01   9.804797057300000E+00   9.804797057300000E+00   0.000000000000000E+00  -9.957952585299999E-01   0.000000000000000E+00   0.000000000000000E+00   0.000000000000000E+00
   6.828953822700000E-01   9.856746039700001E+00   9.856746039700001E+00   0.000000000000000E+00  -9.957952585299999E-01   0.000000000000000E+00   0.000000000000000E+00   0.000000000000000E+00
   6.864945132700000E-01   9.908695022000000E+00   9.908695022000000E+00   0.000000000000000E+00  -9.957952585299999E-01   0.000000000000000E+00   0.000000000000000E+00   0.000000000000000E+00
   6.900936442600000E-01   9.960644004400001E+00   9.960644004400001E+00   0.000000000000000E+00  -9.957952585299999E-01   0.000000000000000E+00   0.000000000000000E+00   0.000000000000000E+00
   6.936927752599999E-01   1.001259298700000E+01   1.001259298700000E+01   0.000000000000000E+00  -9.957952585299999E-01   0.000000000000000E+00   0.000000000000000E+00   0.000000000000000E+00
   6.970404234799999E-01   1.006091212800000E+01   1.006091212800000E+01   0.000000000000000E+00  -9.957952585299999E-01   0.000000000000000E+00   0.000000000000000E+00   0.000000000000000E+00
   7.003880716999999E-01   1.010923126900000E+01   1.010923126900000E+01   0.000000000000000E+00  -9.957952585299999E-01   0.000000000000000E+00   0.000000000000000E+00   0.000000000000000E+00
   7.037357199199999E-01   1.015755041000000E+01   1.015755041000000E+01   0.000000000000000E+00  -9.957952585299999E-01   0.000000000000000E+00   0.000000000000000E+00   0.000000000000000E+00
   7.070833681399999E-01   1.020586955100000E+01   1.020586955100000E+01   0.000000000000000E+00  -9.957952585299999E-01   0.000000000000000E+00   0.000000000000000E+00   0.000000000000000E+00
   7.097572173800000E-01   1.024446324200000E+01   1.024446324200000E+01   0.000000000000000E+00  -9.957952585299999E-01   0.000000000000000E+00   0.000000000000000E+00   0.000000000000000E+00
   7.124310666200000E-01   1.028305693200000E+01   1.028305693200000E+01   0.000000000000000E+00  -9.957952585299999E-01   0.000000000000000E+00   0.000000000000000E+00   0.000000000000000E+00
   7.151049158700000E-01   1.032165062200000E+01   1.032165062200000E+01   0.000000000000000E+00  -9.957952585299999E-01   0.000000000000000E+00   0.000000000000000E+00   0.000000000000000E+00
   7.177787651100000E-01   1.036024431300000E+01   1.036024431300000E+01   0.000000000000000E+00  -9.957952585299999E-01   0.000000000000000E+00   0.000000000000000E+00   0.000000000000000E+00
   7.200193421100000E-01   1.039258425700000E+01   1.039258425700000E+01   0.000000000000000E+00  -9.957952585299999E-01   0.000000000000000E+00   0.000000000000000E+00   0.000000000000000E+00
   7.222599191200000E-01   1.042492420100000E+01   1.042492420100000E+01   0.000000000000000E+00  -9.957952585299999E-01   0.000000000000000E+00   0.000000000000000E+00   0.000000000000000E+00
   7.245004961200000E-01   1.045726414500000E+01   1.045726414500000E+01   0.000000000000000E+00  -9.957952585299999E-01   0.000000000000000E+00   0.000000000000000E+00   0.000000000000000E+00
   7.267410731200000E-01   1.048960408900000E+01   1.048960408900000E+01   0.000000000000000E+00  -9.957952585299999E-01   0.000000000000000E+00   0.000000000000000E+00   0.000000000000000E+00
   7.291427801100000E-01   1.052426974400000E+01   1.052426974400000E+01   0.000000000000000E+00  -9.957952585299999E-01   0.000000000000000E+00   0.000000000000000E+00   0.000000000000000E+00
   7.315444870900000E-01   1.055893539900000E+01   1.055893539900000E+01   0.000000000000000E+00  -9.957952585299999E-01   0.000000000000000E+00   0.000000000000000E+00   0.000000000000000E+00
   7.339461940799999E-01   1.059360105500000E+01   1.059360105500000E+01   0.000000000000000E+00  -9.957952585299999E-01   0.000000000000000E+00   0.000000000000000E+00   0.000000000000000E+00
   7.363479010700000E-01   1.062826671000000E+01   1.062826671000000E+01   0.000000000000000E+00  -9.957952585299999E-01   0.000000000000000E+00   0.000000000000000E+00   0.000000000000000E+00
   7.383261733699999E-01   1.065682061100000E+01   1.065682061100000E+01   0.000000000000000E+00  -9.957952585299999E-01   0.000000000000000E+00   0.000000000000000E+00   0.000000000000000E+00
   7.403044456700000E-01   1.068537451300000E+01   1.068537451300000E+01   0.000000000000000E+00  -9.957952585299999E-01   0.000000000000000E+00   0.000000000000000E+00   0.000000000000000E+00
   7.422827179700000E-01   1.071392841500000E+01   1.071392841500000E+01   0.000000000000000E+00  -9.957952585299999E-01   0.000000000000000E+00   0.000000000000000E+00   0.000000000000000E+00
   7.442609902700000E-01   1.074248231700000E+01   1.074248231700000E+01   0.000000000000000E+00  -9.957952585299999E-01   0.000000000000000E+00   0.000000000000000E+00   0.000000000000000E+00
   7.456869105800000E-01   1.076306370400000E+01   1.076306370400000E+01   0.000000000000000E+00  -9.957952585299999E-01   0.000000000000000E+00   0.000000000000000E+00   0.000000000000000E+00
   7.471128308900000E-01   1.078364509200000E+01   1.078364509200000E+01   0.000000000000000E+00  -9.957952585299999E-01   0.000000000000000E+00   0.000000000000000E+00   0.000000000000000E+00
   7.485387512100000E-01   1.080422647900000E+01   1.080422647900000E+01   0.000000000000000E+00  -9.957952585299999E-01   0.000000000000000E+00   0.000000000000000E+00   0.000000000000000E+00
   7.499646715200000E-01   1.082480786600000E+01   1.082480786600000E+01   0.000000000000000E+00  -9.957952585299999E-01   0.000000000000000E+00   0.000000000000000E+00   0.000000000000000E+00
   7.513934696500000E-01   1.084543079100000E+01   1.084543079100000E+01   0.000000000000000E+00  -9.957952585299999E-01   0.000000000000000E+00   0.000000000000000E+00   0.000000000000000E+00
   7.528222677800001E-01   1.086605371600000E+01   1.086605371600000E+01   0.000000000000000E+00  -9.957952585299999E-01   0.000000000000000E+00   0.000000000000000E+00   0.000000000000000E+00
   7.542510659100000E-01   1.088667664200000E+01   1.088667664200000E+01   0.000000000000000E+00  -9.957952585299999E-01   0.000000000000000E+00   0.000000000000000E+00   0.000000000000000E+00
   7.556798640300000E-01   1.090729956700000E+01   1.090729956700000E+01   0.000000000000000E+00  -9.957952585299999E-01   0.000000000000000E+00   0.000000000000000E+00   0.000000000000000E+00
   7.569590336699999E-01   1.092576279000000E+01   1.092576279000000E+01   0.000000000000000E+00  -9.957952585299999E-01   0.000000000000000E+00   0.000000000000000E+00   0.000000000000000E+00
   7.582382033000000E-01   1.094422601400000E+01   1.094422601400000E+01   0.000000000000000E+00  -9.957952585299999E-01   0.000000000000000E+00   0.000000000000000E+00   0.000000000000000E+00
   7.595173729300000E-01   1.096268923800000E+01   1.096268923800000E+01   0.000000000000000E+00  -9.957952585299999E-01   0.000000000000000E+00   0.000000000000000E+00   0.000000000000000E+00
   7.607965425600000E-01   1.098115246100000E+01   1.098115246100000E+01   0.000000000000000E+00  -9.957952585299999E-01   0.000000000000000E+00   0.000000000000000E+00   0.000000000000000E+00
   7.619633790600000E-01   1.099799429600000E+01   1.099799429600000E+01   0.000000000000000E+00  -9.957952585299999E-01   0.000000000000000E+00   0.000000000000000E+00   0.000000000000000E+00
   7.631302155700000E-01   1.101483613100000E+01   1.101483613100000E+01   0.000000000000000E+00  -9.957952585299999E-01   0.000000000000000E+00   0.000000000000000E+00   0.000000000000000E+00
   7.642970520700000E-01   1.103167796500000E+01   1.103167796500000E+01   0.000000000000000E+00  -9.957952585299999E-01   0.000000000000000E+00   0.000000000000000E+00   0.000000000000000E+00
   7.654638885700000E-01   1.104851980000000E+01   1.104851980000000E+01   0.000000000000000E+00  -9.957952585299999E-01   0.000000000000000E+00   0.000000000000000E+00   0.000000000000000E+00
   7.670786113000000E-01   1.107182631500000E+01   1.107182631500000E+01   0.000000000000000E+00  -9.957952585299999E-01   0.000000000000000E+00   0.000000000000000E+00   0.000000000000000E+00
   7.686933340300000E-01   1.109513283100000E+01   1.109513283100000E+01   0.000000000000000E+00  -9.957952585299999E-01   0.000000000000000E+00   0.000000000000000E+00   0.000000000000000E+00
   7.703080567600000E-01   1.111843934600000E+01   1.111843934600000E+01   0.000000000000000E+00  -9.957952585299999E-01   0.000000000000000E+00   0.000000000000000E+00   0.000000000000000E+00
   7.719227794800000E-01   1.114174586200000E+01   1.114174586200000E+01   0.000000000000000E+00  -9.957952585299999E-01   0.000000000000000E+00   0.000000000000000E+00   0.000000000000000E+00
   7.736866577600000E-01   1.116720525200000E+01   1.116720525200000E+01   0.000000000000000E+00  -9.957952585299999E-01   0.000000000000000E+00   0.000000000000000E+00   0.000000000000000E+00
   7.754505360300000E-01   1.119266464300000E+01   1.119266464300000E+01   0.000000000000000E+00  -9.957952585299999E-01   0.000000000000000E+00   0.000000000000000E+00   0.000000000000000E+00
   7.772144143000000E-01   1.121812403300000E+01   1.121812403300000E+01   0.000000000000000E+00  -9.957952585299999E-01   0.000000000000000E+00   0.000000000000000E+00   0.000000000000000E+00
   7.789782925800000E-01   1.124358342400000E+01   1.124358342400000E+01   0.000000000000000E+00  -9.957952585299999E-01   0.000000000000000E+00   0.000000000000000E+00   0.000000000000000E+00
   7.803967701500000E-01   1.126405738400000E+01   1.126405738400000E+01   0.000000000000000E+00  -9.957952585299999E-01   0.000000000000000E+00   0.000000000000000E+00   0.000000000000000E+00
   7.818152477200000E-01   1.128453134500000E+01   1.128453134500000E+01   0.000000000000000E+00  -9.957952585299999E-01   0.000000000000000E+00   0.000000000000000E+00   0.000000000000000E+00
   7.832337252900000E-01   1.130500530600000E+01   1.130500530600000E+01   0.000000000000000E+00  -9.957952585299999E-01   0.000000000000000E+00   0.000000000000000E+00   0.000000000000000E+00
   7.846522028600000E-01   1.132547926600000E+01   1.132547926600000E+01   0.000000000000000E+00  -9.957952585299999E-01   0.000000000000000E+00   0.000000000000000E+00   0.000000000000000E+00
   7.860721662600000E-01   1.134597467300000E+01   1.134597467300000E+01   0.000000000000000E+00  -9.957952585299999E-01   0.000000000000000E+00   0.000000000000000E+00   0.000000000000000E+00
   7.874921296500000E-01   1.136647008000000E+01   1.136647008000000E+01   0.000000000000000E+00  -9.957952585299999E-01   0.000000000000000E+00   0.000000000000000E+00   0.000000000000000E+00
   7.889120930500000E-01   1.138696548600000E+01   1.138696548600000E+01   0.000000000000000E+00  -9.957952585299999E-01   0.000000000000000E+00   0.000000000000000E+00   0.000000000000000E+00
   7.903320564500000E-01   1.140746089300000E+01   1.140746089300000E+01   0.000000000000000E+00  -9.957952585299999E-01   0.000000000000000E+00   0.000000000000000E+00   0.000000000000000E+00
   7.918448442100000E-01   1.142929610400000E+01   1.142929610400000E+01   0.000000000000000E+00  -9.957952585299999E-01   0.000000000000000E+00   0.000000000000000E+00   0.000000000000000E+00
   7.933576319800000E-01   1.145113131500000E+01   1.145113131500000E+01   0.000000000000000E+00  -9.957952585299999E-01   0.000000000000000E+00   0.000000000000000E+00   0.000000000000000E+00
   7.948704197499999E-01   1.147296652700000E+01   1.147296652700000E+01   0.000000000000000E+00  -9.957952585299999E-01   0.000000000000000E+00   0.000000000000000E+00   0.000000000000000E+00
   7.963832075200000E-01   1.149480173800000E+01   1.149480173800000E+01   0.000000000000000E+00  -9.957952585299999E-01   0.000000000000000E+00   0.000000000000000E+00   0.000000000000000E+00
   7.979584270200000E-01   1.151753807300000E+01   1.151753807300000E+01   0.000000000000000E+00  -9.957952585299999E-01   0.000000000000000E+00   0.000000000000000E+00   0.000000000000000E+00
   7.995336465100000E-01   1.154027440900000E+01   1.154027440900000E+01   0.000000000000000E+00  -9.957952585299999E-01   0.000000000000000E+00   0.000000000000000E+00   0.000000000000000E+00
   8.011088660100000E-01   1.156301074400000E+01   1.156301074400000E+01   0.000000000000000E+00  -9.957952585299999E-01   0.000000000000000E+00   0.000000000000000E+00   0.000000000000000E+00
   8.026840855000000E-01   1.158574708000000E+01   1.158574708000000E+01   0.000000000000000E+00  -9.957952585299999E-01   0.000000000000000E+00   0.000000000000000E+00   0.000000000000000E+00
   8.045586263300000E-01   1.161280374700000E+01   1.161280374700000E+01   0.000000000000000E+00  -9.957952585299999E-01   0.000000000000000E+00   0.000000000000000E+00   0.000000000000000E+00
   8.064331671600000E-01   1.163986041400000E+01   1.163986041400000E+01   0.000000000000000E+00  -9.957952585299999E-01   0.000000000000000E+00   0.000000000000000E+00   0.000000000000000E+00
   8.083077080000000E-01   1.166691708000000E+01   1.166691708000000E+01   0.000000000000000E+00  -9.957952585299999E-01   0.000000000000000E+00   0.000000000000000E+00   0.000000000000000E+00
   8.101822488300000E-01   1.169397374700000E+01   1.169397374700000E+01   0.000000000000000E+00  -9.957952585299999E-01   0.000000000000000E+00   0.000000000000000E+00   0.000000000000000E+00
   8.121743114000000E-01   1.172272669500000E+01   1.172272669500000E+01   0.000000000000000E+00  -9.957952585299999E-01   0.000000000000000E+00   0.000000000000000E+00   0.000000000000000E+00
   8.141663739800000E-01   1.175147964200000E+01   1.175147964200000E+01   0.000000000000000E+00  -9.957952585299999E-01   0.000000000000000E+00   0.000000000000000E+00   0.000000000000000E+00
   8.161584365600000E-01   1.178023258900000E+01   1.178023258900000E+01   0.000000000000000E+00  -9.957952585299999E-01   0.000000000000000E+00   0.000000000000000E+00   0.000000000000000E+00
   8.181504991400000E-01   1.180898553700000E+01   1.180898553700000E+01   0.000000000000000E+00  -9.957952585299999E-01   0.000000000000000E+00   0.000000000000000E+00   0.000000000000000E+00
   8.198541058300000E-01   1.183357498200000E+01   1.183357498200000E+01   0.000000000000000E+00  -9.957952585299999E-01   0.000000000000000E+00   0.000000000000000E+00   0.000000000000000E+00
   8.215577125100000E-01   1.185816442700000E+01   1.185816442700000E+01   0.000000000000000E+00  -9.957952585299999E-01   0.000000000000000E+00   0.000000000000000E+00   0.000000000000000E+00
   8.232613192000000E-01   1.188275387200000E+01   1.188275387200000E+01   0.000000000000000E+00  -9.957952585299999E-01   0.000000000000000E+00   0.000000000000000E+00   0.000000000000000E+00
   8.249649258900000E-01   1.190734331700000E+01   1.190734331700000E+01   0.000000000000000E+00  -9.957952585299999E-01   0.000000000000000E+00   0.000000000000000E+00   0.000000000000000E+00
   8.264353065600000E-01   1.192856643400000E+01   1.192856643400000E+01   0.000000000000000E+00  -9.957952585299999E-01   0.000000000000000E+00   0.000000000000000E+00   0.000000000000000E+00
   8.279056872400000E-01   1.194978955200000E+01   1.194978955200000E+01   0.000000000000000E+00  -9.957952585299999E-01   0.000000000000000E+00   0.000000000000000E+00   0.000000000000000E+00
   8.293760679100000E-01   1.197101266900000E+01   1.197101266900000E+01   0.000000000000000E+00  -9.957952585299999E-01   0.000000000000000E+00   0.000000000000000E+00   0.000000000000000E+00
   8.308464485800000E-01   1.199223578600000E+01   1.199223578600000E+01   0.000000000000000E+00  -9.957952585299999E-01   0.000000000000000E+00   0.000000000000000E+00   0.000000000000000E+00
   8.324710545900000E-01   1.201568495500000E+01   1.201568495500000E+01   0.000000000000000E+00  -9.957952585299999E-01   0.000000000000000E+00   0.000000000000000E+00   0.000000000000000E+00
   8.340956605900000E-01   1.203913412300000E+01   1.203913412300000E+01   0.000000000000000E+00  -9.957952585299999E-01   0.000000000000000E+00   0.000000000000000E+00   0.000000000000000E+00
   8.357202666000000E-01   1.206258329200000E+01   1.206258329200000E+01   0.000000000000000E+00  -9.957952585299999E-01   0.000000000000000E+00   0.000000000000000E+00   0.000000000000000E+00
   8.373448726000000E-01   1.208603246000000E+01   1.208603246000000E+01   0.000000000000000E+00  -9.957952585299999E-01   0.000000000000000E+00   0.000000000000000E+00   0.000000000000000E+00
   8.388446684100000E-01   1.210768014800000E+01   1.210768014800000E+01   0.000000000000000E+00  -9.957952585299999E-01   0.000000000000000E+00   0.000000000000000E+00   0.000000000000000E+00
   8.403444642200000E-01   1.212932783700000E+01   1.212932783700000E+01   0.000000000000000E+00  -9.957952585299999E-01   0.000000000000000E+00   0.000000000000000E+00   0.000000000000000E+00
   8.418442600300000E-01   1.215097552500000E+01   1.215097552500000E+01   0.000000000000000E+00  -9.957952585299999E-01   0.000000000000000E+00   0.000000000000000E+00   0.000000000000000E+00
   8.433440558400001E-01   1.217262321300000E+01   1.217262321300000E+01   0.000000000000000E+00  -9.957952585299999E-01   0.000000000000000E+00   0.000000000000000E+00   0.000000000000000E+00
   8.450365549700000E-01   1.219705233500000E+01   1.219705233500000E+01   0.000000000000000E+00  -9.957952585299999E-01   0.000000000000000E+00   0.000000000000000E+00   0.000000000000000E+00
   8.467290541100000E-01   1.222148145600000E+01   1.222148145600000E+01   0.000000000000000E+00  -9.957952585299999E-01   0.000000000000000E+00   0.000000000000000E+00   0.000000000000000E+00
   8.484215532400000E-01   1.224591057700000E+01   1.224591057700000E+01   0.000000000000000E+00  -9.957952585299999E-01   0.000000000000000E+00   0.000000000000000E+00   0.000000000000000E+00
   8.501140523800000E-01   1.227033969900000E+01   1.227033969900000E+01   0.000000000000000E+00  -9.957952585299999E-01   0.000000000000000E+00   0.000000000000000E+00   0.000000000000000E+00
   8.522969476600000E-01   1.230184707900000E+01   1.230184707900000E+01   0.000000000000000E+00  -9.957952585299999E-01   0.000000000000000E+00   0.000000000000000E+00   0.000000000000000E+00
   8.544798429300000E-01   1.233335445900000E+01   1.233335445900000E+01   0.000000000000000E+00  -9.957952585299999E-01   0.000000000000000E+00   0.000000000000000E+00   0.000000000000000E+00
   8.566627382100001E-01   1.236486183900000E+01   1.236486183900000E+01   0.000000000000000E+00  -9.957952585299999E-01   0.000000000000000E+00   0.000000000000000E+00   0.000000000000000E+00
   8.588456334900000E-01   1.239636921900000E+01   1.239636921900000E+01   0.000000000000000E+00  -9.957952585299999E-01   0.000000000000000E+00   0.000000000000000E+00   0.000000000000000E+00
   8.611696475000000E-01   1.242991347300000E+01   1.242991347300000E+01   0.000000000000000E+00  -9.957952585299999E-01   0.000000000000000E+00   0.000000000000000E+00   0.000000000000000E+00
   8.634936615200000E-01   1.246345772600000E+01   1.246345772600000E+01   0.000000000000000E+00  -9.957952585299999E-01   0.000000000000000E+00   0.000000000000000E+00   0.000000000000000E+00
   8.658176755300000E-01   1.249700198000000E+01   1.249700198000000E+01   0.000000000000000E+00  -9.957952585299999E-01   0.000000000000000E+00   0.000000000000000E+00   0.000000000000000E+00
   8.681416895500000E-01   1.253054623400000E+01   1.253054623400000E+01   0.000000000000000E+00  -9.957952585299999E-01   0.000000000000000E+00   0.000000000000000E+00   0.000000000000000E+00
   8.704700424000000E-01   1.256415311300000E+01   1.256415311300000E+01   0.000000000000000E+00  -9.957952585299999E-01   0.000000000000000E+00   0.000000000000000E+00   0.000000000000000E+00
   8.727983952500000E-01   1.259775999200000E+01   1.259775999200000E+01   0.000000000000000E+00  -9.957952585299999E-01   0.000000000000000E+00   0.000000000000000E+00   0.000000000000000E+00
   8.751267481000000E-01   1.263136687200000E+01   1.263136687200000E+01   0.000000000000000E+00  -9.957952585299999E-01   0.000000000000000E+00   0.000000000000000E+00   0.000000000000000E+00
   8.774551009500000E-01   1.266497375100000E+01   1.266497375100000E+01   0.000000000000000E+00  -9.957952585299999E-01   0.000000000000000E+00   0.000000000000000E+00   0.000000000000000E+00
   8.798342991400000E-01   1.269931452000000E+01   1.269931452000000E+01   0.000000000000000E+00  -9.957952585299999E-01   0.000000000000000E+00   0.000000000000000E+00   0.000000000000000E+00
   8.822134973200000E-01   1.273365528800000E+01   1.273365528800000E+01   0.000000000000000E+00  -9.957952585299999E-01   0.000000000000000E+00   0.000000000000000E+00   0.000000000000000E+00
   8.845926955100000E-01   1.276799605700000E+01   1.276799605700000E+01   0.000000000000000E+00  -9.957952585299999E-01   0.000000000000000E+00   0.000000000000000E+00   0.000000000000000E+00
   8.869718936900000E-01   1.280233682600000E+01   1.280233682600000E+01   0.000000000000000E+00  -9.957952585299999E-01   0.000000000000000E+00   0.000000000000000E+00   0.000000000000000E+00
   8.892756166100000E-01   1.283558820200000E+01   1.283558820200000E+01   0.000000000000000E+00  -9.957952585299999E-01   0.000000000000000E+00   0.000000000000000E+00   0.000000000000000E+00
   8.915793395300000E-01   1.286883957900000E+01   1.286883957900000E+01   0.000000000000000E+00  -9.957952585299999E-01   0.000000000000000E+00   0.000000000000000E+00   0.000000000000000E+00
   8.938830624500000E-01   1.290209095600000E+01   1.290209095600000E+01   0.000000000000000E+00  -9.957952585299999E-01   0.000000000000000E+00   0.000000000000000E+00   0.000000000000000E+00
   8.961867853700000E-01   1.293534233300000E+01   1.293534233300000E+01   0.000000000000000E+00  -9.957952585299999E-01   0.000000000000000E+00   0.000000000000000E+00   0.000000000000000E+00
   8.983103478700000E-01   1.296599331800000E+01   1.296599331800000E+01   0.000000000000000E+00  -9.957952585299999E-01   0.000000000000000E+00   0.000000000000000E+00   0.000000000000000E+00
   9.004339103700000E-01   1.299664430400000E+01   1.299664430400000E+01   0.000000000000000E+00  -9.957952585299999E-01   0.000000000000000E+00   0.000000000000000E+00   0.000000000000000E+00
   9.025574728700000E-01   1.302729528900000E+01   1.302729528900000E+01   0.000000000000000E+00  -9.957952585299999E-01   0.000000000000000E+00   0.000000000000000E+00   0.000000000000000E+00
   9.046810353800000E-01   1.305794627400000E+01   1.305794627400000E+01   0.000000000000000E+00  -9.957952585299999E-01   0.000000000000000E+00   0.000000000000000E+00   0.000000000000000E+00
   9.064370875200000E-01   1.308329270400000E+01   1.308329270400000E+01   0.000000000000000E+00  -9.957952585299999E-01   0.000000000000000E+00   0.000000000000000E+00   0.000000000000000E+00
   9.081931396600000E-01   1.310863913400000E+01   1.310863913400000E+01   0.000000000000000E+00  -9.957952585299999E-01   0.000000000000000E+00   0.000000000000000E+00   0.000000000000000E+00
   9.099491918100000E-01   1.313398556400000E+01   1.313398556400000E+01   0.000000000000000E+00  -9.957952585299999E-01   0.000000000000000E+00   0.000000000000000E+00   0.000000000000000E+00
   9.117052439500000E-01   1.315933199400000E+01   1.315933199400000E+01   0.000000000000000E+00  -9.957952585299999E-01   0.000000000000000E+00   0.000000000000000E+00   0.000000000000000E+00
   9.133111136099999E-01   1.318251072700000E+01   1.318251072700000E+01   0.000000000000000E+00  -9.957952585299999E-01   0.000000000000000E+00   0.000000000000000E+00   0.000000000000000E+00
   9.149169832700000E-01   1.320568945900000E+01   1.320568945900000E+01   0.000000000000000E+00  -9.957952585299999E-01   0.000000000000000E+00   0.000000000000000E+00   0.000000000000000E+00
   9.165228529400000E-01   1.322886819200000E+01   1.322886819200000E+01   0.000000000000000E+00  -9.957952585299999E-01   0.000000000000000E+00   0.000000000000000E+00   0.000000000000000E+00
   9.181287226000000E-01   1.325204692400000E+01   1.325204692400000E+01   0.000000000000000E+00  -9.957952585299999E-01   0.000000000000000E+00   0.000000000000000E+00   0.000000000000000E+00
   9.198756130400000E-01   1.327726111700000E+01   1.327726111700000E+01   0.000000000000000E+00  -9.957952585299999E-01   0.000000000000000E+00   0.000000000000000E+00   0.000000000000000E+00
   9.216225034800000E-01   1.330247530900000E+01   1.330247530900000E+01   0.000000000000000E+00  -9.957952585299999E-01   0.000000000000000E+00   0.000000000000000E+00   0.000000000000000E+00
   9.233693939199999E-01   1.332768950100000E+01   1.332768950100000E+01   0.000000000000000E+00  -9.957952585299999E-01   0.000000000000000E+00   0.000000000000000E+00   0.000000000000000E+00
   9.251162843600000E-01   1.335290369300000E+01   1.335290369300000E+01   0.000000000000000E+00  -9.957952585299999E-01   0.000000000000000E+00   0.000000000000000E+00   0.000000000000000E+00
   9.268392555900000E-01   1.337777264100000E+01   1.337777264100000E+01   0.000000000000000E+00  -9.957952585299999E-01   0.000000000000000E+00   0.000000000000000E+00   0.000000000000000E+00
   9.285622268100000E-01   1.340264158900000E+01   1.340264158900000E+01   0.000000000000000E+00  -9.957952585299999E-01   0.000000000000000E+00   0.000000000000000E+00   0.000000000000000E+00
   9.302851980300000E-01   1.342751053700000E+01   1.342751053700000E+01   0.000000000000000E+00  -9.957952585299999E-01   0.000000000000000E+00   0.000000000000000E+00   0.000000000000000E+00
   9.320081692600000E-01   1.345237948600000E+01   1.345237948600000E+01   0.000000000000000E+00  -9.957952585299999E-01   0.000000000000000E+00   0.000000000000000E+00   0.000000000000000E+00
   9.334288369300000E-01   1.347288505800000E+01   1.347288505800000E+01   0.000000000000000E+00  -9.957952585299999E-01   0.000000000000000E+00   0.000000000000000E+00   0.000000000000000E+00
   9.348495046000000E-01   1.349339063000000E+01   1.349339063000000E+01   0.000000000000000E+00  -9.957952585299999E-01   0.000000000000000E+00   0.000000000000000E+00   0.000000000000000E+00
   9.362701722700000E-01   1.351389620200000E+01   1.351389620200000E+01   0.000000000000000E+00  -9.957952585299999E-01   0.000000000000000E+00   0.000000000000000E+00   0.000000000000000E+00
   9.376908399400000E-01   1.353440177400000E+01   1.353440177400000E+01   0.000000000000000E+00  -9.957952585299999E-01   0.000000000000000E+00   0.000000000000000E+00   0.000000000000000E+00
   9.387393398700000E-01   1.354953556700000E+01   1.354953556700000E+01   0.000000000000000E+00  -9.957952585299999E-01   0.000000000000000E+00   0.000000000000000E+00   0.000000000000000E+00
   9.397878398000000E-01   1.356466936000000E+01   1.356466936000000E+01   0.000000000000000E+00  -9.957952585299999E-01   0.000000000000000E+00   0.000000000000000E+00   0.000000000000000E+00
   9.408363397300000E-01   1.357980315300000E+01   1.357980315300000E+01   0.000000000000000E+00  -9.957952585299999E-01   0.000000000000000E+00   0.000000000000000E+00   0.000000000000000E+00
   9.418848396600000E-01   1.359493694700000E+01   1.359493694700000E+01   0.000000000000000E+00  -9.957952585299999E-01   0.000000000000000E+00   0.000000000000000E+00   0.000000000000000E+00
   9.429190252800000E-01   1.360986413100000E+01   1.360986413100000E+01   0.000000000000000E+00  -9.957952585299999E-01   0.000000000000000E+00   0.000000000000000E+00   0.000000000000000E+00
   9.439532108899999E-01   1.362479131400000E+01   1.362479131400000E+01   0.000000000000000E+00  -9.957952585299999E-01   0.000000000000000E+00   0.000000000000000E+00   0.000000000000000E+00
   9.449873965100000E-01   1.363971849800000E+01   1.363971849800000E+01   0.000000000000000E+00  -9.957952585299999E-01   0.000000000000000E+00   0.000000000000000E+00   0.000000000000000E+00
   9.460215821200000E-01   1.365464568200000E+01   1.365464568200000E+01   0.000000000000000E+00  -9.957952585299999E-01   0.000000000000000E+00   0.000000000000000E+00   0.000000000000000E+00
   9.472243931000000E-01   1.367200676400000E+01   1.367200676400000E+01   0.000000000000000E+00  -9.957952585299999E-01   0.000000000000000E+00   0.000000000000000E+00   0.000000000000000E+00
   9.484272040800000E-01   1.368936784500000E+01   1.368936784500000E+01   0.000000000000000E+00  -9.957952585299999E-01   0.000000000000000E+00   0.000000000000000E+00   0.000000000000000E+00
   9.496300150600000E-01   1.370672892700000E+01   1.370672892700000E+01   0.000000000000000E+00  -9.957952585299999E-01   0.000000000000000E+00   0.000000000000000E+00   0.000000000000000E+00
   9.508328260400000E-01   1.372409000800000E+01   1.372409000800000E+01   0.000000000000000E+00  -9.957952585299999E-01   0.000000000000000E+00   0.000000000000000E+00   0.000000000000000E+00
   9.519827576400000E-01   1.374068784100000E+01   1.374068784100000E+01   0.000000000000000E+00  -9.957952585299999E-01   0.000000000000000E+00   0.000000000000000E+00   0.000000000000000E+00
   9.531326892400001E-01   1.375728567500000E+01   1.375728567500000E+01   0.000000000000000E+00  -9.957952585299999E-01   0.000000000000000E+00   0.000000000000000E+00   0.000000000000000E+00
   9.542826208300000E-01   1.377388350800000E+01   1.377388350800000E+01   0.000000000000000E+00  -9.957952585299999E-01   0.000000000000000E+00   0.000000000000000E+00   0.000000000000000E+00
   9.554325524300000E-01   1.379048134100000E+01   1.379048134100000E+01   0.000000000000000E+00  -9.957952585299999E-01   0.000000000000000E+00   0.000000000000000E+00   0.000000000000000E+00
   9.563745930200001E-01   1.380407852600000E+01   1.380407852600000E+01   0.000000000000000E+00  -9.957952585299999E-01   0.000000000000000E+00   0.000000000000000E+00   0.000000000000000E+00
   9.573166336100000E-01   1.381767571100000E+01   1.381767571100000E+01   0.000000000000000E+00  -9.957952585299999E-01   0.000000000000000E+00   0.000000000000000E+00   0.000000000000000E+00
   9.582586742000000E-01   1.383127289600000E+01   1.383127289600000E+01   0.000000000000000E+00  -9.957952585299999E-01   0.000000000000000E+00   0.000000000000000E+00   0.000000000000000E+00
   9.592007147900000E-01   1.384487008100000E+01   1.384487008100000E+01   0.000000000000000E+00  -9.957952585299999E-01   0.000000000000000E+00   0.000000000000000E+00   0.000000000000000E+00
   9.600234032000000E-01   1.385674456600000E+01   1.385674456600000E+01   0.000000000000000E+00  -9.957952585299999E-01   0.000000000000000E+00   0.000000000000000E+00   0.000000000000000E+00
   9.608460916100000E-01   1.386861905100000E+01   1.386861905100000E+01   0.000000000000000E+00  -9.957952585299999E-01   0.000000000000000E+00   0.000000000000000E+00   0.000000000000000E+00
   9.616687800200000E-01   1.388049353500000E+01   1.388049353500000E+01   0.000000000000000E+00  -9.957952585299999E-01   0.000000000000000E+00   0.000000000000000E+00   0.000000000000000E+00
   9.624914684300000E-01   1.389236802000000E+01   1.389236802000000E+01   0.000000000000000E+00  -9.957952585299999E-01   0.000000000000000E+00   0.000000000000000E+00   0.000000000000000E+00
   9.632462198000000E-01   1.390326191800000E+01   1.390326191800000E+01   0.000000000000000E+00  -9.957952585299999E-01   0.000000000000000E+00   0.000000000000000E+00   0.000000000000000E+00
   9.640009711700001E-01   1.391415581600000E+01   1.391415581600000E+01   0.000000000000000E+00  -9.957952585299999E-01   0.000000000000000E+00   0.000000000000000E+00   0.000000000000000E+00
   9.647557225500000E-01   1.392504971400000E+01   1.392504971400000E+01   0.000000000000000E+00  -9.957952585299999E-01   0.000000000000000E+00   0.000000000000000E+00   0.000000000000000E+00
   9.655104739200000E-01   1.393594361200000E+01   1.393594361200000E+01   0.000000000000000E+00  -9.957952585299999E-01   0.000000000000000E+00   0.000000000000000E+00   0.000000000000000E+00
   9.662858848400000E-01   1.394713570500000E+01   1.394713570500000E+01   0.000000000000000E+00  -9.957952585299999E-01   0.000000000000000E+00   0.000000000000000E+00   0.000000000000000E+00
   9.670612957600000E-01   1.395832779700000E+01   1.395832779700000E+01   0.000000000000000E+00  -9.957952585299999E-01   0.000000000000000E+00   0.000000000000000E+00   0.000000000000000E+00
   9.678367066800000E-01   1.396951989000000E+01   1.396951989000000E+01   0.000000000000000E+00  -9.957952585299999E-01   0.000000000000000E+00   0.000000000000000E+00   0.000000000000000E+00
   9.686121175900000E-01   1.398071198300000E+01   1.398071198300000E+01   0.000000000000000E+00  -9.957952585299999E-01   0.000000000000000E+00   0.000000000000000E+00   0.000000000000000E+00
   9.695315137800000E-01   1.399398232400000E+01   1.399398232400000E+01   0.000000000000000E+00  -9.957952585299999E-01   0.000000000000000E+00   0.000000000000000E+00   0.000000000000000E+00
   9.704509099600001E-01   1.400725266500000E+01   1.400725266500000E+01   0.000000000000000E+00  -9.957952585299999E-01   0.000000000000000E+00   0.000000000000000E+00   0.000000000000000E+00
   9.713703061500000E-01   1.402052300600000E+01   1.402052300600000E+01   0.000000000000000E+00  -9.957952585299999E-01   0.000000000000000E+00   0.000000000000000E+00   0.000000000000000E+00
   9.722897023300000E-01   1.403379334800000E+01   1.403379334800000E+01   0.000000000000000E+00  -9.957952585299999E-01   0.000000000000000E+00   0.000000000000000E+00   0.000000000000000E+00
   9.732850975700000E-01   1.404816064100000E+01   1.404816064100000E+01   0.000000000000000E+00  -9.957952585299999E-01   0.000000000000000E+00   0.000000000000000E+00   0.000000000000000E+00
   9.742804928100000E-01   1.406252793400000E+01   1.406252793400000E+01   0.000000000000000E+00  -9.957952585299999E-01   0.000000000000000E+00   0.000000000000000E+00   0.000000000000000E+00
   9.752758880400000E-01   1.407689522700000E+01   1.407689522700000E+01   0.000000000000000E+00  -9.957952585299999E-01   0.000000000000000E+00   0.000000000000000E+00   0.000000000000000E+00
   9.762712832800000E-01   1.409126252000000E+01   1.409126252000000E+01   0.000000000000000E+00  -9.957952585299999E-01   0.000000000000000E+00   0.000000000000000E+00   0.000000000000000E+00
   9.771962642799999E-01   1.410461347100000E+01   1.410461347100000E+01   0.000000000000000E+00  -9.957952585299999E-01   0.000000000000000E+00   0.000000000000000E+00   0.000000000000000E+00
   9.781212452900000E-01   1.411796442200000E+01   1.411796442200000E+01   0.000000000000000E+00  -9.957952585299999E-01   0.000000000000000E+00   0.000000000000000E+00   0.000000000000000E+00
   9.790462262900000E-01   1.413131537300000E+01   1.413131537300000E+01   0.000000000000000E+00  -9.957952585299999E-01   0.000000000000000E+00   0.000000000000000E+00   0.000000000000000E+00
   9.799712072900000E-01   1.414466632400000E+01   1.414466632400000E+01   0.000000000000000E+00  -9.957952585299999E-01   0.000000000000000E+00   0.000000000000000E+00   0.000000000000000E+00
   9.808135927200000E-01   1.415682511100000E+01   1.415682511100000E+01   0.000000000000000E+00  -9.957952585299999E-01   0.000000000000000E+00   0.000000000000000E+00   0.000000000000000E+00
   9.816559781500001E-01   1.416898389700000E+01   1.416898389700000E+01   0.000000000000000E+00  -9.957952585299999E-01   0.000000000000000E+00   0.000000000000000E+00   0.000000000000000E+00
   9.824983635800000E-01   1.418114268400000E+01   1.418114268400000E+01   0.000000000000000E+00  -9.957952585299999E-01   0.000000000000000E+00   0.000000000000000E+00   0.000000000000000E+00
   9.833407490100000E-01   1.419330147100000E+01   1.419330147100000E+01   0.000000000000000E+00  -9.957952585299999E-01   0.000000000000000E+00   0.000000000000000E+00   0.000000000000000E+00
   9.842222160800000E-01   1.420602435200000E+01   1.420602435200000E+01   0.000000000000000E+00  -9.957952585299999E-01   0.000000000000000E+00   0.000000000000000E+00   0.000000000000000E+00
   9.851036831600000E-01   1.421874723400000E+01   1.421874723400000E+01   0.000000000000000E+00  -9.957952585299999E-01   0.000000000000000E+00   0.000000000000000E+00   0.000000000000000E+00
   9.859851502300000E-01   1.423147011500000E+01   1.423147011500000E+01   0.000000000000000E+00  -9.957952585299999E-01   0.000000000000000E+00   0.000000000000000E+00   0.000000000000000E+00
   9.868666173100000E-01   1.424419299700000E+01   1.424419299700000E+01   0.000000000000000E+00  -9.957952585299999E-01   0.000000000000000E+00   0.000000000000000E+00   0.000000000000000E+00
   9.877094680300000E-01   1.425635849900000E+01   1.425635849900000E+01   0.000000000000000E+00  -9.957952585299999E-01   0.000000000000000E+00   0.000000000000000E+00   0.000000000000000E+00
   9.885523187500000E-01   1.426852400200000E+01   1.426852400200000E+01   0.000000000000000E+00  -9.957952585299999E-01   0.000000000000000E+00   0.000000000000000E+00   0.000000000000000E+00
   9.893951694799999E-01   1.428068950500000E+01   1.428068950500000E+01   0.000000000000000E+00  -9.957952585299999E-01   0.000000000000000E+00   0.000000000000000E+00   0.000000000000000E+00
   9.902380202000000E-01   1.429285500700000E+01   1.429285500700000E+01   0.000000000000000E+00  -9.957952585299999E-01   0.000000000000000E+00   0.000000000000000E+00   0.000000000000000E+00
   9.909910605500000E-01   1.430372420900000E+01   1.430372420900000E+01   0.000000000000000E+00  -9.957952585299999E-01   0.000000000000000E+00   0.000000000000000E+00   0.000000000000000E+00
   9.917441009100000E-01   1.431459341000000E+01   1.431459341000000E+01   0.000000000000000E+00  -9.957952585299999E-01   0.000000000000000E+00   0.000000000000000E+00   0.000000000000000E+00
   9.924971412600000E-01   1.432546261200000E+01   1.432546261200000E+01   0.000000000000000E+00  -9.957952585299999E-01   0.000000000000000E+00   0.000000000000000E+00   0.000000000000000E+00
   9.932501816100000E-01   1.433633181300000E+01   1.433633181300000E+01   0.000000000000000E+00  -9.957952585299999E-01   0.000000000000000E+00   0.000000000000000E+00   0.000000000000000E+00
   9.940937738500000E-01   1.434850801900000E+01   1.434850801900000E+01   0.000000000000000E+00  -9.957952585299999E-01   0.000000000000000E+00   0.000000000000000E+00   0.000000000000000E+00
   9.949373660900001E-01   1.436068422400000E+01   1.436068422400000E+01   0.000000000000000E+00  -9.957952585299999E-01   0.000000000000000E+00   0.000000000000000E+00   0.000000000000000E+00
   9.957809583200000E-01   1.437286042900000E+01   1.437286042900000E+01   0.000000000000000E+00  -9.957952585299999E-01   0.000000000000000E+00   0.000000000000000E+00   0.000000000000000E+00
   9.966245505600000E-01   1.438503663500000E+01   1.438503663500000E+01   0.000000000000000E+00  -9.957952585299999E-01   0.000000000000000E+00   0.000000000000000E+00   0.000000000000000E+00
   9.974684129200000E-01   1.439721673900000E+01   1.439721673900000E+01   0.000000000000000E+00  -9.957952585299999E-01   0.000000000000000E+00   0.000000000000000E+00   0.000000000000000E+00
   9.983122752800000E-01   1.440939684300000E+01   1.440939684300000E+01   0.000000000000000E+00  -9.957952585299999E-01   0.000000000000000E+00   0.000000000000000E+00   0.000000000000000E+00
   9.991561376400000E-01   1.442157694800000E+01   1.442157694800000E+01   0.000000000000000E+00  -9.957952585299999E-01   0.000000000000000E+00   0.000000000000000E+00   0.000000000000000E+00
   1.000000000000000E+00   1.443375705200000E+01   1.443375705200000E+01   0.000000000000000E+00  -9.957952585299999E-01   0.000000000000000E+00   0.000000000000000E+00   0.000000000000000E+00
