   0.000000000000000E+00  -2.903097051500000E-32   0.000000000000000E+00   0.000000000000000E+00  -9.073859289000000E-02  -8.010612138600000E-04   0.000000000000000E+00   6.919827023900001E-02
   3.635080724600000E-03   7.270161449300000E-02   7.374379690600000E-02   2.069833569100000E-04  -9.073858910099999E-02  -8.010607123100000E-04   5.614113197000000E-03   6.923856214700000E-02
   7.270161449300000E-03   1.454032289900000E-01   1.474851365600000E-01   8.280493275900000E-04  -9.073857774200000E-02  -8.010572007500000E-04   1.122997048600000E-02   6.924127868900000E-02
   1.090524217400000E-02   2.181048434800000E-01   2.212219265200000E-01   1.863196353000000E-03  -9.073855884000000E-02  -8.010476686500000E-04   1.684452421400000E-02   6.920641801100000E-02
   1.454032289900000E-02   2.908064579700000E-01   2.949520784000000E-01   3.312189052400000E-03  -9.073853243500000E-02  -8.010291063500000E-04   2.245472743200000E-02   6.913399926699999E-02
   1.795237886600000E-02   3.590475773300000E-01   3.641507370300000E-01   5.048404507700000E-03  -9.073850087300001E-02  -8.010007865300000E-04   2.771405338500000E-02   6.903188688100000E-02
   2.136443483400000E-02   4.272886966800000E-01   4.333400044500000E-01   7.148255614400000E-03  -9.073846280700000E-02  -8.009593774200001E-04   3.296434903900000E-02   6.889676888700000E-02
   2.477649080200000E-02   4.955298160400000E-01   5.025181845400000E-01   9.610986821600000E-03  -9.073841830800000E-02  -8.009024000400000E-04   3.820310422100000E-02   6.872871153600001E-02
   2.818854677000000E-02   5.637709353900000E-01   5.716835979300000E-01   1.243566242700000E-02  -9.073836745800000E-02  -8.008273811900000E-04   4.342781441700000E-02   6.852779727400000E-02
   3.148488664400000E-02   6.296977328800000E-01   6.384896599700000E-01   1.550723663600000E-02  -9.073831238600000E-02  -8.007354566300000E-04   4.845965044300000E-02   6.830258489500000E-02
   3.478122651800000E-02   6.956245303700000E-01   7.052807816600000E-01   1.891441755200000E-02  -9.073825156600000E-02  -8.006221751800000E-04   5.347380182900000E-02   6.804690151400000E-02
   3.807756639300000E-02   7.615513278500000E-01   7.720555101800000E-01   2.265588611400000E-02  -9.073818510100000E-02  -8.004853285800000E-04   5.846803181900000E-02   6.776086421900000E-02
   4.137390626700000E-02   8.274781253400000E-01   8.388124182300000E-01   2.673016907600000E-02  -9.073811310300001E-02  -8.003227177900000E-04   6.344011277800000E-02   6.744460397200000E-02
   4.462041905500000E-02   8.924083811000000E-01   9.045414571500000E-01   3.106659057400000E-02  -9.073803690600001E-02  -8.001352532700000E-04   6.831323032500000E-02   6.710372387000001E-02
   4.786693184300000E-02   9.573386368600000E-01   9.702505447999999E-01   3.572256517700000E-02  -9.073795558599999E-02  -7.999185938400000E-04   7.316060437100000E-02   6.673381926900000E-02
   5.111344463100000E-02   1.022268892600000E+00   1.035938404500000E+00   4.069625233400000E-02  -9.073786927700001E-02  -7.996706705400000E-04   7.798013845200000E-02   6.633505425400001E-02
   5.435995741900000E-02   1.087199148400000E+00   1.101603792800000E+00   4.598567030600000E-02  -9.073777812100001E-02  -7.993894268700000E-04   8.276974844899999E-02   6.590760561900000E-02
   5.757829442600000E-02   1.151565888500000E+00   1.166675916700000E+00   5.153872708000000E-02  -9.073768312100000E-02  -7.990757252500000E-04   8.748621664900000E-02   6.545574180500000E-02
   6.079663143300000E-02   1.215932628700000E+00   1.231723629900000E+00   5.739777141900000E-02  -9.073758365700001E-02  -7.987252944000000E-04   9.216923904800001E-02   6.497607284500000E-02
   6.401496844000000E-02   1.280299368800000E+00   1.296745830400000E+00   6.356046891000000E-02  -9.073747989200000E-02  -7.983361722400000E-04   9.681682653199999E-02   6.446880732700000E-02
   6.723330544800001E-02   1.344666109000000E+00   1.361741456300000E+00   7.002435368700000E-02  -9.073737199300000E-02  -7.979064121600000E-04   1.014270053900000E-01   6.393416568099999E-02
   7.045144137600000E-02   1.409028827500000E+00   1.426705429400000E+00   7.678639793500000E-02  -9.073726014200000E-02  -7.974341146400000E-04   1.059975338000000E-01   6.337241600100001E-02
   7.366957730400001E-02   1.473391546100000E+00   1.491640835500000E+00   8.384427198900000E-02  -9.073714451200000E-02  -7.969173412300001E-04   1.105267609200000E-01   6.278376943300000E-02
   7.688771323200000E-02   1.537754264600000E+00   1.556546743900000E+00   9.119512475800000E-02  -9.073702529000000E-02  -7.963541970100000E-04   1.150127646400000E-01   6.216848110700000E-02
   8.010584916100000E-02   1.602116983200000E+00   1.621422271400000E+00   9.883597967600000E-02  -9.073690266999999E-02  -7.957428058400000E-04   1.194536415900000E-01   6.152681746400000E-02
   8.335524414400000E-02   1.667104882900000E+00   1.686896286200000E+00   1.068421381600000E-01  -9.073677561200000E-02  -7.950746339500000E-04   1.238899505900000E-01   6.085244283900000E-02
   8.660463912800000E-02   1.732092782600000E+00   1.752337667900000E+00   1.151374805800000E-01  -9.073664550000000E-02  -7.943534901899999E-04   1.282764129500000E-01   6.015175823800000E-02
   8.985403411200001E-02   1.797080682200000E+00   1.817745662300000E+00   1.237185638000000E-01  -9.073651255000000E-02  -7.935775063600000E-04   1.326111323800000E-01   5.942507210100000E-02
   9.310342909500000E-02   1.862068581900000E+00   1.883119569800000E+00   1.325818214500000E-01  -9.073637697900000E-02  -7.927448370300000E-04   1.368922353500000E-01   5.867270397500000E-02
   9.641561473800001E-02   1.928312294800000E+00   1.949721001900000E+00   1.419029366000000E-01  -9.073623632500000E-02  -7.918358512300000E-04   1.411989688000000E-01   5.787970843100000E-02
   9.972780038000000E-02   1.994556007600000E+00   2.016285727800000E+00   1.515093714300000E-01  -9.073609342199999E-02  -7.908641715700000E-04   1.454461382000000E-01   5.706073373100000E-02
   1.030399860200000E-01   2.060799720400000E+00   2.082813189800000E+00   1.613969661600000E-01  -9.073594851600000E-02  -7.898279217500000E-04   1.496318374500000E-01   5.621615281200000E-02
   1.063521716600000E-01   2.127043433300000E+00   2.149302894000000E+00   1.715614367700000E-01  -9.073580185500001E-02  -7.887252533899999E-04   1.537541884200000E-01   5.534634982100000E-02
   1.097976972400000E-01   2.195953944700000E+00   2.218428770600000E+00   1.824241822600000E-01  -9.073564769799999E-02  -7.875057548000000E-04   1.579732809100000E-01   5.441519034900000E-02
   1.132432228100000E-01   2.264864456200000E+00   2.287512916500000E+00   1.935766788000000E-01  -9.073549220000000E-02  -7.862103991400000E-04   1.621197730700000E-01   5.345762208700000E-02
   1.166887483800000E-01   2.333774967600000E+00   2.356555001500000E+00   2.050136923300000E-01  -9.073533565100000E-02  -7.848372077000000E-04   1.661916527500000E-01   5.247411459200000E-02
   1.201342739500000E-01   2.402685479000000E+00   2.425554773800000E+00   2.167298547900000E-01  -9.073517834100001E-02  -7.833842383100000E-04   1.701869443500000E-01   5.146514951400000E-02
   1.235971600000000E-01   2.471943200000000E+00   2.494859397800000E+00   2.287807616800000E-01  -9.073501976600000E-02  -7.818416437600000E-04   1.741232424800000E-01   5.042594847000000E-02
   1.270600460500000E-01   2.541200921000000E+00   2.564121012000000E+00   2.411023697300000E-01  -9.073486101500000E-02  -7.802146466100000E-04   1.779782925400000E-01   4.936204387100000E-02
   1.305229321000000E-01   2.610458642000000E+00   2.633339602200000E+00   2.536888389700000E-01  -9.073470238600000E-02  -7.785013922200000E-04   1.817502060800000E-01   4.827395990800000E-02
   1.339858181500000E-01   2.679716363000000E+00   2.702515235700000E+00   2.665342054300000E-01  -9.073454417800000E-02  -7.767000668400000E-04   1.854371356300000E-01   4.716223196800000E-02
   1.373107544000000E-01   2.746215088000000E+00   2.768894856300000E+00   2.791058386900000E-01  -9.073439294200000E-02  -7.748859761800000E-04   1.888955398800000E-01   4.607304882300000E-02
   1.406356906500000E-01   2.812713813000000E+00   2.835235211900000E+00   2.919050555700000E-01  -9.073424263000000E-02  -7.729875259700000E-04   1.922723697100000E-01   4.496306433200000E-02
   1.439606269000000E-01   2.879212538100000E+00   2.901536572300000E+00   3.049262710100000E-01  -9.073409350000000E-02  -7.710032213500000E-04   1.955661005900000E-01   4.383278001400000E-02
   1.472855631600000E-01   2.945711263100000E+00   2.967799275000000E+00   3.181638056500000E-01  -9.073394581100000E-02  -7.689316049200000E-04   1.987752454700000E-01   4.268270590400000E-02
   1.505533055200000E-01   3.011066110400000E+00   3.032884885900000E+00   3.313788140900000E-01  -9.073380231500000E-02  -7.668091763000000E-04   2.018453684200000E-01   4.153363478600000E-02
   1.538210478800000E-01   3.076420957600000E+00   3.097933995800000E+00   3.447916277200000E-01  -9.073366069800000E-02  -7.645997317500000E-04   2.048310517800000E-01   4.036644903500000E-02
   1.570887902400000E-01   3.141775804900000E+00   3.162947113400000E+00   3.583966045300000E-01  -9.073352119700000E-02  -7.623019969300000E-04   2.077309932900000E-01   3.918165544800000E-02
   1.603565326100000E-01   3.207130652100000E+00   3.227924808100000E+00   3.721880247900000E-01  -9.073338404600000E-02  -7.599147346300001E-04   2.105439279100000E-01   3.797976783800000E-02
   1.635984279600000E-01   3.271968559300000E+00   3.292354161800000E+00   3.860488844400000E-01  -9.073325052700000E-02  -7.574567045100000E-04   2.132474259200000E-01   3.677100818600000E-02
   1.668403233200000E-01   3.336806466500000E+00   3.356749941200000E+00   4.000818169900000E-01  -9.073311976700001E-02  -7.549082425100000E-04   2.158629186100000E-01   3.554645098000000E-02
   1.700822186800000E-01   3.401644373600000E+00   3.421112873100000E+00   4.142810256300000E-01  -9.073299198000000E-02  -7.522682517100000E-04   2.183892821300000E-01   3.430661704400000E-02
   1.733241140400000E-01   3.466482280800000E+00   3.485443739200000E+00   4.286406482900000E-01  -9.073286737700000E-02  -7.495356730100000E-04   2.208254305400000E-01   3.305203309700000E-02
   1.765689231300000E-01   3.531378462700000E+00   3.549801151500000E+00   4.431678725100000E-01  -9.073274605499999E-02  -7.467069029500000E-04   2.231723823200000E-01   3.178208493900000E-02
   1.798137322300000E-01   3.596274644600000E+00   3.614128166000000E+00   4.578438618700000E-01  -9.073262833000000E-02  -7.437833707600000E-04   2.254268955200000E-01   3.049843290500000E-02
   1.830585413300000E-01   3.661170826500000E+00   3.678425722400000E+00   4.726625569200000E-01  -9.073251439400000E-02  -7.407641306700000E-04   2.275879977300000E-01   2.920162151600000E-02
   1.863033504200000E-01   3.726067008400000E+00   3.742694809500000E+00   4.876178426400000E-01  -9.073240443600000E-02  -7.376482763900000E-04   2.296547561200000E-01   2.789220030200000E-02
   1.895692308200000E-01   3.791384616400000E+00   3.807353552200000E+00   5.028019277800000E-01  -9.073229796399999E-02  -7.344137541500000E-04   2.316387674800000E-01   2.656210394600000E-02
   1.928351112200000E-01   3.856702224500000E+00   3.871985608200000E+00   5.181117937500000E-01  -9.073219588400000E-02  -7.310796388400000E-04   2.335254321200000E-01   2.522036488400000E-02
   1.961009916300000E-01   3.922019832500000E+00   3.936592126000000E+00   5.335410505300000E-01  -9.073209836500000E-02  -7.276451297500000E-04   2.353139225800000E-01   2.386755740900000E-02
   1.993668720300000E-01   3.987337440500000E+00   4.001174297200000E+00   5.490832613200000E-01  -9.073200557100000E-02  -7.241094680500000E-04   2.370034534200000E-01   2.250426002400000E-02
   2.026523421200000E-01   4.053046842500000E+00   4.066120531600000E+00   5.648261184200000E-01  -9.073191714499999E-02  -7.204498093800000E-04   2.386025154500000E-01   2.112278963800000E-02
   2.059378122200000E-01   4.118756244400000E+00   4.131044669700000E+00   5.806700885200000E-01  -9.073183380700001E-02  -7.166863694700000E-04   2.400999619200000E-01   1.973188950800000E-02
   2.092232823200000E-01   4.184465646400000E+00   4.195948044400000E+00   5.966084908400000E-01  -9.073175569700000E-02  -7.128185058700000E-04   2.414951235700000E-01   1.833216008500000E-02
   2.125087524100000E-01   4.250175048300000E+00   4.260832024400000E+00   6.126346072400000E-01  -9.073168294900000E-02  -7.088456201200000E-04   2.427873753200000E-01   1.692420518700000E-02
   2.158517126100000E-01   4.317034252200000E+00   4.326832903800000E+00   6.290242110700000E-01  -9.073161455700000E-02  -7.046948489400000E-04   2.439960131400000E-01   1.548379748300000E-02
   2.191946728100000E-01   4.383893456100000E+00   4.392816665400000E+00   6.454904860100000E-01  -9.073155196100000E-02  -7.004342378600000E-04   2.450969426000000E-01   1.403614475900000E-02
   2.225376330000000E-01   4.450752660100000E+00   4.458784849400000E+00   6.620262527400000E-01  -9.073149527200000E-02  -6.960632982700000E-04   2.460896473500000E-01   1.258189227400000E-02
   2.258805932000000E-01   4.517611864000000E+00   4.524739023700000E+00   6.786243031900000E-01  -9.073144458700000E-02  -6.915815896300000E-04   2.469736593200000E-01   1.112168786800000E-02
   2.293278765900000E-01   4.586557531900000E+00   4.592738432800000E+00   6.957979004500000E-01  -9.073139870300000E-02  -6.868435982600000E-04   2.477709811200000E-01   9.610369709200000E-03
   2.327751599900000E-01   4.655503199700000E+00   4.660726410500000E+00   7.130220781300000E-01  -9.073135938400000E-02  -6.819870234400001E-04   2.484518681900000E-01   8.094129015199999E-03
   2.362224433800000E-01   4.724448867600000E+00   4.728704750300000E+00   7.302888552200000E-01  -9.073132670200000E-02  -6.770115439300000E-04   2.490159695000000E-01   6.573683060400000E-03
   2.396697267700000E-01   4.793394535400000E+00   4.796675264300000E+00   7.475902312300000E-01  -9.073130071700000E-02  -6.719168936000000E-04   2.494629892500000E-01   5.049750854100000E-03
   2.434157956300000E-01   4.868315912700000E+00   4.870530227800000E+00   7.664210395700000E-01  -9.073128012900000E-02  -6.662453196500000E-04   2.498157313500000E-01   3.390623158000000E-03
   2.471618645000000E-01   4.943237289900000E+00   4.944380468800000E+00   7.852729326900000E-01  -9.073126754900000E-02  -6.604325772700000E-04   2.500296995800000E-01   1.729155505400000E-03
   2.509079333600000E-01   5.018158667200000E+00   5.018228358500000E+00   8.041355934000000E-01  -9.073126300500001E-02  -6.544785471299999E-04   2.501047370900000E-01   6.627502126000000E-05
   2.546540022200000E-01   5.093080044400000E+00   5.092076274200000E+00   8.229986964500000E-01  -9.073126650500001E-02  -6.483831872400000E-04   2.500407645700000E-01  -1.597090482100000E-03
   2.580728793900000E-01   5.161457587900000E+00   5.159476153200000E+00   8.402058791600000E-01  -9.073127671200000E-02  -6.426968883000000E-04   2.498610486700000E-01  -3.114810060300000E-03
   2.614917565700000E-01   5.229835131300000E+00   5.226879839500000E+00   8.573969765300000E-01  -9.073129359300000E-02  -6.368929813900000E-04   2.495655979800000E-01  -4.631455213600000E-03
   2.649106337400000E-01   5.298212674800000E+00   5.294289131000000E+00   8.745641427300000E-01  -9.073131711500000E-02  -6.309716033399999E-04   2.491545213600000E-01  -6.146321019200000E-03
   2.683295109100000E-01   5.366590218200000E+00   5.361705816100000E+00   8.916995395200000E-01  -9.073134723300000E-02  -6.249329445700000E-04   2.486279813800000E-01  -7.658703272900000E-03
   2.716548568100000E-01   5.433097136200000E+00   5.427286942700000E+00   9.083282393900000E-01  -9.073138280100000E-02  -6.189472069700000E-04   2.480052829600000E-01  -9.126659771899999E-03
   2.749802027100000E-01   5.499604054200000E+00   5.492878362000000E+00   9.249122890100000E-01  -9.073142449400000E-02  -6.128510215100000E-04   2.472738043200000E-01  -1.059095556900000E-02
   2.783055486100000E-01   5.566110972200000E+00   5.558481675000000E+00   9.414445137500000E-01  -9.073147223600000E-02  -6.066447090200000E-04   2.464338409900000E-01  -1.205094618100000E-02
   2.816308945100000E-01   5.632617890200000E+00   5.624098462400000E+00   9.579177570300000E-01  -9.073152594400000E-02  -6.003286379700000E-04   2.454857362400000E-01  -1.350598878200000E-02
   2.849054649600000E-01   5.698109299100000E+00   5.688728014300000E+00   9.740748911700000E-01  -9.073158456900000E-02  -5.940021552500000E-04   2.444468110000000E-01  -1.493335559000000E-02
   2.881800354000000E-01   5.763600708000000E+00   5.753373606000000E+00   9.901611196200000E-01  -9.073164878800000E-02  -5.875700856800000E-04   2.433038187900000E-01  -1.635469281900000E-02
   2.914546058500000E-01   5.829092116900000E+00   5.818036673700000E+00   1.006169675400000E+00  -9.073171848900000E-02  -5.810329158000000E-04   2.420572223300000E-01  -1.776939274900000E-02
   2.947291762900000E-01   5.894583525800000E+00   5.882718624600000E+00   1.022093818900000E+00  -9.073179355400000E-02  -5.743911763700000E-04   2.407075286700000E-01  -1.917685014900000E-02
   2.979693508100000E-01   5.959387016200000E+00   5.946741095500000E+00   1.037761027400000E+00  -9.073187298400000E-02  -5.677168374200000E-04   2.392710741400000E-01  -2.056180387000000E-02
   3.012095253300000E-01   6.024190506600000E+00   6.010784701800000E+00   1.053332548200000E+00  -9.073195740800000E-02  -5.609412760600000E-04   2.377347927700000E-01  -2.193849557600000E-02
   3.044496998500000E-01   6.088993997000000E+00   6.074850708900000E+00   1.068801945600000E+00  -9.073204668400001E-02  -5.540651332400000E-04   2.360993027600000E-01  -2.330634744200000E-02
   3.076898743700000E-01   6.153797487300000E+00   6.138940345100000E+00   1.084162820000000E+00  -9.073214066400000E-02  -5.470890915100001E-04   2.343652639300000E-01  -2.466478491900000E-02
   3.109243567700000E-01   6.218487135400000E+00   6.202942145800000E+00   1.099382131100000E+00  -9.073223901300000E-02  -5.400263905500000E-04   2.325366810500000E-01  -2.601087715700000E-02
   3.141588391700000E-01   6.283176783500000E+00   6.266969821100000E+00   1.114480673900000E+00  -9.073234172800000E-02  -5.328656236600000E-04   2.306113325700000E-01  -2.734645462300000E-02
   3.173933215800000E-01   6.347866431600000E+00   6.331024471200000E+00   1.129452204500000E+00  -9.073244863900000E-02  -5.256075922900000E-04   2.285899975200000E-01  -2.867095688100000E-02
   3.206278039800000E-01   6.412556079600000E+00   6.395107151900000E+00   1.144290524700000E+00  -9.073255956800000E-02  -5.182531381500000E-04   2.264734952400000E-01  -2.998382763200000E-02
   3.238660307400000E-01   6.477320614800000E+00   6.459293108300000E+00   1.159006417200000E+00  -9.073267446400000E-02  -5.107944635000000E-04   2.242600714600000E-01  -3.128601337300000E-02
   3.271042574900000E-01   6.542085149900000E+00   6.523509138000000E+00   1.173576505500000E+00  -9.073279301100000E-02  -5.032409509300000E-04   2.219530235100000E-01  -3.257543815500000E-02
   3.303424842500000E-01   6.606849685000000E+00   6.587756156600000E+00   1.187994722100000E+00  -9.073291501100000E-02  -4.955935644000001E-04   2.195532930400000E-01  -3.385155754600000E-02
   3.335807110100000E-01   6.671614220200000E+00   6.652035028400000E+00   1.202255055700000E+00  -9.073304025900000E-02  -4.878533069800000E-04   2.170618608400000E-01  -3.511383216400000E-02
   3.368545700400000E-01   6.737091400800000E+00   6.717054410900000E+00   1.216505732200000E+00  -9.073316997500000E-02  -4.799345322800000E-04   2.144508334000000E-01  -3.637537732100000E-02
   3.401284290800000E-01   6.802568581500000E+00   6.782107964100000E+00   1.230582858100000E+00  -9.073330257800000E-02  -4.719230130500000E-04   2.117482108100000E-01  -3.762167917300000E-02
   3.434022881100000E-01   6.868045762200000E+00   6.847196412800000E+00   1.244480410900000E+00  -9.073343784000000E-02  -4.638199054100000E-04   2.089551262700000E-01  -3.885219747800000E-02
   3.466761471400000E-01   6.933522942900000E+00   6.912320422700000E+00   1.258192437100000E+00  -9.073357553100000E-02  -4.556264046500000E-04   2.060727522100000E-01  -4.006639821300000E-02
   3.500071236600000E-01   7.000142473300000E+00   6.978617742900000E+00   1.271947208500000E+00  -9.073371787600000E-02  -4.471984573900000E-04   2.030497014100000E-01  -4.128449086500000E-02
   3.533381001800000E-01   7.066762003700000E+00   7.044953075200000E+00   1.285497717200000E+00  -9.073386224100000E-02  -4.386795535400000E-04   1.999367887200000E-01  -4.248459689400000E-02
   3.566690767000000E-01   7.133381534100000E+00   7.111326925500000E+00   1.298837928900000E+00  -9.073400836999999E-02  -4.300710740000000E-04   1.967353710100000E-01  -4.366617516300000E-02
   3.600000532200000E-01   7.200001064500000E+00   7.177739731600000E+00   1.311961894300000E+00  -9.073415600800000E-02  -4.213744396100000E-04   1.934468450900000E-01  -4.482869221300000E-02
   3.635138446100000E-01   7.270276892300000E+00   7.247840117800000E+00   1.325565303800000E+00  -9.073431309299999E-02  -4.121065727300000E-04   1.898850092100000E-01  -4.603377296200000E-02
   3.670276360000000E-01   7.340552720100000E+00   7.317984614000000E+00   1.338914786900000E+00  -9.073447125700000E-02  -4.027439951200000E-04   1.862295723600000E-01  -4.721645103800000E-02
   3.705414273900000E-01   7.410828547800000E+00   7.388173483900000E+00   1.352003689300000E+00  -9.073463018800000E-02  -3.932885146700000E-04   1.824823142800000E-01  -4.837612990600000E-02
   3.740552187800000E-01   7.481104375600000E+00   7.458406904000000E+00   1.364825476800000E+00  -9.073478957300000E-02  -3.837419856400000E-04   1.786450610400000E-01  -4.951222382200000E-02
   3.774466348800000E-01   7.548932697700000E+00   7.526236629600000E+00   1.376941384900000E+00  -9.073494354500000E-02  -3.744433679400000E-04   1.748578540300000E-01  -5.058584494000000E-02
   3.808380509900000E-01   7.616761019700000E+00   7.594107942600000E+00   1.388796834700000E+00  -9.073509736599999E-02  -3.650634502600000E-04   1.709902767900000E-01  -5.163645334600000E-02
   3.842294670900000E-01   7.684589341800000E+00   7.662020769700000E+00   1.400386287800000E+00  -9.073525075500000E-02  -3.556040180700000E-04   1.670440894200000E-01  -5.266355269100000E-02
   3.876208831900000E-01   7.752417663800000E+00   7.729974961100000E+00   1.411704322000000E+00  -9.073540343000000E-02  -3.460668939900000E-04   1.630210892200000E-01  -5.366665708200000E-02
   3.908943643800000E-01   7.817887287600000E+00   7.795605098400000E+00   1.422366379200000E+00  -9.073554985700000E-02  -3.367894751500000E-04   1.590668531000000E-01  -5.461167559200000E-02
   3.941678455700000E-01   7.883356911400000E+00   7.861273294400000E+00   1.432765964100000E+00  -9.073569510899999E-02  -3.274431089300000E-04   1.550444421200000E-01  -5.553347857600000E-02
   3.974413267600000E-01   7.948826535100000E+00   7.926979214400000E+00   1.442898524400000E+00  -9.073583893600000E-02  -3.180295286600000E-04   1.509555667600000E-01  -5.643165818100000E-02
   4.007148079500000E-01   8.014296158900001E+00   7.992722459600000E+00   1.452759618600000E+00  -9.073598109400000E-02  -3.085504971300000E-04   1.468019669500000E-01  -5.730581651200000E-02
   4.039404489800000E-01   8.078808979600000E+00   8.057540963299999E+00   1.462206840500000E+00  -9.073611930500000E-02  -2.991477168700000E-04   1.426474788000000E-01  -5.814332476500000E-02
   4.071660900100000E-01   8.143321800200001E+00   8.122394756800000E+00   1.471382238300000E+00  -9.073625543000000E-02  -2.896848646200000E-04   1.384335802700000E-01  -5.895677106800000E-02
   4.103917310400000E-01   8.207834620900000E+00   8.187283278400001E+00   1.480281891300000E+00  -9.073638924300000E-02  -2.801637066700000E-04   1.341620157100000E-01  -5.974580425300000E-02
   4.136173720800000E-01   8.272347441499999E+00   8.252205908600001E+00   1.488901992000000E+00  -9.073652052200000E-02  -2.705860342300000E-04   1.298345544200000E-01  -6.051008329800000E-02
   4.168155025000000E-01   8.336310050100000E+00   8.316607839400000E+00   1.497168952700000E+00  -9.073664796500000E-02  -2.610360407700000E-04   1.254905827300000E-01  -6.124308007300000E-02
   4.200136329300000E-01   8.400272658600000E+00   8.381041921300000E+00   1.505153993800000E+00  -9.073677249400000E-02  -2.514340694800000E-04   1.210951974300000E-01  -6.195110591000000E-02
   4.232117633500000E-01   8.464235267099999E+00   8.445507388599999E+00   1.512853744800000E+00  -9.073689390799999E-02  -2.417819344200000E-04   1.166501911400000E-01  -6.263385899600001E-02
   4.264098937800000E-01   8.528197875600000E+00   8.510003423800001E+00   1.520264952200000E+00  -9.073701200600000E-02  -2.320814708100000E-04   1.121573776100000E-01  -6.329104798700000E-02
   4.296009891000000E-01   8.592019782100000E+00   8.574387186499999E+00   1.527369141800000E+00  -9.073712634900000E-02  -2.223560248800000E-04   1.076286243700000E-01  -6.392103191100000E-02
   4.327920844300000E-01   8.655841688500001E+00   8.638799608699999E+00   1.534179938900000E+00  -9.073723701399999E-02  -2.125861733700000E-04   1.030559417800000E-01  -6.452501638900000E-02
   4.359831797500000E-01   8.719663595000000E+00   8.703239733200000E+00   1.540694468800000E+00  -9.073734382199999E-02  -2.027737979800000E-04   9.844119014500000E-02  -6.510274405900000E-02
   4.391742750700000E-01   8.783485501500000E+00   8.767706557700000E+00   1.546909979400000E+00  -9.073744659800000E-02  -1.929207983500000E-04   9.378624768900000E-02  -6.565396852200001E-02
   4.423982557900000E-01   8.847965115699999E+00   8.832863784000001E+00   1.552883207400000E+00  -9.073754616900000E-02  -1.829269590000000E-04   8.904445163900000E-02  -6.618371949000000E-02
   4.456222365000000E-01   8.912444729900001E+00   8.898046073100000E+00   1.558545957800000E+00  -9.073764129000000E-02  -1.728956041600000E-04   8.426553846500000E-02  -6.668594698400000E-02
   4.488462172100000E-01   8.976924344200000E+00   8.963252260999999E+00   1.563895781600000E+00  -9.073773180200000E-02  -1.628287437100000E-04   7.945149589400000E-02  -6.716043180200000E-02
   4.520701979200000E-01   9.041403958400000E+00   9.028481143400001E+00   1.568930363600000E+00  -9.073781755500000E-02  -1.527284028900000E-04   7.460432698800000E-02  -6.760696669100000E-02
   4.553717239400000E-01   9.107434478900000E+00   9.095301176000000E+00   1.573757056700000E+00  -9.073790029000001E-02  -1.423525550500000E-04   6.960834751900000E-02  -6.803507166800001E-02
   4.586732499700000E-01   9.173464999400000E+00   9.162142332300000E+00   1.578248680100000E+00  -9.073797774200000E-02  -1.319459414100000E-04   6.458192637100001E-02  -6.843346496200001E-02
   4.619747759900000E-01   9.239495519800000E+00   9.229003202500000E+00   1.582403190700000E+00  -9.073804977500000E-02  -1.215107812500000E-04   5.952725893700000E-02  -6.880196369500000E-02
   4.652763020200000E-01   9.305526040300000E+00   9.295882341900001E+00   1.586218697200000E+00  -9.073811626500000E-02  -1.110493068400000E-04   5.444655357400000E-02  -6.914039860500000E-02
   4.686821971200000E-01   9.373643942399999E+00   9.364893270500000E+00   1.589797733100000E+00  -9.073817892400000E-02  -1.002319219400000E-04   4.918030083600000E-02  -6.945786320900001E-02
   4.720880922200000E-01   9.441761844400000E+00   9.433920415899999E+00   1.593012407800000E+00  -9.073823544300000E-02  -8.939139747800000E-05   4.389115086400000E-02  -6.974301233900000E-02
   4.754939873200000E-01   9.509879746399999E+00   9.502962093800001E+00   1.595861161300000E+00  -9.073828571900000E-02  -7.853022078200000E-05   3.858156467800000E-02  -6.999570637800000E-02
   4.788998824200000E-01   9.577997648400000E+00   9.572016593100001E+00   1.598342610300000E+00  -9.073832965700000E-02  -6.765088919900000E-05   3.325401330300000E-02  -7.021582154600001E-02
   4.825637116100000E-01   9.651274232200000E+00   9.646313031600000E+00   1.600600525100000E+00  -9.073836975500001E-02  -5.593024741700000E-05   2.750577890700000E-02  -7.041611009900001E-02
   4.862275408000000E-01   9.724550816000001E+00   9.720620110900001E+00   1.602430733800000E+00  -9.073840233900000E-02  -4.419462680900000E-05   2.174272192900000E-02  -7.057846022000000E-02
   4.898913699900000E-01   9.797827399699999E+00   9.794935621300001E+00   1.603832207100000E+00  -9.073842734000000E-02  -3.244716531600000E-05   1.596794749500000E-02  -7.070277978500000E-02
   4.935551991800000E-01   9.871103983499999E+00   9.869257334600000E+00   1.604804156200000E+00  -9.073844470400000E-02  -2.069100753800000E-05   1.018456737900000E-02  -7.078899823400001E-02
   4.971963704200000E-01   9.943927408400000E+00   9.943123354700001E+00   1.605344005600000E+00  -9.073845435700000E-02  -9.002050731200000E-06   4.431508533900000E-03  -7.083688665500000E-02
   5.008375416700001E-01   1.001675083300000E+01   1.001699107800000E+01   1.605458786500000E+00  -9.073845641100001E-02   2.689289744900000E-06  -1.323909159200000E-03  -7.084706853300000E-02
   5.044787129100000E-01   1.008957425800000E+01   1.009085829200000E+01   1.605148435000000E+00  -9.073845086000000E-02   1.437991808200000E-05  -7.078622128500000E-03  -7.081953816100001E-02
   5.081198841500000E-01   1.016239768300000E+01   1.016472278700000E+01   1.604413123700000E+00  -9.073843771600000E-02   2.606673886700000E-05  -1.282956719700000E-02  -7.075431097600000E-02
   5.115030849800000E-01   1.023006170000000E+01   1.023334974600000E+01   1.603349397100000E+00  -9.073841872200000E-02   3.691944996100000E-05  -1.816701241600000E-02  -7.065995140200000E-02
   5.148862858000000E-01   1.029772571600000E+01   1.030197069200000E+01   1.601919653800000E+00  -9.073839323299999E-02   4.776372476600000E-05  -2.349610925500000E-02  -7.053312434200000E-02
   5.182694866200001E-01   1.036538973200000E+01   1.037058387400000E+01   1.600124579700000E+00  -9.073836129399999E-02   5.859708893000000E-05  -2.881440920700000E-02  -7.037389117300000E-02
   5.216526874500000E-01   1.043305374900000E+01   1.043918755600000E+01   1.597965035800000E+00  -9.073832296300000E-02   6.941707333500000E-05  -3.411946898800000E-02  -7.018232893300000E-02
   5.249429365700000E-01   1.049885873100000E+01   1.050589564300000E+01   1.595516220100000E+00  -9.073827962200000E-02   7.992461020500000E-05  -3.926375937200000E-02  -6.996510878800000E-02
   5.282331857000000E-01   1.056466371400000E+01   1.057259155900000E+01   1.592724775300000E+00  -9.073823037700000E-02   9.041490462500000E-05  -4.439098749600000E-02  -6.971749852600000E-02
   5.315234348200000E-01   1.063046869600000E+01   1.063927376200000E+01   1.589591966300000E+00  -9.073817531400000E-02   1.008857060400000E-04  -4.949892652900000E-02  -6.943961133800000E-02
   5.348136839500000E-01   1.069627367900000E+01   1.070594073700000E+01   1.586119211800000E+00  -9.073811452699999E-02   1.113347727200000E-04  -5.458535845900000E-02  -6.913157419500000E-02
   5.380632838100000E-01   1.076126567600000E+01   1.077176767300000E+01   1.582357225800000E+00  -9.073804897600000E-02   1.216312314000000E-04  -5.958568145500000E-02  -6.879788664100001E-02
   5.413128836700000E-01   1.082625767300000E+01   1.083757689300000E+01   1.578266835400000E+00  -9.073797805599999E-02   1.319021720200000E-04  -6.456075436700000E-02  -6.843507528900000E-02
   5.445624835300000E-01   1.089124967100000E+01   1.090336702100000E+01   1.573849844500000E+00  -9.073790188600001E-02   1.421454660500000E-04  -6.950847144300000E-02  -6.804330159100000E-02
   5.478120833900000E-01   1.095624166800000E+01   1.096913671100000E+01   1.569108199700000E+00  -9.073782059400000E-02   1.523589971100000E-04  -7.442673910000000E-02  -6.762273977300000E-02
   5.510080452600000E-01   1.102016090500000E+01   1.103379959900000E+01   1.564130185900000E+00  -9.073773578200001E-02   1.623728729300000E-04  -7.923308317300000E-02  -6.718122174600000E-02
   5.542040071300000E-01   1.108408014300000E+01   1.109844023900000E+01   1.558842285800000E+00  -9.073764628700000E-02   1.723539380800000E-04  -8.400696349900000E-02  -6.671222854500000E-02
   5.573999690000000E-01   1.114799938000000E+01   1.116305745800000E+01   1.553246748600000E+00  -9.073755225500001E-02   1.823002189500000E-04  -8.874642806600000E-02  -6.621596149000000E-02
   5.605959308700000E-01   1.121191861700000E+01   1.122765011700000E+01   1.547345952200000E+00  -9.073745383900000E-02   1.922097567000000E-04  -9.344953962900000E-02  -6.569263344000000E-02
   5.637945400700000E-01   1.127589080100000E+01   1.129227059400000E+01   1.541137138800000E+00  -9.073735111300001E-02   2.020887678700000E-04  -9.811822413300000E-02  -6.514200190699999E-02
   5.669931492800000E-01   1.133986298600000E+01   1.135686431700000E+01   1.534627708200000E+00  -9.073724432600000E-02   2.119270968900000E-04  -1.027466604300000E-01  -6.456472538100000E-02
   5.701917584800000E-01   1.140383517000000E+01   1.142143027300000E+01   1.527820423800000E+00  -9.073713365000000E-02   2.217228294300000E-04  -1.073329557900000E-01  -6.396105124800000E-02
   5.733903676800000E-01   1.146780735400000E+01   1.148596749600000E+01   1.520718172200000E+00  -9.073701926800000E-02   2.314740692600000E-04  -1.118752355100000E-01  -6.333123796400000E-02
   5.765982037100000E-01   1.153196407400000E+01   1.155066110200000E+01   1.513302213600000E+00  -9.073690102000000E-02   2.412068651000000E-04  -1.163845460800000E-01  -6.267362637200000E-02
   5.798060397400000E-01   1.159612079500000E+01   1.161532400600000E+01   1.505595766600000E+00  -9.073677942500000E-02   2.508911489900000E-04  -1.208458678800000E-01  -6.199027821100000E-02
   5.830138757600000E-01   1.166027751500000E+01   1.167995537800000E+01   1.497602107800000E+00  -9.073665468400000E-02   2.605250677300000E-04  -1.252573693900000E-01  -6.128148686800000E-02
   5.862217117900000E-01   1.172443423600000E+01   1.174455444300000E+01   1.489324631800000E+00  -9.073652700100000E-02   2.701067895200000E-04  -1.296172404600000E-01  -6.054755633600000E-02
   5.894729077700001E-01   1.178945815500000E+01   1.180999298200000E+01   1.480649271800000E+00  -9.073639480500000E-02   2.797629115100000E-04  -1.339815287800000E-01  -5.977837649100000E-02
   5.927241037500000E-01   1.185448207500000E+01   1.187539689700000E+01   1.471689752900000E+00  -9.073626002500000E-02   2.893616969500000E-04  -1.382891071800000E-01  -5.898403443100000E-02
   5.959752997200000E-01   1.191950599400000E+01   1.194076555100000E+01   1.462449969400000E+00  -9.073612288800000E-02   2.989013107400000E-04  -1.425381630500000E-01  -5.816487894700000E-02
   5.992264957000000E-01   1.198452991400000E+01   1.200609836900000E+01   1.452933932400000E+00  -9.073598362700000E-02   3.083799435200000E-04  -1.467269094300000E-01  -5.732126931000000E-02
   6.025940856400001E-01   1.205188171300000E+01   1.207373179000000E+01   1.442790355300000E+00  -9.073583738900000E-02   3.181317178200000E-04  -1.510001495300000E-01  -5.642206952500000E-02
   6.059616755700000E-01   1.211923351100000E+01   1.214132570500000E+01   1.432359529900000E+00  -9.073568938700000E-02   3.278142032600000E-04  -1.552048702300000E-01  -5.549745199600000E-02
   6.093292655100000E-01   1.218658531000000E+01   1.220887968000000E+01   1.421646295000000E+00  -9.073553988900000E-02   3.374254814200000E-04  -1.593391780100000E-01  -5.454785020700000E-02
   6.126968554500000E-01   1.225393710900000E+01   1.227639335500000E+01   1.410655613100000E+00  -9.073538916399999E-02   3.469636669100000E-04  -1.634012123300000E-01  -5.357370878100000E-02
   6.162177204400000E-01   1.232435440900000E+01   1.234693649500000E+01   1.398873537300000E+00  -9.073523056400000E-02   3.568558124800000E-04  -1.675688639800000E-01  -5.252948375100000E-02
   6.197385854300000E-01   1.239477170900000E+01   1.241743502800000E+01   1.386799691400000E+00  -9.073507123500001E-02   3.666639610100000E-04  -1.716534696200000E-01  -5.145946552900000E-02
   6.232594504300000E-01   1.246518900900000E+01   1.248788879800000E+01   1.374440162300000E+00  -9.073491149100001E-02   3.763860793100000E-04  -1.756530244400000E-01  -5.036419957900000E-02
   6.267803154200000E-01   1.253560630800000E+01   1.255829773900000E+01   1.361801171300000E+00  -9.073475164900000E-02   3.860201775500000E-04  -1.795655669500000E-01  -4.924424346200000E-02
   6.301117802400000E-01   1.260223560500000E+01   1.262487787000000E+01   1.349590504200000E+00  -9.073460059900000E-02   3.950532175600000E-04  -1.831857881300000E-01  -4.816231495000000E-02
   6.334432450500000E-01   1.266886490100000E+01   1.269141797700000E+01   1.337140806300000E+00  -9.073445001000000E-02   4.040040993400000E-04  -1.867248027300000E-01  -4.705928262800000E-02
   6.367747098700000E-01   1.273549419700000E+01   1.275791822300000E+01   1.324457663000000E+00  -9.073430014800000E-02   4.128712488200000E-04  -1.901810606700000E-01  -4.593564720100000E-02
   6.401061746900000E-01   1.280212349400000E+01   1.282437883900000E+01   1.311546756700000E+00  -9.073415127900000E-02   4.216531294600000E-04  -1.935530494600000E-01  -4.479191806300000E-02
   6.433684012400001E-01   1.286736802500000E+01   1.288942008500000E+01   1.298689025400000E+00  -9.073400671699999E-02   4.301684239700000E-04  -1.967718784300000E-01  -4.365298585800000E-02
   6.466306278000000E-01   1.293261255600000E+01   1.295442397100000E+01   1.285623945700000E+00  -9.073386360500001E-02   4.385991493700000E-04  -1.999071424300000E-01  -4.249577683400000E-02
   6.498928543500000E-01   1.299785708700000E+01   1.301939090800000E+01   1.272357105900000E+00  -9.073372218300001E-02   4.469439710300000E-04  -2.029575293900000E-01  -4.132079210500000E-02
   6.531550809000000E-01   1.306310161800000E+01   1.308432136900000E+01   1.258894173000000E+00  -9.073358269100000E-02   4.552015910300000E-04  -2.059217639800000E-01  -4.012853985000000E-02
   6.563880799700000E-01   1.312776159900000E+01   1.314863463500000E+01   1.245364042500000E+00  -9.073344658599999E-02   4.632979545200000E-04  -2.087732249100000E-01  -3.893043985900000E-02
   6.596210790300000E-01   1.319242158100000E+01   1.321291318300000E+01   1.231652617900000E+00  -9.073331283600000E-02   4.713062430100000E-04  -2.115376856200000E-01  -3.771639391700000E-02
   6.628540781000000E-01   1.325708156200000E+01   1.327715764800000E+01   1.217765627800000E+00  -9.073318166300000E-02   4.792253027400000E-04  -2.142140143900000E-01  -3.648691587200000E-02
   6.660870771600000E-01   1.332174154300000E+01   1.334136872500000E+01   1.203708866700000E+00  -9.073305328400000E-02   4.870540172400000E-04  -2.168011168000000E-01  -3.524252550200000E-02
   6.693258964800000E-01   1.338651793000000E+01   1.340566267200000E+01   1.189462447100000E+00  -9.073292769100000E-02   4.948051537300000E-04  -2.193023489800000E-01  -3.398146952300000E-02
   6.725647158000000E-01   1.345129431600000E+01   1.346992466800000E+01   1.175057473900000E+00  -9.073280532800000E-02   5.024634903100000E-04  -2.217119485600000E-01  -3.270650873900000E-02
   6.758035351200000E-01   1.351607070200000E+01   1.353415557300000E+01   1.160499956200000E+00  -9.073268639700000E-02   5.100280193500001E-04  -2.240289302100000E-01  -3.141818230000000E-02
   6.790423544400001E-01   1.358084708900000E+01   1.359835629800000E+01   1.145795959000000E+00  -9.073257109799999E-02   5.174977723600000E-04  -2.262523477300000E-01  -3.011703443000000E-02
   6.822920265000000E-01   1.364584053000000E+01   1.366274278400000E+01   1.130901631300000E+00  -9.073245925700001E-02   5.248963675600000E-04  -2.283882683600000E-01  -2.879919316700000E-02
   6.855416985500000E-01   1.371083397100000E+01   1.372710087400000E+01   1.115872233000000E+00  -9.073235145300000E-02   5.321977170600000E-04  -2.304282084800000E-01  -2.746955650100000E-02
   6.887913706000000E-01   1.377582741200000E+01   1.379143163500000E+01   1.100714045600000E+00  -9.073224786799999E-02   5.394009634000000E-04  -2.323713332700000E-01  -2.612868819600000E-02
   6.920410426600000E-01   1.384082085300000E+01   1.385573617800000E+01   1.085433397100000E+00  -9.073214867500000E-02   5.465052900800000E-04  -2.342168489800000E-01  -2.477715624900000E-02
   6.953042784000000E-01   1.390608556800000E+01   1.392028390200000E+01   1.069972162000000E+00  -9.073205365700000E-02   5.535389482700000E-04  -2.359710883900000E-01  -2.340982910900000E-02
   6.985675141400000E-01   1.397135028300000E+01   1.398480756700000E+01   1.054400362200000E+00  -9.073196339700000E-02   5.604713348100000E-04  -2.376254237800000E-01  -2.203290899100000E-02
   7.018307498800000E-01   1.403661499800000E+01   1.404930842400000E+01   1.038724532400000E+00  -9.073187804900000E-02   5.673017493900000E-04  -2.391791780600000E-01  -2.064698254800000E-02
   7.050939856300000E-01   1.410187971300000E+01   1.411378776300000E+01   1.022951244200000E+00  -9.073179775800000E-02   5.740295345200000E-04  -2.406317169700000E-01  -1.925263982000000E-02
   7.084094511700000E-01   1.416818902300000E+01   1.417927845600000E+01   1.006832488200000E+00  -9.073172149900000E-02   5.807592622800000E-04  -2.420032376600000E-01  -1.782797126200000E-02
   7.117249167100000E-01   1.423449833400000E+01   1.424474973300000E+01   9.906269121800000E-01  -9.073165073400000E-02   5.873818159600000E-04  -2.432690926200000E-01  -1.639585245200000E-02
   7.150403822500000E-01   1.430080764500000E+01   1.431020305200000E+01   9.743415104399999E-01  -9.073158558600000E-02   5.938966430600000E-04  -2.444287539600000E-01  -1.495691148500000E-02
   7.183558477899999E-01   1.436711695600000E+01   1.437563990300000E+01   9.579833060100000E-01  -9.073152616999999E-02   6.003032375300000E-04  -2.454817403500000E-01  -1.351177907800000E-02
   7.218075740200000E-01   1.443615148000000E+01   1.444375025100000E+01   9.408830441100000E-01  -9.073147051300000E-02   6.068576428600000E-04  -2.464641940200000E-01  -1.200135743800000E-02
   7.252593002500000E-01   1.450518600500000E+01   1.451184613800000E+01   9.237194944600000E-01  -9.073142128800001E-02   6.132937743000000E-04  -2.473301171100000E-01  -1.048562808300000E-02
   7.287110264800000E-01   1.457422053000000E+01   1.457992933400000E+01   9.065006621500000E-01  -9.073137858700001E-02   6.196112225500000E-04  -2.480791285200000E-01  -8.965310056400000E-03
   7.321627527100000E-01   1.464325505400000E+01   1.464800163200000E+01   8.892345729100000E-01  -9.073134249200000E-02   6.258096336900000E-04  -2.487109026400000E-01  -7.441124299000000E-03
   7.359809523700001E-01   1.471961904700000E+01   1.472329072700000E+01   8.700899770900000E-01  -9.073131034300000E-02   6.325271129800001E-04  -2.492728600600000E-01  -5.751480169300000E-03
   7.397991520200000E-01   1.479598304000000E+01   1.479857118300000E+01   8.509083058400000E-01  -9.073128643700000E-02   6.390982479800000E-04  -2.496907489300000E-01  -4.058967427600000E-03
   7.436173516800000E-01   1.487234703400000E+01   1.487384549200000E+01   8.317004808600000E-01  -9.073127083000000E-02   6.455227972800000E-04  -2.499643666700000E-01  -2.364567319300000E-03
   7.474355513399999E-01   1.494871102700000E+01   1.494911616500000E+01   8.124774338500000E-01  -9.073126356100000E-02   6.518006028800000E-04  -2.500935943300000E-01  -6.692620400800000E-04
   7.508691906500000E-01   1.501738381300000E+01   1.501680472000000E+01   7.951865149400000E-01  -9.073126415799999E-02   6.573207405800000E-04  -2.500864671600000E-01   8.552579406100000E-04
   7.543028299600000E-01   1.508605659900000E+01   1.508449420000000E+01   7.779000836300000E-01  -9.073127151200000E-02   6.627221475900000E-04  -2.499625730600000E-01   2.379000581100000E-03
   7.577364692700000E-01   1.515472938500000E+01   1.515218643600000E+01   7.606260890800000E-01  -9.073128561000000E-02   6.680048820100000E-04  -2.497219989700000E-01   3.901251567600000E-03
   7.611701085900000E-01   1.522340217200000E+01   1.521988325100000E+01   7.433724734100000E-01  -9.073130642799999E-02   6.731690565400000E-04  -2.493648864800000E-01   5.421297196000000E-03
   7.645125891700000E-01   1.529025178300000E+01   1.528578892800000E+01   7.266040453000000E-01  -9.073133311100000E-02   6.780824074000000E-04  -2.489055028300000E-01   6.898190610000000E-03
   7.678550697500000E-01   1.535710139500000E+01   1.535170232700000E+01   7.098697495700000E-01  -9.073136607899999E-02   6.828837720100000E-04  -2.483361030100000E-01   8.371662266499999E-03
   7.711975503400000E-01   1.542395100700000E+01   1.541762509700000E+01   6.931768757300000E-01  -9.073140527500000E-02   6.875734028900000E-04  -2.476569666300000E-01   9.841057048499999E-03
   7.745400309200000E-01   1.549080061800000E+01   1.548355886800000E+01   6.765326955600000E-01  -9.073145063099999E-02   6.921516012700001E-04  -2.468684221000000E-01   1.130572142100000E-02
   7.778148200400000E-01   1.555629640100000E+01   1.554816958200000E+01   6.602798007400000E-01  -9.073150096700000E-02   6.965293490000000E-04  -2.459901030600000E-01   1.273550813500000E-02
   7.810896091500000E-01   1.562179218300000E+01   1.561279389900000E+01   6.440874059100000E-01  -9.073155705600000E-02   7.008008415600000E-04  -2.450075240600000E-01   1.415951753700000E-02
   7.843643982700000E-01   1.568728796500000E+01   1.567743329200000E+01   6.279622846300000E-01  -9.073161880400001E-02   7.049664973800000E-04  -2.439211294800000E-01   1.557714084000000E-02
   7.876391873900001E-01   1.575278374800000E+01   1.574208920700000E+01   6.119111838200000E-01  -9.073168610800000E-02   7.090267791700000E-04  -2.427314080700000E-01   1.698777164600000E-02
   7.908784804500000E-01   1.581756960900000E+01   1.580606194700000E+01   5.961134704100000E-01  -9.073175803700000E-02   7.129398805500000E-04  -2.414534516900000E-01   1.837564127700000E-02
   7.941177735100000E-01   1.588235547000000E+01   1.587005358300000E+01   5.804012256600000E-01  -9.073183517400001E-02   7.167509084700000E-04  -2.400754759300000E-01   1.975549679000000E-02
   7.973570665800001E-01   1.594714133200000E+01   1.593406542500000E+01   5.647808875800000E-01  -9.073191739100001E-02   7.204604375100000E-04  -2.385980809200000E-01   2.112675954600000E-02
   8.005963596400000E-01   1.601192719300000E+01   1.599809875000000E+01   5.492588588300000E-01  -9.073200455400000E-02   7.240690838400000E-04  -2.370219084900000E-01   2.248885408800000E-02
   8.038272090100000E-01   1.607654418000000E+01   1.606198779800000E+01   5.338815505100000E-01  -9.073209627400000E-02   7.275684894900000E-04  -2.353521330700000E-01   2.383769638800000E-02
   8.070580583900000E-01   1.614116116800000E+01   1.612590064700000E+01   5.186146471100000E-01  -9.073219262100000E-02   7.309688849599999E-04  -2.335854930800000E-01   2.517628509400000E-02
   8.102889077600000E-01   1.620577815500000E+01   1.618983845200000E+01   5.034643817200000E-01  -9.073229343800000E-02   7.342710037900000E-04  -2.317227478600000E-01   2.650406000900000E-02
   8.135197571300000E-01   1.627039514300000E+01   1.625380232600000E+01   4.884369427300000E-01  -9.073239856000000E-02   7.374756196800000E-04  -2.297646969700000E-01   2.782046496400000E-02
   8.167364417200000E-01   1.633472883400000E+01   1.631751272800000E+01   4.736034995200000E-01  -9.073250732700000E-02   7.405701301100000E-04  -2.277213835600000E-01   2.911925568700000E-02
   8.199531263199999E-01   1.639906252600000E+01   1.638125104600000E+01   4.589039080300000E-01  -9.073262001500000E-02   7.435696388900000E-04  -2.255852980400000E-01   3.040568850700000E-02
   8.231698109100000E-01   1.646339621800000E+01   1.644501824500000E+01   4.443441292100000E-01  -9.073273644099999E-02   7.464750263300001E-04  -2.233573465600000E-01   3.167922773600000E-02
   8.263864955100000E-01   1.652772991000000E+01   1.650881524400000E+01   4.299300705300000E-01  -9.073285641600000E-02   7.492872109000000E-04  -2.210384735600000E-01   3.293934251000000E-02
   8.296303232200000E-01   1.659260646400000E+01   1.657318164000000E+01   4.155478950900000E-01  -9.073298079900000E-02   7.520297107400000E-04  -2.186089554900000E-01   3.419596157100000E-02
   8.328741509399999E-01   1.665748301900000E+01   1.663758006900000E+01   4.013258014600000E-01  -9.073310838900001E-02   7.546794200800000E-04  -2.160890201700000E-01   3.543786006900000E-02
   8.361179786600000E-01   1.672235957300000E+01   1.670201131700000E+01   3.872696678700000E-01  -9.073323897500001E-02   7.572373965600000E-04  -2.134797521100000E-01   3.666450983300000E-02
   8.393618063800000E-01   1.678723612800000E+01   1.676647611800000E+01   3.733853073300000E-01  -9.073337234200000E-02   7.597047357500000E-04  -2.107822738600000E-01   3.787538858000000E-02
   8.426637874800000E-01   1.685327575000000E+01   1.683213176600000E+01   3.594343919600000E-01  -9.073351072800000E-02   7.621243896000000E-04  -2.079470392300000E-01   3.909124428900000E-02
   8.459657685899999E-01   1.691931537200000E+01   1.689782353600000E+01   3.456734020600000E-01  -9.073365153000000E-02   7.644525360100000E-04  -2.050228687100000E-01   4.028968590300000E-02
   8.492677496900000E-01   1.698535499400000E+01   1.696355202000000E+01   3.321082445500000E-01  -9.073379450900000E-02   7.666904487700000E-04  -2.020110647900000E-01   4.147018279100000E-02
   8.525697307900000E-01   1.705139461600000E+01   1.702931774800000E+01   3.187447455600000E-01  -9.073393942000001E-02   7.688394404100000E-04  -1.989129688000000E-01   4.263221161500000E-02
   8.560068029200000E-01   1.712013605800000E+01   1.709781414900000E+01   3.050549025100000E-01  -9.073409204600000E-02   7.709833541600000E-04  -1.955979491300000E-01   4.382160934000000E-02
   8.594438750600000E-01   1.718887750100000E+01   1.716635185600000E+01   2.915961552700000E-01  -9.073424621400000E-02   7.730339526600001E-04  -1.921925266700000E-01   4.498986534600000E-02
   8.628809471900000E-01   1.725761894400000E+01   1.723493124000000E+01   2.783747766500000E-01  -9.073440163900000E-02   7.749928460700000E-04  -1.886983443400000E-01   4.613641630400000E-02
   8.663180193200000E-01   1.732636038600000E+01   1.730355259500000E+01   2.653969317200000E-01  -9.073455803500000E-02   7.768616873400000E-04  -1.851170878600000E-01   4.726070861200000E-02
   8.697599197400000E-01   1.739519839500000E+01   1.737231262600000E+01   2.526509728800000E-01  -9.073471533200000E-02   7.786446112800000E-04  -1.814452751600000E-01   4.836372971300000E-02
   8.732018201600000E-01   1.746403640300000E+01   1.744111510300000E+01   2.401612687500000E-01  -9.073487301900000E-02   7.803406732300000E-04  -1.776896528700000E-01   4.944334892000000E-02
   8.766437205800000E-01   1.753287441200000E+01   1.750996008500000E+01   2.279336660800000E-01  -9.073503080500001E-02   7.819516573400001E-04  -1.738520383000000E-01   5.049904137400000E-02
   8.800856210000000E-01   1.760171242000000E+01   1.757884755400000E+01   2.159738903500000E-01  -9.073518839700000E-02   7.834793876300000E-04  -1.699342886300000E-01   5.153029316300000E-02
   8.833735816200000E-01   1.766747163200000E+01   1.764469360400000E+01   2.048042996800000E-01  -9.073533849000000E-02   7.848627516500000E-04  -1.661186662400000E-01   5.249213393800000E-02
   8.866615422500000E-01   1.773323084500000E+01   1.771057818100000E+01   1.938890009500000E-01  -9.073548788600000E-02   7.861734988700000E-04  -1.622333323900000E-01   5.343078414800000E-02
   8.899495028700000E-01   1.779899005700000E+01   1.777650106900000E+01   1.832326595300000E-01  -9.073563633100000E-02   7.874133168600000E-04  -1.582800036900000E-01   5.434582519100000E-02
   8.932374635000000E-01   1.786474927000000E+01   1.784246198300000E+01   1.728398297400000E-01  -9.073578357400000E-02   7.885839235100000E-04  -1.542604271200000E-01   5.523684849100000E-02
   8.964721225800000E-01   1.792944245200000E+01   1.790739036500000E+01   1.628769286000000E-01  -9.073592701600000E-02   7.896697118000000E-04  -1.502430909200000E-01   5.608960376500000E-02
   8.997067816600000E-01   1.799413563300000E+01   1.797235482200000E+01   1.531774823500000E-01  -9.073606882000000E-02   7.906918969300000E-04  -1.461650756000000E-01   5.691835868700000E-02
   9.029414407300000E-01   1.805882881500000E+01   1.803735490500000E+01   1.437454994200000E-01  -9.073620875400000E-02   7.916521962800000E-04  -1.420281262500000E-01   5.772275381700000E-02
   9.061760998100000E-01   1.812352199600000E+01   1.810239010300000E+01   1.345848755400000E-01  -9.073634658800001E-02   7.925523528000000E-04  -1.378340135500000E-01   5.850243987500000E-02
   9.093738582499999E-01   1.818747716500000E+01   1.816671735100000E+01   1.257991912300000E-01  -9.073648056500000E-02   7.933848538400000E-04  -1.336333161100000E-01   5.924861156800000E-02
   9.125716166800000E-01   1.825143233400000E+01   1.823107776400000E+01   1.172859466900000E-01  -9.073661205600000E-02   7.941620352599999E-04  -1.293802648500000E-01   5.996998609300000E-02
   9.157693751200000E-01   1.831538750200000E+01   1.829547068800000E+01   1.090485695500000E-01  -9.073674085199999E-02   7.948856504500000E-04  -1.250766399300000E-01   6.066625631800000E-02
   9.189671335500000E-01   1.837934267100000E+01   1.835989541900000E+01   1.010903722900000E-01  -9.073686674500001E-02   7.955574743300000E-04  -1.207242430900000E-01   6.133712549100000E-02
   9.221643377800000E-01   1.844328675600000E+01   1.842434002600000E+01   9.341585624800000E-02  -9.073698951500000E-02   7.961791991900000E-04  -1.163256633000000E-01   6.198219781300000E-02
   9.253615420100000E-01   1.850723084000000E+01   1.848881486800000E+01   8.602669341800000E-02  -9.073710898700001E-02   7.967527608200000E-04  -1.118819920800000E-01   6.260131637000001E-02
   9.285587462400000E-01   1.857117492500000E+01   1.855331909400000E+01   7.892583900300000E-02  -9.073722497099999E-02   7.972799933600000E-04  -1.073950902800000E-01   6.319421661300000E-02
   9.317559504800000E-01   1.863511901000000E+01   1.861785180300000E+01   7.211612643600000E-02  -9.073733728100000E-02   7.977627494700000E-04  -1.028668372500000E-01   6.376064496599999E-02
   9.349647906700000E-01   1.869929581300000E+01   1.868264706300000E+01   6.557709187000001E-02  -9.073744612699999E-02   7.982044259600000E-04  -9.828243654000000E-02   6.430227412400000E-02
   9.381736308600001E-01   1.876347261700000E+01   1.874746906800000E+01   5.933666559200000E-02  -9.073755091700000E-02   7.986050938800000E-04  -9.366022898000000E-02   6.481676037900000E-02
   9.413824710499999E-01   1.882764942100000E+01   1.881231677700000E+01   5.339733291400000E-02  -9.073765148300000E-02   7.989666776000000E-04  -8.900216581400000E-02   6.530388153699999E-02
   9.445913112400000E-01   1.889182622500000E+01   1.887718911100000E+01   4.776144967500000E-02  -9.073774766400000E-02   7.992911170500001E-04  -8.431021378299999E-02   6.576342706400000E-02
   9.478672126000000E-01   1.895734425200000E+01   1.894344144500000E+01   4.232312176100000E-02  -9.073784117100001E-02   7.995860506300000E-04  -7.948730489300000E-02   6.620392407500000E-02
   9.511431139600000E-01   1.902286227900000E+01   1.900971704900000E+01   3.720560350600000E-02  -9.073792979000000E-02   7.998464031600000E-04  -7.463326418000001E-02   6.661527499900000E-02
   9.544190153200000E-01   1.908838030600000E+01   1.907601465600000E+01   3.241097560500000E-02  -9.073801337300000E-02   8.000742833800000E-04  -6.975022875600000E-02   6.699729417800000E-02
   9.576949166800000E-01   1.915389833400000E+01   1.914233296600000E+01   2.794117273800000E-02  -9.073809177900000E-02   8.002718131900000E-04  -6.484034882100000E-02   6.734980909900000E-02
   9.610755721799999E-01   1.922151144400000E+01   1.921079224000000E+01   2.367090267900000E-02  -9.073816712700000E-02   8.004460993100000E-04  -5.974761032400000E-02   6.768249325800001E-02
   9.644562276799999E-01   1.928912455400000E+01   1.927927063900000E+01   1.975026572000000E-02  -9.073823668800000E-02   8.005926938600000E-04  -5.463097499000000E-02   6.798342636700000E-02
   9.678368831800001E-01   1.935673766400000E+01   1.934776663100000E+01   1.618089152400000E-02  -9.073830033800000E-02   8.007139664000001E-04  -4.949284322600000E-02   6.825246352000000E-02
   9.712175386700000E-01   1.942435077300000E+01   1.941627865300000E+01   1.296423940400000E-02  -9.073835796400000E-02   8.008122968999999E-04  -4.433562578900000E-02   6.848947513299999E-02
   9.748153104900000E-01   1.949630621000000E+01   1.948920655900000E+01   9.929874652300000E-03  -9.073841255800000E-02   8.008944238300000E-04  -3.882894719900000E-02   6.870640379900000E-02
   9.784130823100000E-01   1.956826164600000E+01   1.956214888100000E+01   7.297787643400000E-03  -9.073846010100001E-02   8.009561634800000E-04  -3.330632052800000E-02   6.888681379300000E-02
   9.820108541300000E-01   1.964021708300000E+01   1.963510365300000E+01   5.069094806300000E-03  -9.073850049700000E-02   8.010004145500000E-04  -2.777068119800000E-02   6.903060670800000E-02
   9.856086259500000E-01   1.971217251900000E+01   1.970806888600000E+01   3.244689926300000E-03  -9.073853366400000E-02   8.010300829700000E-04  -2.222497172600000E-02   6.913770415700000E-02
   9.892064694600000E-01   1.978412938900000E+01   1.978104403100000E+01   1.825219260900000E-03  -9.073855953300000E-02   8.010480806800000E-04  -1.667202952700000E-02   6.920804885700001E-02
   9.928043129800000E-01   1.985608626000000E+01   1.985402561500000E+01   8.111698381900000E-04  -9.073857805100000E-02   8.010573228300000E-04  -1.111491719200000E-02   6.924160011100000E-02
   9.964021564900000E-01   1.992804313000000E+01   1.992701161400000E+01   2.027640754900000E-04  -9.073858917800000E-02   8.010607275700000E-04  -5.556589032200000E-03   6.923833986800000E-02
   1.000000000000000E+00   2.000000000000000E+01   2.000000000000000E+01   0.000000000000000E+00  -9.073859289000000E-02   8.010612138600000E-04   0.000000000000000E+00   6.919827023900001E-02
