   0.000000000000000E+00   4.559829437400000E-32   0.000000000000000E+00   0.000000000000000E+00  -9.938547722400000E-01   0.000000000000000E+00   0.000000000000000E+00   0.000000000000000E+00
   1.696292309200000E-02   2.448387108000000E-01   2.448387108000000E-01   0.000000000000000E+00  -9.938547722400000E-01   0.000000000000000E+00   0.000000000000000E+00   0.000000000000000E+00
   3.392584618300000E-02   4.896774215900000E-01   4.896774215900000E-01   0.000000000000000E+00  -9.938547722400000E-01   0.000000000000000E+00   0.000000000000000E+00   0.000000000000000E+00
   5.088876927500000E-02   7.345161323900000E-01   7.345161323900000E-01   0.000000000000000E+00  -9.938547722400000E-01   0.000000000000000E+00   0.000000000000000E+00   0.000000000000000E+00
   6.785169236700000E-02   9.793548431900000E-01   9.793548431900000E-01   0.000000000000000E+00  -9.938547722400000E-01   0.000000000000000E+00   0.000000000000000E+00   0.000000000000000E+00
   8.277036469800000E-02   1.194687335200000E+00   1.194687335200000E+00   0.000000000000000E+00  -9.938547722400000E-01   0.000000000000000E+00   0.000000000000000E+00   0.000000000000000E+00
   9.768903702999999E-02   1.410019827100000E+00   1.410019827100000E+00   0.000000000000000E+00  -9.938547722400000E-01   0.000000000000000E+00   0.000000000000000E+00   0.000000000000000E+00
   1.126077093600000E-01   1.625352319100000E+00   1.625352319100000E+00   0.000000000000000E+00  -9.938547722400000E-01   0.000000000000000E+00   0.000000000000000E+00   0.000000000000000E+00
   1.275263816900000E-01   1.840684811100000E+00   1.840684811100000E+00   0.000000000000000E+00  -9.938547722400000E-01   0.000000000000000E+00   0.000000000000000E+00   0.000000000000000E+00
   1.414060970200000E-01   2.041021250100000E+00   2.041021250100000E+00   0.000000000000000E+00  -9.938547722400000E-01   0.000000000000000E+00   0.000000000000000E+00   0.000000000000000E+00
   1.552858123600000E-01   2.241357689200000E+00   2.241357689200000E+00   0.000000000000000E+00  -9.938547722400000E-01   0.000000000000000E+00   0.000000000000000E+00   0.000000000000000E+00
   1.691655276900000E-01   2.441694128200000E+00   2.441694128200000E+00   0.000000000000000E+00  -9.938547722400000E-01   0.000000000000000E+00   0.000000000000000E+00   0.000000000000000E+00
   1.830452430200000E-01   2.642030567300000E+00   2.642030567300000E+00   0.000000000000000E+00  -9.938547722400000E-01   0.000000000000000E+00   0.000000000000000E+00   0.000000000000000E+00
   1.954670967700000E-01   2.821324586400000E+00   2.821324586400000E+00   0.000000000000000E+00  -9.938547722400000E-01   0.000000000000000E+00   0.000000000000000E+00   0.000000000000000E+00
   2.078889505200000E-01   3.000618605500000E+00   3.000618605500000E+00   0.000000000000000E+00  -9.938547722400000E-01   0.000000000000000E+00   0.000000000000000E+00   0.000000000000000E+00
   2.203108042600000E-01   3.179912624600000E+00   3.179912624600000E+00   0.000000000000000E+00  -9.938547722400000E-01   0.000000000000000E+00   0.000000000000000E+00   0.000000000000000E+00
   2.327326580100000E-01   3.359206643800000E+00   3.359206643800000E+00   0.000000000000000E+00  -9.938547722400000E-01   0.000000000000000E+00   0.000000000000000E+00   0.000000000000000E+00
   2.434008310200000E-01   3.513188461200000E+00   3.513188461200000E+00   0.000000000000000E+00  -9.938547722400000E-01   0.000000000000000E+00   0.000000000000000E+00   0.000000000000000E+00
   2.540690040300000E-01   3.667170278600000E+00   3.667170278600000E+00   0.000000000000000E+00  -9.938547722400000E-01   0.000000000000000E+00   0.000000000000000E+00   0.000000000000000E+00
   2.647371770400000E-01   3.821152096100000E+00   3.821152096100000E+00   0.000000000000000E+00  -9.938547722400000E-01   0.000000000000000E+00   0.000000000000000E+00   0.000000000000000E+00
   2.754053500500000E-01   3.975133913500000E+00   3.975133913500000E+00   0.000000000000000E+00  -9.938547722400000E-01   0.000000000000000E+00   0.000000000000000E+00   0.000000000000000E+00
   2.860676042200000E-01   4.129030299800000E+00   4.129030299800000E+00   0.000000000000000E+00  -9.938547722400000E-01   0.000000000000000E+00   0.000000000000000E+00   0.000000000000000E+00
   2.967298583900000E-01   4.282926686100000E+00   4.282926686100000E+00   0.000000000000000E+00  -9.938547722400000E-01   0.000000000000000E+00   0.000000000000000E+00   0.000000000000000E+00
   3.073921125600000E-01   4.436823072400000E+00   4.436823072400000E+00   0.000000000000000E+00  -9.938547722400000E-01   0.000000000000000E+00   0.000000000000000E+00   0.000000000000000E+00
   3.180543667300000E-01   4.590719458700000E+00   4.590719458700000E+00   0.000000000000000E+00  -9.938547722400000E-01   0.000000000000000E+00   0.000000000000000E+00   0.000000000000000E+00
   3.270973876400000E-01   4.721244225600000E+00   4.721244225600000E+00   0.000000000000000E+00  -9.938547722400000E-01   0.000000000000000E+00   0.000000000000000E+00   0.000000000000000E+00
   3.361404085600000E-01   4.851768992500000E+00   4.851768992500000E+00   0.000000000000000E+00  -9.938547722400000E-01   0.000000000000000E+00   0.000000000000000E+00   0.000000000000000E+00
   3.451834294700000E-01   4.982293759400000E+00   4.982293759400000E+00   0.000000000000000E+00  -9.938547722400000E-01   0.000000000000000E+00   0.000000000000000E+00   0.000000000000000E+00
   3.542264503900000E-01   5.112818526300000E+00   5.112818526300000E+00   0.000000000000000E+00  -9.938547722400000E-01   0.000000000000000E+00   0.000000000000000E+00   0.000000000000000E+00
   3.616321568000000E-01   5.219710693500000E+00   5.219710693500000E+00   0.000000000000000E+00  -9.938547722400000E-01   0.000000000000000E+00   0.000000000000000E+00   0.000000000000000E+00
   3.690378632100000E-01   5.326602860600000E+00   5.326602860600000E+00   0.000000000000000E+00  -9.938547722400000E-01   0.000000000000000E+00   0.000000000000000E+00   0.000000000000000E+00
   3.764435696300000E-01   5.433495027800000E+00   5.433495027800000E+00   0.000000000000000E+00  -9.938547722400000E-01   0.000000000000000E+00   0.000000000000000E+00   0.000000000000000E+00
   3.838492760400000E-01   5.540387194900000E+00   5.540387194900000E+00   0.000000000000000E+00  -9.938547722400000E-01   0.000000000000000E+00   0.000000000000000E+00   0.000000000000000E+00
   3.903164285100000E-01   5.633732502500000E+00   5.633732502500000E+00   0.000000000000000E+00  -9.938547722400000E-01   0.000000000000000E+00   0.000000000000000E+00   0.000000000000000E+00
   3.967835809800000E-01   5.727077810000000E+00   5.727077810000000E+00   0.000000000000000E+00  -9.938547722400000E-01   0.000000000000000E+00   0.000000000000000E+00   0.000000000000000E+00
   4.032507334400000E-01   5.820423117600000E+00   5.820423117600000E+00   0.000000000000000E+00  -9.938547722400000E-01   0.000000000000000E+00   0.000000000000000E+00   0.000000000000000E+00
   4.097178859100000E-01   5.913768425100000E+00   5.913768425100000E+00   0.000000000000000E+00  -9.938547722400000E-01   0.000000000000000E+00   0.000000000000000E+00   0.000000000000000E+00
   4.155336047200000E-01   5.997711097500000E+00   5.997711097500000E+00   0.000000000000000E+00  -9.938547722400000E-01   0.000000000000000E+00   0.000000000000000E+00   0.000000000000000E+00
   4.213493235400000E-01   6.081653769900000E+00   6.081653769900000E+00   0.000000000000000E+00  -9.938547722400000E-01   0.000000000000000E+00   0.000000000000000E+00   0.000000000000000E+00
   4.271650423500000E-01   6.165596442400000E+00   6.165596442400000E+00   0.000000000000000E+00  -9.938547722400000E-01   0.000000000000000E+00   0.000000000000000E+00   0.000000000000000E+00
   4.329807611600000E-01   6.249539114800000E+00   6.249539114800000E+00   0.000000000000000E+00  -9.938547722400000E-01   0.000000000000000E+00   0.000000000000000E+00   0.000000000000000E+00
   4.383244740800000E-01   6.326668968800000E+00   6.326668968800000E+00   0.000000000000000E+00  -9.938547722400000E-01   0.000000000000000E+00   0.000000000000000E+00   0.000000000000000E+00
   4.436681870000000E-01   6.403798822900000E+00   6.403798822900000E+00   0.000000000000000E+00  -9.938547722400000E-01   0.000000000000000E+00   0.000000000000000E+00   0.000000000000000E+00
   4.490118999200000E-01   6.480928676900000E+00   6.480928676900000E+00   0.000000000000000E+00  -9.938547722400000E-01   0.000000000000000E+00   0.000000000000000E+00   0.000000000000000E+00
   4.543556128400000E-01   6.558058531000000E+00   6.558058531000000E+00   0.000000000000000E+00  -9.938547722400000E-01   0.000000000000000E+00   0.000000000000000E+00   0.000000000000000E+00
   4.591534450500000E-01   6.627309275400000E+00   6.627309275400000E+00   0.000000000000000E+00  -9.938547722400000E-01   0.000000000000000E+00   0.000000000000000E+00   0.000000000000000E+00
   4.639512772500000E-01   6.696560019800000E+00   6.696560019800000E+00   0.000000000000000E+00  -9.938547722400000E-01   0.000000000000000E+00   0.000000000000000E+00   0.000000000000000E+00
   4.687491094500000E-01   6.765810764200000E+00   6.765810764200000E+00   0.000000000000000E+00  -9.938547722400000E-01   0.000000000000000E+00   0.000000000000000E+00   0.000000000000000E+00
   4.735469416500000E-01   6.835061508500000E+00   6.835061508500000E+00   0.000000000000000E+00  -9.938547722400000E-01   0.000000000000000E+00   0.000000000000000E+00   0.000000000000000E+00
   4.774334445000000E-01   6.891158346400000E+00   6.891158346400000E+00   0.000000000000000E+00  -9.938547722400000E-01   0.000000000000000E+00   0.000000000000000E+00   0.000000000000000E+00
   4.813199473500000E-01   6.947255184300000E+00   6.947255184300000E+00   0.000000000000000E+00  -9.938547722400000E-01   0.000000000000000E+00   0.000000000000000E+00   0.000000000000000E+00
   4.852064502000000E-01   7.003352022200000E+00   7.003352022200000E+00   0.000000000000000E+00  -9.938547722400000E-01   0.000000000000000E+00   0.000000000000000E+00   0.000000000000000E+00
   4.890929530500000E-01   7.059448860100000E+00   7.059448860100000E+00   0.000000000000000E+00  -9.938547722400000E-01   0.000000000000000E+00   0.000000000000000E+00   0.000000000000000E+00
   4.925888544900000E-01   7.109907852200000E+00   7.109907852200000E+00   0.000000000000000E+00  -9.938547722400000E-01   0.000000000000000E+00   0.000000000000000E+00   0.000000000000000E+00
   4.960847559200000E-01   7.160366844200000E+00   7.160366844200000E+00   0.000000000000000E+00  -9.938547722400000E-01   0.000000000000000E+00   0.000000000000000E+00   0.000000000000000E+00
   4.995806573600000E-01   7.210825836300000E+00   7.210825836300000E+00   0.000000000000000E+00  -9.938547722400000E-01   0.000000000000000E+00   0.000000000000000E+00   0.000000000000000E+00
   5.030765588000000E-01   7.261284828300000E+00   7.261284828300000E+00   0.000000000000000E+00  -9.938547722400000E-01   0.000000000000000E+00   0.000000000000000E+00   0.000000000000000E+00
   5.058286198800001E-01   7.301007409300000E+00   7.301007409300000E+00   0.000000000000000E+00  -9.938547722400000E-01   0.000000000000000E+00   0.000000000000000E+00   0.000000000000000E+00
   5.085806809600000E-01   7.340729990400000E+00   7.340729990400000E+00   0.000000000000000E+00  -9.938547722400000E-01   0.000000000000000E+00   0.000000000000000E+00   0.000000000000000E+00
   5.113327420400000E-01   7.380452571400000E+00   7.380452571400000E+00   0.000000000000000E+00  -9.938547722400000E-01   0.000000000000000E+00   0.000000000000000E+00   0.000000000000000E+00
   5.140848031200000E-01   7.420175152400000E+00   7.420175152400000E+00   0.000000000000000E+00  -9.938547722400000E-01   0.000000000000000E+00   0.000000000000000E+00   0.000000000000000E+00
   5.162328943800000E-01   7.451180179700000E+00   7.451180179700000E+00   0.000000000000000E+00  -9.938547722400000E-01   0.000000000000000E+00   0.000000000000000E+00   0.000000000000000E+00
   5.183809856300000E-01   7.482185206900000E+00   7.482185206900000E+00   0.000000000000000E+00  -9.938547722400000E-01   0.000000000000000E+00   0.000000000000000E+00   0.000000000000000E+00
   5.205290768800001E-01   7.513190234200000E+00   7.513190234200000E+00   0.000000000000000E+00  -9.938547722400000E-01   0.000000000000000E+00   0.000000000000000E+00   0.000000000000000E+00
   5.226771681300000E-01   7.544195261500000E+00   7.544195261500000E+00   0.000000000000000E+00  -9.938547722400000E-01   0.000000000000000E+00   0.000000000000000E+00   0.000000000000000E+00
   5.245174505500000E-01   7.570757450700000E+00   7.570757450700000E+00   0.000000000000000E+00  -9.938547722400000E-01   0.000000000000000E+00   0.000000000000000E+00   0.000000000000000E+00
   5.263577329600000E-01   7.597319640000000E+00   7.597319640000000E+00   0.000000000000000E+00  -9.938547722400000E-01   0.000000000000000E+00   0.000000000000000E+00   0.000000000000000E+00
   5.281980153800000E-01   7.623881829300000E+00   7.623881829300000E+00   0.000000000000000E+00  -9.938547722400000E-01   0.000000000000000E+00   0.000000000000000E+00   0.000000000000000E+00
   5.300382977900000E-01   7.650444018600000E+00   7.650444018600000E+00   0.000000000000000E+00  -9.938547722400000E-01   0.000000000000000E+00   0.000000000000000E+00   0.000000000000000E+00
   5.318132662300000E-01   7.676063481900000E+00   7.676063481900000E+00   0.000000000000000E+00  -9.938547722400000E-01   0.000000000000000E+00   0.000000000000000E+00   0.000000000000000E+00
   5.335882346800001E-01   7.701682945100000E+00   7.701682945100000E+00   0.000000000000000E+00  -9.938547722400000E-01   0.000000000000000E+00   0.000000000000000E+00   0.000000000000000E+00
   5.353632031200000E-01   7.727302408400000E+00   7.727302408400000E+00   0.000000000000000E+00  -9.938547722400000E-01   0.000000000000000E+00   0.000000000000000E+00   0.000000000000000E+00
   5.371381715600000E-01   7.752921871600000E+00   7.752921871600000E+00   0.000000000000000E+00  -9.938547722400000E-01   0.000000000000000E+00   0.000000000000000E+00   0.000000000000000E+00
   5.390068396500000E-01   7.779893772900000E+00   7.779893772900000E+00   0.000000000000000E+00  -9.938547722400000E-01   0.000000000000000E+00   0.000000000000000E+00   0.000000000000000E+00
   5.408755077500000E-01   7.806865674200000E+00   7.806865674200000E+00   0.000000000000000E+00  -9.938547722400000E-01   0.000000000000000E+00   0.000000000000000E+00   0.000000000000000E+00
   5.427441758500000E-01   7.833837575600000E+00   7.833837575600000E+00   0.000000000000000E+00  -9.938547722400000E-01   0.000000000000000E+00   0.000000000000000E+00   0.000000000000000E+00
   5.446128439400000E-01   7.860809476900000E+00   7.860809476900000E+00   0.000000000000000E+00  -9.938547722400000E-01   0.000000000000000E+00   0.000000000000000E+00   0.000000000000000E+00
   5.463302998000000E-01   7.885598817400000E+00   7.885598817400000E+00   0.000000000000000E+00  -9.938547722400000E-01   0.000000000000000E+00   0.000000000000000E+00   0.000000000000000E+00
   5.480477556500000E-01   7.910388158000000E+00   7.910388158000000E+00   0.000000000000000E+00  -9.938547722400000E-01   0.000000000000000E+00   0.000000000000000E+00   0.000000000000000E+00
   5.497652115100000E-01   7.935177498500000E+00   7.935177498500000E+00   0.000000000000000E+00  -9.938547722400000E-01   0.000000000000000E+00   0.000000000000000E+00   0.000000000000000E+00
   5.514826673600000E-01   7.959966839100000E+00   7.959966839100000E+00   0.000000000000000E+00  -9.938547722400000E-01   0.000000000000000E+00   0.000000000000000E+00   0.000000000000000E+00
   5.529280893900000E-01   7.980829709500000E+00   7.980829709500000E+00   0.000000000000000E+00  -9.938547722400000E-01   0.000000000000000E+00   0.000000000000000E+00   0.000000000000000E+00
   5.543735114200000E-01   8.001692579900000E+00   8.001692579900000E+00   0.000000000000000E+00  -9.938547722400000E-01   0.000000000000000E+00   0.000000000000000E+00   0.000000000000000E+00
   5.558189334500000E-01   8.022555450300001E+00   8.022555450300001E+00   0.000000000000000E+00  -9.938547722400000E-01   0.000000000000000E+00   0.000000000000000E+00   0.000000000000000E+00
   5.572643554800000E-01   8.043418320700001E+00   8.043418320700001E+00   0.000000000000000E+00  -9.938547722400000E-01   0.000000000000000E+00   0.000000000000000E+00   0.000000000000000E+00
   5.586519162100000E-01   8.063446035100000E+00   8.063446035100000E+00   0.000000000000000E+00  -9.938547722400000E-01   0.000000000000000E+00   0.000000000000000E+00   0.000000000000000E+00
   5.600394769400000E-01   8.083473749600000E+00   8.083473749600000E+00   0.000000000000000E+00  -9.938547722400000E-01   0.000000000000000E+00   0.000000000000000E+00   0.000000000000000E+00
   5.614270376700000E-01   8.103501464100001E+00   8.103501464100001E+00   0.000000000000000E+00  -9.938547722400000E-01   0.000000000000000E+00   0.000000000000000E+00   0.000000000000000E+00
   5.628145984000000E-01   8.123529178600000E+00   8.123529178600000E+00   0.000000000000000E+00  -9.938547722400000E-01   0.000000000000000E+00   0.000000000000000E+00   0.000000000000000E+00
   5.649659770700000E-01   8.154581655699999E+00   8.154581655699999E+00   0.000000000000000E+00  -9.938547722400000E-01   0.000000000000000E+00   0.000000000000000E+00   0.000000000000000E+00
   5.671173557500000E-01   8.185634132900001E+00   8.185634132900001E+00   0.000000000000000E+00  -9.938547722400000E-01   0.000000000000000E+00   0.000000000000000E+00   0.000000000000000E+00
   5.692687344300000E-01   8.216686610000000E+00   8.216686610000000E+00   0.000000000000000E+00  -9.938547722400000E-01   0.000000000000000E+00   0.000000000000000E+00   0.000000000000000E+00
   5.714201131100000E-01   8.247739087199999E+00   8.247739087199999E+00   0.000000000000000E+00  -9.938547722400000E-01   0.000000000000000E+00   0.000000000000000E+00   0.000000000000000E+00
   5.731528148800000E-01   8.272748483599999E+00   8.272748483599999E+00   0.000000000000000E+00  -9.938547722400000E-01   0.000000000000000E+00   0.000000000000000E+00   0.000000000000000E+00
   5.748855166500000E-01   8.297757880000001E+00   8.297757880000001E+00   0.000000000000000E+00  -9.938547722400000E-01   0.000000000000000E+00   0.000000000000000E+00   0.000000000000000E+00
   5.766182184200001E-01   8.322767276400000E+00   8.322767276400000E+00   0.000000000000000E+00  -9.938547722400000E-01   0.000000000000000E+00   0.000000000000000E+00   0.000000000000000E+00
   5.783509201900000E-01   8.347776672800000E+00   8.347776672800000E+00   0.000000000000000E+00  -9.938547722400000E-01   0.000000000000000E+00   0.000000000000000E+00   0.000000000000000E+00
   5.799222870300000E-01   8.370457399999999E+00   8.370457399999999E+00   0.000000000000000E+00  -9.938547722400000E-01   0.000000000000000E+00   0.000000000000000E+00   0.000000000000000E+00
   5.814936538600000E-01   8.393138127100000E+00   8.393138127100000E+00   0.000000000000000E+00  -9.938547722400000E-01   0.000000000000000E+00   0.000000000000000E+00   0.000000000000000E+00
   5.830650207000000E-01   8.415818854299999E+00   8.415818854299999E+00   0.000000000000000E+00  -9.938547722400000E-01   0.000000000000000E+00   0.000000000000000E+00   0.000000000000000E+00
   5.846363875400000E-01   8.438499581500000E+00   8.438499581500000E+00   0.000000000000000E+00  -9.938547722400000E-01   0.000000000000000E+00   0.000000000000000E+00   0.000000000000000E+00
   5.863737971800000E-01   8.463576930200000E+00   8.463576930200000E+00   0.000000000000000E+00  -9.938547722400000E-01   0.000000000000000E+00   0.000000000000000E+00   0.000000000000000E+00
   5.881112068300000E-01   8.488654279000000E+00   8.488654279000000E+00   0.000000000000000E+00  -9.938547722400000E-01   0.000000000000000E+00   0.000000000000000E+00   0.000000000000000E+00
   5.898486164800000E-01   8.513731627700000E+00   8.513731627700000E+00   0.000000000000000E+00  -9.938547722400000E-01   0.000000000000000E+00   0.000000000000000E+00   0.000000000000000E+00
   5.915860261300000E-01   8.538808976500000E+00   8.538808976500000E+00   0.000000000000000E+00  -9.938547722400000E-01   0.000000000000000E+00   0.000000000000000E+00   0.000000000000000E+00
   5.932743646000000E-01   8.563178043800001E+00   8.563178043800001E+00   0.000000000000000E+00  -9.938547722400000E-01   0.000000000000000E+00   0.000000000000000E+00   0.000000000000000E+00
   5.949627030700000E-01   8.587547111099999E+00   8.587547111099999E+00   0.000000000000000E+00  -9.938547722400000E-01   0.000000000000000E+00   0.000000000000000E+00   0.000000000000000E+00
   5.966510415400000E-01   8.611916178400000E+00   8.611916178400000E+00   0.000000000000000E+00  -9.938547722400000E-01   0.000000000000000E+00   0.000000000000000E+00   0.000000000000000E+00
   5.983393800100000E-01   8.636285245700000E+00   8.636285245700000E+00   0.000000000000000E+00  -9.938547722400000E-01   0.000000000000000E+00   0.000000000000000E+00   0.000000000000000E+00
   5.999676797600000E-01   8.659787728700000E+00   8.659787728700000E+00   0.000000000000000E+00  -9.938547722400000E-01   0.000000000000000E+00   0.000000000000000E+00   0.000000000000000E+00
   6.015959795200000E-01   8.683290211799999E+00   8.683290211799999E+00   0.000000000000000E+00  -9.938547722400000E-01   0.000000000000000E+00   0.000000000000000E+00   0.000000000000000E+00
   6.032242792700000E-01   8.706792694900001E+00   8.706792694900001E+00   0.000000000000000E+00  -9.938547722400000E-01   0.000000000000000E+00   0.000000000000000E+00   0.000000000000000E+00
   6.048525790300000E-01   8.730295177900000E+00   8.730295177900000E+00   0.000000000000000E+00  -9.938547722400000E-01   0.000000000000000E+00   0.000000000000000E+00   0.000000000000000E+00
   6.063131527900000E-01   8.751376744800000E+00   8.751376744800000E+00   0.000000000000000E+00  -9.938547722400000E-01   0.000000000000000E+00   0.000000000000000E+00   0.000000000000000E+00
   6.077737265499999E-01   8.772458311599999E+00   8.772458311599999E+00   0.000000000000000E+00  -9.938547722400000E-01   0.000000000000000E+00   0.000000000000000E+00   0.000000000000000E+00
   6.092343003100000E-01   8.793539878400001E+00   8.793539878400001E+00   0.000000000000000E+00  -9.938547722400000E-01   0.000000000000000E+00   0.000000000000000E+00   0.000000000000000E+00
   6.106948740700000E-01   8.814621445300000E+00   8.814621445300000E+00   0.000000000000000E+00  -9.938547722400000E-01   0.000000000000000E+00   0.000000000000000E+00   0.000000000000000E+00
   6.121037560800000E-01   8.834956905900000E+00   8.834956905900000E+00   0.000000000000000E+00  -9.938547722400000E-01   0.000000000000000E+00   0.000000000000000E+00   0.000000000000000E+00
   6.135126380900000E-01   8.855292366600001E+00   8.855292366600001E+00   0.000000000000000E+00  -9.938547722400000E-01   0.000000000000000E+00   0.000000000000000E+00   0.000000000000000E+00
   6.149215201000000E-01   8.875627827200001E+00   8.875627827200001E+00   0.000000000000000E+00  -9.938547722400000E-01   0.000000000000000E+00   0.000000000000000E+00   0.000000000000000E+00
   6.163304021100000E-01   8.895963287800001E+00   8.895963287800001E+00   0.000000000000000E+00  -9.938547722400000E-01   0.000000000000000E+00   0.000000000000000E+00   0.000000000000000E+00
   6.178083747799999E-01   8.917295986299999E+00   8.917295986299999E+00   0.000000000000000E+00  -9.938547722400000E-01   0.000000000000000E+00   0.000000000000000E+00   0.000000000000000E+00
   6.192863474600000E-01   8.938628684799999E+00   8.938628684799999E+00   0.000000000000000E+00  -9.938547722400000E-01   0.000000000000000E+00   0.000000000000000E+00   0.000000000000000E+00
   6.207643201300000E-01   8.959961383300000E+00   8.959961383300000E+00   0.000000000000000E+00  -9.938547722400000E-01   0.000000000000000E+00   0.000000000000000E+00   0.000000000000000E+00
   6.222422928000000E-01   8.981294081800000E+00   8.981294081800000E+00   0.000000000000000E+00  -9.938547722400000E-01   0.000000000000000E+00   0.000000000000000E+00   0.000000000000000E+00
   6.236120495800000E-01   9.001064818400000E+00   9.001064818400000E+00   0.000000000000000E+00  -9.938547722400000E-01   0.000000000000000E+00   0.000000000000000E+00   0.000000000000000E+00
   6.249818063700000E-01   9.020835555000000E+00   9.020835555000000E+00   0.000000000000000E+00  -9.938547722400000E-01   0.000000000000000E+00   0.000000000000000E+00   0.000000000000000E+00
   6.263515631500000E-01   9.040606291700000E+00   9.040606291700000E+00   0.000000000000000E+00  -9.938547722400000E-01   0.000000000000000E+00   0.000000000000000E+00   0.000000000000000E+00
   6.277213199300000E-01   9.060377028300000E+00   9.060377028300000E+00   0.000000000000000E+00  -9.938547722400000E-01   0.000000000000000E+00   0.000000000000000E+00   0.000000000000000E+00
   6.292233018100000E-01   9.082056269700001E+00   9.082056269700001E+00   0.000000000000000E+00  -9.938547722400000E-01   0.000000000000000E+00   0.000000000000000E+00   0.000000000000000E+00
   6.307252836800000E-01   9.103735511200000E+00   9.103735511200000E+00   0.000000000000000E+00  -9.938547722400000E-01   0.000000000000000E+00   0.000000000000000E+00   0.000000000000000E+00
   6.322272655500000E-01   9.125414752699999E+00   9.125414752699999E+00   0.000000000000000E+00  -9.938547722400000E-01   0.000000000000000E+00   0.000000000000000E+00   0.000000000000000E+00
   6.337292474300000E-01   9.147093994100000E+00   9.147093994100000E+00   0.000000000000000E+00  -9.938547722400000E-01   0.000000000000000E+00   0.000000000000000E+00   0.000000000000000E+00
   6.350344165800000E-01   9.165932488599999E+00   9.165932488599999E+00   0.000000000000000E+00  -9.938547722400000E-01   0.000000000000000E+00   0.000000000000000E+00   0.000000000000000E+00
   6.363395857300000E-01   9.184770983000000E+00   9.184770983000000E+00   0.000000000000000E+00  -9.938547722400000E-01   0.000000000000000E+00   0.000000000000000E+00   0.000000000000000E+00
   6.376447548800001E-01   9.203609477500001E+00   9.203609477500001E+00   0.000000000000000E+00  -9.938547722400000E-01   0.000000000000000E+00   0.000000000000000E+00   0.000000000000000E+00
   6.389499240400000E-01   9.222447971899999E+00   9.222447971899999E+00   0.000000000000000E+00  -9.938547722400000E-01   0.000000000000000E+00   0.000000000000000E+00   0.000000000000000E+00
   6.401841707100000E-01   9.240262788500001E+00   9.240262788500001E+00   0.000000000000000E+00  -9.938547722400000E-01   0.000000000000000E+00   0.000000000000000E+00   0.000000000000000E+00
   6.414184173800000E-01   9.258077605100000E+00   9.258077605100000E+00   0.000000000000000E+00  -9.938547722400000E-01   0.000000000000000E+00   0.000000000000000E+00   0.000000000000000E+00
   6.426526640500000E-01   9.275892421700000E+00   9.275892421700000E+00   0.000000000000000E+00  -9.938547722400000E-01   0.000000000000000E+00   0.000000000000000E+00   0.000000000000000E+00
   6.438869107200000E-01   9.293707238200000E+00   9.293707238200000E+00   0.000000000000000E+00  -9.938547722400000E-01   0.000000000000000E+00   0.000000000000000E+00   0.000000000000000E+00
   6.449878600600000E-01   9.309598073600000E+00   9.309598073600000E+00   0.000000000000000E+00  -9.938547722400000E-01   0.000000000000000E+00   0.000000000000000E+00   0.000000000000000E+00
   6.460888094000000E-01   9.325488908900001E+00   9.325488908900001E+00   0.000000000000000E+00  -9.938547722400000E-01   0.000000000000000E+00   0.000000000000000E+00   0.000000000000000E+00
   6.471897587500000E-01   9.341379744299999E+00   9.341379744299999E+00   0.000000000000000E+00  -9.938547722400000E-01   0.000000000000000E+00   0.000000000000000E+00   0.000000000000000E+00
   6.482907080900000E-01   9.357270579600000E+00   9.357270579600000E+00   0.000000000000000E+00  -9.938547722400000E-01   0.000000000000000E+00   0.000000000000000E+00   0.000000000000000E+00
   6.493495824200000E-01   9.372554114400000E+00   9.372554114400000E+00   0.000000000000000E+00  -9.938547722400000E-01   0.000000000000000E+00   0.000000000000000E+00   0.000000000000000E+00
   6.504084567500000E-01   9.387837649300000E+00   9.387837649300000E+00   0.000000000000000E+00  -9.938547722400000E-01   0.000000000000000E+00   0.000000000000000E+00   0.000000000000000E+00
   6.514673310800000E-01   9.403121184100000E+00   9.403121184100000E+00   0.000000000000000E+00  -9.938547722400000E-01   0.000000000000000E+00   0.000000000000000E+00   0.000000000000000E+00
   6.525262054099999E-01   9.418404718900000E+00   9.418404718900000E+00   0.000000000000000E+00  -9.938547722400000E-01   0.000000000000000E+00   0.000000000000000E+00   0.000000000000000E+00
   6.533751245400000E-01   9.430657811400000E+00   9.430657811400000E+00   0.000000000000000E+00  -9.938547722400000E-01   0.000000000000000E+00   0.000000000000000E+00   0.000000000000000E+00
   6.542240436700000E-01   9.442910904000000E+00   9.442910904000000E+00   0.000000000000000E+00  -9.938547722400000E-01   0.000000000000000E+00   0.000000000000000E+00   0.000000000000000E+00
   6.550729628100000E-01   9.455163996500000E+00   9.455163996500000E+00   0.000000000000000E+00  -9.938547722400000E-01   0.000000000000000E+00   0.000000000000000E+00   0.000000000000000E+00
   6.559218819400000E-01   9.467417089000000E+00   9.467417089000000E+00   0.000000000000000E+00  -9.938547722400000E-01   0.000000000000000E+00   0.000000000000000E+00   0.000000000000000E+00
   6.566524585000000E-01   9.477962053500001E+00   9.477962053500001E+00   0.000000000000000E+00  -9.938547722400000E-01   0.000000000000000E+00   0.000000000000000E+00   0.000000000000000E+00
   6.573830350500000E-01   9.488507018000000E+00   9.488507018000000E+00   0.000000000000000E+00  -9.938547722400000E-01   0.000000000000000E+00   0.000000000000000E+00   0.000000000000000E+00
   6.581136116100000E-01   9.499051982499999E+00   9.499051982499999E+00   0.000000000000000E+00  -9.938547722400000E-01   0.000000000000000E+00   0.000000000000000E+00   0.000000000000000E+00
   6.588441881600000E-01   9.509596947000000E+00   9.509596947000000E+00   0.000000000000000E+00  -9.938547722400000E-01   0.000000000000000E+00   0.000000000000000E+00   0.000000000000000E+00
   6.594935282800000E-01   9.518969364600000E+00   9.518969364600000E+00   0.000000000000000E+00  -9.938547722400000E-01   0.000000000000000E+00   0.000000000000000E+00   0.000000000000000E+00
   6.601428684000000E-01   9.528341782200000E+00   9.528341782200000E+00   0.000000000000000E+00  -9.938547722400000E-01   0.000000000000000E+00   0.000000000000000E+00   0.000000000000000E+00
   6.607922085300000E-01   9.537714199700000E+00   9.537714199700000E+00   0.000000000000000E+00  -9.938547722400000E-01   0.000000000000000E+00   0.000000000000000E+00   0.000000000000000E+00
   6.614415486500000E-01   9.547086617300000E+00   9.547086617300000E+00   0.000000000000000E+00  -9.938547722400000E-01   0.000000000000000E+00   0.000000000000000E+00   0.000000000000000E+00
   6.621080336200000E-01   9.556706499400001E+00   9.556706499400001E+00   0.000000000000000E+00  -9.938547722400000E-01   0.000000000000000E+00   0.000000000000000E+00   0.000000000000000E+00
   6.627745185800000E-01   9.566326381500000E+00   9.566326381500000E+00   0.000000000000000E+00  -9.938547722400000E-01   0.000000000000000E+00   0.000000000000000E+00   0.000000000000000E+00
   6.634410035500000E-01   9.575946263600001E+00   9.575946263600001E+00   0.000000000000000E+00  -9.938547722400000E-01   0.000000000000000E+00   0.000000000000000E+00   0.000000000000000E+00
   6.641074885200000E-01   9.585566145700000E+00   9.585566145700000E+00   0.000000000000000E+00  -9.938547722400000E-01   0.000000000000000E+00   0.000000000000000E+00   0.000000000000000E+00
   6.649184013100000E-01   9.597270663900000E+00   9.597270663900000E+00   0.000000000000000E+00  -9.938547722400000E-01   0.000000000000000E+00   0.000000000000000E+00   0.000000000000000E+00
   6.657293141000000E-01   9.608975182200000E+00   9.608975182200000E+00   0.000000000000000E+00  -9.938547722400000E-01   0.000000000000000E+00   0.000000000000000E+00   0.000000000000000E+00
   6.665402269000000E-01   9.620679700400000E+00   9.620679700400000E+00   0.000000000000000E+00  -9.938547722400000E-01   0.000000000000000E+00   0.000000000000000E+00   0.000000000000000E+00
   6.673511396900000E-01   9.632384218700000E+00   9.632384218700000E+00   0.000000000000000E+00  -9.938547722400000E-01   0.000000000000000E+00   0.000000000000000E+00   0.000000000000000E+00
   6.681218492600000E-01   9.643508453400001E+00   9.643508453400001E+00   0.000000000000000E+00  -9.938547722400000E-01   0.000000000000000E+00   0.000000000000000E+00   0.000000000000000E+00
   6.688925588300000E-01   9.654632688000000E+00   9.654632688000000E+00   0.000000000000000E+00  -9.938547722400000E-01   0.000000000000000E+00   0.000000000000000E+00   0.000000000000000E+00
   6.696632684000000E-01   9.665756922700000E+00   9.665756922700000E+00   0.000000000000000E+00  -9.938547722400000E-01   0.000000000000000E+00   0.000000000000000E+00   0.000000000000000E+00
   6.704339779700000E-01   9.676881157400000E+00   9.676881157400000E+00   0.000000000000000E+00  -9.938547722400000E-01   0.000000000000000E+00   0.000000000000000E+00   0.000000000000000E+00
   6.711296814200000E-01   9.686922772000001E+00   9.686922772000001E+00   0.000000000000000E+00  -9.938547722400000E-01   0.000000000000000E+00   0.000000000000000E+00   0.000000000000000E+00
   6.718253848700000E-01   9.696964386499999E+00   9.696964386499999E+00   0.000000000000000E+00  -9.938547722400000E-01   0.000000000000000E+00   0.000000000000000E+00   0.000000000000000E+00
   6.725210883100000E-01   9.707006001100000E+00   9.707006001100000E+00   0.000000000000000E+00  -9.938547722400000E-01   0.000000000000000E+00   0.000000000000000E+00   0.000000000000000E+00
   6.732167917600000E-01   9.717047615600000E+00   9.717047615600000E+00   0.000000000000000E+00  -9.938547722400000E-01   0.000000000000000E+00   0.000000000000000E+00   0.000000000000000E+00
   6.738311243400000E-01   9.725914742800001E+00   9.725914742800001E+00   0.000000000000000E+00  -9.938547722400000E-01   0.000000000000000E+00   0.000000000000000E+00   0.000000000000000E+00
   6.744454569200000E-01   9.734781870000001E+00   9.734781870000001E+00   0.000000000000000E+00  -9.938547722400000E-01   0.000000000000000E+00   0.000000000000000E+00   0.000000000000000E+00
   6.750597895000000E-01   9.743648997199999E+00   9.743648997199999E+00   0.000000000000000E+00  -9.938547722400000E-01   0.000000000000000E+00   0.000000000000000E+00   0.000000000000000E+00
   6.756741220800000E-01   9.752516124400000E+00   9.752516124400000E+00   0.000000000000000E+00  -9.938547722400000E-01   0.000000000000000E+00   0.000000000000000E+00   0.000000000000000E+00
   6.762841717900000E-01   9.761321433699999E+00   9.761321433699999E+00   0.000000000000000E+00  -9.938547722400000E-01   0.000000000000000E+00   0.000000000000000E+00   0.000000000000000E+00
   6.768942215000000E-01   9.770126743000001E+00   9.770126743000001E+00   0.000000000000000E+00  -9.938547722400000E-01   0.000000000000000E+00   0.000000000000000E+00   0.000000000000000E+00
   6.775042712100000E-01   9.778932052300000E+00   9.778932052300000E+00   0.000000000000000E+00  -9.938547722400000E-01   0.000000000000000E+00   0.000000000000000E+00   0.000000000000000E+00
   6.781143209200000E-01   9.787737361600000E+00   9.787737361600000E+00   0.000000000000000E+00  -9.938547722400000E-01   0.000000000000000E+00   0.000000000000000E+00   0.000000000000000E+00
   6.787912240300000E-01   9.797507616700001E+00   9.797507616700001E+00   0.000000000000000E+00  -9.938547722400000E-01   0.000000000000000E+00   0.000000000000000E+00   0.000000000000000E+00
   6.794681271500000E-01   9.807277871800000E+00   9.807277871800000E+00   0.000000000000000E+00  -9.938547722400000E-01   0.000000000000000E+00   0.000000000000000E+00   0.000000000000000E+00
   6.801450302599999E-01   9.817048127000000E+00   9.817048127000000E+00   0.000000000000000E+00  -9.938547722400000E-01   0.000000000000000E+00   0.000000000000000E+00   0.000000000000000E+00
   6.808219333800000E-01   9.826818382100001E+00   9.826818382100001E+00   0.000000000000000E+00  -9.938547722400000E-01   0.000000000000000E+00   0.000000000000000E+00   0.000000000000000E+00
   6.815112840200001E-01   9.836768301799999E+00   9.836768301799999E+00   0.000000000000000E+00  -9.938547722400000E-01   0.000000000000000E+00   0.000000000000000E+00   0.000000000000000E+00
   6.822006346700000E-01   9.846718221500000E+00   9.846718221500000E+00   0.000000000000000E+00  -9.938547722400000E-01   0.000000000000000E+00   0.000000000000000E+00   0.000000000000000E+00
   6.828899853100000E-01   9.856668141300000E+00   9.856668141300000E+00   0.000000000000000E+00  -9.938547722400000E-01   0.000000000000000E+00   0.000000000000000E+00   0.000000000000000E+00
   6.835793359600000E-01   9.866618061000000E+00   9.866618061000000E+00   0.000000000000000E+00  -9.938547722400000E-01   0.000000000000000E+00   0.000000000000000E+00   0.000000000000000E+00
   6.842350073800000E-01   9.876081863000000E+00   9.876081863000000E+00   0.000000000000000E+00  -9.938547722400000E-01   0.000000000000000E+00   0.000000000000000E+00   0.000000000000000E+00
   6.848906788000000E-01   9.885545665000000E+00   9.885545665000000E+00   0.000000000000000E+00  -9.938547722400000E-01   0.000000000000000E+00   0.000000000000000E+00   0.000000000000000E+00
   6.855463502300000E-01   9.895009467100000E+00   9.895009467100000E+00   0.000000000000000E+00  -9.938547722400000E-01   0.000000000000000E+00   0.000000000000000E+00   0.000000000000000E+00
   6.862020216500000E-01   9.904473269100000E+00   9.904473269100000E+00   0.000000000000000E+00  -9.938547722400000E-01   0.000000000000000E+00   0.000000000000000E+00   0.000000000000000E+00
   6.867658936000000E-01   9.912612059800001E+00   9.912612059800001E+00   0.000000000000000E+00  -9.938547722400000E-01   0.000000000000000E+00   0.000000000000000E+00   0.000000000000000E+00
   6.873297655400000E-01   9.920750850499999E+00   9.920750850499999E+00   0.000000000000000E+00  -9.938547722400000E-01   0.000000000000000E+00   0.000000000000000E+00   0.000000000000000E+00
   6.878936374900000E-01   9.928889641200000E+00   9.928889641200000E+00   0.000000000000000E+00  -9.938547722400000E-01   0.000000000000000E+00   0.000000000000000E+00   0.000000000000000E+00
   6.884575094399999E-01   9.937028431800000E+00   9.937028431800000E+00   0.000000000000000E+00  -9.938547722400000E-01   0.000000000000000E+00   0.000000000000000E+00   0.000000000000000E+00
   6.889462921200000E-01   9.944083402400000E+00   9.944083402400000E+00   0.000000000000000E+00  -9.938547722400000E-01   0.000000000000000E+00   0.000000000000000E+00   0.000000000000000E+00
   6.894350748100000E-01   9.951138372899999E+00   9.951138372899999E+00   0.000000000000000E+00  -9.938547722400000E-01   0.000000000000000E+00   0.000000000000000E+00   0.000000000000000E+00
   6.899238574900000E-01   9.958193343400000E+00   9.958193343400000E+00   0.000000000000000E+00  -9.938547722400000E-01   0.000000000000000E+00   0.000000000000000E+00   0.000000000000000E+00
   6.904126401700000E-01   9.965248313900000E+00   9.965248313900000E+00   0.000000000000000E+00  -9.938547722400000E-01   0.000000000000000E+00   0.000000000000000E+00   0.000000000000000E+00
   6.909160849300000E-01   9.972514913199999E+00   9.972514913199999E+00   0.000000000000000E+00  -9.938547722400000E-01   0.000000000000000E+00   0.000000000000000E+00   0.000000000000000E+00
   6.914195296800000E-01   9.979781512400001E+00   9.979781512400001E+00   0.000000000000000E+00  -9.938547722400000E-01   0.000000000000000E+00   0.000000000000000E+00   0.000000000000000E+00
   6.919229744399999E-01   9.987048111700000E+00   9.987048111700000E+00   0.000000000000000E+00  -9.938547722400000E-01   0.000000000000000E+00   0.000000000000000E+00   0.000000000000000E+00
   6.924264191900000E-01   9.994314710999999E+00   9.994314710999999E+00   0.000000000000000E+00  -9.938547722400000E-01   0.000000000000000E+00   0.000000000000000E+00   0.000000000000000E+00
   6.929620175100000E-01   1.000204540700000E+01   1.000204540700000E+01   0.000000000000000E+00  -9.938547722400000E-01   0.000000000000000E+00   0.000000000000000E+00   0.000000000000000E+00
   6.934976158200000E-01   1.000977610300000E+01   1.000977610300000E+01   0.000000000000000E+00  -9.938547722400000E-01   0.000000000000000E+00   0.000000000000000E+00   0.000000000000000E+00
   6.940332141300000E-01   1.001750679900000E+01   1.001750679900000E+01   0.000000000000000E+00  -9.938547722400000E-01   0.000000000000000E+00   0.000000000000000E+00   0.000000000000000E+00
   6.945688124500000E-01   1.002523749500000E+01   1.002523749500000E+01   0.000000000000000E+00  -9.938547722400000E-01   0.000000000000000E+00   0.000000000000000E+00   0.000000000000000E+00
   6.950579719900000E-01   1.003229790500000E+01   1.003229790500000E+01   0.000000000000000E+00  -9.938547722400000E-01   0.000000000000000E+00   0.000000000000000E+00   0.000000000000000E+00
   6.955471315300000E-01   1.003935831500000E+01   1.003935831500000E+01   0.000000000000000E+00  -9.938547722400000E-01   0.000000000000000E+00   0.000000000000000E+00   0.000000000000000E+00
   6.960362910800000E-01   1.004641872500000E+01   1.004641872500000E+01   0.000000000000000E+00  -9.938547722400000E-01   0.000000000000000E+00   0.000000000000000E+00   0.000000000000000E+00
   6.965254506200000E-01   1.005347913500000E+01   1.005347913500000E+01   0.000000000000000E+00  -9.938547722400000E-01   0.000000000000000E+00   0.000000000000000E+00   0.000000000000000E+00
   6.970467157200000E-01   1.006100294900000E+01   1.006100294900000E+01   0.000000000000000E+00  -9.938547722400000E-01   0.000000000000000E+00   0.000000000000000E+00   0.000000000000000E+00
   6.975679808200000E-01   1.006852676200000E+01   1.006852676200000E+01   0.000000000000000E+00  -9.938547722400000E-01   0.000000000000000E+00   0.000000000000000E+00   0.000000000000000E+00
   6.980892459200000E-01   1.007605057600000E+01   1.007605057600000E+01   0.000000000000000E+00  -9.938547722400000E-01   0.000000000000000E+00   0.000000000000000E+00   0.000000000000000E+00
   6.986105110100000E-01   1.008357439000000E+01   1.008357439000000E+01   0.000000000000000E+00  -9.938547722400000E-01   0.000000000000000E+00   0.000000000000000E+00   0.000000000000000E+00
   6.996158610600000E-01   1.009808536800000E+01   1.009808536800000E+01   0.000000000000000E+00  -9.938547722400000E-01   0.000000000000000E+00   0.000000000000000E+00   0.000000000000000E+00
   7.006212111000000E-01   1.011259634700000E+01   1.011259634700000E+01   0.000000000000000E+00  -9.938547722400000E-01   0.000000000000000E+00   0.000000000000000E+00   0.000000000000000E+00
   7.016265611500000E-01   1.012710732500000E+01   1.012710732500000E+01   0.000000000000000E+00  -9.938547722400000E-01   0.000000000000000E+00   0.000000000000000E+00   0.000000000000000E+00
   7.026319111900000E-01   1.014161830300000E+01   1.014161830300000E+01   0.000000000000000E+00  -9.938547722400000E-01   0.000000000000000E+00   0.000000000000000E+00   0.000000000000000E+00
   7.051800016799999E-01   1.017839682200000E+01   1.017839682200000E+01   0.000000000000000E+00  -9.938547722400000E-01   0.000000000000000E+00   0.000000000000000E+00   0.000000000000000E+00
   7.077280921700000E-01   1.021517534100000E+01   1.021517534100000E+01   0.000000000000000E+00  -9.938547722400000E-01   0.000000000000000E+00   0.000000000000000E+00   0.000000000000000E+00
   7.102761826700000E-01   1.025195386000000E+01   1.025195386000000E+01   0.000000000000000E+00  -9.938547722400000E-01   0.000000000000000E+00   0.000000000000000E+00   0.000000000000000E+00
   7.128242731600000E-01   1.028873238000000E+01   1.028873238000000E+01   0.000000000000000E+00  -9.938547722400000E-01   0.000000000000000E+00   0.000000000000000E+00   0.000000000000000E+00
   7.163884823500000E-01   1.034017730900000E+01   1.034017730900000E+01   0.000000000000000E+00  -9.938547722400000E-01   0.000000000000000E+00   0.000000000000000E+00   0.000000000000000E+00
   7.199526915400000E-01   1.039162223900000E+01   1.039162223900000E+01   0.000000000000000E+00  -9.938547722400000E-01   0.000000000000000E+00   0.000000000000000E+00   0.000000000000000E+00
   7.235169007300000E-01   1.044306716800000E+01   1.044306716800000E+01   0.000000000000000E+00  -9.938547722400000E-01   0.000000000000000E+00   0.000000000000000E+00   0.000000000000000E+00
   7.270811099200000E-01   1.049451209800000E+01   1.049451209800000E+01   0.000000000000000E+00  -9.938547722400000E-01   0.000000000000000E+00   0.000000000000000E+00   0.000000000000000E+00
   7.313619383000000E-01   1.055630053400000E+01   1.055630053400000E+01   0.000000000000000E+00  -9.938547722400000E-01   0.000000000000000E+00   0.000000000000000E+00   0.000000000000000E+00
   7.356427666799999E-01   1.061808897100000E+01   1.061808897100000E+01   0.000000000000000E+00  -9.938547722400000E-01   0.000000000000000E+00   0.000000000000000E+00   0.000000000000000E+00
   7.399235950600000E-01   1.067987740800000E+01   1.067987740800000E+01   0.000000000000000E+00  -9.938547722400000E-01   0.000000000000000E+00   0.000000000000000E+00   0.000000000000000E+00
   7.442044234400000E-01   1.074166584500000E+01   1.074166584500000E+01   0.000000000000000E+00  -9.938547722400000E-01   0.000000000000000E+00   0.000000000000000E+00   0.000000000000000E+00
   7.483161834199999E-01   1.080101399000000E+01   1.080101399000000E+01   0.000000000000000E+00  -9.938547722400000E-01   0.000000000000000E+00   0.000000000000000E+00   0.000000000000000E+00
   7.524279434100000E-01   1.086036213400000E+01   1.086036213400000E+01   0.000000000000000E+00  -9.938547722400000E-01   0.000000000000000E+00   0.000000000000000E+00   0.000000000000000E+00
   7.565397034000000E-01   1.091971027900000E+01   1.091971027900000E+01   0.000000000000000E+00  -9.938547722400000E-01   0.000000000000000E+00   0.000000000000000E+00   0.000000000000000E+00
   7.606514633900000E-01   1.097905842400000E+01   1.097905842400000E+01   0.000000000000000E+00  -9.938547722400000E-01   0.000000000000000E+00   0.000000000000000E+00   0.000000000000000E+00
   7.645063681700000E-01   1.103469918300000E+01   1.103469918300000E+01   0.000000000000000E+00  -9.938547722400000E-01   0.000000000000000E+00   0.000000000000000E+00   0.000000000000000E+00
   7.683612729600000E-01   1.109033994200000E+01   1.109033994200000E+01   0.000000000000000E+00  -9.938547722400000E-01   0.000000000000000E+00   0.000000000000000E+00   0.000000000000000E+00
   7.722161777400000E-01   1.114598070100000E+01   1.114598070100000E+01   0.000000000000000E+00  -9.938547722400000E-01   0.000000000000000E+00   0.000000000000000E+00   0.000000000000000E+00
   7.760710825200000E-01   1.120162146000000E+01   1.120162146000000E+01   0.000000000000000E+00  -9.938547722400000E-01   0.000000000000000E+00   0.000000000000000E+00   0.000000000000000E+00
   7.802632327000000E-01   1.126212993700000E+01   1.126212993700000E+01   0.000000000000000E+00  -9.938547722400000E-01   0.000000000000000E+00   0.000000000000000E+00   0.000000000000000E+00
   7.844553828700001E-01   1.132263841500000E+01   1.132263841500000E+01   0.000000000000000E+00  -9.938547722400000E-01   0.000000000000000E+00   0.000000000000000E+00   0.000000000000000E+00
   7.886475330500000E-01   1.138314689200000E+01   1.138314689200000E+01   0.000000000000000E+00  -9.938547722400000E-01   0.000000000000000E+00   0.000000000000000E+00   0.000000000000000E+00
   7.928396832200000E-01   1.144365536900000E+01   1.144365536900000E+01   0.000000000000000E+00  -9.938547722400000E-01   0.000000000000000E+00   0.000000000000000E+00   0.000000000000000E+00
   7.966700011500000E-01   1.149894124700000E+01   1.149894124700000E+01   0.000000000000000E+00  -9.938547722400000E-01   0.000000000000000E+00   0.000000000000000E+00   0.000000000000000E+00
   8.005003190800000E-01   1.155422712600000E+01   1.155422712600000E+01   0.000000000000000E+00  -9.938547722400000E-01   0.000000000000000E+00   0.000000000000000E+00   0.000000000000000E+00
   8.043306370000000E-01   1.160951300400000E+01   1.160951300400000E+01   0.000000000000000E+00  -9.938547722400000E-01   0.000000000000000E+00   0.000000000000000E+00   0.000000000000000E+00
   8.081609549300000E-01   1.166479888200000E+01   1.166479888200000E+01   0.000000000000000E+00  -9.938547722400000E-01   0.000000000000000E+00   0.000000000000000E+00   0.000000000000000E+00
   8.116377742599999E-01   1.171498244800000E+01   1.171498244800000E+01   0.000000000000000E+00  -9.938547722400000E-01   0.000000000000000E+00   0.000000000000000E+00   0.000000000000000E+00
   8.151145935900000E-01   1.176516601300000E+01   1.176516601300000E+01   0.000000000000000E+00  -9.938547722400000E-01   0.000000000000000E+00   0.000000000000000E+00   0.000000000000000E+00
   8.185914129200000E-01   1.181534957900000E+01   1.181534957900000E+01   0.000000000000000E+00  -9.938547722400000E-01   0.000000000000000E+00   0.000000000000000E+00   0.000000000000000E+00
   8.220682322500000E-01   1.186553314500000E+01   1.186553314500000E+01   0.000000000000000E+00  -9.938547722400000E-01   0.000000000000000E+00   0.000000000000000E+00   0.000000000000000E+00
   8.260812637400000E-01   1.192345626600000E+01   1.192345626600000E+01   0.000000000000000E+00  -9.938547722400000E-01   0.000000000000000E+00   0.000000000000000E+00   0.000000000000000E+00
   8.300942952300000E-01   1.198137938800000E+01   1.198137938800000E+01   0.000000000000000E+00  -9.938547722400000E-01   0.000000000000000E+00   0.000000000000000E+00   0.000000000000000E+00
   8.341073267200000E-01   1.203930250900000E+01   1.203930250900000E+01   0.000000000000000E+00  -9.938547722400000E-01   0.000000000000000E+00   0.000000000000000E+00   0.000000000000000E+00
   8.381203582100000E-01   1.209722563100000E+01   1.209722563100000E+01   0.000000000000000E+00  -9.938547722400000E-01   0.000000000000000E+00   0.000000000000000E+00   0.000000000000000E+00
   8.422570989400000E-01   1.215693434100000E+01   1.215693434100000E+01   0.000000000000000E+00  -9.938547722400000E-01   0.000000000000000E+00   0.000000000000000E+00   0.000000000000000E+00
   8.463938396700000E-01   1.221664305200000E+01   1.221664305200000E+01   0.000000000000000E+00  -9.938547722400000E-01   0.000000000000000E+00   0.000000000000000E+00   0.000000000000000E+00
   8.505305804100000E-01   1.227635176300000E+01   1.227635176300000E+01   0.000000000000000E+00  -9.938547722400000E-01   0.000000000000000E+00   0.000000000000000E+00   0.000000000000000E+00
   8.546673211400000E-01   1.233606047400000E+01   1.233606047400000E+01   0.000000000000000E+00  -9.938547722400000E-01   0.000000000000000E+00   0.000000000000000E+00   0.000000000000000E+00
   8.583455041300000E-01   1.238915047300000E+01   1.238915047300000E+01   0.000000000000000E+00  -9.938547722400000E-01   0.000000000000000E+00   0.000000000000000E+00   0.000000000000000E+00
   8.620236871300000E-01   1.244224047300000E+01   1.244224047300000E+01   0.000000000000000E+00  -9.938547722400000E-01   0.000000000000000E+00   0.000000000000000E+00   0.000000000000000E+00
   8.657018701200000E-01   1.249533047300000E+01   1.249533047300000E+01   0.000000000000000E+00  -9.938547722400000E-01   0.000000000000000E+00   0.000000000000000E+00   0.000000000000000E+00
   8.693800531100000E-01   1.254842047200000E+01   1.254842047200000E+01   0.000000000000000E+00  -9.938547722400000E-01   0.000000000000000E+00   0.000000000000000E+00   0.000000000000000E+00
   8.727147742200000E-01   1.259655302700000E+01   1.259655302700000E+01   0.000000000000000E+00  -9.938547722400000E-01   0.000000000000000E+00   0.000000000000000E+00   0.000000000000000E+00
   8.760494953200000E-01   1.264468558100000E+01   1.264468558100000E+01   0.000000000000000E+00  -9.938547722400000E-01   0.000000000000000E+00   0.000000000000000E+00   0.000000000000000E+00
   8.793842164300000E-01   1.269281813500000E+01   1.269281813500000E+01   0.000000000000000E+00  -9.938547722400000E-01   0.000000000000000E+00   0.000000000000000E+00   0.000000000000000E+00
   8.827189375300000E-01   1.274095069000000E+01   1.274095069000000E+01   0.000000000000000E+00  -9.938547722400000E-01   0.000000000000000E+00   0.000000000000000E+00   0.000000000000000E+00
   8.862495367700000E-01   1.279191050100000E+01   1.279191050100000E+01   0.000000000000000E+00  -9.938547722400000E-01   0.000000000000000E+00   0.000000000000000E+00   0.000000000000000E+00
   8.897801360000001E-01   1.284287031300000E+01   1.284287031300000E+01   0.000000000000000E+00  -9.938547722400000E-01   0.000000000000000E+00   0.000000000000000E+00   0.000000000000000E+00
   8.933107352300000E-01   1.289383012400000E+01   1.289383012400000E+01   0.000000000000000E+00  -9.938547722400000E-01   0.000000000000000E+00   0.000000000000000E+00   0.000000000000000E+00
   8.968413344700000E-01   1.294478993600000E+01   1.294478993600000E+01   0.000000000000000E+00  -9.938547722400000E-01   0.000000000000000E+00   0.000000000000000E+00   0.000000000000000E+00
   9.013706101300000E-01   1.301016440000000E+01   1.301016440000000E+01   0.000000000000000E+00  -9.938547722400000E-01   0.000000000000000E+00   0.000000000000000E+00   0.000000000000000E+00
   9.058998858000000E-01   1.307553886500000E+01   1.307553886500000E+01   0.000000000000000E+00  -9.938547722400000E-01   0.000000000000000E+00   0.000000000000000E+00   0.000000000000000E+00
   9.104291614700000E-01   1.314091333000000E+01   1.314091333000000E+01   0.000000000000000E+00  -9.938547722400000E-01   0.000000000000000E+00   0.000000000000000E+00   0.000000000000000E+00
   9.149584371300000E-01   1.320628779400000E+01   1.320628779400000E+01   0.000000000000000E+00  -9.938547722400000E-01   0.000000000000000E+00   0.000000000000000E+00   0.000000000000000E+00
   9.188943684300001E-01   1.326309807000000E+01   1.326309807000000E+01   0.000000000000000E+00  -9.938547722400000E-01   0.000000000000000E+00   0.000000000000000E+00   0.000000000000000E+00
   9.228302997300000E-01   1.331990834700000E+01   1.331990834700000E+01   0.000000000000000E+00  -9.938547722400000E-01   0.000000000000000E+00   0.000000000000000E+00   0.000000000000000E+00
   9.267662310300000E-01   1.337671862300000E+01   1.337671862300000E+01   0.000000000000000E+00  -9.938547722400000E-01   0.000000000000000E+00   0.000000000000000E+00   0.000000000000000E+00
   9.307021623300000E-01   1.343352889900000E+01   1.343352889900000E+01   0.000000000000000E+00  -9.938547722400000E-01   0.000000000000000E+00   0.000000000000000E+00   0.000000000000000E+00
   9.341809078100000E-01   1.348374026600000E+01   1.348374026600000E+01   0.000000000000000E+00  -9.938547722400000E-01   0.000000000000000E+00   0.000000000000000E+00   0.000000000000000E+00
   9.376596532900000E-01   1.353395163300000E+01   1.353395163300000E+01   0.000000000000000E+00  -9.938547722400000E-01   0.000000000000000E+00   0.000000000000000E+00   0.000000000000000E+00
   9.411383987700001E-01   1.358416300000000E+01   1.358416300000000E+01   0.000000000000000E+00  -9.938547722400000E-01   0.000000000000000E+00   0.000000000000000E+00   0.000000000000000E+00
   9.446171442500000E-01   1.363437436700000E+01   1.363437436700000E+01   0.000000000000000E+00  -9.938547722400000E-01   0.000000000000000E+00   0.000000000000000E+00   0.000000000000000E+00
   9.492868660300000E-01   1.370177599700000E+01   1.370177599700000E+01   0.000000000000000E+00  -9.938547722400000E-01   0.000000000000000E+00   0.000000000000000E+00   0.000000000000000E+00
   9.539565878200000E-01   1.376917762700000E+01   1.376917762700000E+01   0.000000000000000E+00  -9.938547722400000E-01   0.000000000000000E+00   0.000000000000000E+00   0.000000000000000E+00
   9.586263096099999E-01   1.383657925700000E+01   1.383657925700000E+01   0.000000000000000E+00  -9.938547722400000E-01   0.000000000000000E+00   0.000000000000000E+00   0.000000000000000E+00
   9.632960314000000E-01   1.390398088600000E+01   1.390398088600000E+01   0.000000000000000E+00  -9.938547722400000E-01   0.000000000000000E+00   0.000000000000000E+00   0.000000000000000E+00
   9.678821856399999E-01   1.397017632300000E+01   1.397017632300000E+01   0.000000000000000E+00  -9.938547722400000E-01   0.000000000000000E+00   0.000000000000000E+00   0.000000000000000E+00
   9.724683398900000E-01   1.403637175900000E+01   1.403637175900000E+01   0.000000000000000E+00  -9.938547722400000E-01   0.000000000000000E+00   0.000000000000000E+00   0.000000000000000E+00
   9.770544941400000E-01   1.410256719500000E+01   1.410256719500000E+01   0.000000000000000E+00  -9.938547722400000E-01   0.000000000000000E+00   0.000000000000000E+00   0.000000000000000E+00
   9.816406483800000E-01   1.416876263100000E+01   1.416876263100000E+01   0.000000000000000E+00  -9.938547722400000E-01   0.000000000000000E+00   0.000000000000000E+00   0.000000000000000E+00
   9.862304862900000E-01   1.423501123600000E+01   1.423501123600000E+01   0.000000000000000E+00  -9.938547722400000E-01   0.000000000000000E+00   0.000000000000000E+00   0.000000000000000E+00
   9.908203241900000E-01   1.430125984200000E+01   1.430125984200000E+01   0.000000000000000E+00  -9.938547722400000E-01   0.000000000000000E+00   0.000000000000000E+00   0.000000000000000E+00
   9.954101621000000E-01   1.436750844700000E+01   1.436750844700000E+01   0.000000000000000E+00  -9.938547722400000E-01   0.000000000000000E+00   0.000000000000000E+00   0.000000000000000E+00
   1.000000000000000E+00   1.443375705200000E+01   1.443375705200000E+01   0.000000000000000E+00  -9.938547722400000E-01   0.000000000000000E+00   0.000000000000000E+00   0.000000000000000E+00
