   0.000000000000000E+00   0.000000000000000E+00   0.000000000000000E+00   0.000000000000000E+00  -1.908296044100000E-01  -1.498814500000000E-02   0.000000000000000E+00   5.815249610100000E-02
   4.564329141100000E-03   6.588041792700000E-02   7.089878291800000E-02   1.817132909700000E-04  -1.908279509500000E-01  -1.498810515400000E-02   5.141070582100000E-03   5.918046050900000E-02
   9.128658282099999E-03   1.317608358500000E-01   1.417895959500000E-01   7.309919330700000E-04  -1.908229939200000E-01  -1.498782485200000E-02   1.036914510700000E-02   6.013815531800000E-02
   1.369298742300000E-02   1.976412537800000E-01   2.126711040900000E-01   1.653714073200000E-03  -1.908147390100000E-01  -1.498705998100000E-02   1.567801488600000E-02   6.102441864300000E-02
   1.825731656400000E-02   2.635216717100000E-01   2.835419158700000E-01   2.955312392000000E-03  -1.908031928100000E-01  -1.498556270000000E-02   2.106137251000000E-02   6.183815914000000E-02
   2.282164570500000E-02   3.294020896400000E-01   3.544005901900000E-01   4.640767530000000E-03  -1.907883628400000E-01  -1.498308173800000E-02   2.651281808200000E-02   6.257835719900000E-02
   2.764160059800000E-02   3.989721475500000E-01   4.292128948300000E-01   6.842316420900000E-03  -1.907691469200000E-01  -1.497911259700000E-02   3.233631328000000E-02   6.327912843000000E-02
   3.246155549000000E-02   4.685422054700000E-01   5.040082201800000E-01   9.481724328000001E-03  -1.907462897700000E-01  -1.497345978700000E-02   3.822076849000000E-02   6.389580869000000E-02
   3.728151038200000E-02   5.381122633900000E-01   5.787847436400000E-01   1.256317192900000E-02  -1.907198038300000E-01  -1.496581720100000E-02   4.415835884200000E-02   6.442746574600000E-02
   4.210146527500000E-02   6.076823213100000E-01   6.535406199900000E-01   1.609025063100000E-02  -1.906897028200000E-01  -1.495587602900000E-02   5.014117756900000E-02   6.487326163700000E-02
   4.692142016700000E-02   6.772523792300000E-01   7.282739924000000E-01   2.006595732900000E-02  -1.906560017600000E-01  -1.494332516700000E-02   5.616124476800000E-02   6.523245369300000E-02
   5.234539303100000E-02   7.555406858000000E-01   8.123434357800000E-01   2.507932876500000E-02  -1.906137927200000E-01  -1.492569078100000E-02   6.297024254500000E-02   6.553229358400001E-02
   5.776936589400000E-02   8.338289923700000E-01   8.963794014699999E-01   3.066633730500000E-02  -1.905670706700000E-01  -1.490390709900000E-02   6.980467508500000E-02   6.572087358299999E-02
   6.319333875800000E-02   9.121172989400000E-01   9.803792998100000E-01   3.682851442300000E-02  -1.905158628300000E-01  -1.487752436500000E-02   7.665292375799999E-02   6.579757593600000E-02
   6.861731162199999E-02   9.904056055100000E-01   1.064340601400000E+00   4.356641560200000E-02  -1.904601984200000E-01  -1.484609200900000E-02   8.350331380800000E-02   6.576194035700000E-02
   7.404128448600000E-02   1.068693912100000E+00   1.148260858300000E+00   5.087961786400000E-02  -1.904001086300000E-01  -1.480915940900000E-02   9.034413077900000E-02   6.561366464800000E-02
   7.870065911000000E-02   1.135946193400000E+00   1.220316612600000E+00   5.762023270700000E-02  -1.903449809900000E-01  -1.477269879700000E-02   9.620404635000000E-02   6.539623564900000E-02
   8.336003373500001E-02   1.203198474800000E+00   1.292338931800000E+00   6.478289913200000E-02  -1.902866340600000E-01  -1.473156295100000E-02   1.020407906800000E-01   6.509557884300000E-02
   8.801940836000000E-02   1.270450756100000E+00   1.364326478600000E+00   7.236561874500000E-02  -1.902250908000000E-01  -1.468546867500000E-02   1.078469225200000E-01   6.471178281800000E-02
   9.267878298500000E-02   1.337703037500000E+00   1.436278002800000E+00   8.036586231499999E-02  -1.901603750100000E-01  -1.463413429200000E-02   1.136150123800000E-01   6.424502224500001E-02
   9.733815761000000E-02   1.404955318800000E+00   1.508192350300000E+00   8.878057178100000E-02  -1.900925113100000E-01  -1.457728000900000E-02   1.193376502700000E-01   6.369555759300000E-02
   1.019011177400000E-01   1.470815976800000E+00   1.578581563500000E+00   9.741940189300000E-02  -1.900230254200000E-01  -1.451598527300000E-02   1.248907149400000E-01   6.307764053400000E-02
   1.064640778800000E-01   1.536676634800000E+00   1.648933237100000E+00   1.064484339800000E-01  -1.899505693100000E-01  -1.444887222700000E-02   1.303862068100000E-01   6.238114193800000E-02
   1.110270380100000E-01   1.602537292800000E+00   1.719246604400000E+00   1.158633373200000E-01  -1.898751679600000E-01  -1.437568528200000E-02   1.358172628600000E-01   6.160654316300000E-02
   1.155899981400000E-01   1.668397950800000E+00   1.789521018000000E+00   1.256593070400000E-01  -1.897968468300000E-01  -1.429617185700000E-02   1.411770656400000E-01   6.075440250000000E-02
   1.201529582800000E-01   1.734258608800000E+00   1.859755957400000E+00   1.358310682700000E-01  -1.897156317300000E-01  -1.421008269000000E-02   1.464588499300000E-01   5.982535444900000E-02
   1.246832803400000E-01   1.799648176900000E+00   1.929449083600000E+00   1.462961773500000E-01  -1.896321603700000E-01  -1.411786151400000E-02   1.516190522800000E-01   5.882756804000000E-02
   1.292136024100000E-01   1.865037745000000E+00   1.999102671300000E+00   1.571199965100000E-01  -1.895458878500000E-01  -1.401867962700000E-02   1.566892378000000E-01   5.775543769900000E-02
   1.337439244700000E-01   1.930427313000000E+00   2.068716616700000E+00   1.682960168500000E-01  -1.894568400700000E-01  -1.391230457400000E-02   1.616629767300000E-01   5.660980236700000E-02
   1.382742465400000E-01   1.995816881100000E+00   2.138290960600000E+00   1.798172931400000E-01  -1.893650429300000E-01  -1.379850829800000E-02   1.665339153300000E-01   5.539157143200000E-02
   1.428045686100000E-01   2.061206449200000E+00   2.207825893100000E+00   1.916764497800000E-01  -1.892705222900000E-01  -1.367706742700000E-02   1.712957819800000E-01   5.410172363000000E-02
   1.474608183100000E-01   2.128413626100000E+00   2.279252953700000E+00   2.042091434300000E-01  -1.891705631800000E-01  -1.354405494800000E-02   1.760698478100000E-01   5.270249341100000E-02
   1.521170680000000E-01   2.195620803000000E+00   2.350639289000000E+00   2.170815934600000E-01  -1.890677817100000E-01  -1.340250491600000E-02   1.807155520300000E-01   5.122992619100000E-02
   1.567733177000000E-01   2.262827980000000E+00   2.421985620300000E+00   2.302844146400000E-01  -1.889622050500000E-01  -1.325219211900000E-02   1.852263960300000E-01   4.968530551200000E-02
   1.614295674000000E-01   2.330035156900000E+00   2.493292848400000E+00   2.438077724800000E-01  -1.888538597700000E-01  -1.309289780400000E-02   1.895959991100000E-01   4.806998652300000E-02
   1.660858171000000E-01   2.397242333900000E+00   2.564562054800000E+00   2.576413920100000E-01  -1.887427718000000E-01  -1.292440997500000E-02   1.938181048600000E-01   4.638539431300000E-02
   1.706694955800000E-01   2.463402035300000E+00   2.634684564900000E+00   2.715520482700000E-01  -1.886307607600000E-01  -1.274936929500000E-02   1.978243859900000E-01   4.466084640100000E-02
   1.752531740500000E-01   2.529561736800000E+00   2.704772829100000E+00   2.857423827500000E-01  -1.885161393400000E-01  -1.256503225300000E-02   2.016760799900000E-01   4.287210219900000E-02
   1.798368525200000E-01   2.595721438300000E+00   2.774828393500000E+00   3.002013947100000E-01  -1.883989297000000E-01  -1.237121743300000E-02   2.053676056000000E-01   4.102070980100000E-02
   1.844205309900000E-01   2.661881139800000E+00   2.844852972300000E+00   3.149177051200000E-01  -1.882791529200000E-01  -1.216775082300000E-02   2.088935203600000E-01   3.910827616400000E-02
   1.890042094600000E-01   2.728040841200000E+00   2.914848445200000E+00   3.298795660000000E-01  -1.881568288900000E-01  -1.195446606100000E-02   2.122485257600000E-01   3.713646527500000E-02
   1.935925216300000E-01   2.794267424200000E+00   2.984887574000000E+00   3.450903450800000E-01  -1.880318487000000E-01  -1.173097388000000E-02   2.154305950000000E-01   3.510491608400000E-02
   1.981808337900000E-01   2.860494007300000E+00   3.054901793700000E+00   3.605225446500000E-01  -1.879043519700000E-01  -1.149733410100000E-02   2.184312379700000E-01   3.301736992800000E-02
   2.027691459500000E-01   2.926720590300000E+00   3.124893468400000E+00   3.761633290100000E-01  -1.877743544200000E-01  -1.125340431700000E-02   2.212456024700000E-01   3.087565604200000E-02
   2.073574581100000E-01   2.992947173300000E+00   3.194865112300000E+00   3.919995317800000E-01  -1.876418701500000E-01  -1.099905073200000E-02   2.238689995600000E-01   2.868165310500000E-02
   2.119457702700000E-01   3.059173756300000E+00   3.264819383700000E+00   4.080176663800000E-01  -1.875069115600000E-01  -1.073414837400000E-02   2.262969079000000E-01   2.643728718800000E-02
   2.166566827300000E-01   3.127169922300000E+00   3.336627703300000E+00   4.246386121000000E-01  -1.873657835800000E-01  -1.045107082200000E-02   2.285817318700000E-01   2.408262168600000E-02
   2.213675951900000E-01   3.195166088200000E+00   3.408423826700000E+00   4.414215374100000E-01  -1.872220678100000E-01  -1.015663572000000E-02   2.306513810400000E-01   2.167912521300000E-02
   2.260785076500000E-01   3.263162254100000E+00   3.480211058700000E+00   4.583508627100000E-01  -1.870757714300000E-01  -9.850738208400000E-03   2.325015396100000E-01   1.922902436900000E-02
   2.307894201100000E-01   3.331158420100000E+00   3.551992829600000E+00   4.754107011600000E-01  -1.869268993200000E-01  -9.533284124300000E-03   2.341280951100000E-01   1.673458887100000E-02
   2.355003325700000E-01   3.399154586000000E+00   3.623772685000000E+00   4.925848713900000E-01  -1.867754540100000E-01  -9.204190208499999E-03   2.355271422000000E-01   1.419812906900000E-02
   2.402901609900000E-01   3.468289805700000E+00   3.696756776500000E+00   5.101469850000000E-01  -1.866188335500000E-01  -8.857575105900000E-03   2.367125604400000E-01   1.157851443500000E-02
   2.450799894000000E-01   3.537425025300000E+00   3.769746593300000E+00   5.277926840100000E-01  -1.864595504100000E-01  -8.498788482500000E-03   2.376553086600000E-01   8.920389944999999E-03
   2.498698178200000E-01   3.606560245000000E+00   3.842746152500000E+00   5.455041067100000E-01  -1.862975992600000E-01  -8.127778711100000E-03   2.383519623800000E-01   6.226297211100000E-03
   2.546596462300000E-01   3.675695464600000E+00   3.915759540700000E+00   5.632631330800000E-01  -1.861329719400000E-01  -7.744506602700000E-03   2.387993323500000E-01   3.498810465200000E-03
   2.594494746400000E-01   3.744830684300000E+00   3.988790899000000E+00   5.810513994700000E-01  -1.859656574700000E-01  -7.348945579900000E-03   2.389944674100000E-01   7.405338212900000E-04
   2.642581438300000E-01   3.814237847000000E+00   4.062131812100000E+00   5.989203216400000E-01  -1.857949678700000E-01  -6.939453215600000E-03   2.389339151400000E-01  -2.056913992800000E-03
   2.690668130100000E-01   3.883645009700000E+00   4.135499302100000E+00   6.167809456600000E-01  -1.856215390000000E-01  -6.517560312400000E-03   2.386139120100000E-01  -4.880055197900000E-03
   2.738754821900000E-01   3.953052172400000E+00   4.208897626900000E+00   6.346140403000000E-01  -1.854453509100000E-01  -6.083279293100000E-03   2.380322110600000E-01  -7.726180569800000E-03
   2.786841513700000E-01   4.022459335100000E+00   4.282331033000000E+00   6.524001882700000E-01  -1.852663807500000E-01  -5.636635993300000E-03   2.371868163200000E-01  -1.059256160400000E-02
   2.834928205500000E-01   4.091866497900000E+00   4.355803737400000E+00   6.701198020400000E-01  -1.850846026800000E-01  -5.177669785000000E-03   2.360759844800000E-01  -1.347645325600000E-02
   2.882048064000000E-01   4.159878156800000E+00   4.427841334700000E+00   6.873995821300000E-01  -1.849037280100000E-01  -4.716028844800000E-03   2.347285655100000E-01  -1.631668907200000E-02
   2.929167922400000E-01   4.227889815700000E+00   4.499924531000000E+00   7.045778180000000E-01  -1.847200999500000E-01  -4.242669107100000E-03   2.331236816600000E-01  -1.916848328400000E-02
   2.976287780900000E-01   4.295901474600000E+00   4.572057110400000E+00   7.216356941900000E-01  -1.845336861800000E-01  -3.757666026700000E-03   2.312604055700000E-01  -2.202922189700000E-02
   3.023407639300000E-01   4.363913133500000E+00   4.644242762300000E+00   7.385542981100000E-01  -1.843444518600000E-01  -3.261107888500000E-03   2.291380465900000E-01  -2.489628547000000E-02
   3.070527497800000E-01   4.431924792500000E+00   4.716485064800000E+00   7.553146354000000E-01  -1.841523596800000E-01  -2.753095868300000E-03   2.267561511600000E-01  -2.776705148300000E-02
   3.115977422100000E-01   4.497526109000000E+00   4.786223996300000E+00   7.713131859700000E-01  -1.839643303800000E-01  -2.252342416900000E-03   2.242125635600000E-01  -3.053712900500000E-02
   3.161427346500000E-01   4.563127425600000E+00   4.856021813300000E+00   7.871296059600000E-01  -1.837735675800000E-01  -1.741152507200000E-03   2.214273221100000E-01  -3.330585778800000E-02
   3.206877270800000E-01   4.628728742200000E+00   4.925881344700000E+00   8.027467151200000E-01  -1.835800317400000E-01  -1.219651253600000E-03   2.184006470300000E-01  -3.607088832400000E-02
   3.252327195100000E-01   4.694330058800000E+00   4.995805266900000E+00   8.181473163900000E-01  -1.833836814700000E-01  -6.879750468700000E-04   2.151329633200000E-01  -3.882987624400000E-02
   3.297777119500000E-01   4.759931375400000E+00   5.065796089500000E+00   8.333142096000000E-01  -1.831844737100000E-01  -1.462715604800000E-04   2.116249002300000E-01  -4.158048417500000E-02
   3.343211469300000E-01   4.825510212100000E+00   5.135832122800000E+00   8.482251389700000E-01  -1.829824335400000E-01   4.051095696600000E-04   2.078786157100000E-01  -4.431944677100000E-02
   3.388645819100000E-01   4.891089048800000E+00   5.205939474800000E+00   8.628681960200000E-01  -1.827774471300000E-01   9.661822162800000E-04   2.038939832000000E-01  -4.704539261200000E-02
   3.434080168900000E-01   4.956667885600000E+00   5.276120076300000E+00   8.772262731100000E-01  -1.825694670400000E-01   1.536765099300000E-03   1.996722386100000E-01  -4.975601852100000E-02
   3.479514518800000E-01   5.022246722300000E+00   5.346375641800000E+00   8.912823163000000E-01  -1.823584446900000E-01   2.116665736900000E-03   1.952148181000000E-01  -5.244903543600000E-02
   3.524948868600000E-01   5.087825559000000E+00   5.416707657300000E+00   9.050193399799999E-01  -1.821443303900000E-01   2.705680485800000E-03   1.905233568000000E-01  -5.512217012300000E-02
   3.570800509600000E-01   5.154006703700000E+00   5.487764410200000E+00   9.185419149400000E-01  -1.819250634900000E-01   3.309126674100000E-03   1.855533960200000E-01  -5.779740535100000E-02
   3.616652150600000E-01   5.220187848400000E+00   5.558901317200000E+00   9.317050983600000E-01  -1.817025433700000E-01   3.921404282300000E-03   1.803490283100000E-01  -6.044779548600000E-02
   3.662503791600000E-01   5.286368993100000E+00   5.630119132800000E+00   9.444917371500000E-01  -1.814767167400000E-01   4.542269777200000E-03   1.749125410100000E-01  -6.307106345900000E-02
   3.708355432700000E-01   5.352550137800000E+00   5.701418332600000E+00   9.568848121700000E-01  -1.812475298700000E-01   5.171468317700000E-03   1.692464208200000E-01  -6.566495545600000E-02
   3.754207073700000E-01   5.418731282500000E+00   5.772799104700000E+00   9.688674544600000E-01  -1.810149288300000E-01   5.808733848700000E-03   1.633533517500000E-01  -6.822724254900001E-02
   3.802325282700000E-01   5.488183936300000E+00   5.847796015500000E+00   9.809828082900000E-01  -1.807670992000000E-01   6.485872990600000E-03   1.569280681600000E-01  -7.087979622100000E-02
   3.850443491700000E-01   5.557636590100000E+00   5.922882156800000E+00   9.926086696700001E-01  -1.805153879100000E-01   7.171257682700000E-03   1.502595717800000E-01  -7.349260570600000E-02
   3.898561700700000E-01   5.627089243900000E+00   5.998056668900000E+00   1.003726195400000E+00  -1.802597332700000E-01   7.864541400300001E-03   1.433516484900000E-01  -7.606319489400000E-02
   3.946679909600000E-01   5.696541897800000E+00   6.073318309100000E+00   1.014316806900000E+00  -1.800000743100000E-01   8.565364623500001E-03   1.362083111400000E-01  -7.858912562900000E-02
   3.994798118600000E-01   5.765994551600000E+00   6.148665446400000E+00   1.024362211300000E+00  -1.797363510500000E-01   9.273355027399999E-03   1.288337959400000E-01  -8.106799959700001E-02
   4.039951106600000E-01   5.831167277400000E+00   6.219445374800000E+00   1.033276709900000E+00  -1.794851307600000E-01   9.943892031000000E-03   1.217074439100000E-01  -8.334922000700000E-02
   4.085104094500000E-01   5.896340003200000E+00   6.290296819400000E+00   1.041680688200000E+00  -1.792302326900000E-01   1.062007328200000E-02   1.143853044100000E-01  -8.558501661300000E-02
   4.130257082400000E-01   5.961512729000000E+00   6.361217481900000E+00   1.049559818400000E+00  -1.789716109400000E-01   1.130156137600000E-02   1.068713961900000E-01  -8.777351196700001E-02
   4.175410070300000E-01   6.026685454700000E+00   6.432204755400000E+00   1.056900058900000E+00  -1.787092212600000E-01   1.198800966400000E-02   9.916989912500000E-02  -8.991286488399999E-02
   4.220563058200000E-01   6.091858180500000E+00   6.503255724600000E+00   1.063687669300000E+00  -1.784430211500000E-01   1.267906244300000E-02   9.128515097100000E-02  -9.200127167000000E-02
   4.264420956400000E-01   6.155161605200000E+00   6.572326719800000E+00   1.069738783400000E+00  -1.781807698200000E-01   1.335435692300000E-02   8.345537159999999E-02  -9.397932911400000E-02
   4.308278854500000E-01   6.218465029800000E+00   6.641451543100000E+00   1.075243846700000E+00  -1.779148502000000E-01   1.403330975700000E-02   7.546119349400000E-02  -9.590607417900000E-02
   4.352136752700000E-01   6.281768454500000E+00   6.710626699100000E+00   1.080191166000000E+00  -1.776452293100000E-01   1.471557155700000E-02   6.730700148400000E-02  -9.777996188000000E-02
   4.395994650800000E-01   6.345071879200000E+00   6.779848428300000E+00   1.084569369700000E+00  -1.773718764700000E-01   1.540078563600000E-02   5.899730874400000E-02  -9.959948466100001E-02
   4.439852549000000E-01   6.408375303800000E+00   6.849112711800000E+00   1.088367420000000E+00  -1.770947634500000E-01   1.608858821300000E-02   5.053675357400000E-02  -1.013631733300000E-01
   4.482706274100000E-01   6.470229329600000E+00   6.916828125700000E+00   1.091507879000000E+00  -1.768203386500000E-01   1.676278784000000E-02   4.212875317700000E-02  -1.030311784600000E-01
   4.525559999200000E-01   6.532083355300000E+00   6.984575874700000E+00   1.094074594600000E+00  -1.765422781200000E-01   1.743875301500000E-02   3.358581363400000E-02  -1.046432147600000E-01
   4.568413724400000E-01   6.593937381100000E+00   7.052351524500000E+00   1.096058260800000E+00  -1.762605632300000E-01   1.811612595800000E-02   2.491258965500000E-02  -1.061980227300000E-01
   4.611267449500000E-01   6.655791406800000E+00   7.120150428800000E+00   1.097449918900000E+00  -1.759751781400000E-01   1.879454324000000E-02   1.611383765500000E-02  -1.076943809800000E-01
   4.654121174700000E-01   6.717645432600000E+00   7.187967736400000E+00   1.098240967700000E+00  -1.756861099500000E-01   1.947363600200000E-02   7.194412524900000E-03  -1.091311069800000E-01
   4.696777621600000E-01   6.779214711700000E+00   7.255486116500000E+00   1.098423741300000E+00  -1.753947050400000E-01   2.014990245400000E-02  -1.798884627300000E-03  -1.105008644600000E-01
   4.739434068500000E-01   6.840783990900000E+00   7.323012566600000E+00   1.097995513100000E+00  -1.750996345600000E-01   2.082609373200000E-02  -1.090186949900000E-02  -1.118093172500000E-01
   4.782090515400000E-01   6.902353270100000E+00   7.390541748800000E+00   1.096948910700000E+00  -1.748008951800000E-01   2.150183135700000E-02  -2.010948290500000E-02  -1.130554177500000E-01
   4.824746962400000E-01   6.963922549200000E+00   7.458068160500000E+00   1.095276947900000E+00  -1.744984868900000E-01   2.217673243000000E-02  -2.941658228600000E-02  -1.142381591100000E-01
   4.867403409300000E-01   7.025491828400000E+00   7.525586144800000E+00   1.092973032800000E+00  -1.741924131400000E-01   2.285040987100000E-02  -3.881794518200000E-02  -1.153565758000000E-01
   4.910973240000000E-01   7.088379463400000E+00   7.594535130500000E+00   1.089960956800000E+00  -1.738760088000000E-01   2.353684269200000E-02  -4.851241840100000E-02  -1.164315750600000E-01
   4.954543070600000E-01   7.151267098500000E+00   7.663462949500000E+00   1.086276962900000E+00  -1.735557989300000E-01   2.422117032400000E-02  -5.829398188700000E-02  -1.174375633300000E-01
   4.998112901300000E-01   7.214154733500000E+00   7.732363148900000E+00   1.081915347500000E+00  -1.732317988800000E-01   2.490296839600000E-02  -6.815683565600000E-02  -1.183736487300000E-01
   5.041682731900000E-01   7.277042368600000E+00   7.801229159600000E+00   1.076870865500000E+00  -1.729040280800000E-01   2.558180909400000E-02  -7.809510876000000E-02  -1.192389865900000E-01
   5.085252562600000E-01   7.339930003600000E+00   7.870054310700000E+00   1.071138737000000E+00  -1.725725101100000E-01   2.625726145300000E-02  -8.810286350700000E-02  -1.200327800200000E-01
   5.132698696800000E-01   7.408412601100000E+00   7.944948279600000E+00   1.064109464600000E+00  -1.722072684100000E-01   2.698844512800000E-02  -9.907298473600000E-02  -1.208149445100000E-01
   5.180144831100000E-01   7.476895198600000E+00   8.019776955699999E+00   1.056254721000000E+00  -1.718376578900000E-01   2.771453258400000E-02  -1.101105580300000E-01  -1.215104798400000E-01
   5.227590965300000E-01   7.545377796000000E+00   8.094531437200001E+00   1.047570257600000E+00  -1.714637263100000E-01   2.843495702400000E-02  -1.212076820400000E-01  -1.221185538000000E-01
   5.275037099500000E-01   7.613860393500000E+00   8.169202769100000E+00   1.038052506300000E+00  -1.710855275400000E-01   2.914914897300000E-02  -1.323563874400000E-01  -1.226384037300000E-01
   5.322483233800001E-01   7.682342991000000E+00   8.243781966600000E+00   1.027698583900000E+00  -1.707031215900000E-01   2.985653674800000E-02  -1.435486438900000E-01  -1.230693369700000E-01
   5.366997010100000E-01   7.746593094200000E+00   8.313660102200000E+00   1.017222360900000E+00  -1.703405835100000E-01   3.051350819200000E-02  -1.540815735100000E-01  -1.233922383800000E-01
   5.411510786300000E-01   7.810843197400000E+00   8.383441819700000E+00   1.006006932400000E+00  -1.699744599800000E-01   3.116351123600000E-02  -1.646390084100000E-01  -1.236358687600000E-01
   5.456024562600000E-01   7.875093300600000E+00   8.453119745400000E+00   9.940515743800000E-01  -1.696048153400000E-01   3.180607067600000E-02  -1.752142043300000E-01  -1.237998259500000E-01
   5.500538338900000E-01   7.939343403900000E+00   8.522686557400000E+00   9.813560989400000E-01  -1.692317186200000E-01   3.244071102000000E-02  -1.858003916900000E-01  -1.238837630100000E-01
   5.545052115200000E-01   8.003593507100000E+00   8.592135003899999E+00   9.679208535500000E-01  -1.688552435500000E-01   3.306695682300000E-02  -1.963907810400000E-01  -1.238873882900000E-01
   5.591017721600000E-01   8.069939146699999E+00   8.663716714200000E+00   9.532719984500000E-01  -1.684630273700000E-01   3.370431417400000E-02  -2.073237710200000E-01  -1.238065980900000E-01
   5.636983328100000E-01   8.136284786399999E+00   8.735156804800001E+00   9.378368404000000E-01  -1.680673838400000E-01   3.433169170700000E-02  -2.182464857700000E-01  -1.236397221700000E-01
   5.682948934499999E-01   8.202630426000001E+00   8.806447647100001E+00   9.216175475800000E-01  -1.676684094500000E-01   3.494856843000000E-02  -2.291514211700000E-01  -1.233866253000000E-01
   5.728914541000000E-01   8.268976065600000E+00   8.877581773299999E+00   9.046168861000000E-01  -1.672662057200000E-01   3.555442498800000E-02  -2.400310766500000E-01  -1.230472351100000E-01
   5.774880147500000E-01   8.335321705300000E+00   8.948551895600000E+00   8.868382151899999E-01  -1.668608790400000E-01   3.614874405900000E-02  -2.508779620200000E-01  -1.226215418400000E-01
   5.818142635500000E-01   8.397765729400000E+00   9.015192277000001E+00   8.693978635800000E-01  -1.664766352200000E-01   3.669711187600000E-02  -2.610503408500000E-01  -1.221420894300000E-01
   5.861405123500000E-01   8.460209753599999E+00   9.081675361200000E+00   8.512755703700000E-01  -1.660898198400000E-01   3.723437611100000E-02  -2.711808591100000E-01  -1.215863263400000E-01
   5.904667611500000E-01   8.522653777700000E+00   9.147995597900000E+00   8.324755483500000E-01  -1.657005328600000E-01   3.776011222700000E-02  -2.812633294900000E-01  -1.209543952300000E-01
   5.947930099500000E-01   8.585097801800000E+00   9.214147632600000E+00   8.130024561000000E-01  -1.653088776700000E-01   3.827389845300000E-02  -2.912915937000000E-01  -1.202464869400000E-01
   5.991192587500000E-01   8.647541825999999E+00   9.280126319100001E+00   7.928613920900000E-01  -1.649149609100000E-01   3.877531606500000E-02  -3.012595275300000E-01  -1.194628401200000E-01
   6.036508485500000E-01   8.712949692200000E+00   9.349045367600000E+00   7.710541036500000E-01  -1.645000417900000E-01   3.928681736600000E-02  -3.116292577200000E-01  -1.185610944200000E-01
   6.081824383500000E-01   8.778357558500000E+00   9.417763426200001E+00   7.485268634100000E-01  -1.640828915300000E-01   3.978381914400000E-02  -3.219191771000000E-01  -1.175769481800000E-01
   6.127140281500000E-01   8.843765424700001E+00   9.486275392100000E+00   7.252870373300000E-01  -1.636636432800000E-01   4.026585287700000E-02  -3.321224034500000E-01  -1.165108413900000E-01
   6.172456179600000E-01   8.909173291000000E+00   9.554576462700000E+00   7.013424880100000E-01  -1.632424334200000E-01   4.073245502200000E-02  -3.422321197000000E-01  -1.153632692900000E-01
   6.217772077600000E-01   8.974581157199999E+00   9.622662146000000E+00   6.767015655600001E-01  -1.628194013700000E-01   4.118316733900000E-02  -3.522415797600000E-01  -1.141347817400000E-01
   6.261391668500000E-01   9.037540614999999E+00   9.687991843400001E+00   6.523334956900000E-01  -1.624106161900000E-01   4.160157717300000E-02  -3.617754374700000E-01  -1.128764138900000E-01
   6.305011259400000E-01   9.100500072799999E+00   9.753114674600001E+00   6.273366723200000E-01  -1.620004036700000E-01   4.200444662800000E-02  -3.712043477100000E-01  -1.115442188200000E-01
   6.348630850300000E-01   9.163459530600001E+00   9.818027492300001E+00   6.017197736800000E-01  -1.615888950600000E-01   4.239138255500000E-02  -3.805225084000000E-01  -1.101388261400000E-01
   6.392250441200000E-01   9.226418988300001E+00   9.882727440700000E+00   5.754918645700000E-01  -1.611762234900000E-01   4.276199739200000E-02  -3.897241958100000E-01  -1.086609095600000E-01
   6.435870032100000E-01   9.289378446100001E+00   9.947211959700001E+00   5.486623885300000E-01  -1.607625238100000E-01   4.311590940300000E-02  -3.988037680600000E-01  -1.071111861700000E-01
   6.475988438000000E-01   9.347284378599999E+00   1.000632840800000E+01   5.234637663700000E-01  -1.603812397800000E-01   4.342634568700000E-02  -4.070419744100000E-01  -1.056231127600000E-01
   6.516106844000000E-01   9.405190311100000E+00   1.006525917000000E+01   4.977724787000000E-01  -1.599993084800000E-01   4.372204744500000E-02  -4.151679229000000E-01  -1.040755616900000E-01
   6.556225250000000E-01   9.463096243600001E+00   1.012400292500000E+01   4.715966884800000E-01  -1.596168378400000E-01   4.400273174500000E-02  -4.231774199300000E-01  -1.024691846300000E-01
   6.596343655900000E-01   9.521002176100000E+00   1.018255856800000E+01   4.449448094500000E-01  -1.592339364600000E-01   4.426812045600000E-02  -4.310663372300000E-01  -1.008046621100000E-01
   6.636462061900000E-01   9.578908108600000E+00   1.024092520800000E+01   4.178255017200000E-01  -1.588507135400000E-01   4.451794039100000E-02  -4.388306126800000E-01  -9.908270303199999E-02
   6.674706412600000E-01   9.634109075400000E+00   1.029638877400000E+01   3.915459914600000E-01  -1.584851932900000E-01   4.474134981800000E-02  -4.461124877700000E-01  -9.738838227299999E-02
   6.712950763400000E-01   9.689310042100001E+00   1.035167955900000E+01   3.648577048000000E-01  -1.581195757600000E-01   4.495013950900000E-02  -4.532740572300000E-01  -9.564319636200000E-02
   6.751195114200000E-01   9.744511008900000E+00   1.040679732800000E+01   3.377687495700000E-01  -1.577539563900000E-01   4.514408604400000E-02  -4.603119704600000E-01  -9.384782881400000E-02
   6.789439464900000E-01   9.799711975599999E+00   1.046174201800000E+01   3.102874250900000E-01  -1.573884307200000E-01   4.532297053300000E-02  -4.672229305900000E-01  -9.200298493000000E-02
   6.827683815700000E-01   9.854912942300000E+00   1.051651373300000E+01   2.824222199400000E-01  -1.570230942700000E-01   4.548657871700000E-02  -4.740036932900000E-01  -9.010939143900000E-02
   6.864692083400000E-01   9.908329776800000E+00   1.056935076200000E+01   2.551003360100000E-01  -1.566698357400000E-01   4.563015794300000E-02  -4.804383360500000E-01  -8.823129263200000E-02
   6.901700351000000E-01   9.961746611300001E+00   1.062202645700000E+01   2.274351352500000E-01  -1.563169300400000E-01   4.575905062800000E-02  -4.867452210200000E-01  -8.630894080700000E-02
   6.938708618700000E-01   1.001516344600000E+01   1.067454134200000E+01   1.994348065800000E-01  -1.559644632100000E-01   4.587307556400000E-02  -4.929215390200000E-01  -8.434305004800000E-02
   6.975716886400000E-01   1.006858028000000E+01   1.072689607900000E+01   1.711077000100000E-01  -1.556125209800000E-01   4.597205595900000E-02  -4.989645189700000E-01  -8.233435217700000E-02
   7.012725154100000E-01   1.012199711500000E+01   1.077909145900000E+01   1.424623263600000E-01  -1.552611886800000E-01   4.605581952400000E-02  -5.048714249900000E-01  -8.028359656700000E-02
   7.047940750500000E-01   1.017282645100000E+01   1.082861138100000E+01   1.149169320000000E-01  -1.549275187200000E-01   4.612124332100000E-02  -5.103633848600000E-01  -7.829382812299999E-02
   7.083156347000000E-01   1.022365578700000E+01   1.087798873500000E+01   8.709881501000000E-02  -1.545945506000000E-01   4.617259634000000E-02  -5.157273790300000E-01  -7.626734711400000E-02
   7.118371943500000E-01   1.027448512400000E+01   1.092722451200000E+01   5.901571521600000E-02  -1.542623565300000E-01   4.620974192100000E-02  -5.209611203200000E-01  -7.420484281400000E-02
   7.153587539900000E-01   1.032531446000000E+01   1.097631979600000E+01   3.067550629300000E-02  -1.539310082200000E-01   4.623254736900000E-02  -5.260623369400000E-01  -7.210701857800000E-02
   7.188803136400000E-01   1.037614379700000E+01   1.102527575700000E+01   2.086197128300000E-03  -1.536005767700000E-01   4.624088402700000E-02  -5.310287682600000E-01  -6.997459185799999E-02
   7.222546346800000E-01   1.042484792700000E+01   1.107205529300000E+01  -2.553393644000000E-02  -1.532848862600000E-01   4.623518285000000E-02  -5.356590148200000E-01  -6.789953727400000E-02
   7.256289557200000E-01   1.047355205700000E+01   1.111870924100000E+01  -5.336801172900000E-02  -1.529701637400000E-01   4.621597713100000E-02  -5.401614600400000E-01  -6.579404071800000E-02
   7.290032767600000E-01   1.052225618700000E+01   1.116523883600000E+01  -8.140862357799999E-02  -1.526564700700000E-01   4.618316446800000E-02  -5.445341188200000E-01  -6.365877020200000E-02
   7.323775978000000E-01   1.057096031700000E+01   1.121164537500000E+01  -1.096482451400000E-01  -1.523438655200000E-01   4.613664609900000E-02  -5.487749978699999E-01  -6.149440603600000E-02
   7.357519188500000E-01   1.061966444700000E+01   1.125793021200000E+01  -1.380792251100000E-01  -1.520324096700000E-01   4.607632695500000E-02  -5.528820904000000E-01  -5.930164102200000E-02
   7.389761927900000E-01   1.066620283400000E+01   1.130204447100000E+01  -1.654175800500000E-01  -1.517359309300000E-01   4.600571206600000E-02  -5.566796919900000E-01  -5.718049716000000E-02
   7.422004667300000E-01   1.071274122100000E+01   1.134605015600000E+01  -1.929166534700000E-01  -1.514406056500000E-01   4.592233668000000E-02  -5.603515026500000E-01  -5.503469288000000E-02
   7.454247406700000E-01   1.075927960700000E+01   1.138994856800000E+01  -2.205694345600000E-01  -1.511464840600000E-01   4.582612762900000E-02  -5.638957077000000E-01  -5.286486599000000E-02
   7.486490146100000E-01   1.080581799400000E+01   1.143374103900000E+01  -2.483687966000000E-01  -1.508536157800000E-01   4.571701503200000E-02  -5.673104609800000E-01  -5.067166577000000E-02
   7.518732885500000E-01   1.085235638100000E+01   1.147742893000000E+01  -2.763074931100000E-01  -1.505620497900000E-01   4.559493235600000E-02  -5.705938790600000E-01  -4.845575333600000E-02
   7.550126161500000E-01   1.089766867300000E+01   1.151986665900000E+01  -3.036369777900000E-01  -1.502794626900000E-01   4.546354388700000E-02  -5.736627673000000E-01  -4.627703975100000E-02
   7.581519437499999E-01   1.094298096500000E+01   1.156220785400000E+01  -3.310846451200000E-01  -1.499982000400000E-01   4.531974476400000E-02  -5.766034992700000E-01  -4.407806632100000E-02
   7.612912713600000E-01   1.098829325700000E+01   1.160445382500000E+01  -3.586434551400000E-01  -1.497183052900000E-01   4.516348302500000E-02  -5.794142003600000E-01  -4.185947800900000E-02
   7.644305989600000E-01   1.103360554800000E+01   1.164660589200000E+01  -3.863062433200000E-01  -1.494398212900000E-01   4.499470992700000E-02  -5.820929388300000E-01  -3.962193213700000E-02
   7.675699265600000E-01   1.107891784000000E+01   1.168866538200000E+01  -4.140657154200000E-01  -1.491627902800000E-01   4.481338000400000E-02  -5.846377191600000E-01  -3.736609894000000E-02
   7.705228656000001E-01   1.112153984500000E+01   1.172814440200000E+01  -4.402586477700000E-01  -1.489035706100000E-01   4.463131761600000E-02  -5.869072987200000E-01  -3.522811994200000E-02
   7.734758046500000E-01   1.116416185000000E+01   1.176754378900000E+01  -4.665242552500000E-01  -1.486457075600000E-01   4.443807556300000E-02  -5.890547444999999E-01  -3.307514594600000E-02
   7.764287436900000E-01   1.120678385500000E+01   1.180686464000000E+01  -4.928561260800000E-01  -1.483892348200000E-01   4.423362422900000E-02  -5.910782070600000E-01  -3.090776898300000E-02
   7.793816827400000E-01   1.124940585900000E+01   1.184610804400000E+01  -5.192477284500000E-01  -1.481341856500000E-01   4.401793676200000E-02  -5.929757640800000E-01  -2.872659323700000E-02
   7.823346217900000E-01   1.129202786400000E+01   1.188527507500000E+01  -5.456924053500000E-01  -1.478805928200000E-01   4.379098911500000E-02  -5.947454141900000E-01  -2.653223563600000E-02
   7.851978681500000E-01   1.133335526700000E+01   1.192318051700000E+01  -5.713781164500000E-01  -1.476361238400000E-01   4.356016239600000E-02  -5.963372025500000E-01  -2.439253786900000E-02
   7.880611145200001E-01   1.137468266900000E+01   1.196101609500000E+01  -5.971010352400000E-01  -1.473930835400000E-01   4.331871253200000E-02  -5.978047890900000E-01  -2.224162662300000E-02
   7.909243608800000E-01   1.141601007100000E+01   1.199878273200000E+01  -6.228547249700001E-01  -1.471515006000000E-01   4.306662547200000E-02  -5.991461006700000E-01  -2.008010218400000E-02
   7.937876072500000E-01   1.145733747400000E+01   1.203648132200000E+01  -6.486326169800000E-01  -1.469114033200000E-01   4.280388985200000E-02  -6.003589700300000E-01  -1.790857856900000E-02
   7.966508536100000E-01   1.149866487600000E+01   1.207411273100000E+01  -6.744280047400000E-01  -1.466728196500000E-01   4.253049705000000E-02  -6.014411291300000E-01  -1.572768422600000E-02
   7.994120325500000E-01   1.153851906200000E+01   1.211033981800000E+01  -6.993140137300000E-01  -1.464442003300000E-01   4.225675043200000E-02  -6.023586854300000E-01  -1.361625982800000E-02
   8.021732114800000E-01   1.157837324800000E+01   1.214650590600000E+01  -7.242036466600000E-01  -1.462170387500000E-01   4.197308476600000E-02  -6.031502439100001E-01  -1.149731061800000E-02
   8.049343904200000E-01   1.161822743400000E+01   1.218261166200000E+01  -7.490904908500000E-01  -1.459913590700000E-01   4.167949987900000E-02  -6.038134673200000E-01  -9.371442362000000E-03
   8.076955693500000E-01   1.165808162000000E+01   1.221865770800000E+01  -7.739679913500001E-01  -1.457671852100000E-01   4.137599818600000E-02  -6.043459062600000E-01  -7.239276057900000E-03
   8.104567482900000E-01   1.169793580600000E+01   1.225464461900000E+01  -7.988294446300001E-01  -1.455445408600000E-01   4.106258474000000E-02  -6.047449925300000E-01  -5.101448695200000E-03
   8.132170900800000E-01   1.173777790900000E+01   1.229056203100000E+01  -8.236604656099999E-01  -1.453235162700000E-01   4.073936682200000E-02  -6.050079732700000E-01  -2.959264411500000E-03
   8.159774318700000E-01   1.177762001200000E+01   1.232642132300000E+01  -8.484615803300000E-01  -1.451040669500000E-01   4.040626142600000E-02  -6.051321653200000E-01  -8.127466710000000E-04
   8.187377736600000E-01   1.181746211400000E+01   1.236222288600000E+01  -8.732256055399999E-01  -1.448862159800000E-01   4.006328189200000E-02  -6.051146037900000E-01   1.337415266000000E-03
   8.214981154600000E-01   1.185730421700000E+01   1.239796704300000E+01  -8.979451816100000E-01  -1.446699862900000E-01   3.971044445700000E-02  -6.049521756300000E-01   3.490512759400000E-03
   8.242584572500000E-01   1.189714632000000E+01   1.243365403300000E+01  -9.226127648400000E-01  -1.444554007100000E-01   3.934776832800000E-02  -6.046416116200000E-01   5.645816848700000E-03
   8.272633171500000E-01   1.194051773800000E+01   1.247243745800000E+01  -9.493973014500000E-01  -1.442237022100000E-01   3.894180694200000E-02  -6.041311135400000E-01   7.993673079300000E-03
   8.302681770500000E-01   1.198388915500000E+01   1.251115339200000E+01  -9.761008065000000E-01  -1.439940082200000E-01   3.852424592000000E-02  -6.034363376700000E-01   1.034225677900000E-02
   8.332730369400000E-01   1.202726057300000E+01   1.254980175800000E+01  -1.002712737200000E+00  -1.437663480400000E-01   3.809512268100000E-02  -6.025523647900000E-01   1.269053713500000E-02
   8.362778968400000E-01   1.207063199100000E+01   1.258838231700000E+01  -1.029222243700000E+00  -1.435407510000000E-01   3.765447928500000E-02  -6.014740054700000E-01   1.503744879900000E-02
   8.392827567400000E-01   1.211400340900000E+01   1.262689465800000E+01  -1.055618155700000E+00  -1.433172465900000E-01   3.720236256400000E-02  -6.001957859700000E-01   1.738189020100000E-02
   8.418813331500000E-01   1.215151062900000E+01   1.266014432300000E+01  -1.078344664700000E+00  -1.431256721800000E-01   3.680216445900000E-02  -5.989248035400000E-01   1.940647429600000E-02
   8.444799095700000E-01   1.218901785000000E+01   1.269334200200000E+01  -1.100969972700000E+00  -1.429357043800000E-01   3.639346100900000E-02  -5.974961189100000E-01   2.142759860200000E-02
   8.470784859800000E-01   1.222652507100000E+01   1.272648704800000E+01  -1.123486228800000E+00  -1.427473628200000E-01   3.597629163800000E-02  -5.959056276300000E-01   2.344447927700000E-02
   8.496770623900000E-01   1.226403229100000E+01   1.275957868100000E+01  -1.145885374200000E+00  -1.425606673800000E-01   3.555069875200000E-02  -5.941490353900000E-01   2.545630859600000E-02
   8.522756388100000E-01   1.230153951200000E+01   1.279261596900000E+01  -1.168159135800000E+00  -1.423756382700000E-01   3.511672782100000E-02  -5.922218506700000E-01   2.746225410400000E-02
   8.545860101200000E-01   1.233488685000000E+01   1.282194261600000E+01  -1.187850380200000E+00  -1.422125465100000E-01   3.472389157400000E-02  -5.903613533099999E-01   2.924008803800000E-02
   8.568963814300000E-01   1.236823418800000E+01   1.285122456800000E+01  -1.207429679100000E+00  -1.420508029700000E-01   3.432450731500000E-02  -5.883588557400000E-01   3.101197251500000E-02
   8.592067527400000E-01   1.240158152600000E+01   1.288046083500000E+01  -1.226890767200000E+00  -1.418904227200000E-01   3.391861341500000E-02  -5.862107811600000E-01   3.277727008700000E-02
   8.615171240500000E-01   1.243492886500000E+01   1.290965030400000E+01  -1.246227230600000E+00  -1.417314211800000E-01   3.350625035900000E-02  -5.839134128000000E-01   3.453532594400000E-02
   8.638274953600000E-01   1.246827620300000E+01   1.293879173400000E+01  -1.265432504100000E+00  -1.415738141400000E-01   3.308746079700000E-02  -5.814628902100000E-01   3.628546751900000E-02
   8.660291082500000E-01   1.250005374900000E+01   1.296651539800000E+01  -1.283605484800000E+00  -1.414249387700000E-01   3.268244655600000E-02  -5.789815449700000E-01   3.794522629400000E-02
   8.682307211500000E-01   1.253183129400000E+01   1.299419287400000E+01  -1.301647290200000E+00  -1.412773589100000E-01   3.227167807000000E-02  -5.763538921000000E-01   3.959655797600000E-02
   8.704323340500000E-01   1.256360884000000E+01   1.302182271800000E+01  -1.319551843900000E+00  -1.411310894900000E-01   3.185519798700000E-02  -5.735762101100000E-01   4.123883377400000E-02
   8.726339469500000E-01   1.259538638600000E+01   1.304940335400000E+01  -1.337312938600000E+00  -1.409861458800000E-01   3.143305090400000E-02  -5.706446489300000E-01   4.287140921200000E-02
   8.748355598500001E-01   1.262716393100000E+01   1.307693306500000E+01  -1.354924234500000E+00  -1.408425439900000E-01   3.100528341200000E-02  -5.675552280900000E-01   4.449362396200000E-02
   8.768631134900000E-01   1.265642914800000E+01   1.310223962800000E+01  -1.371005109200000E+00  -1.407114962300000E-01   3.060640556400000E-02  -5.645668846000000E-01   4.597784002300000E-02
   8.788906671200000E-01   1.268569436400000E+01   1.312749984100000E+01  -1.386948293000000E+00  -1.405816137200000E-01   3.020284163400000E-02  -5.614378572700000E-01   4.745215517400000E-02
   8.809182207500000E-01   1.271495958100000E+01   1.315271200900000E+01  -1.402748536900000E+00  -1.404529102600000E-01   2.979463268300000E-02  -5.581647381900000E-01   4.891601760500000E-02
   8.829457743800000E-01   1.274422479800000E+01   1.317787431300000E+01  -1.418400498500000E+00  -1.403254001900000E-01   2.938182132300000E-02  -5.547440233599999E-01   5.036886401600000E-02
   8.849733280199999E-01   1.277349001400000E+01   1.320298480300000E+01  -1.433898743600000E+00  -1.401990983800000E-01   2.896445174100000E-02  -5.511721129500000E-01   5.181011970600000E-02
   8.868218969200000E-01   1.280017180900000E+01   1.322583172100000E+01  -1.447890230000000E+00  -1.400850120600000E-01   2.857999225500000E-02  -5.477806294300001E-01   5.311355028600000E-02
   8.886704658200000E-01   1.282685360300000E+01   1.324863215800000E+01  -1.461745099400000E+00  -1.399719551200000E-01   2.819181772000000E-02  -5.442575274600000E-01   5.440640714900000E-02
   8.905190347200000E-01   1.285353539700000E+01   1.327138433300000E+01  -1.475459042800000E+00  -1.398599401800000E-01   2.779996516200000E-02  -5.405998749199999E-01   5.568823072300000E-02
   8.923676036200000E-01   1.288021719200000E+01   1.329408635900000E+01  -1.489027695200000E+00  -1.397489803900000E-01   2.740447276300000E-02  -5.368046773200000E-01   5.695855417700000E-02
   8.942161725200000E-01   1.290689898600000E+01   1.331673624300000E+01  -1.502446637900000E+00  -1.396390893900000E-01   2.700537987800000E-02  -5.328688796100000E-01   5.821690367500000E-02
   8.959402916300000E-01   1.293178450200000E+01   1.333781243800000E+01  -1.514823320200000E+00  -1.395375722600000E-01   2.662994546300000E-02  -5.290685858800001E-01   5.937932305700000E-02
   8.976644107400000E-01   1.295667001900000E+01   1.335883965000000E+01  -1.527062223100000E+00  -1.394370091600000E-01   2.625144811300000E-02  -5.251407083300000E-01   6.053051361700000E-02
   8.993885298500000E-01   1.298155553500000E+01   1.337981599200000E+01  -1.539159652400000E+00  -1.393374125000000E-01   2.586992257600000E-02  -5.210826373400000E-01   6.167007597600000E-02
   9.011126489600000E-01   1.300644105200000E+01   1.340073949200000E+01  -1.551111885300000E+00  -1.392387952000000E-01   2.548540452000000E-02  -5.168917259400000E-01   6.279760657500000E-02
   9.028367680700000E-01   1.303132656800000E+01   1.342160808200000E+01  -1.562915174200000E+00  -1.391411706600000E-01   2.509793054400000E-02  -5.125652928800000E-01   6.391269804999999E-02
   9.044763462199999E-01   1.305499184100000E+01   1.344140048800000E+01  -1.573998090800000E+00  -1.390492667000000E-01   2.472674825800000E-02  -5.083228120100000E-01   6.496119786100001E-02
   9.061159243700000E-01   1.307865711300000E+01   1.346113935100000E+01  -1.584939649900000E+00  -1.389582855600000E-01   2.435295983200000E-02  -5.039529660600000E-01   6.599772138100000E-02
   9.077555025200000E-01   1.310232238600000E+01   1.348082265500000E+01  -1.595736588300000E+00  -1.388682401600000E-01   2.397659910500000E-02  -4.994533807900000E-01   6.702191091400000E-02
   9.093950806600000E-01   1.312598765900000E+01   1.350044830900000E+01  -1.606385638100000E+00  -1.387791438700000E-01   2.359770068700000E-02  -4.948216668300000E-01   6.803340722200001E-02
   9.110346588100000E-01   1.314965293100000E+01   1.352001414500000E+01  -1.616883531400000E+00  -1.386910106100000E-01   2.321629996400000E-02  -4.900554238700000E-01   6.903185000700000E-02
   9.125917983200000E-01   1.317212830500000E+01   1.353853877700000E+01  -1.626710668900000E+00  -1.386082134500000E-01   2.285179238300000E-02  -4.854020857200000E-01   6.996767669100000E-02
   9.141489378300000E-01   1.319460367800000E+01   1.355700544100000E+01  -1.636395739200000E+00  -1.385263107200000E-01   2.248509203000000E-02  -4.806231729700000E-01   7.089109497100000E-02
   9.157060773400000E-01   1.321707905100000E+01   1.357541208700000E+01  -1.645935969700000E+00  -1.384453156600000E-01   2.211623114600000E-02  -4.757166256600000E-01   7.180179625700001E-02
   9.172632168500000E-01   1.323955442500000E+01   1.359375660600000E+01  -1.655328606000000E+00  -1.383652420000000E-01   2.174524259500000E-02  -4.706803915200000E-01   7.269947296500000E-02
   9.188203563600000E-01   1.326202979800000E+01   1.361203683100000E+01  -1.664570917300000E+00  -1.382861039500000E-01   2.137215985500000E-02  -4.655124309600000E-01   7.358381906200000E-02
   9.203645885500000E-01   1.328431887000000E+01   1.363009984300000E+01  -1.673585495900000E+00  -1.382085603700000E-01   2.100013499700000E-02  -4.602552241000000E-01   7.444737006200000E-02
   9.219088207400000E-01   1.330660794300000E+01   1.364809521500000E+01  -1.682446972800000E+00  -1.381319662400000E-01   2.062611788600000E-02  -4.548645287600000E-01   7.529721787000000E-02
   9.234530529300000E-01   1.332889701500000E+01   1.366602068100000E+01  -1.691152786500000E+00  -1.380563368800000E-01   2.025014293600000E-02  -4.493384253900000E-01   7.613307197700001E-02
   9.249972851100000E-01   1.335118608700000E+01   1.368387392700000E+01  -1.699700421200000E+00  -1.379816881300000E-01   1.987224512300000E-02  -4.436750299100000E-01   7.695464579300000E-02
   9.265415173000000E-01   1.337347515900000E+01   1.370165260100000E+01  -1.708087413800000E+00  -1.379080363600000E-01   1.949245997800000E-02  -4.378725005800000E-01   7.776165731500000E-02
   9.282014554400000E-01   1.339743430300000E+01   1.372067750200000E+01  -1.716920930900000E+00  -1.378299971500000E-01   1.908215486000000E-02  -4.314779910800000E-01   7.861258043699999E-02
   9.298613935700000E-01   1.342139344700000E+01   1.373961047700000E+01  -1.725563153500000E+00  -1.377531510900000E-01   1.866975616600000E-02  -4.249184949000000E-01   7.944602177600001E-02
   9.315213317100000E-01   1.344535259100000E+01   1.375844849500000E+01  -1.734011279500000E+00  -1.376775205800000E-01   1.825531006700000E-02  -4.181919485800000E-01   8.026165462400001E-02
   9.331812698400000E-01   1.346931173400000E+01   1.377718850500000E+01  -1.742262616400000E+00  -1.376031287300000E-01   1.783886339100000E-02  -4.112963894600000E-01   8.105916255300000E-02
   9.348412079800000E-01   1.349327087800000E+01   1.379582744900000E+01  -1.750314591400000E+00  -1.375299993800000E-01   1.742046359800000E-02  -4.042299689000000E-01   8.183824057000000E-02
   9.363329069200000E-01   1.351480169800000E+01   1.381248855000000E+01  -1.757378384500000E+00  -1.374653791900000E-01   1.704284313600000E-02  -3.977325645600000E-01   8.252239295000000E-02
   9.378246058500000E-01   1.353633251800000E+01   1.382906336900000E+01  -1.764277531400000E+00  -1.374018167400000E-01   1.666371947600000E-02  -3.910946352900000E-01   8.319122290700000E-02
   9.393163047899999E-01   1.355786333800000E+01   1.384554972700000E+01  -1.771010456800000E+00  -1.373393308400000E-01   1.628312824100000E-02  -3.843151314400000E-01   8.384453739900000E-02
   9.408080037300000E-01   1.357939415800000E+01   1.386194547900000E+01  -1.777575690700000E+00  -1.372779407700000E-01   1.590110538000000E-02  -3.773931142500000E-01   8.448215376200000E-02
   9.422997026600000E-01   1.360092497800000E+01   1.387824852400000E+01  -1.783971875000000E+00  -1.372176662600000E-01   1.551768714500000E-02  -3.703277653200000E-01   8.510390039100001E-02
   9.437655053700000E-01   1.362208201900000E+01   1.389417625700000E+01  -1.790091145200000E+00  -1.371595443600000E-01   1.513960127000000E-02  -3.632447842700000E-01   8.569923959500000E-02
   9.452313080800000E-01   1.364323905900000E+01   1.391001062100000E+01  -1.796044925500000E+00  -1.371025386700000E-01   1.476023822800000E-02  -3.560222183300000E-01   8.627896079500000E-02
   9.466971107900000E-01   1.366439609900000E+01   1.392574981700000E+01  -1.801832275500000E+00  -1.370466691400000E-01   1.437963313200000E-02  -3.486596859300000E-01   8.684293600400000E-02
   9.481629134900000E-01   1.368555313900000E+01   1.394139213100000E+01  -1.807452379600000E+00  -1.369919560900000E-01   1.399782128400000E-02  -3.411569548400000E-01   8.739104984000000E-02
   9.496287162000000E-01   1.370671017900000E+01   1.395693595300000E+01  -1.812904551500000E+00  -1.369384201700000E-01   1.361483814100000E-02  -3.335139516900000E-01   8.792320000499999E-02
   9.510501279800000E-01   1.372722649200000E+01   1.397191356300000E+01  -1.818030702800000E+00  -1.368876496200000E-01   1.324236842900000E-02  -3.259685364900000E-01   8.842390449400001E-02
   9.524715397600000E-01   1.374774280400000E+01   1.398679590400000E+01  -1.822998035600000E+00  -1.368380251600000E-01   1.286886330600000E-02  -3.182915516900000E-01   8.890944555100000E-02
   9.538929515400000E-01   1.376825911600000E+01   1.400158185900000E+01  -1.827806289500000E+00  -1.367895664600000E-01   1.249435538500000E-02  -3.104834092300000E-01   8.937976725100000E-02
   9.553143633200000E-01   1.378877542800000E+01   1.401627045100000E+01  -1.832455328300000E+00  -1.367422933800000E-01   1.211887731800000E-02  -3.025446945800000E-01   8.983482642100001E-02
   9.567357751000000E-01   1.380929174100000E+01   1.403086086100000E+01  -1.836945140100000E+00  -1.366962260000000E-01   1.174246177500000E-02  -2.944761745700000E-01   9.027459276900000E-02
   9.580076276300000E-01   1.382764935100000E+01   1.404383231700000E+01  -1.840827651600000E+00  -1.366560443700000E-01   1.140488423300000E-02  -2.871473552500000E-01   9.065510913600000E-02
   9.592794801700000E-01   1.384600696200000E+01   1.405672429600000E+01  -1.844582934900000E+00  -1.366168588100000E-01   1.106660563600000E-02  -2.797161897100000E-01   9.102336386200000E-02
   9.605513327000000E-01   1.386436457200000E+01   1.406953657800000E+01  -1.848211234300000E+00  -1.365786839100000E-01   1.072764931800000E-02  -2.721836253900000E-01   9.137936153800000E-02
   9.618231852400000E-01   1.388272218300000E+01   1.408226907600000E+01  -1.851712871200000E+00  -1.365415343400000E-01   1.038803856200000E-02  -2.645507432900000E-01   9.172311488200000E-02
   9.630950377700001E-01   1.390107979300000E+01   1.409492184200000E+01  -1.855088242600000E+00  -1.365054247100000E-01   1.004779658700000E-02  -2.568187614100000E-01   9.205464458100000E-02
   9.643176761100000E-01   1.391872705800000E+01   1.410701003200000E+01  -1.858214410200000E+00  -1.364717063300000E-01   9.720146713599999E-03  -2.492938084500000E-01   9.236184888700000E-02
   9.655403144400000E-01   1.393637432300000E+01   1.411902503800000E+01  -1.861224808400000E+00  -1.364389754300000E-01   9.391955380100001E-03  -2.416798622800000E-01   9.265781533100000E-02
   9.667629527800000E-01   1.395402158700000E+01   1.413096730900000E+01  -1.864119974200000E+00  -1.364072449000000E-01   9.063242969600000E-03  -2.339783785200000E-01   9.294258192200000E-02
   9.679855911200000E-01   1.397166885200000E+01   1.414283743700000E+01  -1.866900498600000E+00  -1.363765275200000E-01   8.734029766200000E-03  -2.261909388400000E-01   9.321619254900000E-02
   9.692082294500000E-01   1.398931611700000E+01   1.415463616100000E+01  -1.869567023900000E+00  -1.363468359500000E-01   8.404335944899999E-03  -2.183192524300000E-01   9.347869663699999E-02
   9.704645849000000E-01   1.400745004600000E+01   1.416668681500000E+01  -1.872189051400000E+00  -1.363174073900000E-01   8.065070450800000E-03  -2.101446552400000E-01   9.373692712800000E-02
   9.717209403400000E-01   1.402558397500000E+01   1.417866415300000E+01  -1.874692227700000E+00  -1.362890886200000E-01   7.725340268700000E-03  -2.018851780900000E-01   9.398355218700000E-02
   9.729772957800000E-01   1.404371790400000E+01   1.419056948800000E+01  -1.877077389600000E+00  -1.362618928400000E-01   7.385166875700000E-03  -1.935431017400000E-01   9.421864105000000E-02
   9.742336512300001E-01   1.406185183400000E+01   1.420240431800000E+01  -1.879345410000000E+00  -1.362358329600000E-01   7.044571593600000E-03  -1.851208511500000E-01   9.444226716400000E-02
   9.754900066700000E-01   1.407998576300000E+01   1.421417031800000E+01  -1.881497192300000E+00  -1.362109216200000E-01   6.703575583500000E-03  -1.766209947800000E-01   9.465450757900000E-02
   9.767987055600000E-01   1.409887520500000E+01   1.422635534500000E+01  -1.883616020400000E+00  -1.361862070000000E-01   6.347969195300000E-03  -1.676874106200000E-01   9.486356973100001E-02
   9.781074044500000E-01   1.411776464700000E+01   1.423847002600000E+01  -1.885610795900000E+00  -1.361627654800000E-01   5.991974305600000E-03  -1.586757876500000E-01   9.506045761400000E-02
   9.794161033400000E-01   1.413665408800000E+01   1.425051689700000E+01  -1.887482596900000E+00  -1.361406101200000E-01   5.635614245500000E-03  -1.495895140900000E-01   9.524526613700000E-02
   9.807248022300000E-01   1.415554353000000E+01   1.426249870400000E+01  -1.889232503400000E+00  -1.361197534800000E-01   5.278912142300000E-03  -1.404321367100000E-01   9.541809115800000E-02
   9.820335011200000E-01   1.417443297200000E+01   1.427441840800000E+01  -1.890861588800000E+00  -1.361002075600000E-01   4.921890919500000E-03  -1.312073563100000E-01   9.557902857200000E-02
   9.832209861000000E-01   1.419157284200000E+01   1.428518299700000E+01  -1.892236118900000E+00  -1.360836158700000E-01   4.597680513900000E-03  -1.227818887500000E-01   9.571485238300000E-02
   9.844084710800000E-01   1.420871271200000E+01   1.429590156500000E+01  -1.893512814700000E+00  -1.360681208800000E-01   4.273242910900000E-03  -1.143070717000000E-01   9.584103668700000E-02
   9.855959560699999E-01   1.422585258100000E+01   1.430657675400000E+01  -1.894692425100000E+00  -1.360537302400000E-01   3.948594814500000E-03  -1.057859758300000E-01   9.595764942399999E-02
   9.867834410500000E-01   1.424299245100000E+01   1.431721132700000E+01  -1.895775670200000E+00  -1.360404511600000E-01   3.623752802900000E-03  -9.722175984299999E-02   9.606475619500000E-02
   9.879709260400000E-01   1.426013232100000E+01   1.432780817200000E+01  -1.896763236100000E+00  -1.360282903600000E-01   3.298733333700000E-03  -8.861766560200000E-02   9.616241971700000E-02
   9.891736470200000E-01   1.427749210300000E+01   1.433850559300000E+01  -1.897666606700000E+00  -1.360171197700000E-01   2.969379551800000E-03  -7.986592627100000E-02   9.625177124500001E-02
   9.903763680000000E-01   1.429485188600000E+01   1.434917061300000E+01  -1.898473117000000E+00  -1.360071086200000E-01   2.639877362800000E-03  -7.108020883799999E-02   9.633155402599999E-02
   9.915790889900000E-01   1.431221166800000E+01   1.435980656300000E+01  -1.899183341500000E+00  -1.359982622300000E-01   2.310243530700000E-03  -6.226410720700000E-02   9.640182099800000E-02
   9.927818099700000E-01   1.432957145100000E+01   1.437041686400000E+01  -1.899797799100000E+00  -1.359905853600000E-01   1.980494724800000E-03  -5.342127789600000E-02   9.646262003300000E-02
   9.939845309599999E-01   1.434693123300000E+01   1.438100502100000E+01  -1.900316948000000E+00  -1.359840821600000E-01   1.650647529200000E-03  -4.455543293800000E-02   9.651399352200001E-02
   9.951876247700000E-01   1.436429639700000E+01   1.439157788600000E+01  -1.900741299700000E+00  -1.359787547000000E-01   1.320616170400000E-03  -3.566757570500000E-02   9.655598955100000E-02
   9.963907185699999E-01   1.438166156100000E+01   1.440213581300000E+01  -1.901071006000000E+00  -1.359746080800000E-01   9.905193441900001E-04  -2.676425532400000E-02   9.658862110999999E-02
   9.975938123800000E-01   1.439902672500000E+01   1.441268249300000E+01  -1.901306324600000E+00  -1.359716445700000E-01   6.603734624100000E-04  -1.784930874500000E-02   9.661191210200000E-02
   9.987969061899999E-01   1.441639188800000E+01   1.442322165600000E+01  -1.901447441000000E+00  -1.359698658200000E-01   3.301948984900000E-04  -8.926597590100000E-03   9.662587975900000E-02
   1.000000000000000E+00   1.443375705200000E+01   1.443375705200000E+01  -1.901494467400000E+00  -1.359692727900000E-01  -6.300046121900000E-28   0.000000000000000E+00   9.663053448700000E-02
