   0.000000000000000E+00  -1.128843268000000E-30   0.000000000000000E+00   0.000000000000000E+00  -9.998474267100000E-01   0.000000000000000E+00   0.000000000000000E+00   0.000000000000000E+00
   5.411270296800000E-03   7.810496080700000E-02   7.810496080700000E-02   0.000000000000000E+00  -9.998474267100000E-01   0.000000000000000E+00   0.000000000000000E+00   0.000000000000000E+00
   1.082254059400000E-02   1.562099216100000E-01   1.562099216100000E-01   0.000000000000000E+00  -9.998474267100000E-01   0.000000000000000E+00   0.000000000000000E+00   0.000000000000000E+00
   1.623381089000000E-02   2.343148824200000E-01   2.343148824200000E-01   0.000000000000000E+00  -9.998474267100000E-01   0.000000000000000E+00   0.000000000000000E+00   0.000000000000000E+00
   2.164508118700000E-02   3.124198432300000E-01   3.124198432300000E-01   0.000000000000000E+00  -9.998474267100000E-01   0.000000000000000E+00   0.000000000000000E+00   0.000000000000000E+00
   2.753634243000000E-02   3.974528767400000E-01   3.974528767400000E-01   0.000000000000000E+00  -9.998474267100000E-01   0.000000000000000E+00   0.000000000000000E+00   0.000000000000000E+00
   3.342760367300000E-02   4.824859102500000E-01   4.824859102500000E-01   0.000000000000000E+00  -9.998474267100000E-01   0.000000000000000E+00   0.000000000000000E+00   0.000000000000000E+00
   3.931886491600000E-02   5.675189437600000E-01   5.675189437600000E-01   0.000000000000000E+00  -9.998474267100000E-01   0.000000000000000E+00   0.000000000000000E+00   0.000000000000000E+00
   4.521012615900000E-02   6.525519772700000E-01   6.525519772700000E-01   0.000000000000000E+00  -9.998474267100000E-01   0.000000000000000E+00   0.000000000000000E+00   0.000000000000000E+00
   5.000067468600000E-02   7.216975908500000E-01   7.216975908500000E-01   0.000000000000000E+00  -9.998474267100000E-01   0.000000000000000E+00   0.000000000000000E+00   0.000000000000000E+00
   5.479122321200000E-02   7.908432044200000E-01   7.908432044200000E-01   0.000000000000000E+00  -9.998474267100000E-01   0.000000000000000E+00   0.000000000000000E+00   0.000000000000000E+00
   5.958177173800000E-02   8.599888180000000E-01   8.599888180000000E-01   0.000000000000000E+00  -9.998474267100000E-01   0.000000000000000E+00   0.000000000000000E+00   0.000000000000000E+00
   6.437232026500000E-02   9.291344315700000E-01   9.291344315700000E-01   0.000000000000000E+00  -9.998474267100000E-01   0.000000000000000E+00   0.000000000000000E+00   0.000000000000000E+00
   6.956823541100000E-02   1.004131008500000E+00   1.004131008500000E+00   0.000000000000000E+00  -9.998474267100000E-01   0.000000000000000E+00   0.000000000000000E+00   0.000000000000000E+00
   7.476415055700000E-02   1.079127585300000E+00   1.079127585300000E+00   0.000000000000000E+00  -9.998474267100000E-01   0.000000000000000E+00   0.000000000000000E+00   0.000000000000000E+00
   7.996006570300000E-02   1.154124162200000E+00   1.154124162200000E+00   0.000000000000000E+00  -9.998474267100000E-01   0.000000000000000E+00   0.000000000000000E+00   0.000000000000000E+00
   8.515598084900000E-02   1.229120739100000E+00   1.229120739100000E+00   0.000000000000000E+00  -9.998474267100000E-01   0.000000000000000E+00   0.000000000000000E+00   0.000000000000000E+00
   8.951848156099999E-02   1.292088014500000E+00   1.292088014500000E+00   0.000000000000000E+00  -9.998474267100000E-01   0.000000000000000E+00   0.000000000000000E+00   0.000000000000000E+00
   9.388098227300000E-02   1.355055289900000E+00   1.355055289900000E+00   0.000000000000000E+00  -9.998474267100000E-01   0.000000000000000E+00   0.000000000000000E+00   0.000000000000000E+00
   9.824348298500001E-02   1.418022565400000E+00   1.418022565400000E+00   0.000000000000000E+00  -9.998474267100000E-01   0.000000000000000E+00   0.000000000000000E+00   0.000000000000000E+00
   1.026059837000000E-01   1.480989840800000E+00   1.480989840800000E+00   0.000000000000000E+00  -9.998474267100000E-01   0.000000000000000E+00   0.000000000000000E+00   0.000000000000000E+00
   1.076804152800000E-01   1.554232953400000E+00   1.554232953400000E+00   0.000000000000000E+00  -9.998474267100000E-01   0.000000000000000E+00   0.000000000000000E+00   0.000000000000000E+00
   1.127548468600000E-01   1.627476066000000E+00   1.627476066000000E+00   0.000000000000000E+00  -9.998474267100000E-01   0.000000000000000E+00   0.000000000000000E+00   0.000000000000000E+00
   1.178292784400000E-01   1.700719178600000E+00   1.700719178600000E+00   0.000000000000000E+00  -9.998474267100000E-01   0.000000000000000E+00   0.000000000000000E+00   0.000000000000000E+00
   1.229037100200000E-01   1.773962291300000E+00   1.773962291300000E+00   0.000000000000000E+00  -9.998474267100000E-01   0.000000000000000E+00   0.000000000000000E+00   0.000000000000000E+00
   1.276146675500000E-01   1.841959107600000E+00   1.841959107600000E+00   0.000000000000000E+00  -9.998474267100000E-01   0.000000000000000E+00   0.000000000000000E+00   0.000000000000000E+00
   1.323256250700000E-01   1.909955924000000E+00   1.909955924000000E+00   0.000000000000000E+00  -9.998474267100000E-01   0.000000000000000E+00   0.000000000000000E+00   0.000000000000000E+00
   1.370365825900000E-01   1.977952740400000E+00   1.977952740400000E+00   0.000000000000000E+00  -9.998474267100000E-01   0.000000000000000E+00   0.000000000000000E+00   0.000000000000000E+00
   1.417475401100000E-01   2.045949556700000E+00   2.045949556700000E+00   0.000000000000000E+00  -9.998474267100000E-01   0.000000000000000E+00   0.000000000000000E+00   0.000000000000000E+00
   1.465684714500000E-01   2.115533708300000E+00   2.115533708300000E+00   0.000000000000000E+00  -9.998474267100000E-01   0.000000000000000E+00   0.000000000000000E+00   0.000000000000000E+00
   1.513894027800000E-01   2.185117859900000E+00   2.185117859900000E+00   0.000000000000000E+00  -9.998474267100000E-01   0.000000000000000E+00   0.000000000000000E+00   0.000000000000000E+00
   1.562103341100000E-01   2.254702011500000E+00   2.254702011500000E+00   0.000000000000000E+00  -9.998474267100000E-01   0.000000000000000E+00   0.000000000000000E+00   0.000000000000000E+00
   1.610312654400000E-01   2.324286163100000E+00   2.324286163100000E+00   0.000000000000000E+00  -9.998474267100000E-01   0.000000000000000E+00   0.000000000000000E+00   0.000000000000000E+00
   1.660365099300000E-01   2.396530646100000E+00   2.396530646100000E+00   0.000000000000000E+00  -9.998474267100000E-01   0.000000000000000E+00   0.000000000000000E+00   0.000000000000000E+00
   1.710417544200000E-01   2.468775129000000E+00   2.468775129000000E+00   0.000000000000000E+00  -9.998474267100000E-01   0.000000000000000E+00   0.000000000000000E+00   0.000000000000000E+00
   1.760469989000000E-01   2.541019611900000E+00   2.541019611900000E+00   0.000000000000000E+00  -9.998474267100000E-01   0.000000000000000E+00   0.000000000000000E+00   0.000000000000000E+00
   1.810522433900000E-01   2.613264094800000E+00   2.613264094800000E+00   0.000000000000000E+00  -9.998474267100000E-01   0.000000000000000E+00   0.000000000000000E+00   0.000000000000000E+00
   1.862247714700000E-01   2.687923108500000E+00   2.687923108500000E+00   0.000000000000000E+00  -9.998474267100000E-01   0.000000000000000E+00   0.000000000000000E+00   0.000000000000000E+00
   1.913972995600000E-01   2.762582122200000E+00   2.762582122200000E+00   0.000000000000000E+00  -9.998474267100000E-01   0.000000000000000E+00   0.000000000000000E+00   0.000000000000000E+00
   1.965698276400000E-01   2.837241135900000E+00   2.837241135900000E+00   0.000000000000000E+00  -9.998474267100000E-01   0.000000000000000E+00   0.000000000000000E+00   0.000000000000000E+00
   2.017423557200000E-01   2.911900149600000E+00   2.911900149600000E+00   0.000000000000000E+00  -9.998474267100000E-01   0.000000000000000E+00   0.000000000000000E+00   0.000000000000000E+00
   2.070439561200000E-01   2.988422161700000E+00   2.988422161700000E+00   0.000000000000000E+00  -9.998474267100000E-01   0.000000000000000E+00   0.000000000000000E+00   0.000000000000000E+00
   2.123455565100000E-01   3.064944173800000E+00   3.064944173800000E+00   0.000000000000000E+00  -9.998474267100000E-01   0.000000000000000E+00   0.000000000000000E+00   0.000000000000000E+00
   2.176471569100000E-01   3.141466185900000E+00   3.141466185900000E+00   0.000000000000000E+00  -9.998474267100000E-01   0.000000000000000E+00   0.000000000000000E+00   0.000000000000000E+00
   2.229487573100000E-01   3.217988198000000E+00   3.217988198000000E+00   0.000000000000000E+00  -9.998474267100000E-01   0.000000000000000E+00   0.000000000000000E+00   0.000000000000000E+00
   2.279262020500000E-01   3.289831426200000E+00   3.289831426200000E+00   0.000000000000000E+00  -9.998474267100000E-01   0.000000000000000E+00   0.000000000000000E+00   0.000000000000000E+00
   2.329036468000000E-01   3.361674654500000E+00   3.361674654500000E+00   0.000000000000000E+00  -9.998474267100000E-01   0.000000000000000E+00   0.000000000000000E+00   0.000000000000000E+00
   2.378810915500000E-01   3.433517882700000E+00   3.433517882700000E+00   0.000000000000000E+00  -9.998474267100000E-01   0.000000000000000E+00   0.000000000000000E+00   0.000000000000000E+00
   2.428585363000000E-01   3.505361110900000E+00   3.505361110900000E+00   0.000000000000000E+00  -9.998474267100000E-01   0.000000000000000E+00   0.000000000000000E+00   0.000000000000000E+00
   2.473002833600000E-01   3.569472208900000E+00   3.569472208900000E+00   0.000000000000000E+00  -9.998474267100000E-01   0.000000000000000E+00   0.000000000000000E+00   0.000000000000000E+00
   2.517420304200000E-01   3.633583306900000E+00   3.633583306900000E+00   0.000000000000000E+00  -9.998474267100000E-01   0.000000000000000E+00   0.000000000000000E+00   0.000000000000000E+00
   2.561837774900000E-01   3.697694404900000E+00   3.697694404900000E+00   0.000000000000000E+00  -9.998474267100000E-01   0.000000000000000E+00   0.000000000000000E+00   0.000000000000000E+00
   2.606255245500000E-01   3.761805502900000E+00   3.761805502900000E+00   0.000000000000000E+00  -9.998474267100000E-01   0.000000000000000E+00   0.000000000000000E+00   0.000000000000000E+00
   2.647369223000000E-01   3.821148419100000E+00   3.821148419100000E+00   0.000000000000000E+00  -9.998474267100000E-01   0.000000000000000E+00   0.000000000000000E+00   0.000000000000000E+00
   2.688483200500000E-01   3.880491335400000E+00   3.880491335400000E+00   0.000000000000000E+00  -9.998474267100000E-01   0.000000000000000E+00   0.000000000000000E+00   0.000000000000000E+00
   2.729597178000000E-01   3.939834251700000E+00   3.939834251700000E+00   0.000000000000000E+00  -9.998474267100000E-01   0.000000000000000E+00   0.000000000000000E+00   0.000000000000000E+00
   2.770711155500000E-01   3.999177167900000E+00   3.999177167900000E+00   0.000000000000000E+00  -9.998474267100000E-01   0.000000000000000E+00   0.000000000000000E+00   0.000000000000000E+00
   2.812859618600000E-01   4.060013235600000E+00   4.060013235600000E+00   0.000000000000000E+00  -9.998474267100000E-01   0.000000000000000E+00   0.000000000000000E+00   0.000000000000000E+00
   2.855008081800000E-01   4.120849303400000E+00   4.120849303400000E+00   0.000000000000000E+00  -9.998474267100000E-01   0.000000000000000E+00   0.000000000000000E+00   0.000000000000000E+00
   2.897156544900000E-01   4.181685371100000E+00   4.181685371100000E+00   0.000000000000000E+00  -9.998474267100000E-01   0.000000000000000E+00   0.000000000000000E+00   0.000000000000000E+00
   2.939305008000000E-01   4.242521438800000E+00   4.242521438800000E+00   0.000000000000000E+00  -9.998474267100000E-01   0.000000000000000E+00   0.000000000000000E+00   0.000000000000000E+00
   2.980970962400000E-01   4.302661065000000E+00   4.302661065000000E+00   0.000000000000000E+00  -9.998474267100000E-01   0.000000000000000E+00   0.000000000000000E+00   0.000000000000000E+00
   3.022636916700000E-01   4.362800691200000E+00   4.362800691200000E+00   0.000000000000000E+00  -9.998474267100000E-01   0.000000000000000E+00   0.000000000000000E+00   0.000000000000000E+00
   3.064302871000000E-01   4.422940317300000E+00   4.422940317300000E+00   0.000000000000000E+00  -9.998474267100000E-01   0.000000000000000E+00   0.000000000000000E+00   0.000000000000000E+00
   3.105968825300000E-01   4.483079943500000E+00   4.483079943500000E+00   0.000000000000000E+00  -9.998474267100000E-01   0.000000000000000E+00   0.000000000000000E+00   0.000000000000000E+00
   3.159882991300000E-01   4.560898341000000E+00   4.560898341000000E+00   0.000000000000000E+00  -9.998474267100000E-01   0.000000000000000E+00   0.000000000000000E+00   0.000000000000000E+00
   3.213797157400000E-01   4.638716738400000E+00   4.638716738400000E+00   0.000000000000000E+00  -9.998474267100000E-01   0.000000000000000E+00   0.000000000000000E+00   0.000000000000000E+00
   3.267711323400000E-01   4.716535135900000E+00   4.716535135900000E+00   0.000000000000000E+00  -9.998474267100000E-01   0.000000000000000E+00   0.000000000000000E+00   0.000000000000000E+00
   3.321625489500000E-01   4.794353533300000E+00   4.794353533300000E+00   0.000000000000000E+00  -9.998474267100000E-01   0.000000000000000E+00   0.000000000000000E+00   0.000000000000000E+00
   3.375486211800000E-01   4.872094791400000E+00   4.872094791400000E+00   0.000000000000000E+00  -9.998474267100000E-01   0.000000000000000E+00   0.000000000000000E+00   0.000000000000000E+00
   3.429346934200000E-01   4.949836049500000E+00   4.949836049500000E+00   0.000000000000000E+00  -9.998474267100000E-01   0.000000000000000E+00   0.000000000000000E+00   0.000000000000000E+00
   3.483207656500000E-01   5.027577307600000E+00   5.027577307600000E+00   0.000000000000000E+00  -9.998474267100000E-01   0.000000000000000E+00   0.000000000000000E+00   0.000000000000000E+00
   3.537068378900000E-01   5.105318565700000E+00   5.105318565700000E+00   0.000000000000000E+00  -9.998474267100000E-01   0.000000000000000E+00   0.000000000000000E+00   0.000000000000000E+00
   3.577895617000000E-01   5.164247609400000E+00   5.164247609400000E+00   0.000000000000000E+00  -9.998474267100000E-01   0.000000000000000E+00   0.000000000000000E+00   0.000000000000000E+00
   3.618722855200000E-01   5.223176653000000E+00   5.223176653000000E+00   0.000000000000000E+00  -9.998474267100000E-01   0.000000000000000E+00   0.000000000000000E+00   0.000000000000000E+00
   3.659550093300000E-01   5.282105696700000E+00   5.282105696700000E+00   0.000000000000000E+00  -9.998474267100000E-01   0.000000000000000E+00   0.000000000000000E+00   0.000000000000000E+00
   3.700377331500000E-01   5.341034740300000E+00   5.341034740300000E+00   0.000000000000000E+00  -9.998474267100000E-01   0.000000000000000E+00   0.000000000000000E+00   0.000000000000000E+00
   3.741007746300000E-01   5.399679694000000E+00   5.399679694000000E+00   0.000000000000000E+00  -9.998474267100000E-01   0.000000000000000E+00   0.000000000000000E+00   0.000000000000000E+00
   3.781638161100000E-01   5.458324647600000E+00   5.458324647600000E+00   0.000000000000000E+00  -9.998474267100000E-01   0.000000000000000E+00   0.000000000000000E+00   0.000000000000000E+00
   3.822268576000000E-01   5.516969601300000E+00   5.516969601300000E+00   0.000000000000000E+00  -9.998474267100000E-01   0.000000000000000E+00   0.000000000000000E+00   0.000000000000000E+00
   3.862898990800000E-01   5.575614555000000E+00   5.575614555000000E+00   0.000000000000000E+00  -9.998474267100000E-01   0.000000000000000E+00   0.000000000000000E+00   0.000000000000000E+00
   3.901608675900000E-01   5.631487174100000E+00   5.631487174100000E+00   0.000000000000000E+00  -9.998474267100000E-01   0.000000000000000E+00   0.000000000000000E+00   0.000000000000000E+00
   3.940318361100000E-01   5.687359793200000E+00   5.687359793200000E+00   0.000000000000000E+00  -9.998474267100000E-01   0.000000000000000E+00   0.000000000000000E+00   0.000000000000000E+00
   3.979028046200000E-01   5.743232412300000E+00   5.743232412300000E+00   0.000000000000000E+00  -9.998474267100000E-01   0.000000000000000E+00   0.000000000000000E+00   0.000000000000000E+00
   4.017737731400000E-01   5.799105031400000E+00   5.799105031400000E+00   0.000000000000000E+00  -9.998474267100000E-01   0.000000000000000E+00   0.000000000000000E+00   0.000000000000000E+00
   4.055452377600000E-01   5.853541435400000E+00   5.853541435400000E+00   0.000000000000000E+00  -9.998474267100000E-01   0.000000000000000E+00   0.000000000000000E+00   0.000000000000000E+00
   4.093167023800000E-01   5.907977839500000E+00   5.907977839500000E+00   0.000000000000000E+00  -9.998474267100000E-01   0.000000000000000E+00   0.000000000000000E+00   0.000000000000000E+00
   4.130881670100000E-01   5.962414243600000E+00   5.962414243600000E+00   0.000000000000000E+00  -9.998474267100000E-01   0.000000000000000E+00   0.000000000000000E+00   0.000000000000000E+00
   4.168596316300000E-01   6.016850647700000E+00   6.016850647700000E+00   0.000000000000000E+00  -9.998474267100000E-01   0.000000000000000E+00   0.000000000000000E+00   0.000000000000000E+00
   4.207538882900000E-01   6.073059402200000E+00   6.073059402200000E+00   0.000000000000000E+00  -9.998474267100000E-01   0.000000000000000E+00   0.000000000000000E+00   0.000000000000000E+00
   4.246481449500000E-01   6.129268156700000E+00   6.129268156700000E+00   0.000000000000000E+00  -9.998474267100000E-01   0.000000000000000E+00   0.000000000000000E+00   0.000000000000000E+00
   4.285424016000000E-01   6.185476911200000E+00   6.185476911200000E+00   0.000000000000000E+00  -9.998474267100000E-01   0.000000000000000E+00   0.000000000000000E+00   0.000000000000000E+00
   4.324366582600000E-01   6.241685665700000E+00   6.241685665700000E+00   0.000000000000000E+00  -9.998474267100000E-01   0.000000000000000E+00   0.000000000000000E+00   0.000000000000000E+00
   4.363253545000000E-01   6.297814162500000E+00   6.297814162500000E+00   0.000000000000000E+00  -9.998474267100000E-01   0.000000000000000E+00   0.000000000000000E+00   0.000000000000000E+00
   4.402140507500000E-01   6.353942659400000E+00   6.353942659400000E+00   0.000000000000000E+00  -9.998474267100000E-01   0.000000000000000E+00   0.000000000000000E+00   0.000000000000000E+00
   4.441027469900000E-01   6.410071156200000E+00   6.410071156200000E+00   0.000000000000000E+00  -9.998474267100000E-01   0.000000000000000E+00   0.000000000000000E+00   0.000000000000000E+00
   4.479914432300000E-01   6.466199653000000E+00   6.466199653000000E+00   0.000000000000000E+00  -9.998474267100000E-01   0.000000000000000E+00   0.000000000000000E+00   0.000000000000000E+00
   4.515786674100000E-01   6.517976775300000E+00   6.517976775300000E+00   0.000000000000000E+00  -9.998474267100000E-01   0.000000000000000E+00   0.000000000000000E+00   0.000000000000000E+00
   4.551658916000000E-01   6.569753897700000E+00   6.569753897700000E+00   0.000000000000000E+00  -9.998474267100000E-01   0.000000000000000E+00   0.000000000000000E+00   0.000000000000000E+00
   4.587531157800000E-01   6.621531020000000E+00   6.621531020000000E+00   0.000000000000000E+00  -9.998474267100000E-01   0.000000000000000E+00   0.000000000000000E+00   0.000000000000000E+00
   4.623403399600000E-01   6.673308142400000E+00   6.673308142400000E+00   0.000000000000000E+00  -9.998474267100000E-01   0.000000000000000E+00   0.000000000000000E+00   0.000000000000000E+00
   4.659814029700000E-01   6.725862361200000E+00   6.725862361200000E+00   0.000000000000000E+00  -9.998474267100000E-01   0.000000000000000E+00   0.000000000000000E+00   0.000000000000000E+00
   4.696224659800000E-01   6.778416580100000E+00   6.778416580100000E+00   0.000000000000000E+00  -9.998474267100000E-01   0.000000000000000E+00   0.000000000000000E+00   0.000000000000000E+00
   4.732635289800000E-01   6.830970798900000E+00   6.830970798900000E+00   0.000000000000000E+00  -9.998474267100000E-01   0.000000000000000E+00   0.000000000000000E+00   0.000000000000000E+00
   4.769045919900000E-01   6.883525017800000E+00   6.883525017800000E+00   0.000000000000000E+00  -9.998474267100000E-01   0.000000000000000E+00   0.000000000000000E+00   0.000000000000000E+00
   4.814060865600000E-01   6.948498496800000E+00   6.948498496800000E+00   0.000000000000000E+00  -9.998474267100000E-01   0.000000000000000E+00   0.000000000000000E+00   0.000000000000000E+00
   4.859075811300000E-01   7.013471975800000E+00   7.013471975800000E+00   0.000000000000000E+00  -9.998474267100000E-01   0.000000000000000E+00   0.000000000000000E+00   0.000000000000000E+00
   4.904090757000000E-01   7.078445454800000E+00   7.078445454800000E+00   0.000000000000000E+00  -9.998474267100000E-01   0.000000000000000E+00   0.000000000000000E+00   0.000000000000000E+00
   4.949105702700000E-01   7.143418933800000E+00   7.143418933800000E+00   0.000000000000000E+00  -9.998474267100000E-01   0.000000000000000E+00   0.000000000000000E+00   0.000000000000000E+00
   4.986042507200000E-01   7.196732620000000E+00   7.196732620000000E+00   0.000000000000000E+00  -9.998474267100000E-01   0.000000000000000E+00   0.000000000000000E+00   0.000000000000000E+00
   5.022979311700000E-01   7.250046306200000E+00   7.250046306200000E+00   0.000000000000000E+00  -9.998474267100000E-01   0.000000000000000E+00   0.000000000000000E+00   0.000000000000000E+00
   5.059916116199999E-01   7.303359992400000E+00   7.303359992400000E+00   0.000000000000000E+00  -9.998474267100000E-01   0.000000000000000E+00   0.000000000000000E+00   0.000000000000000E+00
   5.096852920600000E-01   7.356673678600000E+00   7.356673678600000E+00   0.000000000000000E+00  -9.998474267100000E-01   0.000000000000000E+00   0.000000000000000E+00   0.000000000000000E+00
   5.131631384699999E-01   7.406872068700000E+00   7.406872068700000E+00   0.000000000000000E+00  -9.998474267100000E-01   0.000000000000000E+00   0.000000000000000E+00   0.000000000000000E+00
   5.166409848800000E-01   7.457070458800000E+00   7.457070458800000E+00   0.000000000000000E+00  -9.998474267100000E-01   0.000000000000000E+00   0.000000000000000E+00   0.000000000000000E+00
   5.201188312800000E-01   7.507268848900000E+00   7.507268848900000E+00   0.000000000000000E+00  -9.998474267100000E-01   0.000000000000000E+00   0.000000000000000E+00   0.000000000000000E+00
   5.235966776900000E-01   7.557467239000000E+00   7.557467239000000E+00   0.000000000000000E+00  -9.998474267100000E-01   0.000000000000000E+00   0.000000000000000E+00   0.000000000000000E+00
   5.266617224400000E-01   7.601707350300000E+00   7.601707350300000E+00   0.000000000000000E+00  -9.998474267100000E-01   0.000000000000000E+00   0.000000000000000E+00   0.000000000000000E+00
   5.297267672000000E-01   7.645947461700000E+00   7.645947461700000E+00   0.000000000000000E+00  -9.998474267100000E-01   0.000000000000000E+00   0.000000000000000E+00   0.000000000000000E+00
   5.327918119500000E-01   7.690187573000000E+00   7.690187573000000E+00   0.000000000000000E+00  -9.998474267100000E-01   0.000000000000000E+00   0.000000000000000E+00   0.000000000000000E+00
   5.358568567100001E-01   7.734427684400000E+00   7.734427684400000E+00   0.000000000000000E+00  -9.998474267100000E-01   0.000000000000000E+00   0.000000000000000E+00   0.000000000000000E+00
   5.389788175200000E-01   7.779489308300000E+00   7.779489308300000E+00   0.000000000000000E+00  -9.998474267100000E-01   0.000000000000000E+00   0.000000000000000E+00   0.000000000000000E+00
   5.421007783400000E-01   7.824550932300000E+00   7.824550932300000E+00   0.000000000000000E+00  -9.998474267100000E-01   0.000000000000000E+00   0.000000000000000E+00   0.000000000000000E+00
   5.452227391500000E-01   7.869612556200000E+00   7.869612556200000E+00   0.000000000000000E+00  -9.998474267100000E-01   0.000000000000000E+00   0.000000000000000E+00   0.000000000000000E+00
   5.483446999700000E-01   7.914674180100000E+00   7.914674180100000E+00   0.000000000000000E+00  -9.998474267100000E-01   0.000000000000000E+00   0.000000000000000E+00   0.000000000000000E+00
   5.511821051300000E-01   7.955628596900000E+00   7.955628596900000E+00   0.000000000000000E+00  -9.998474267100000E-01   0.000000000000000E+00   0.000000000000000E+00   0.000000000000000E+00
   5.540195102900000E-01   7.996583013600000E+00   7.996583013600000E+00   0.000000000000000E+00  -9.998474267100000E-01   0.000000000000000E+00   0.000000000000000E+00   0.000000000000000E+00
   5.568569154500000E-01   8.037537430400000E+00   8.037537430400000E+00   0.000000000000000E+00  -9.998474267100000E-01   0.000000000000000E+00   0.000000000000000E+00   0.000000000000000E+00
   5.596943206100000E-01   8.078491847100000E+00   8.078491847100000E+00   0.000000000000000E+00  -9.998474267100000E-01   0.000000000000000E+00   0.000000000000000E+00   0.000000000000000E+00
   5.632189726300000E-01   8.129365818000000E+00   8.129365818000000E+00   0.000000000000000E+00  -9.998474267100000E-01   0.000000000000000E+00   0.000000000000000E+00   0.000000000000000E+00
   5.667436246400001E-01   8.180239788800000E+00   8.180239788800000E+00   0.000000000000000E+00  -9.998474267100000E-01   0.000000000000000E+00   0.000000000000000E+00   0.000000000000000E+00
   5.702682766500000E-01   8.231113759699999E+00   8.231113759699999E+00   0.000000000000000E+00  -9.998474267100000E-01   0.000000000000000E+00   0.000000000000000E+00   0.000000000000000E+00
   5.737929286700000E-01   8.281987730499999E+00   8.281987730499999E+00   0.000000000000000E+00  -9.998474267100000E-01   0.000000000000000E+00   0.000000000000000E+00   0.000000000000000E+00
   5.775341043400000E-01   8.335986951400001E+00   8.335986951400001E+00   0.000000000000000E+00  -9.998474267100000E-01   0.000000000000000E+00   0.000000000000000E+00   0.000000000000000E+00
   5.812752800200000E-01   8.389986172200000E+00   8.389986172200000E+00   0.000000000000000E+00  -9.998474267100000E-01   0.000000000000000E+00   0.000000000000000E+00   0.000000000000000E+00
   5.850164557000000E-01   8.443985393000000E+00   8.443985393000000E+00   0.000000000000000E+00  -9.998474267100000E-01   0.000000000000000E+00   0.000000000000000E+00   0.000000000000000E+00
   5.887576313800000E-01   8.497984613800000E+00   8.497984613800000E+00   0.000000000000000E+00  -9.998474267100000E-01   0.000000000000000E+00   0.000000000000000E+00   0.000000000000000E+00
   5.914930184400000E-01   8.537466526099999E+00   8.537466526099999E+00   0.000000000000000E+00  -9.998474267100000E-01   0.000000000000000E+00   0.000000000000000E+00   0.000000000000000E+00
   5.942284055000000E-01   8.576948438300001E+00   8.576948438300001E+00   0.000000000000000E+00  -9.998474267100000E-01   0.000000000000000E+00   0.000000000000000E+00   0.000000000000000E+00
   5.969637925500000E-01   8.616430350600000E+00   8.616430350600000E+00   0.000000000000000E+00  -9.998474267100000E-01   0.000000000000000E+00   0.000000000000000E+00   0.000000000000000E+00
   5.996991796100000E-01   8.655912262799999E+00   8.655912262799999E+00   0.000000000000000E+00  -9.998474267100000E-01   0.000000000000000E+00   0.000000000000000E+00   0.000000000000000E+00
   6.023482467700000E-01   8.694148254600000E+00   8.694148254600000E+00   0.000000000000000E+00  -9.998474267100000E-01   0.000000000000000E+00   0.000000000000000E+00   0.000000000000000E+00
   6.049973139300000E-01   8.732384246300001E+00   8.732384246300001E+00   0.000000000000000E+00  -9.998474267100000E-01   0.000000000000000E+00   0.000000000000000E+00   0.000000000000000E+00
   6.076463810800000E-01   8.770620238099999E+00   8.770620238099999E+00   0.000000000000000E+00  -9.998474267100000E-01   0.000000000000000E+00   0.000000000000000E+00   0.000000000000000E+00
   6.102954482400000E-01   8.808856229800000E+00   8.808856229800000E+00   0.000000000000000E+00  -9.998474267100000E-01   0.000000000000000E+00   0.000000000000000E+00   0.000000000000000E+00
   6.134204199900000E-01   8.853961312799999E+00   8.853961312799999E+00   0.000000000000000E+00  -9.998474267100000E-01   0.000000000000000E+00   0.000000000000000E+00   0.000000000000000E+00
   6.165453917300000E-01   8.899066395800000E+00   8.899066395800000E+00   0.000000000000000E+00  -9.998474267100000E-01   0.000000000000000E+00   0.000000000000000E+00   0.000000000000000E+00
   6.196703634800000E-01   8.944171478800000E+00   8.944171478800000E+00   0.000000000000000E+00  -9.998474267100000E-01   0.000000000000000E+00   0.000000000000000E+00   0.000000000000000E+00
   6.227953352300000E-01   8.989276561800001E+00   8.989276561800001E+00   0.000000000000000E+00  -9.998474267100000E-01   0.000000000000000E+00   0.000000000000000E+00   0.000000000000000E+00
   6.260730166500000E-01   9.036585819200001E+00   9.036585819200001E+00   0.000000000000000E+00  -9.998474267100000E-01   0.000000000000000E+00   0.000000000000000E+00   0.000000000000000E+00
   6.293506980800000E-01   9.083895076599999E+00   9.083895076599999E+00   0.000000000000000E+00  -9.998474267100000E-01   0.000000000000000E+00   0.000000000000000E+00   0.000000000000000E+00
   6.326283794999999E-01   9.131204334000000E+00   9.131204334000000E+00   0.000000000000000E+00  -9.998474267100000E-01   0.000000000000000E+00   0.000000000000000E+00   0.000000000000000E+00
   6.359060609300000E-01   9.178513591400000E+00   9.178513591400000E+00   0.000000000000000E+00  -9.998474267100000E-01   0.000000000000000E+00   0.000000000000000E+00   0.000000000000000E+00
   6.385599310600000E-01   9.216818908100000E+00   9.216818908100000E+00   0.000000000000000E+00  -9.998474267100000E-01   0.000000000000000E+00   0.000000000000000E+00   0.000000000000000E+00
   6.412138011900000E-01   9.255124224799999E+00   9.255124224799999E+00   0.000000000000000E+00  -9.998474267100000E-01   0.000000000000000E+00   0.000000000000000E+00   0.000000000000000E+00
   6.438676713200000E-01   9.293429541500000E+00   9.293429541500000E+00   0.000000000000000E+00  -9.998474267100000E-01   0.000000000000000E+00   0.000000000000000E+00   0.000000000000000E+00
   6.465215414500000E-01   9.331734858200001E+00   9.331734858200001E+00   0.000000000000000E+00  -9.998474267100000E-01   0.000000000000000E+00   0.000000000000000E+00   0.000000000000000E+00
   6.494887133400000E-01   9.374562296300001E+00   9.374562296300001E+00   0.000000000000000E+00  -9.998474267100000E-01   0.000000000000000E+00   0.000000000000000E+00   0.000000000000000E+00
   6.524558852200000E-01   9.417389734400000E+00   9.417389734400000E+00   0.000000000000000E+00  -9.998474267100000E-01   0.000000000000000E+00   0.000000000000000E+00   0.000000000000000E+00
   6.554230571000000E-01   9.460217172400000E+00   9.460217172400000E+00   0.000000000000000E+00  -9.998474267100000E-01   0.000000000000000E+00   0.000000000000000E+00   0.000000000000000E+00
   6.583902289800000E-01   9.503044610500000E+00   9.503044610500000E+00   0.000000000000000E+00  -9.998474267100000E-01   0.000000000000000E+00   0.000000000000000E+00   0.000000000000000E+00
   6.610608716900001E-01   9.541592018499999E+00   9.541592018499999E+00   0.000000000000000E+00  -9.998474267100000E-01   0.000000000000000E+00   0.000000000000000E+00   0.000000000000000E+00
   6.637315143900000E-01   9.580139426500001E+00   9.580139426500001E+00   0.000000000000000E+00  -9.998474267100000E-01   0.000000000000000E+00   0.000000000000000E+00   0.000000000000000E+00
   6.664021570999999E-01   9.618686834500000E+00   9.618686834500000E+00   0.000000000000000E+00  -9.998474267100000E-01   0.000000000000000E+00   0.000000000000000E+00   0.000000000000000E+00
   6.690727998100000E-01   9.657234242500000E+00   9.657234242500000E+00   0.000000000000000E+00  -9.998474267100000E-01   0.000000000000000E+00   0.000000000000000E+00   0.000000000000000E+00
   6.718025859800000E-01   9.696635313000000E+00   9.696635313000000E+00   0.000000000000000E+00  -9.998474267100000E-01   0.000000000000000E+00   0.000000000000000E+00   0.000000000000000E+00
   6.745323721599999E-01   9.736036383500000E+00   9.736036383500000E+00   0.000000000000000E+00  -9.998474267100000E-01   0.000000000000000E+00   0.000000000000000E+00   0.000000000000000E+00
   6.772621583400000E-01   9.775437454000000E+00   9.775437454000000E+00   0.000000000000000E+00  -9.998474267100000E-01   0.000000000000000E+00   0.000000000000000E+00   0.000000000000000E+00
   6.799919445200000E-01   9.814838524500001E+00   9.814838524500001E+00   0.000000000000000E+00  -9.998474267100000E-01   0.000000000000000E+00   0.000000000000000E+00   0.000000000000000E+00
   6.825212094400001E-01   9.851345319900000E+00   9.851345319900000E+00   0.000000000000000E+00  -9.998474267100000E-01   0.000000000000000E+00   0.000000000000000E+00   0.000000000000000E+00
   6.850504743700000E-01   9.887852115399999E+00   9.887852115399999E+00   0.000000000000000E+00  -9.998474267100000E-01   0.000000000000000E+00   0.000000000000000E+00   0.000000000000000E+00
   6.875797392900000E-01   9.924358910800001E+00   9.924358910800001E+00   0.000000000000000E+00  -9.998474267100000E-01   0.000000000000000E+00   0.000000000000000E+00   0.000000000000000E+00
   6.901090042100000E-01   9.960865706200000E+00   9.960865706200000E+00   0.000000000000000E+00  -9.998474267100000E-01   0.000000000000000E+00   0.000000000000000E+00   0.000000000000000E+00
   6.927647415500000E-01   9.999197973699999E+00   9.999197973699999E+00   0.000000000000000E+00  -9.998474267100000E-01   0.000000000000000E+00   0.000000000000000E+00   0.000000000000000E+00
   6.954204788800000E-01   1.003753024100000E+01   1.003753024100000E+01   0.000000000000000E+00  -9.998474267100000E-01   0.000000000000000E+00   0.000000000000000E+00   0.000000000000000E+00
   6.980762162200000E-01   1.007586250900000E+01   1.007586250900000E+01   0.000000000000000E+00  -9.998474267100000E-01   0.000000000000000E+00   0.000000000000000E+00   0.000000000000000E+00
   7.007319535500000E-01   1.011419477600000E+01   1.011419477600000E+01   0.000000000000000E+00  -9.998474267100000E-01   0.000000000000000E+00   0.000000000000000E+00   0.000000000000000E+00
   7.035279540200000E-01   1.015455156800000E+01   1.015455156800000E+01   0.000000000000000E+00  -9.998474267100000E-01   0.000000000000000E+00   0.000000000000000E+00   0.000000000000000E+00
   7.063239544900000E-01   1.019490835900000E+01   1.019490835900000E+01   0.000000000000000E+00  -9.998474267100000E-01   0.000000000000000E+00   0.000000000000000E+00   0.000000000000000E+00
   7.091199549600000E-01   1.023526515100000E+01   1.023526515100000E+01   0.000000000000000E+00  -9.998474267100000E-01   0.000000000000000E+00   0.000000000000000E+00   0.000000000000000E+00
   7.119159554200000E-01   1.027562194200000E+01   1.027562194200000E+01   0.000000000000000E+00  -9.998474267100000E-01   0.000000000000000E+00   0.000000000000000E+00   0.000000000000000E+00
   7.143680468200000E-01   1.031101483300000E+01   1.031101483300000E+01   0.000000000000000E+00  -9.998474267100000E-01   0.000000000000000E+00   0.000000000000000E+00   0.000000000000000E+00
   7.168201382100000E-01   1.034640772500000E+01   1.034640772500000E+01   0.000000000000000E+00  -9.998474267100000E-01   0.000000000000000E+00   0.000000000000000E+00   0.000000000000000E+00
   7.192722296100000E-01   1.038180061600000E+01   1.038180061600000E+01   0.000000000000000E+00  -9.998474267100000E-01   0.000000000000000E+00   0.000000000000000E+00   0.000000000000000E+00
   7.217243209999999E-01   1.041719350800000E+01   1.041719350800000E+01   0.000000000000000E+00  -9.998474267100000E-01   0.000000000000000E+00   0.000000000000000E+00   0.000000000000000E+00
   7.236586542700000E-01   1.044511320400000E+01   1.044511320400000E+01   0.000000000000000E+00  -9.998474267100000E-01   0.000000000000000E+00   0.000000000000000E+00   0.000000000000000E+00
   7.255929875400000E-01   1.047303290100000E+01   1.047303290100000E+01   0.000000000000000E+00  -9.998474267100000E-01   0.000000000000000E+00   0.000000000000000E+00   0.000000000000000E+00
   7.275273208100000E-01   1.050095259700000E+01   1.050095259700000E+01   0.000000000000000E+00  -9.998474267100000E-01   0.000000000000000E+00   0.000000000000000E+00   0.000000000000000E+00
   7.294616540800000E-01   1.052887229400000E+01   1.052887229400000E+01   0.000000000000000E+00  -9.998474267100000E-01   0.000000000000000E+00   0.000000000000000E+00   0.000000000000000E+00
   7.313882145600000E-01   1.055667980000000E+01   1.055667980000000E+01   0.000000000000000E+00  -9.998474267100000E-01   0.000000000000000E+00   0.000000000000000E+00   0.000000000000000E+00
   7.333147750300000E-01   1.058448730500000E+01   1.058448730500000E+01   0.000000000000000E+00  -9.998474267100000E-01   0.000000000000000E+00   0.000000000000000E+00   0.000000000000000E+00
   7.352413355100000E-01   1.061229481100000E+01   1.061229481100000E+01   0.000000000000000E+00  -9.998474267100000E-01   0.000000000000000E+00   0.000000000000000E+00   0.000000000000000E+00
   7.371678959900000E-01   1.064010231700000E+01   1.064010231700000E+01   0.000000000000000E+00  -9.998474267100000E-01   0.000000000000000E+00   0.000000000000000E+00   0.000000000000000E+00
   7.391915582100000E-01   1.066931136600000E+01   1.066931136600000E+01   0.000000000000000E+00  -9.998474267100000E-01   0.000000000000000E+00   0.000000000000000E+00   0.000000000000000E+00
   7.412152204300000E-01   1.069852041500000E+01   1.069852041500000E+01   0.000000000000000E+00  -9.998474267100000E-01   0.000000000000000E+00   0.000000000000000E+00   0.000000000000000E+00
   7.432388826500000E-01   1.072772946400000E+01   1.072772946400000E+01   0.000000000000000E+00  -9.998474267100000E-01   0.000000000000000E+00   0.000000000000000E+00   0.000000000000000E+00
   7.452625448800000E-01   1.075693851300000E+01   1.075693851300000E+01   0.000000000000000E+00  -9.998474267100000E-01   0.000000000000000E+00   0.000000000000000E+00   0.000000000000000E+00
   7.476833231600000E-01   1.079187943800000E+01   1.079187943800000E+01   0.000000000000000E+00  -9.998474267100000E-01   0.000000000000000E+00   0.000000000000000E+00   0.000000000000000E+00
   7.501041014399999E-01   1.082682036400000E+01   1.082682036400000E+01   0.000000000000000E+00  -9.998474267100000E-01   0.000000000000000E+00   0.000000000000000E+00   0.000000000000000E+00
   7.525248797200000E-01   1.086176128900000E+01   1.086176128900000E+01   0.000000000000000E+00  -9.998474267100000E-01   0.000000000000000E+00   0.000000000000000E+00   0.000000000000000E+00
   7.549456580000000E-01   1.089670221500000E+01   1.089670221500000E+01   0.000000000000000E+00  -9.998474267100000E-01   0.000000000000000E+00   0.000000000000000E+00   0.000000000000000E+00
   7.573650888300000E-01   1.093162369200000E+01   1.093162369200000E+01   0.000000000000000E+00  -9.998474267100000E-01   0.000000000000000E+00   0.000000000000000E+00   0.000000000000000E+00
   7.597845196500000E-01   1.096654516800000E+01   1.096654516800000E+01   0.000000000000000E+00  -9.998474267100000E-01   0.000000000000000E+00   0.000000000000000E+00   0.000000000000000E+00
   7.622039504700000E-01   1.100146664500000E+01   1.100146664500000E+01   0.000000000000000E+00  -9.998474267100000E-01   0.000000000000000E+00   0.000000000000000E+00   0.000000000000000E+00
   7.646233813000000E-01   1.103638812200000E+01   1.103638812200000E+01   0.000000000000000E+00  -9.998474267100000E-01   0.000000000000000E+00   0.000000000000000E+00   0.000000000000000E+00
   7.668987943000000E-01   1.106923088000000E+01   1.106923088000000E+01   0.000000000000000E+00  -9.998474267100000E-01   0.000000000000000E+00   0.000000000000000E+00   0.000000000000000E+00
   7.691742073100000E-01   1.110207363900000E+01   1.110207363900000E+01   0.000000000000000E+00  -9.998474267100000E-01   0.000000000000000E+00   0.000000000000000E+00   0.000000000000000E+00
   7.714496203200000E-01   1.113491639700000E+01   1.113491639700000E+01   0.000000000000000E+00  -9.998474267100000E-01   0.000000000000000E+00   0.000000000000000E+00   0.000000000000000E+00
   7.737250333200000E-01   1.116775915600000E+01   1.116775915600000E+01   0.000000000000000E+00  -9.998474267100000E-01   0.000000000000000E+00   0.000000000000000E+00   0.000000000000000E+00
   7.759819369600000E-01   1.120033475500000E+01   1.120033475500000E+01   0.000000000000000E+00  -9.998474267100000E-01   0.000000000000000E+00   0.000000000000000E+00   0.000000000000000E+00
   7.782388406100000E-01   1.123291035400000E+01   1.123291035400000E+01   0.000000000000000E+00  -9.998474267100000E-01   0.000000000000000E+00   0.000000000000000E+00   0.000000000000000E+00
   7.804957442500000E-01   1.126548595300000E+01   1.126548595300000E+01   0.000000000000000E+00  -9.998474267100000E-01   0.000000000000000E+00   0.000000000000000E+00   0.000000000000000E+00
   7.827526478900000E-01   1.129806155100000E+01   1.129806155100000E+01   0.000000000000000E+00  -9.998474267100000E-01   0.000000000000000E+00   0.000000000000000E+00   0.000000000000000E+00
   7.849119354600000E-01   1.132922818400000E+01   1.132922818400000E+01   0.000000000000000E+00  -9.998474267100000E-01   0.000000000000000E+00   0.000000000000000E+00   0.000000000000000E+00
   7.870712230300000E-01   1.136039481600000E+01   1.136039481600000E+01   0.000000000000000E+00  -9.998474267100000E-01   0.000000000000000E+00   0.000000000000000E+00   0.000000000000000E+00
   7.892305106000000E-01   1.139156144800000E+01   1.139156144800000E+01   0.000000000000000E+00  -9.998474267100000E-01   0.000000000000000E+00   0.000000000000000E+00   0.000000000000000E+00
   7.913897981700000E-01   1.142272808000000E+01   1.142272808000000E+01   0.000000000000000E+00  -9.998474267100000E-01   0.000000000000000E+00   0.000000000000000E+00   0.000000000000000E+00
   7.935319189500000E-01   1.145364693100000E+01   1.145364693100000E+01   0.000000000000000E+00  -9.998474267100000E-01   0.000000000000000E+00   0.000000000000000E+00   0.000000000000000E+00
   7.956740397199999E-01   1.148456578200000E+01   1.148456578200000E+01   0.000000000000000E+00  -9.998474267100000E-01   0.000000000000000E+00   0.000000000000000E+00   0.000000000000000E+00
   7.978161605000000E-01   1.151548463300000E+01   1.151548463300000E+01   0.000000000000000E+00  -9.998474267100000E-01   0.000000000000000E+00   0.000000000000000E+00   0.000000000000000E+00
   7.999582812700000E-01   1.154640348400000E+01   1.154640348400000E+01   0.000000000000000E+00  -9.998474267100000E-01   0.000000000000000E+00   0.000000000000000E+00   0.000000000000000E+00
   8.022911589200000E-01   1.158007567300000E+01   1.158007567300000E+01   0.000000000000000E+00  -9.998474267100000E-01   0.000000000000000E+00   0.000000000000000E+00   0.000000000000000E+00
   8.046240365700000E-01   1.161374786200000E+01   1.161374786200000E+01   0.000000000000000E+00  -9.998474267100000E-01   0.000000000000000E+00   0.000000000000000E+00   0.000000000000000E+00
   8.069569142200000E-01   1.164742005100000E+01   1.164742005100000E+01   0.000000000000000E+00  -9.998474267100000E-01   0.000000000000000E+00   0.000000000000000E+00   0.000000000000000E+00
   8.092897918800001E-01   1.168109224100000E+01   1.168109224100000E+01   0.000000000000000E+00  -9.998474267100000E-01   0.000000000000000E+00   0.000000000000000E+00   0.000000000000000E+00
   8.118362225200000E-01   1.171784680200000E+01   1.171784680200000E+01   0.000000000000000E+00  -9.998474267100000E-01   0.000000000000000E+00   0.000000000000000E+00   0.000000000000000E+00
   8.143826531700000E-01   1.175460136300000E+01   1.175460136300000E+01   0.000000000000000E+00  -9.998474267100000E-01   0.000000000000000E+00   0.000000000000000E+00   0.000000000000000E+00
   8.169290838200000E-01   1.179135592500000E+01   1.179135592500000E+01   0.000000000000000E+00  -9.998474267100000E-01   0.000000000000000E+00   0.000000000000000E+00   0.000000000000000E+00
   8.194755144700000E-01   1.182811048600000E+01   1.182811048600000E+01   0.000000000000000E+00  -9.998474267100000E-01   0.000000000000000E+00   0.000000000000000E+00   0.000000000000000E+00
   8.221585805400000E-01   1.186683721000000E+01   1.186683721000000E+01   0.000000000000000E+00  -9.998474267100000E-01   0.000000000000000E+00   0.000000000000000E+00   0.000000000000000E+00
   8.248416466100000E-01   1.190556393400000E+01   1.190556393400000E+01   0.000000000000000E+00  -9.998474267100000E-01   0.000000000000000E+00   0.000000000000000E+00   0.000000000000000E+00
   8.275247126800001E-01   1.194429065700000E+01   1.194429065700000E+01   0.000000000000000E+00  -9.998474267100000E-01   0.000000000000000E+00   0.000000000000000E+00   0.000000000000000E+00
   8.302077787500000E-01   1.198301738100000E+01   1.198301738100000E+01   0.000000000000000E+00  -9.998474267100000E-01   0.000000000000000E+00   0.000000000000000E+00   0.000000000000000E+00
   8.333816157900000E-01   1.202882777400000E+01   1.202882777400000E+01   0.000000000000000E+00  -9.998474267100000E-01   0.000000000000000E+00   0.000000000000000E+00   0.000000000000000E+00
   8.365554528400000E-01   1.207463816700000E+01   1.207463816700000E+01   0.000000000000000E+00  -9.998474267100000E-01   0.000000000000000E+00   0.000000000000000E+00   0.000000000000000E+00
   8.397292898800000E-01   1.212044856000000E+01   1.212044856000000E+01   0.000000000000000E+00  -9.998474267100000E-01   0.000000000000000E+00   0.000000000000000E+00   0.000000000000000E+00
   8.429031269300000E-01   1.216625895200000E+01   1.216625895200000E+01   0.000000000000000E+00  -9.998474267100000E-01   0.000000000000000E+00   0.000000000000000E+00   0.000000000000000E+00
   8.463482367700000E-01   1.221598483100000E+01   1.221598483100000E+01   0.000000000000000E+00  -9.998474267100000E-01   0.000000000000000E+00   0.000000000000000E+00   0.000000000000000E+00
   8.497933466000001E-01   1.226571070900000E+01   1.226571070900000E+01   0.000000000000000E+00  -9.998474267100000E-01   0.000000000000000E+00   0.000000000000000E+00   0.000000000000000E+00
   8.532384564400000E-01   1.231543658800000E+01   1.231543658800000E+01   0.000000000000000E+00  -9.998474267100000E-01   0.000000000000000E+00   0.000000000000000E+00   0.000000000000000E+00
   8.566835662800000E-01   1.236516246600000E+01   1.236516246600000E+01   0.000000000000000E+00  -9.998474267100000E-01   0.000000000000000E+00   0.000000000000000E+00   0.000000000000000E+00
   8.599178677200000E-01   1.241184558700000E+01   1.241184558700000E+01   0.000000000000000E+00  -9.998474267100000E-01   0.000000000000000E+00   0.000000000000000E+00   0.000000000000000E+00
   8.631521691600000E-01   1.245852870900000E+01   1.245852870900000E+01   0.000000000000000E+00  -9.998474267100000E-01   0.000000000000000E+00   0.000000000000000E+00   0.000000000000000E+00
   8.663864706100000E-01   1.250521183000000E+01   1.250521183000000E+01   0.000000000000000E+00  -9.998474267100000E-01   0.000000000000000E+00   0.000000000000000E+00   0.000000000000000E+00
   8.696207720500000E-01   1.255189495100000E+01   1.255189495100000E+01   0.000000000000000E+00  -9.998474267100000E-01   0.000000000000000E+00   0.000000000000000E+00   0.000000000000000E+00
   8.728077919700000E-01   1.259789562200000E+01   1.259789562200000E+01   0.000000000000000E+00  -9.998474267100000E-01   0.000000000000000E+00   0.000000000000000E+00   0.000000000000000E+00
   8.759948118799999E-01   1.264389629400000E+01   1.264389629400000E+01   0.000000000000000E+00  -9.998474267100000E-01   0.000000000000000E+00   0.000000000000000E+00   0.000000000000000E+00
   8.791818318000000E-01   1.268989696500000E+01   1.268989696500000E+01   0.000000000000000E+00  -9.998474267100000E-01   0.000000000000000E+00   0.000000000000000E+00   0.000000000000000E+00
   8.823688517100000E-01   1.273589763600000E+01   1.273589763600000E+01   0.000000000000000E+00  -9.998474267100000E-01   0.000000000000000E+00   0.000000000000000E+00   0.000000000000000E+00
   8.852939650900000E-01   1.277811801200000E+01   1.277811801200000E+01   0.000000000000000E+00  -9.998474267100000E-01   0.000000000000000E+00   0.000000000000000E+00   0.000000000000000E+00
   8.882190784600000E-01   1.282033838700000E+01   1.282033838700000E+01   0.000000000000000E+00  -9.998474267100000E-01   0.000000000000000E+00   0.000000000000000E+00   0.000000000000000E+00
   8.911441918400000E-01   1.286255876300000E+01   1.286255876300000E+01   0.000000000000000E+00  -9.998474267100000E-01   0.000000000000000E+00   0.000000000000000E+00   0.000000000000000E+00
   8.940693052100001E-01   1.290477913900000E+01   1.290477913900000E+01   0.000000000000000E+00  -9.998474267100000E-01   0.000000000000000E+00   0.000000000000000E+00   0.000000000000000E+00
   8.966443621100000E-01   1.294194688500000E+01   1.294194688500000E+01   0.000000000000000E+00  -9.998474267100000E-01   0.000000000000000E+00   0.000000000000000E+00   0.000000000000000E+00
   8.992194190100000E-01   1.297911463000000E+01   1.297911463000000E+01   0.000000000000000E+00  -9.998474267100000E-01   0.000000000000000E+00   0.000000000000000E+00   0.000000000000000E+00
   9.017944759099999E-01   1.301628237600000E+01   1.301628237600000E+01   0.000000000000000E+00  -9.998474267100000E-01   0.000000000000000E+00   0.000000000000000E+00   0.000000000000000E+00
   9.043695328100000E-01   1.305345012200000E+01   1.305345012200000E+01   0.000000000000000E+00  -9.998474267100000E-01   0.000000000000000E+00   0.000000000000000E+00   0.000000000000000E+00
   9.071512267400000E-01   1.309360041600000E+01   1.309360041600000E+01   0.000000000000000E+00  -9.998474267100000E-01   0.000000000000000E+00   0.000000000000000E+00   0.000000000000000E+00
   9.099329206700000E-01   1.313375071100000E+01   1.313375071100000E+01   0.000000000000000E+00  -9.998474267100000E-01   0.000000000000000E+00   0.000000000000000E+00   0.000000000000000E+00
   9.127146146000000E-01   1.317390100500000E+01   1.317390100500000E+01   0.000000000000000E+00  -9.998474267100000E-01   0.000000000000000E+00   0.000000000000000E+00   0.000000000000000E+00
   9.154963085200000E-01   1.321405129900000E+01   1.321405129900000E+01   0.000000000000000E+00  -9.998474267100000E-01   0.000000000000000E+00   0.000000000000000E+00   0.000000000000000E+00
   9.177625161700000E-01   1.324676119000000E+01   1.324676119000000E+01   0.000000000000000E+00  -9.998474267100000E-01   0.000000000000000E+00   0.000000000000000E+00   0.000000000000000E+00
   9.200287238200000E-01   1.327947108100000E+01   1.327947108100000E+01   0.000000000000000E+00  -9.998474267100000E-01   0.000000000000000E+00   0.000000000000000E+00   0.000000000000000E+00
   9.222949314700000E-01   1.331218097100000E+01   1.331218097100000E+01   0.000000000000000E+00  -9.998474267100000E-01   0.000000000000000E+00   0.000000000000000E+00   0.000000000000000E+00
   9.245611391200000E-01   1.334489086200000E+01   1.334489086200000E+01   0.000000000000000E+00  -9.998474267100000E-01   0.000000000000000E+00   0.000000000000000E+00   0.000000000000000E+00
   9.269452281900000E-01   1.337930222400000E+01   1.337930222400000E+01   0.000000000000000E+00  -9.998474267100000E-01   0.000000000000000E+00   0.000000000000000E+00   0.000000000000000E+00
   9.293293172500000E-01   1.341371358700000E+01   1.341371358700000E+01   0.000000000000000E+00  -9.998474267100000E-01   0.000000000000000E+00   0.000000000000000E+00   0.000000000000000E+00
   9.317134063200000E-01   1.344812494900000E+01   1.344812494900000E+01   0.000000000000000E+00  -9.998474267100000E-01   0.000000000000000E+00   0.000000000000000E+00   0.000000000000000E+00
   9.340974953800000E-01   1.348253631100000E+01   1.348253631100000E+01   0.000000000000000E+00  -9.998474267100000E-01   0.000000000000000E+00   0.000000000000000E+00   0.000000000000000E+00
   9.364854419700001E-01   1.351700335200000E+01   1.351700335200000E+01   0.000000000000000E+00  -9.998474267100000E-01   0.000000000000000E+00   0.000000000000000E+00   0.000000000000000E+00
   9.388733885600000E-01   1.355147039300000E+01   1.355147039300000E+01   0.000000000000000E+00  -9.998474267100000E-01   0.000000000000000E+00   0.000000000000000E+00   0.000000000000000E+00
   9.412613351600000E-01   1.358593743400000E+01   1.358593743400000E+01   0.000000000000000E+00  -9.998474267100000E-01   0.000000000000000E+00   0.000000000000000E+00   0.000000000000000E+00
   9.436492817500000E-01   1.362040447500000E+01   1.362040447500000E+01   0.000000000000000E+00  -9.998474267100000E-01   0.000000000000000E+00   0.000000000000000E+00   0.000000000000000E+00
   9.455428835900000E-01   1.364773626400000E+01   1.364773626400000E+01   0.000000000000000E+00  -9.998474267100000E-01   0.000000000000000E+00   0.000000000000000E+00   0.000000000000000E+00
   9.474364854300000E-01   1.367506805300000E+01   1.367506805300000E+01   0.000000000000000E+00  -9.998474267100000E-01   0.000000000000000E+00   0.000000000000000E+00   0.000000000000000E+00
   9.493300872800000E-01   1.370239984200000E+01   1.370239984200000E+01   0.000000000000000E+00  -9.998474267100000E-01   0.000000000000000E+00   0.000000000000000E+00   0.000000000000000E+00
   9.512236891200000E-01   1.372973163100000E+01   1.372973163100000E+01   0.000000000000000E+00  -9.998474267100000E-01   0.000000000000000E+00   0.000000000000000E+00   0.000000000000000E+00
   9.531462004000000E-01   1.375748069200000E+01   1.375748069200000E+01   0.000000000000000E+00  -9.998474267100000E-01   0.000000000000000E+00   0.000000000000000E+00   0.000000000000000E+00
   9.550687116800000E-01   1.378522975200000E+01   1.378522975200000E+01   0.000000000000000E+00  -9.998474267100000E-01   0.000000000000000E+00   0.000000000000000E+00   0.000000000000000E+00
   9.569912229700001E-01   1.381297881300000E+01   1.381297881300000E+01   0.000000000000000E+00  -9.998474267100000E-01   0.000000000000000E+00   0.000000000000000E+00   0.000000000000000E+00
   9.589137342500000E-01   1.384072787400000E+01   1.384072787400000E+01   0.000000000000000E+00  -9.998474267100000E-01   0.000000000000000E+00   0.000000000000000E+00   0.000000000000000E+00
   9.606402322699999E-01   1.386564772700000E+01   1.386564772700000E+01   0.000000000000000E+00  -9.998474267100000E-01   0.000000000000000E+00   0.000000000000000E+00   0.000000000000000E+00
   9.623667302900000E-01   1.389056758000000E+01   1.389056758000000E+01   0.000000000000000E+00  -9.998474267100000E-01   0.000000000000000E+00   0.000000000000000E+00   0.000000000000000E+00
   9.640932283100000E-01   1.391548743300000E+01   1.391548743300000E+01   0.000000000000000E+00  -9.998474267100000E-01   0.000000000000000E+00   0.000000000000000E+00   0.000000000000000E+00
   9.658197263300000E-01   1.394040728600000E+01   1.394040728600000E+01   0.000000000000000E+00  -9.998474267100000E-01   0.000000000000000E+00   0.000000000000000E+00   0.000000000000000E+00
   9.675748484400000E-01   1.396574029200000E+01   1.396574029200000E+01   0.000000000000000E+00  -9.998474267100000E-01   0.000000000000000E+00   0.000000000000000E+00   0.000000000000000E+00
   9.693299705600000E-01   1.399107329800000E+01   1.399107329800000E+01   0.000000000000000E+00  -9.998474267100000E-01   0.000000000000000E+00   0.000000000000000E+00   0.000000000000000E+00
   9.710850926700000E-01   1.401640630400000E+01   1.401640630400000E+01   0.000000000000000E+00  -9.998474267100000E-01   0.000000000000000E+00   0.000000000000000E+00   0.000000000000000E+00
   9.728402147900000E-01   1.404173931100000E+01   1.404173931100000E+01   0.000000000000000E+00  -9.998474267100000E-01   0.000000000000000E+00   0.000000000000000E+00   0.000000000000000E+00
   9.749312213700000E-01   1.407192039200000E+01   1.407192039200000E+01   0.000000000000000E+00  -9.998474267100000E-01   0.000000000000000E+00   0.000000000000000E+00   0.000000000000000E+00
   9.770222279600000E-01   1.410210147300000E+01   1.410210147300000E+01   0.000000000000000E+00  -9.998474267100000E-01   0.000000000000000E+00   0.000000000000000E+00   0.000000000000000E+00
   9.791132345400000E-01   1.413228255400000E+01   1.413228255400000E+01   0.000000000000000E+00  -9.998474267100000E-01   0.000000000000000E+00   0.000000000000000E+00   0.000000000000000E+00
   9.812042411300000E-01   1.416246363500000E+01   1.416246363500000E+01   0.000000000000000E+00  -9.998474267100000E-01   0.000000000000000E+00   0.000000000000000E+00   0.000000000000000E+00
   9.835476246900000E-01   1.419628746400000E+01   1.419628746400000E+01   0.000000000000000E+00  -9.998474267100000E-01   0.000000000000000E+00   0.000000000000000E+00   0.000000000000000E+00
   9.858910082600000E-01   1.423011129300000E+01   1.423011129300000E+01   0.000000000000000E+00  -9.998474267100000E-01   0.000000000000000E+00   0.000000000000000E+00   0.000000000000000E+00
   9.882343918299999E-01   1.426393512200000E+01   1.426393512200000E+01   0.000000000000000E+00  -9.998474267100000E-01   0.000000000000000E+00   0.000000000000000E+00   0.000000000000000E+00
   9.905777754000000E-01   1.429775895100000E+01   1.429775895100000E+01   0.000000000000000E+00  -9.998474267100000E-01   0.000000000000000E+00   0.000000000000000E+00   0.000000000000000E+00
   9.929333315500000E-01   1.433175847600000E+01   1.433175847600000E+01   0.000000000000000E+00  -9.998474267100000E-01   0.000000000000000E+00   0.000000000000000E+00   0.000000000000000E+00
   9.952888877000000E-01   1.436575800200000E+01   1.436575800200000E+01   0.000000000000000E+00  -9.998474267100000E-01   0.000000000000000E+00   0.000000000000000E+00   0.000000000000000E+00
   9.976444438500000E-01   1.439975752700000E+01   1.439975752700000E+01   0.000000000000000E+00  -9.998474267100000E-01   0.000000000000000E+00   0.000000000000000E+00   0.000000000000000E+00
   1.000000000000000E+00   1.443375705200000E+01   1.443375705200000E+01   0.000000000000000E+00  -9.998474267100000E-01   0.000000000000000E+00   0.000000000000000E+00   0.000000000000000E+00
