   0.000000000000000E+00   7.927364088400000E-32   0.000000000000000E+00   0.000000000000000E+00  -9.860654272100000E-01   0.000000000000000E+00   0.000000000000000E+00   0.000000000000000E+00
   2.667162848400000E-02   3.849718057200000E-01   3.849718057200000E-01   0.000000000000000E+00  -9.860654272100000E-01   0.000000000000000E+00   0.000000000000000E+00   0.000000000000000E+00
   5.334325696800000E-02   7.699436114400000E-01   7.699436114400000E-01   0.000000000000000E+00  -9.860654272100000E-01   0.000000000000000E+00   0.000000000000000E+00   0.000000000000000E+00
   8.001488545300001E-02   1.154915417200000E+00   1.154915417200000E+00   0.000000000000000E+00  -9.860654272100000E-01   0.000000000000000E+00   0.000000000000000E+00   0.000000000000000E+00
   1.066865139400000E-01   1.539887222900000E+00   1.539887222900000E+00   0.000000000000000E+00  -9.860654272100000E-01   0.000000000000000E+00   0.000000000000000E+00   0.000000000000000E+00
   1.240884657400000E-01   1.791062767400000E+00   1.791062767400000E+00   0.000000000000000E+00  -9.860654272100000E-01   0.000000000000000E+00   0.000000000000000E+00   0.000000000000000E+00
   1.414904175400000E-01   2.042238311900000E+00   2.042238311900000E+00   0.000000000000000E+00  -9.860654272100000E-01   0.000000000000000E+00   0.000000000000000E+00   0.000000000000000E+00
   1.588923693300000E-01   2.293413856400000E+00   2.293413856400000E+00   0.000000000000000E+00  -9.860654272100000E-01   0.000000000000000E+00   0.000000000000000E+00   0.000000000000000E+00
   1.762943211300000E-01   2.544589400900000E+00   2.544589400900000E+00   0.000000000000000E+00  -9.860654272100000E-01   0.000000000000000E+00   0.000000000000000E+00   0.000000000000000E+00
   1.926057168800000E-01   2.780024124200000E+00   2.780024124200000E+00   0.000000000000000E+00  -9.860654272100000E-01   0.000000000000000E+00   0.000000000000000E+00   0.000000000000000E+00
   2.089171126200000E-01   3.015458847600000E+00   3.015458847600000E+00   0.000000000000000E+00  -9.860654272100000E-01   0.000000000000000E+00   0.000000000000000E+00   0.000000000000000E+00
   2.252285083600000E-01   3.250893570900000E+00   3.250893570900000E+00   0.000000000000000E+00  -9.860654272100000E-01   0.000000000000000E+00   0.000000000000000E+00   0.000000000000000E+00
   2.415399041100000E-01   3.486328294200000E+00   3.486328294200000E+00   0.000000000000000E+00  -9.860654272100000E-01   0.000000000000000E+00   0.000000000000000E+00   0.000000000000000E+00
   2.584563103000000E-01   3.730495591500000E+00   3.730495591500000E+00   0.000000000000000E+00  -9.860654272100000E-01   0.000000000000000E+00   0.000000000000000E+00   0.000000000000000E+00
   2.753727165000000E-01   3.974662888700000E+00   3.974662888700000E+00   0.000000000000000E+00  -9.860654272100000E-01   0.000000000000000E+00   0.000000000000000E+00   0.000000000000000E+00
   2.922891226900000E-01   4.218830185900000E+00   4.218830185900000E+00   0.000000000000000E+00  -9.860654272100000E-01   0.000000000000000E+00   0.000000000000000E+00   0.000000000000000E+00
   3.092055288900000E-01   4.462997483100000E+00   4.462997483100000E+00   0.000000000000000E+00  -9.860654272100000E-01   0.000000000000000E+00   0.000000000000000E+00   0.000000000000000E+00
   3.243362002700000E-01   4.681389917800000E+00   4.681389917800000E+00   0.000000000000000E+00  -9.860654272100000E-01   0.000000000000000E+00   0.000000000000000E+00   0.000000000000000E+00
   3.394668716500000E-01   4.899782352600000E+00   4.899782352600000E+00   0.000000000000000E+00  -9.860654272100000E-01   0.000000000000000E+00   0.000000000000000E+00   0.000000000000000E+00
   3.545975430300000E-01   5.118174787300000E+00   5.118174787300000E+00   0.000000000000000E+00  -9.860654272100000E-01   0.000000000000000E+00   0.000000000000000E+00   0.000000000000000E+00
   3.697282144000000E-01   5.336567222000000E+00   5.336567222000000E+00   0.000000000000000E+00  -9.860654272100000E-01   0.000000000000000E+00   0.000000000000000E+00   0.000000000000000E+00
   3.824269210200000E-01   5.519857268100000E+00   5.519857268100000E+00   0.000000000000000E+00  -9.860654272100000E-01   0.000000000000000E+00   0.000000000000000E+00   0.000000000000000E+00
   3.951256276300000E-01   5.703147314200000E+00   5.703147314200000E+00   0.000000000000000E+00  -9.860654272100000E-01   0.000000000000000E+00   0.000000000000000E+00   0.000000000000000E+00
   4.078243342400000E-01   5.886437360300000E+00   5.886437360300000E+00   0.000000000000000E+00  -9.860654272100000E-01   0.000000000000000E+00   0.000000000000000E+00   0.000000000000000E+00
   4.205230408500000E-01   6.069727406500000E+00   6.069727406500000E+00   0.000000000000000E+00  -9.860654272100000E-01   0.000000000000000E+00   0.000000000000000E+00   0.000000000000000E+00
   4.302268424200000E-01   6.209789720700000E+00   6.209789720700000E+00   0.000000000000000E+00  -9.860654272100000E-01   0.000000000000000E+00   0.000000000000000E+00   0.000000000000000E+00
   4.399306439800000E-01   6.349852034900000E+00   6.349852034900000E+00   0.000000000000000E+00  -9.860654272100000E-01   0.000000000000000E+00   0.000000000000000E+00   0.000000000000000E+00
   4.496344455400000E-01   6.489914349100000E+00   6.489914349100000E+00   0.000000000000000E+00  -9.860654272100000E-01   0.000000000000000E+00   0.000000000000000E+00   0.000000000000000E+00
   4.593382471000000E-01   6.629976663300000E+00   6.629976663300000E+00   0.000000000000000E+00  -9.860654272100000E-01   0.000000000000000E+00   0.000000000000000E+00   0.000000000000000E+00
   4.668088485800000E-01   6.737805510200000E+00   6.737805510200000E+00   0.000000000000000E+00  -9.860654272100000E-01   0.000000000000000E+00   0.000000000000000E+00   0.000000000000000E+00
   4.742794500600000E-01   6.845634357000000E+00   6.845634357000000E+00   0.000000000000000E+00  -9.860654272100000E-01   0.000000000000000E+00   0.000000000000000E+00   0.000000000000000E+00
   4.817500515400000E-01   6.953463203800000E+00   6.953463203800000E+00   0.000000000000000E+00  -9.860654272100000E-01   0.000000000000000E+00   0.000000000000000E+00   0.000000000000000E+00
   4.892206530300000E-01   7.061292050600000E+00   7.061292050600000E+00   0.000000000000000E+00  -9.860654272100000E-01   0.000000000000000E+00   0.000000000000000E+00   0.000000000000000E+00
   4.944096190300000E-01   7.136188325200000E+00   7.136188325200000E+00   0.000000000000000E+00  -9.860654272100000E-01   0.000000000000000E+00   0.000000000000000E+00   0.000000000000000E+00
   4.995985850300000E-01   7.211084599800000E+00   7.211084599800000E+00   0.000000000000000E+00  -9.860654272100000E-01   0.000000000000000E+00   0.000000000000000E+00   0.000000000000000E+00
   5.047875510299999E-01   7.285980874400000E+00   7.285980874400000E+00   0.000000000000000E+00  -9.860654272100000E-01   0.000000000000000E+00   0.000000000000000E+00   0.000000000000000E+00
   5.099765170300000E-01   7.360877149000000E+00   7.360877149000000E+00   0.000000000000000E+00  -9.860654272100000E-01   0.000000000000000E+00   0.000000000000000E+00   0.000000000000000E+00
   5.151270565100000E-01   7.435218784600000E+00   7.435218784600000E+00   0.000000000000000E+00  -9.860654272100000E-01   0.000000000000000E+00   0.000000000000000E+00   0.000000000000000E+00
   5.202775959900000E-01   7.509560420100000E+00   7.509560420100000E+00   0.000000000000000E+00  -9.860654272100000E-01   0.000000000000000E+00   0.000000000000000E+00   0.000000000000000E+00
   5.254281354700000E-01   7.583902055700000E+00   7.583902055700000E+00   0.000000000000000E+00  -9.860654272100000E-01   0.000000000000000E+00   0.000000000000000E+00   0.000000000000000E+00
   5.305786749500000E-01   7.658243691200000E+00   7.658243691200000E+00   0.000000000000000E+00  -9.860654272100000E-01   0.000000000000000E+00   0.000000000000000E+00   0.000000000000000E+00
   5.366413880599999E-01   7.745751419300000E+00   7.745751419300000E+00   0.000000000000000E+00  -9.860654272100000E-01   0.000000000000000E+00   0.000000000000000E+00   0.000000000000000E+00
   5.427041011700000E-01   7.833259147300000E+00   7.833259147300000E+00   0.000000000000000E+00  -9.860654272100000E-01   0.000000000000000E+00   0.000000000000000E+00   0.000000000000000E+00
   5.487668142700000E-01   7.920766875400000E+00   7.920766875400000E+00   0.000000000000000E+00  -9.860654272100000E-01   0.000000000000000E+00   0.000000000000000E+00   0.000000000000000E+00
   5.548295273800000E-01   8.008274603500000E+00   8.008274603500000E+00   0.000000000000000E+00  -9.860654272100000E-01   0.000000000000000E+00   0.000000000000000E+00   0.000000000000000E+00
   5.606285569900000E-01   8.091976388000001E+00   8.091976388000001E+00   0.000000000000000E+00  -9.860654272100000E-01   0.000000000000000E+00   0.000000000000000E+00   0.000000000000000E+00
   5.664275866000000E-01   8.175678172500000E+00   8.175678172500000E+00   0.000000000000000E+00  -9.860654272100000E-01   0.000000000000000E+00   0.000000000000000E+00   0.000000000000000E+00
   5.722266162100000E-01   8.259379957000000E+00   8.259379957000000E+00   0.000000000000000E+00  -9.860654272100000E-01   0.000000000000000E+00   0.000000000000000E+00   0.000000000000000E+00
   5.780256458200000E-01   8.343081741500001E+00   8.343081741500001E+00   0.000000000000000E+00  -9.860654272100000E-01   0.000000000000000E+00   0.000000000000000E+00   0.000000000000000E+00
   5.828054236000000E-01   8.412071892800000E+00   8.412071892800000E+00   0.000000000000000E+00  -9.860654272100000E-01   0.000000000000000E+00   0.000000000000000E+00   0.000000000000000E+00
   5.875852013800000E-01   8.481062044000000E+00   8.481062044000000E+00   0.000000000000000E+00  -9.860654272100000E-01   0.000000000000000E+00   0.000000000000000E+00   0.000000000000000E+00
   5.923649791600000E-01   8.550052195199999E+00   8.550052195199999E+00   0.000000000000000E+00  -9.860654272100000E-01   0.000000000000000E+00   0.000000000000000E+00   0.000000000000000E+00
   5.971447569300000E-01   8.619042346500001E+00   8.619042346500001E+00   0.000000000000000E+00  -9.860654272100000E-01   0.000000000000000E+00   0.000000000000000E+00   0.000000000000000E+00
   6.012570156500000E-01   8.678397689800001E+00   8.678397689800001E+00   0.000000000000000E+00  -9.860654272100000E-01   0.000000000000000E+00   0.000000000000000E+00   0.000000000000000E+00
   6.053692743800000E-01   8.737753033100001E+00   8.737753033100001E+00   0.000000000000000E+00  -9.860654272100000E-01   0.000000000000000E+00   0.000000000000000E+00   0.000000000000000E+00
   6.094815331000000E-01   8.797108376400001E+00   8.797108376400001E+00   0.000000000000000E+00  -9.860654272100000E-01   0.000000000000000E+00   0.000000000000000E+00   0.000000000000000E+00
   6.135937918200000E-01   8.856463719700001E+00   8.856463719700001E+00   0.000000000000000E+00  -9.860654272100000E-01   0.000000000000000E+00   0.000000000000000E+00   0.000000000000000E+00
   6.170459239800000E-01   8.906290956599999E+00   8.906290956599999E+00   0.000000000000000E+00  -9.860654272100000E-01   0.000000000000000E+00   0.000000000000000E+00   0.000000000000000E+00
   6.204980561400000E-01   8.956118193500000E+00   8.956118193500000E+00   0.000000000000000E+00  -9.860654272100000E-01   0.000000000000000E+00   0.000000000000000E+00   0.000000000000000E+00
   6.239501882900000E-01   9.005945430400001E+00   9.005945430400001E+00   0.000000000000000E+00  -9.860654272100000E-01   0.000000000000000E+00   0.000000000000000E+00   0.000000000000000E+00
   6.274023204500000E-01   9.055772667299999E+00   9.055772667299999E+00   0.000000000000000E+00  -9.860654272100000E-01   0.000000000000000E+00   0.000000000000000E+00   0.000000000000000E+00
   6.307092599700000E-01   9.103504228800000E+00   9.103504228800000E+00   0.000000000000000E+00  -9.860654272100000E-01   0.000000000000000E+00   0.000000000000000E+00   0.000000000000000E+00
   6.340161994800000E-01   9.151235790299999E+00   9.151235790299999E+00   0.000000000000000E+00  -9.860654272100000E-01   0.000000000000000E+00   0.000000000000000E+00   0.000000000000000E+00
   6.373231389900000E-01   9.198967351800000E+00   9.198967351800000E+00   0.000000000000000E+00  -9.860654272100000E-01   0.000000000000000E+00   0.000000000000000E+00   0.000000000000000E+00
   6.406300785000000E-01   9.246698913299999E+00   9.246698913299999E+00   0.000000000000000E+00  -9.860654272100000E-01   0.000000000000000E+00   0.000000000000000E+00   0.000000000000000E+00
   6.440853001500000E-01   9.296570743100000E+00   9.296570743100000E+00   0.000000000000000E+00  -9.860654272100000E-01   0.000000000000000E+00   0.000000000000000E+00   0.000000000000000E+00
   6.475405217900000E-01   9.346442572799999E+00   9.346442572799999E+00   0.000000000000000E+00  -9.860654272100000E-01   0.000000000000000E+00   0.000000000000000E+00   0.000000000000000E+00
   6.509957434300000E-01   9.396314402500000E+00   9.396314402500000E+00   0.000000000000000E+00  -9.860654272100000E-01   0.000000000000000E+00   0.000000000000000E+00   0.000000000000000E+00
   6.544509650700000E-01   9.446186232300001E+00   9.446186232300001E+00   0.000000000000000E+00  -9.860654272100000E-01   0.000000000000000E+00   0.000000000000000E+00   0.000000000000000E+00
   6.583197790799999E-01   9.502027753800000E+00   9.502027753800000E+00   0.000000000000000E+00  -9.860654272100000E-01   0.000000000000000E+00   0.000000000000000E+00   0.000000000000000E+00
   6.621885930900000E-01   9.557869275200000E+00   9.557869275200000E+00   0.000000000000000E+00  -9.860654272100000E-01   0.000000000000000E+00   0.000000000000000E+00   0.000000000000000E+00
   6.660574071000001E-01   9.613710796700000E+00   9.613710796700000E+00   0.000000000000000E+00  -9.860654272100000E-01   0.000000000000000E+00   0.000000000000000E+00   0.000000000000000E+00
   6.699262211100000E-01   9.669552318199999E+00   9.669552318199999E+00   0.000000000000000E+00  -9.860654272100000E-01   0.000000000000000E+00   0.000000000000000E+00   0.000000000000000E+00
   6.724435226000000E-01   9.705886436400000E+00   9.705886436400000E+00   0.000000000000000E+00  -9.860654272100000E-01   0.000000000000000E+00   0.000000000000000E+00   0.000000000000000E+00
   6.749608240900000E-01   9.742220554599999E+00   9.742220554599999E+00   0.000000000000000E+00  -9.860654272100000E-01   0.000000000000000E+00   0.000000000000000E+00   0.000000000000000E+00
   6.774781255900000E-01   9.778554672800000E+00   9.778554672800000E+00   0.000000000000000E+00  -9.860654272100000E-01   0.000000000000000E+00   0.000000000000000E+00   0.000000000000000E+00
   6.799954270800000E-01   9.814888791000000E+00   9.814888791000000E+00   0.000000000000000E+00  -9.860654272100000E-01   0.000000000000000E+00   0.000000000000000E+00   0.000000000000000E+00
   6.818839650000000E-01   9.842147488400000E+00   9.842147488400000E+00   0.000000000000000E+00  -9.860654272100000E-01   0.000000000000000E+00   0.000000000000000E+00   0.000000000000000E+00
   6.837725029100000E-01   9.869406185900001E+00   9.869406185900001E+00   0.000000000000000E+00  -9.860654272100000E-01   0.000000000000000E+00   0.000000000000000E+00   0.000000000000000E+00
   6.856610408300000E-01   9.896664883300000E+00   9.896664883300000E+00   0.000000000000000E+00  -9.860654272100000E-01   0.000000000000000E+00   0.000000000000000E+00   0.000000000000000E+00
   6.875495787400000E-01   9.923923580700000E+00   9.923923580700000E+00   0.000000000000000E+00  -9.860654272100000E-01   0.000000000000000E+00   0.000000000000000E+00   0.000000000000000E+00
   6.890976821400000E-01   9.946268529199999E+00   9.946268529199999E+00   0.000000000000000E+00  -9.860654272100000E-01   0.000000000000000E+00   0.000000000000000E+00   0.000000000000000E+00
   6.906457855500000E-01   9.968613477600000E+00   9.968613477600000E+00   0.000000000000000E+00  -9.860654272100000E-01   0.000000000000000E+00   0.000000000000000E+00   0.000000000000000E+00
   6.921938889500000E-01   9.990958426000001E+00   9.990958426000001E+00   0.000000000000000E+00  -9.860654272100000E-01   0.000000000000000E+00   0.000000000000000E+00   0.000000000000000E+00
   6.937419923500000E-01   1.001330337400000E+01   1.001330337400000E+01   0.000000000000000E+00  -9.860654272100000E-01   0.000000000000000E+00   0.000000000000000E+00   0.000000000000000E+00
   6.955524136600000E-01   1.003943455600000E+01   1.003943455600000E+01   0.000000000000000E+00  -9.860654272100000E-01   0.000000000000000E+00   0.000000000000000E+00   0.000000000000000E+00
   6.973628349600000E-01   1.006556573700000E+01   1.006556573700000E+01   0.000000000000000E+00  -9.860654272100000E-01   0.000000000000000E+00   0.000000000000000E+00   0.000000000000000E+00
   6.991732562600000E-01   1.009169691800000E+01   1.009169691800000E+01   0.000000000000000E+00  -9.860654272100000E-01   0.000000000000000E+00   0.000000000000000E+00   0.000000000000000E+00
   7.009836775600000E-01   1.011782809900000E+01   1.011782809900000E+01   0.000000000000000E+00  -9.860654272100000E-01   0.000000000000000E+00   0.000000000000000E+00   0.000000000000000E+00
   7.026345888400000E-01   1.014165695200000E+01   1.014165695200000E+01   0.000000000000000E+00  -9.860654272100000E-01   0.000000000000000E+00   0.000000000000000E+00   0.000000000000000E+00
   7.042855001300000E-01   1.016548580400000E+01   1.016548580400000E+01   0.000000000000000E+00  -9.860654272100000E-01   0.000000000000000E+00   0.000000000000000E+00   0.000000000000000E+00
   7.059364114100000E-01   1.018931465600000E+01   1.018931465600000E+01   0.000000000000000E+00  -9.860654272100000E-01   0.000000000000000E+00   0.000000000000000E+00   0.000000000000000E+00
   7.075873226900000E-01   1.021314350900000E+01   1.021314350900000E+01   0.000000000000000E+00  -9.860654272100000E-01   0.000000000000000E+00   0.000000000000000E+00   0.000000000000000E+00
   7.091221896700000E-01   1.023529740600000E+01   1.023529740600000E+01   0.000000000000000E+00  -9.860654272100000E-01   0.000000000000000E+00   0.000000000000000E+00   0.000000000000000E+00
   7.106570566400000E-01   1.025745130300000E+01   1.025745130300000E+01   0.000000000000000E+00  -9.860654272100000E-01   0.000000000000000E+00   0.000000000000000E+00   0.000000000000000E+00
   7.121919236199999E-01   1.027960520000000E+01   1.027960520000000E+01   0.000000000000000E+00  -9.860654272100000E-01   0.000000000000000E+00   0.000000000000000E+00   0.000000000000000E+00
   7.137267905900000E-01   1.030175909700000E+01   1.030175909700000E+01   0.000000000000000E+00  -9.860654272100000E-01   0.000000000000000E+00   0.000000000000000E+00   0.000000000000000E+00
   7.153247068100000E-01   1.032482303100000E+01   1.032482303100000E+01   0.000000000000000E+00  -9.860654272100000E-01   0.000000000000000E+00   0.000000000000000E+00   0.000000000000000E+00
   7.169226230200000E-01   1.034788696600000E+01   1.034788696600000E+01   0.000000000000000E+00  -9.860654272100000E-01   0.000000000000000E+00   0.000000000000000E+00   0.000000000000000E+00
   7.185205392400000E-01   1.037095090000000E+01   1.037095090000000E+01   0.000000000000000E+00  -9.860654272100000E-01   0.000000000000000E+00   0.000000000000000E+00   0.000000000000000E+00
   7.201184554600000E-01   1.039401483500000E+01   1.039401483500000E+01   0.000000000000000E+00  -9.860654272100000E-01   0.000000000000000E+00   0.000000000000000E+00   0.000000000000000E+00
   7.213642345100000E-01   1.041199610700000E+01   1.041199610700000E+01   0.000000000000000E+00  -9.860654272100000E-01   0.000000000000000E+00   0.000000000000000E+00   0.000000000000000E+00
   7.226100135600000E-01   1.042997737900000E+01   1.042997737900000E+01   0.000000000000000E+00  -9.860654272100000E-01   0.000000000000000E+00   0.000000000000000E+00   0.000000000000000E+00
   7.238557926100000E-01   1.044795865100000E+01   1.044795865100000E+01   0.000000000000000E+00  -9.860654272100000E-01   0.000000000000000E+00   0.000000000000000E+00   0.000000000000000E+00
   7.251015716600000E-01   1.046593992300000E+01   1.046593992300000E+01   0.000000000000000E+00  -9.860654272100000E-01   0.000000000000000E+00   0.000000000000000E+00   0.000000000000000E+00
   7.260853750400000E-01   1.048013990200000E+01   1.048013990200000E+01   0.000000000000000E+00  -9.860654272100000E-01   0.000000000000000E+00   0.000000000000000E+00   0.000000000000000E+00
   7.270691784300000E-01   1.049433988100000E+01   1.049433988100000E+01   0.000000000000000E+00  -9.860654272100000E-01   0.000000000000000E+00   0.000000000000000E+00   0.000000000000000E+00
   7.280529818100000E-01   1.050853986000000E+01   1.050853986000000E+01   0.000000000000000E+00  -9.860654272100000E-01   0.000000000000000E+00   0.000000000000000E+00   0.000000000000000E+00
   7.290367852000000E-01   1.052273984000000E+01   1.052273984000000E+01   0.000000000000000E+00  -9.860654272100000E-01   0.000000000000000E+00   0.000000000000000E+00   0.000000000000000E+00
   7.299856791700000E-01   1.053643594500000E+01   1.053643594500000E+01   0.000000000000000E+00  -9.860654272100000E-01   0.000000000000000E+00   0.000000000000000E+00   0.000000000000000E+00
   7.309345731400000E-01   1.055013205000000E+01   1.055013205000000E+01   0.000000000000000E+00  -9.860654272100000E-01   0.000000000000000E+00   0.000000000000000E+00   0.000000000000000E+00
   7.318834671100000E-01   1.056382815500000E+01   1.056382815500000E+01   0.000000000000000E+00  -9.860654272100000E-01   0.000000000000000E+00   0.000000000000000E+00   0.000000000000000E+00
   7.328323610700000E-01   1.057752426000000E+01   1.057752426000000E+01   0.000000000000000E+00  -9.860654272100000E-01   0.000000000000000E+00   0.000000000000000E+00   0.000000000000000E+00
   7.339313447800000E-01   1.059338672300000E+01   1.059338672300000E+01   0.000000000000000E+00  -9.860654272100000E-01   0.000000000000000E+00   0.000000000000000E+00   0.000000000000000E+00
   7.350303284800001E-01   1.060924918700000E+01   1.060924918700000E+01   0.000000000000000E+00  -9.860654272100000E-01   0.000000000000000E+00   0.000000000000000E+00   0.000000000000000E+00
   7.361293121800000E-01   1.062511165100000E+01   1.062511165100000E+01   0.000000000000000E+00  -9.860654272100000E-01   0.000000000000000E+00   0.000000000000000E+00   0.000000000000000E+00
   7.372282958800001E-01   1.064097411500000E+01   1.064097411500000E+01   0.000000000000000E+00  -9.860654272100000E-01   0.000000000000000E+00   0.000000000000000E+00   0.000000000000000E+00
   7.382828134000000E-01   1.065619476400000E+01   1.065619476400000E+01   0.000000000000000E+00  -9.860654272100000E-01   0.000000000000000E+00   0.000000000000000E+00   0.000000000000000E+00
   7.393373309200000E-01   1.067141541400000E+01   1.067141541400000E+01   0.000000000000000E+00  -9.860654272100000E-01   0.000000000000000E+00   0.000000000000000E+00   0.000000000000000E+00
   7.403918484400001E-01   1.068663606400000E+01   1.068663606400000E+01   0.000000000000000E+00  -9.860654272100000E-01   0.000000000000000E+00   0.000000000000000E+00   0.000000000000000E+00
   7.414463659600000E-01   1.070185671300000E+01   1.070185671300000E+01   0.000000000000000E+00  -9.860654272100000E-01   0.000000000000000E+00   0.000000000000000E+00   0.000000000000000E+00
   7.423985108100000E-01   1.071559974100000E+01   1.071559974100000E+01   0.000000000000000E+00  -9.860654272100000E-01   0.000000000000000E+00   0.000000000000000E+00   0.000000000000000E+00
   7.433506556500000E-01   1.072934276800000E+01   1.072934276800000E+01   0.000000000000000E+00  -9.860654272100000E-01   0.000000000000000E+00   0.000000000000000E+00   0.000000000000000E+00
   7.443028005000000E-01   1.074308579600000E+01   1.074308579600000E+01   0.000000000000000E+00  -9.860654272100000E-01   0.000000000000000E+00   0.000000000000000E+00   0.000000000000000E+00
   7.452549453400000E-01   1.075682882300000E+01   1.075682882300000E+01   0.000000000000000E+00  -9.860654272100000E-01   0.000000000000000E+00   0.000000000000000E+00   0.000000000000000E+00
   7.462860437400000E-01   1.077171144700000E+01   1.077171144700000E+01   0.000000000000000E+00  -9.860654272100000E-01   0.000000000000000E+00   0.000000000000000E+00   0.000000000000000E+00
   7.473171421400000E-01   1.078659407000000E+01   1.078659407000000E+01   0.000000000000000E+00  -9.860654272100000E-01   0.000000000000000E+00   0.000000000000000E+00   0.000000000000000E+00
   7.483482405400000E-01   1.080147669400000E+01   1.080147669400000E+01   0.000000000000000E+00  -9.860654272100000E-01   0.000000000000000E+00   0.000000000000000E+00   0.000000000000000E+00
   7.493793389400000E-01   1.081635931800000E+01   1.081635931800000E+01   0.000000000000000E+00  -9.860654272100000E-01   0.000000000000000E+00   0.000000000000000E+00   0.000000000000000E+00
   7.503068455700000E-01   1.082974672300000E+01   1.082974672300000E+01   0.000000000000000E+00  -9.860654272100000E-01   0.000000000000000E+00   0.000000000000000E+00   0.000000000000000E+00
   7.512343522100000E-01   1.084313412900000E+01   1.084313412900000E+01   0.000000000000000E+00  -9.860654272100000E-01   0.000000000000000E+00   0.000000000000000E+00   0.000000000000000E+00
   7.521618588400000E-01   1.085652153400000E+01   1.085652153400000E+01   0.000000000000000E+00  -9.860654272100000E-01   0.000000000000000E+00   0.000000000000000E+00   0.000000000000000E+00
   7.530893654700000E-01   1.086990894000000E+01   1.086990894000000E+01   0.000000000000000E+00  -9.860654272100000E-01   0.000000000000000E+00   0.000000000000000E+00   0.000000000000000E+00
   7.540355806900000E-01   1.088356638000000E+01   1.088356638000000E+01   0.000000000000000E+00  -9.860654272100000E-01   0.000000000000000E+00   0.000000000000000E+00   0.000000000000000E+00
   7.549817959200000E-01   1.089722382100000E+01   1.089722382100000E+01   0.000000000000000E+00  -9.860654272100000E-01   0.000000000000000E+00   0.000000000000000E+00   0.000000000000000E+00
   7.559280111400000E-01   1.091088126200000E+01   1.091088126200000E+01   0.000000000000000E+00  -9.860654272100000E-01   0.000000000000000E+00   0.000000000000000E+00   0.000000000000000E+00
   7.568742263600000E-01   1.092453870200000E+01   1.092453870200000E+01   0.000000000000000E+00  -9.860654272100000E-01   0.000000000000000E+00   0.000000000000000E+00   0.000000000000000E+00
   7.577644741600000E-01   1.093738832300000E+01   1.093738832300000E+01   0.000000000000000E+00  -9.860654272100000E-01   0.000000000000000E+00   0.000000000000000E+00   0.000000000000000E+00
   7.586547219500001E-01   1.095023794300000E+01   1.095023794300000E+01   0.000000000000000E+00  -9.860654272100000E-01   0.000000000000000E+00   0.000000000000000E+00   0.000000000000000E+00
   7.595449697400000E-01   1.096308756300000E+01   1.096308756300000E+01   0.000000000000000E+00  -9.860654272100000E-01   0.000000000000000E+00   0.000000000000000E+00   0.000000000000000E+00
   7.604352175300000E-01   1.097593718400000E+01   1.097593718400000E+01   0.000000000000000E+00  -9.860654272100000E-01   0.000000000000000E+00   0.000000000000000E+00   0.000000000000000E+00
   7.613613039000000E-01   1.098930408900000E+01   1.098930408900000E+01   0.000000000000000E+00  -9.860654272100000E-01   0.000000000000000E+00   0.000000000000000E+00   0.000000000000000E+00
   7.622873902800000E-01   1.100267099500000E+01   1.100267099500000E+01   0.000000000000000E+00  -9.860654272100000E-01   0.000000000000000E+00   0.000000000000000E+00   0.000000000000000E+00
   7.632134766499999E-01   1.101603790100000E+01   1.101603790100000E+01   0.000000000000000E+00  -9.860654272100000E-01   0.000000000000000E+00   0.000000000000000E+00   0.000000000000000E+00
   7.641395630300000E-01   1.102940480700000E+01   1.102940480700000E+01   0.000000000000000E+00  -9.860654272100000E-01   0.000000000000000E+00   0.000000000000000E+00   0.000000000000000E+00
   7.654634088900000E-01   1.104851287600000E+01   1.104851287600000E+01   0.000000000000000E+00  -9.860654272100000E-01   0.000000000000000E+00   0.000000000000000E+00   0.000000000000000E+00
   7.667872547500000E-01   1.106762094600000E+01   1.106762094600000E+01   0.000000000000000E+00  -9.860654272100000E-01   0.000000000000000E+00   0.000000000000000E+00   0.000000000000000E+00
   7.681111006200000E-01   1.108672901500000E+01   1.108672901500000E+01   0.000000000000000E+00  -9.860654272100000E-01   0.000000000000000E+00   0.000000000000000E+00   0.000000000000000E+00
   7.694349464800000E-01   1.110583708500000E+01   1.110583708500000E+01   0.000000000000000E+00  -9.860654272100000E-01   0.000000000000000E+00   0.000000000000000E+00   0.000000000000000E+00
   7.704981813500000E-01   1.112118355900000E+01   1.112118355900000E+01   0.000000000000000E+00  -9.860654272100000E-01   0.000000000000000E+00   0.000000000000000E+00   0.000000000000000E+00
   7.715614162200000E-01   1.113653003200000E+01   1.113653003200000E+01   0.000000000000000E+00  -9.860654272100000E-01   0.000000000000000E+00   0.000000000000000E+00   0.000000000000000E+00
   7.726246510900000E-01   1.115187650600000E+01   1.115187650600000E+01   0.000000000000000E+00  -9.860654272100000E-01   0.000000000000000E+00   0.000000000000000E+00   0.000000000000000E+00
   7.736878859600000E-01   1.116722298000000E+01   1.116722298000000E+01   0.000000000000000E+00  -9.860654272100000E-01   0.000000000000000E+00   0.000000000000000E+00   0.000000000000000E+00
   7.745747655800000E-01   1.118002398500000E+01   1.118002398500000E+01   0.000000000000000E+00  -9.860654272100000E-01   0.000000000000000E+00   0.000000000000000E+00   0.000000000000000E+00
   7.754616451900000E-01   1.119282499000000E+01   1.119282499000000E+01   0.000000000000000E+00  -9.860654272100000E-01   0.000000000000000E+00   0.000000000000000E+00   0.000000000000000E+00
   7.763485248100001E-01   1.120562599500000E+01   1.120562599500000E+01   0.000000000000000E+00  -9.860654272100000E-01   0.000000000000000E+00   0.000000000000000E+00   0.000000000000000E+00
   7.772354044200001E-01   1.121842700000000E+01   1.121842700000000E+01   0.000000000000000E+00  -9.860654272100000E-01   0.000000000000000E+00   0.000000000000000E+00   0.000000000000000E+00
   7.783852980200000E-01   1.123502428500000E+01   1.123502428500000E+01   0.000000000000000E+00  -9.860654272100000E-01   0.000000000000000E+00   0.000000000000000E+00   0.000000000000000E+00
   7.795351916300000E-01   1.125162156900000E+01   1.125162156900000E+01   0.000000000000000E+00  -9.860654272100000E-01   0.000000000000000E+00   0.000000000000000E+00   0.000000000000000E+00
   7.806850852300000E-01   1.126821885400000E+01   1.126821885400000E+01   0.000000000000000E+00  -9.860654272100000E-01   0.000000000000000E+00   0.000000000000000E+00   0.000000000000000E+00
   7.818349788400000E-01   1.128481613900000E+01   1.128481613900000E+01   0.000000000000000E+00  -9.860654272100000E-01   0.000000000000000E+00   0.000000000000000E+00   0.000000000000000E+00
   7.839476914500000E-01   1.131531052000000E+01   1.131531052000000E+01   0.000000000000000E+00  -9.860654272100000E-01   0.000000000000000E+00   0.000000000000000E+00   0.000000000000000E+00
   7.860604040500000E-01   1.134580490000000E+01   1.134580490000000E+01   0.000000000000000E+00  -9.860654272100000E-01   0.000000000000000E+00   0.000000000000000E+00   0.000000000000000E+00
   7.881731166600000E-01   1.137629928100000E+01   1.137629928100000E+01   0.000000000000000E+00  -9.860654272100000E-01   0.000000000000000E+00   0.000000000000000E+00   0.000000000000000E+00
   7.902858292700000E-01   1.140679366100000E+01   1.140679366100000E+01   0.000000000000000E+00  -9.860654272100000E-01   0.000000000000000E+00   0.000000000000000E+00   0.000000000000000E+00
   7.923346995300000E-01   1.143636655700000E+01   1.143636655700000E+01   0.000000000000000E+00  -9.860654272100000E-01   0.000000000000000E+00   0.000000000000000E+00   0.000000000000000E+00
   7.943835697800000E-01   1.146593945200000E+01   1.146593945200000E+01   0.000000000000000E+00  -9.860654272100000E-01   0.000000000000000E+00   0.000000000000000E+00   0.000000000000000E+00
   7.964324400400000E-01   1.149551234800000E+01   1.149551234800000E+01   0.000000000000000E+00  -9.860654272100000E-01   0.000000000000000E+00   0.000000000000000E+00   0.000000000000000E+00
   7.984813102900000E-01   1.152508524300000E+01   1.152508524300000E+01   0.000000000000000E+00  -9.860654272100000E-01   0.000000000000000E+00   0.000000000000000E+00   0.000000000000000E+00
   8.004094481500000E-01   1.155291551700000E+01   1.155291551700000E+01   0.000000000000000E+00  -9.860654272100000E-01   0.000000000000000E+00   0.000000000000000E+00   0.000000000000000E+00
   8.023375860000000E-01   1.158074579000000E+01   1.158074579000000E+01   0.000000000000000E+00  -9.860654272100000E-01   0.000000000000000E+00   0.000000000000000E+00   0.000000000000000E+00
   8.042657238599999E-01   1.160857606300000E+01   1.160857606300000E+01   0.000000000000000E+00  -9.860654272100000E-01   0.000000000000000E+00   0.000000000000000E+00   0.000000000000000E+00
   8.061938617100000E-01   1.163640633700000E+01   1.163640633700000E+01   0.000000000000000E+00  -9.860654272100000E-01   0.000000000000000E+00   0.000000000000000E+00   0.000000000000000E+00
   8.079357151600000E-01   1.166154782600000E+01   1.166154782600000E+01   0.000000000000000E+00  -9.860654272100000E-01   0.000000000000000E+00   0.000000000000000E+00   0.000000000000000E+00
   8.096775686200000E-01   1.168668931600000E+01   1.168668931600000E+01   0.000000000000000E+00  -9.860654272100000E-01   0.000000000000000E+00   0.000000000000000E+00   0.000000000000000E+00
   8.114194220700000E-01   1.171183080500000E+01   1.171183080500000E+01   0.000000000000000E+00  -9.860654272100000E-01   0.000000000000000E+00   0.000000000000000E+00   0.000000000000000E+00
   8.131612755199999E-01   1.173697229500000E+01   1.173697229500000E+01   0.000000000000000E+00  -9.860654272100000E-01   0.000000000000000E+00   0.000000000000000E+00   0.000000000000000E+00
   8.147642040100000E-01   1.176010857500000E+01   1.176010857500000E+01   0.000000000000000E+00  -9.860654272100000E-01   0.000000000000000E+00   0.000000000000000E+00   0.000000000000000E+00
   8.163671325000000E-01   1.178324485600000E+01   1.178324485600000E+01   0.000000000000000E+00  -9.860654272100000E-01   0.000000000000000E+00   0.000000000000000E+00   0.000000000000000E+00
   8.179700609800000E-01   1.180638113600000E+01   1.180638113600000E+01   0.000000000000000E+00  -9.860654272100000E-01   0.000000000000000E+00   0.000000000000000E+00   0.000000000000000E+00
   8.195729894700000E-01   1.182951741600000E+01   1.182951741600000E+01   0.000000000000000E+00  -9.860654272100000E-01   0.000000000000000E+00   0.000000000000000E+00   0.000000000000000E+00
   8.210726150000000E-01   1.185116264700000E+01   1.185116264700000E+01   0.000000000000000E+00  -9.860654272100000E-01   0.000000000000000E+00   0.000000000000000E+00   0.000000000000000E+00
   8.225722405400000E-01   1.187280787800000E+01   1.187280787800000E+01   0.000000000000000E+00  -9.860654272100000E-01   0.000000000000000E+00   0.000000000000000E+00   0.000000000000000E+00
   8.240718660700000E-01   1.189445310800000E+01   1.189445310800000E+01   0.000000000000000E+00  -9.860654272100000E-01   0.000000000000000E+00   0.000000000000000E+00   0.000000000000000E+00
   8.255714916100000E-01   1.191609833900000E+01   1.191609833900000E+01   0.000000000000000E+00  -9.860654272100000E-01   0.000000000000000E+00   0.000000000000000E+00   0.000000000000000E+00
   8.269835638700000E-01   1.193647984700000E+01   1.193647984700000E+01   0.000000000000000E+00  -9.860654272100000E-01   0.000000000000000E+00   0.000000000000000E+00   0.000000000000000E+00
   8.283956361400000E-01   1.195686135500000E+01   1.195686135500000E+01   0.000000000000000E+00  -9.860654272100000E-01   0.000000000000000E+00   0.000000000000000E+00   0.000000000000000E+00
   8.298077084100000E-01   1.197724286300000E+01   1.197724286300000E+01   0.000000000000000E+00  -9.860654272100000E-01   0.000000000000000E+00   0.000000000000000E+00   0.000000000000000E+00
   8.312197806700000E-01   1.199762437100000E+01   1.199762437100000E+01   0.000000000000000E+00  -9.860654272100000E-01   0.000000000000000E+00   0.000000000000000E+00   0.000000000000000E+00
   8.328822959700000E-01   1.202162071300000E+01   1.202162071300000E+01   0.000000000000000E+00  -9.860654272100000E-01   0.000000000000000E+00   0.000000000000000E+00   0.000000000000000E+00
   8.345448112700000E-01   1.204561705500000E+01   1.204561705500000E+01   0.000000000000000E+00  -9.860654272100000E-01   0.000000000000000E+00   0.000000000000000E+00   0.000000000000000E+00
   8.362073265700000E-01   1.206961339700000E+01   1.206961339700000E+01   0.000000000000000E+00  -9.860654272100000E-01   0.000000000000000E+00   0.000000000000000E+00   0.000000000000000E+00
   8.378698418700000E-01   1.209360973900000E+01   1.209360973900000E+01   0.000000000000000E+00  -9.860654272100000E-01   0.000000000000000E+00   0.000000000000000E+00   0.000000000000000E+00
   8.396832364000000E-01   1.211978383500000E+01   1.211978383500000E+01   0.000000000000000E+00  -9.860654272100000E-01   0.000000000000000E+00   0.000000000000000E+00   0.000000000000000E+00
   8.414966309300000E-01   1.214595793100000E+01   1.214595793100000E+01   0.000000000000000E+00  -9.860654272100000E-01   0.000000000000000E+00   0.000000000000000E+00   0.000000000000000E+00
   8.433100254600000E-01   1.217213202700000E+01   1.217213202700000E+01   0.000000000000000E+00  -9.860654272100000E-01   0.000000000000000E+00   0.000000000000000E+00   0.000000000000000E+00
   8.451234199900000E-01   1.219830612300000E+01   1.219830612300000E+01   0.000000000000000E+00  -9.860654272100000E-01   0.000000000000000E+00   0.000000000000000E+00   0.000000000000000E+00
   8.467698672700000E-01   1.222207054300000E+01   1.222207054300000E+01   0.000000000000000E+00  -9.860654272100000E-01   0.000000000000000E+00   0.000000000000000E+00   0.000000000000000E+00
   8.484163145500000E-01   1.224583496300000E+01   1.224583496300000E+01   0.000000000000000E+00  -9.860654272100000E-01   0.000000000000000E+00   0.000000000000000E+00   0.000000000000000E+00
   8.500627618300000E-01   1.226959938300000E+01   1.226959938300000E+01   0.000000000000000E+00  -9.860654272100000E-01   0.000000000000000E+00   0.000000000000000E+00   0.000000000000000E+00
   8.517092091100000E-01   1.229336380300000E+01   1.229336380300000E+01   0.000000000000000E+00  -9.860654272100000E-01   0.000000000000000E+00   0.000000000000000E+00   0.000000000000000E+00
   8.532362391100000E-01   1.231540458300000E+01   1.231540458300000E+01   0.000000000000000E+00  -9.860654272100000E-01   0.000000000000000E+00   0.000000000000000E+00   0.000000000000000E+00
   8.547632691000000E-01   1.233744536300000E+01   1.233744536300000E+01   0.000000000000000E+00  -9.860654272100000E-01   0.000000000000000E+00   0.000000000000000E+00   0.000000000000000E+00
   8.562902991000000E-01   1.235948614300000E+01   1.235948614300000E+01   0.000000000000000E+00  -9.860654272100000E-01   0.000000000000000E+00   0.000000000000000E+00   0.000000000000000E+00
   8.578173290900000E-01   1.238152692300000E+01   1.238152692300000E+01   0.000000000000000E+00  -9.860654272100000E-01   0.000000000000000E+00   0.000000000000000E+00   0.000000000000000E+00
   8.593739370600000E-01   1.240399462400000E+01   1.240399462400000E+01   0.000000000000000E+00  -9.860654272100000E-01   0.000000000000000E+00   0.000000000000000E+00   0.000000000000000E+00
   8.609305450200000E-01   1.242646232500000E+01   1.242646232500000E+01   0.000000000000000E+00  -9.860654272100000E-01   0.000000000000000E+00   0.000000000000000E+00   0.000000000000000E+00
   8.624871529900000E-01   1.244893002700000E+01   1.244893002700000E+01   0.000000000000000E+00  -9.860654272100000E-01   0.000000000000000E+00   0.000000000000000E+00   0.000000000000000E+00
   8.640437609500000E-01   1.247139772800000E+01   1.247139772800000E+01   0.000000000000000E+00  -9.860654272100000E-01   0.000000000000000E+00   0.000000000000000E+00   0.000000000000000E+00
   8.656715103900000E-01   1.249489226800000E+01   1.249489226800000E+01   0.000000000000000E+00  -9.860654272100000E-01   0.000000000000000E+00   0.000000000000000E+00   0.000000000000000E+00
   8.672992598300000E-01   1.251838680800000E+01   1.251838680800000E+01   0.000000000000000E+00  -9.860654272100000E-01   0.000000000000000E+00   0.000000000000000E+00   0.000000000000000E+00
   8.689270092800000E-01   1.254188134800000E+01   1.254188134800000E+01   0.000000000000000E+00  -9.860654272100000E-01   0.000000000000000E+00   0.000000000000000E+00   0.000000000000000E+00
   8.705547587200000E-01   1.256537588800000E+01   1.256537588800000E+01   0.000000000000000E+00  -9.860654272100000E-01   0.000000000000000E+00   0.000000000000000E+00   0.000000000000000E+00
   8.719998847100000E-01   1.258623448500000E+01   1.258623448500000E+01   0.000000000000000E+00  -9.860654272100000E-01   0.000000000000000E+00   0.000000000000000E+00   0.000000000000000E+00
   8.734450107100000E-01   1.260709308300000E+01   1.260709308300000E+01   0.000000000000000E+00  -9.860654272100000E-01   0.000000000000000E+00   0.000000000000000E+00   0.000000000000000E+00
   8.748901367100000E-01   1.262795168000000E+01   1.262795168000000E+01   0.000000000000000E+00  -9.860654272100000E-01   0.000000000000000E+00   0.000000000000000E+00   0.000000000000000E+00
   8.763352627000000E-01   1.264881027800000E+01   1.264881027800000E+01   0.000000000000000E+00  -9.860654272100000E-01   0.000000000000000E+00   0.000000000000000E+00   0.000000000000000E+00
   8.777190426200000E-01   1.266878342100000E+01   1.266878342100000E+01   0.000000000000000E+00  -9.860654272100000E-01   0.000000000000000E+00   0.000000000000000E+00   0.000000000000000E+00
   8.791028225400001E-01   1.268875656400000E+01   1.268875656400000E+01   0.000000000000000E+00  -9.860654272100000E-01   0.000000000000000E+00   0.000000000000000E+00   0.000000000000000E+00
   8.804866024500000E-01   1.270872970700000E+01   1.270872970700000E+01   0.000000000000000E+00  -9.860654272100000E-01   0.000000000000000E+00   0.000000000000000E+00   0.000000000000000E+00
   8.818703823700000E-01   1.272870285100000E+01   1.272870285100000E+01   0.000000000000000E+00  -9.860654272100000E-01   0.000000000000000E+00   0.000000000000000E+00   0.000000000000000E+00
   8.834656133000000E-01   1.275172802600000E+01   1.275172802600000E+01   0.000000000000000E+00  -9.860654272100000E-01   0.000000000000000E+00   0.000000000000000E+00   0.000000000000000E+00
   8.850608442300000E-01   1.277475320200000E+01   1.277475320200000E+01   0.000000000000000E+00  -9.860654272100000E-01   0.000000000000000E+00   0.000000000000000E+00   0.000000000000000E+00
   8.866560751600000E-01   1.279777837700000E+01   1.279777837700000E+01   0.000000000000000E+00  -9.860654272100000E-01   0.000000000000000E+00   0.000000000000000E+00   0.000000000000000E+00
   8.882513060800000E-01   1.282080355300000E+01   1.282080355300000E+01   0.000000000000000E+00  -9.860654272100000E-01   0.000000000000000E+00   0.000000000000000E+00   0.000000000000000E+00
   8.899108360300000E-01   1.284475680500000E+01   1.284475680500000E+01   0.000000000000000E+00  -9.860654272100000E-01   0.000000000000000E+00   0.000000000000000E+00   0.000000000000000E+00
   8.915703659899999E-01   1.286871005700000E+01   1.286871005700000E+01   0.000000000000000E+00  -9.860654272100000E-01   0.000000000000000E+00   0.000000000000000E+00   0.000000000000000E+00
   8.932298959400000E-01   1.289266331000000E+01   1.289266331000000E+01   0.000000000000000E+00  -9.860654272100000E-01   0.000000000000000E+00   0.000000000000000E+00   0.000000000000000E+00
   8.948894258900000E-01   1.291661656200000E+01   1.291661656200000E+01   0.000000000000000E+00  -9.860654272100000E-01   0.000000000000000E+00   0.000000000000000E+00   0.000000000000000E+00
   8.965319913200001E-01   1.294032495200000E+01   1.294032495200000E+01   0.000000000000000E+00  -9.860654272100000E-01   0.000000000000000E+00   0.000000000000000E+00   0.000000000000000E+00
   8.981745567600000E-01   1.296403334300000E+01   1.296403334300000E+01   0.000000000000000E+00  -9.860654272100000E-01   0.000000000000000E+00   0.000000000000000E+00   0.000000000000000E+00
   8.998171221900000E-01   1.298774173300000E+01   1.298774173300000E+01   0.000000000000000E+00  -9.860654272100000E-01   0.000000000000000E+00   0.000000000000000E+00   0.000000000000000E+00
   9.014596876300000E-01   1.301145012300000E+01   1.301145012300000E+01   0.000000000000000E+00  -9.860654272100000E-01   0.000000000000000E+00   0.000000000000000E+00   0.000000000000000E+00
   9.031831380000001E-01   1.303632598700000E+01   1.303632598700000E+01   0.000000000000000E+00  -9.860654272100000E-01   0.000000000000000E+00   0.000000000000000E+00   0.000000000000000E+00
   9.049065883700000E-01   1.306120185100000E+01   1.306120185100000E+01   0.000000000000000E+00  -9.860654272100000E-01   0.000000000000000E+00   0.000000000000000E+00   0.000000000000000E+00
   9.066300387500000E-01   1.308607771500000E+01   1.308607771500000E+01   0.000000000000000E+00  -9.860654272100000E-01   0.000000000000000E+00   0.000000000000000E+00   0.000000000000000E+00
   9.083534891200000E-01   1.311095357900000E+01   1.311095357900000E+01   0.000000000000000E+00  -9.860654272100000E-01   0.000000000000000E+00   0.000000000000000E+00   0.000000000000000E+00
   9.099915985200000E-01   1.313459765200000E+01   1.313459765200000E+01   0.000000000000000E+00  -9.860654272100000E-01   0.000000000000000E+00   0.000000000000000E+00   0.000000000000000E+00
   9.116297079300000E-01   1.315824172600000E+01   1.315824172600000E+01   0.000000000000000E+00  -9.860654272100000E-01   0.000000000000000E+00   0.000000000000000E+00   0.000000000000000E+00
   9.132678173400000E-01   1.318188579900000E+01   1.318188579900000E+01   0.000000000000000E+00  -9.860654272100000E-01   0.000000000000000E+00   0.000000000000000E+00   0.000000000000000E+00
   9.149059267400000E-01   1.320552987200000E+01   1.320552987200000E+01   0.000000000000000E+00  -9.860654272100000E-01   0.000000000000000E+00   0.000000000000000E+00   0.000000000000000E+00
   9.164797311500000E-01   1.322824578200000E+01   1.322824578200000E+01   0.000000000000000E+00  -9.860654272100000E-01   0.000000000000000E+00   0.000000000000000E+00   0.000000000000000E+00
   9.180535355500000E-01   1.325096169300000E+01   1.325096169300000E+01   0.000000000000000E+00  -9.860654272100000E-01   0.000000000000000E+00   0.000000000000000E+00   0.000000000000000E+00
   9.196273399600000E-01   1.327367760300000E+01   1.327367760300000E+01   0.000000000000000E+00  -9.860654272100000E-01   0.000000000000000E+00   0.000000000000000E+00   0.000000000000000E+00
   9.212011443700000E-01   1.329639351400000E+01   1.329639351400000E+01   0.000000000000000E+00  -9.860654272100000E-01   0.000000000000000E+00   0.000000000000000E+00   0.000000000000000E+00
   9.229863336100000E-01   1.332216050200000E+01   1.332216050200000E+01   0.000000000000000E+00  -9.860654272100000E-01   0.000000000000000E+00   0.000000000000000E+00   0.000000000000000E+00
   9.247715228500000E-01   1.334792748900000E+01   1.334792748900000E+01   0.000000000000000E+00  -9.860654272100000E-01   0.000000000000000E+00   0.000000000000000E+00   0.000000000000000E+00
   9.265567120900000E-01   1.337369447700000E+01   1.337369447700000E+01   0.000000000000000E+00  -9.860654272100000E-01   0.000000000000000E+00   0.000000000000000E+00   0.000000000000000E+00
   9.283419013300001E-01   1.339946146500000E+01   1.339946146500000E+01   0.000000000000000E+00  -9.860654272100000E-01   0.000000000000000E+00   0.000000000000000E+00   0.000000000000000E+00
   9.300981336800000E-01   1.342481049600000E+01   1.342481049600000E+01   0.000000000000000E+00  -9.860654272100000E-01   0.000000000000000E+00   0.000000000000000E+00   0.000000000000000E+00
   9.318543660200000E-01   1.345015952700000E+01   1.345015952700000E+01   0.000000000000000E+00  -9.860654272100000E-01   0.000000000000000E+00   0.000000000000000E+00   0.000000000000000E+00
   9.336105983700000E-01   1.347550855800000E+01   1.347550855800000E+01   0.000000000000000E+00  -9.860654272100000E-01   0.000000000000000E+00   0.000000000000000E+00   0.000000000000000E+00
   9.353668307200000E-01   1.350085758900000E+01   1.350085758900000E+01   0.000000000000000E+00  -9.860654272100000E-01   0.000000000000000E+00   0.000000000000000E+00   0.000000000000000E+00
   9.369562903899999E-01   1.352379946400000E+01   1.352379946400000E+01   0.000000000000000E+00  -9.860654272100000E-01   0.000000000000000E+00   0.000000000000000E+00   0.000000000000000E+00
   9.385457500700000E-01   1.354674133900000E+01   1.354674133900000E+01   0.000000000000000E+00  -9.860654272100000E-01   0.000000000000000E+00   0.000000000000000E+00   0.000000000000000E+00
   9.401352097500000E-01   1.356968321400000E+01   1.356968321400000E+01   0.000000000000000E+00  -9.860654272100000E-01   0.000000000000000E+00   0.000000000000000E+00   0.000000000000000E+00
   9.417246694300000E-01   1.359262508800000E+01   1.359262508800000E+01   0.000000000000000E+00  -9.860654272100000E-01   0.000000000000000E+00   0.000000000000000E+00   0.000000000000000E+00
   9.431542394000000E-01   1.361325915400000E+01   1.361325915400000E+01   0.000000000000000E+00  -9.860654272100000E-01   0.000000000000000E+00   0.000000000000000E+00   0.000000000000000E+00
   9.445838093600000E-01   1.363389322000000E+01   1.363389322000000E+01   0.000000000000000E+00  -9.860654272100000E-01   0.000000000000000E+00   0.000000000000000E+00   0.000000000000000E+00
   9.460133793300000E-01   1.365452728500000E+01   1.365452728500000E+01   0.000000000000000E+00  -9.860654272100000E-01   0.000000000000000E+00   0.000000000000000E+00   0.000000000000000E+00
   9.474429492999999E-01   1.367516135100000E+01   1.367516135100000E+01   0.000000000000000E+00  -9.860654272100000E-01   0.000000000000000E+00   0.000000000000000E+00   0.000000000000000E+00
   9.487073100200000E-01   1.369341082600000E+01   1.369341082600000E+01   0.000000000000000E+00  -9.860654272100000E-01   0.000000000000000E+00   0.000000000000000E+00   0.000000000000000E+00
   9.499716707500000E-01   1.371166030200000E+01   1.371166030200000E+01   0.000000000000000E+00  -9.860654272100000E-01   0.000000000000000E+00   0.000000000000000E+00   0.000000000000000E+00
   9.512360314800000E-01   1.372990977700000E+01   1.372990977700000E+01   0.000000000000000E+00  -9.860654272100000E-01   0.000000000000000E+00   0.000000000000000E+00   0.000000000000000E+00
   9.525003922100000E-01   1.374815925300000E+01   1.374815925300000E+01   0.000000000000000E+00  -9.860654272100000E-01   0.000000000000000E+00   0.000000000000000E+00   0.000000000000000E+00
   9.538186768900000E-01   1.376718705400000E+01   1.376718705400000E+01   0.000000000000000E+00  -9.860654272100000E-01   0.000000000000000E+00   0.000000000000000E+00   0.000000000000000E+00
   9.551369615800001E-01   1.378621485500000E+01   1.378621485500000E+01   0.000000000000000E+00  -9.860654272100000E-01   0.000000000000000E+00   0.000000000000000E+00   0.000000000000000E+00
   9.564552462700000E-01   1.380524265600000E+01   1.380524265600000E+01   0.000000000000000E+00  -9.860654272100000E-01   0.000000000000000E+00   0.000000000000000E+00   0.000000000000000E+00
   9.577735309600000E-01   1.382427045700000E+01   1.382427045700000E+01   0.000000000000000E+00  -9.860654272100000E-01   0.000000000000000E+00   0.000000000000000E+00   0.000000000000000E+00
   9.593986292600000E-01   1.384772673100000E+01   1.384772673100000E+01   0.000000000000000E+00  -9.860654272100000E-01   0.000000000000000E+00   0.000000000000000E+00   0.000000000000000E+00
   9.610237275700000E-01   1.387118300500000E+01   1.387118300500000E+01   0.000000000000000E+00  -9.860654272100000E-01   0.000000000000000E+00   0.000000000000000E+00   0.000000000000000E+00
   9.626488258700000E-01   1.389463927900000E+01   1.389463927900000E+01   0.000000000000000E+00  -9.860654272100000E-01   0.000000000000000E+00   0.000000000000000E+00   0.000000000000000E+00
   9.642739241800000E-01   1.391809555300000E+01   1.391809555300000E+01   0.000000000000000E+00  -9.860654272100000E-01   0.000000000000000E+00   0.000000000000000E+00   0.000000000000000E+00
   9.661915797800000E-01   1.394577452800000E+01   1.394577452800000E+01   0.000000000000000E+00  -9.860654272100000E-01   0.000000000000000E+00   0.000000000000000E+00   0.000000000000000E+00
   9.681092353800000E-01   1.397345350300000E+01   1.397345350300000E+01   0.000000000000000E+00  -9.860654272100000E-01   0.000000000000000E+00   0.000000000000000E+00   0.000000000000000E+00
   9.700268909799999E-01   1.400113247800000E+01   1.400113247800000E+01   0.000000000000000E+00  -9.860654272100000E-01   0.000000000000000E+00   0.000000000000000E+00   0.000000000000000E+00
   9.719445465800000E-01   1.402881145300000E+01   1.402881145300000E+01   0.000000000000000E+00  -9.860654272100000E-01   0.000000000000000E+00   0.000000000000000E+00   0.000000000000000E+00
   9.732011316300000E-01   1.404694869700000E+01   1.404694869700000E+01   0.000000000000000E+00  -9.860654272100000E-01   0.000000000000000E+00   0.000000000000000E+00   0.000000000000000E+00
   9.744577166900000E-01   1.406508594000000E+01   1.406508594000000E+01   0.000000000000000E+00  -9.860654272100000E-01   0.000000000000000E+00   0.000000000000000E+00   0.000000000000000E+00
   9.757143017400000E-01   1.408322318300000E+01   1.408322318300000E+01   0.000000000000000E+00  -9.860654272100000E-01   0.000000000000000E+00   0.000000000000000E+00   0.000000000000000E+00
   9.769708867900000E-01   1.410136042700000E+01   1.410136042700000E+01   0.000000000000000E+00  -9.860654272100000E-01   0.000000000000000E+00   0.000000000000000E+00   0.000000000000000E+00
   9.782083181600000E-01   1.411922121100000E+01   1.411922121100000E+01   0.000000000000000E+00  -9.860654272100000E-01   0.000000000000000E+00   0.000000000000000E+00   0.000000000000000E+00
   9.794457495200000E-01   1.413708199400000E+01   1.413708199400000E+01   0.000000000000000E+00  -9.860654272100000E-01   0.000000000000000E+00   0.000000000000000E+00   0.000000000000000E+00
   9.806831808799999E-01   1.415494277800000E+01   1.415494277800000E+01   0.000000000000000E+00  -9.860654272100000E-01   0.000000000000000E+00   0.000000000000000E+00   0.000000000000000E+00
   9.819206122500000E-01   1.417280356200000E+01   1.417280356200000E+01   0.000000000000000E+00  -9.860654272100000E-01   0.000000000000000E+00   0.000000000000000E+00   0.000000000000000E+00
   9.831192518300000E-01   1.419010443400000E+01   1.419010443400000E+01   0.000000000000000E+00  -9.860654272100000E-01   0.000000000000000E+00   0.000000000000000E+00   0.000000000000000E+00
   9.843178914100000E-01   1.420740530600000E+01   1.420740530600000E+01   0.000000000000000E+00  -9.860654272100000E-01   0.000000000000000E+00   0.000000000000000E+00   0.000000000000000E+00
   9.855165309900000E-01   1.422470617900000E+01   1.422470617900000E+01   0.000000000000000E+00  -9.860654272100000E-01   0.000000000000000E+00   0.000000000000000E+00   0.000000000000000E+00
   9.867151705700000E-01   1.424200705100000E+01   1.424200705100000E+01   0.000000000000000E+00  -9.860654272100000E-01   0.000000000000000E+00   0.000000000000000E+00   0.000000000000000E+00
   9.877049700700000E-01   1.425629357700000E+01   1.425629357700000E+01   0.000000000000000E+00  -9.860654272100000E-01   0.000000000000000E+00   0.000000000000000E+00   0.000000000000000E+00
   9.886947695700000E-01   1.427058010300000E+01   1.427058010300000E+01   0.000000000000000E+00  -9.860654272100000E-01   0.000000000000000E+00   0.000000000000000E+00   0.000000000000000E+00
   9.896845690700000E-01   1.428486662800000E+01   1.428486662800000E+01   0.000000000000000E+00  -9.860654272100000E-01   0.000000000000000E+00   0.000000000000000E+00   0.000000000000000E+00
   9.906743685700000E-01   1.429915315400000E+01   1.429915315400000E+01   0.000000000000000E+00  -9.860654272100000E-01   0.000000000000000E+00   0.000000000000000E+00   0.000000000000000E+00
   9.918392026600000E-01   1.431596608600000E+01   1.431596608600000E+01   0.000000000000000E+00  -9.860654272100000E-01   0.000000000000000E+00   0.000000000000000E+00   0.000000000000000E+00
   9.930040367500000E-01   1.433277901800000E+01   1.433277901800000E+01   0.000000000000000E+00  -9.860654272100000E-01   0.000000000000000E+00   0.000000000000000E+00   0.000000000000000E+00
   9.941688708400001E-01   1.434959195000000E+01   1.434959195000000E+01   0.000000000000000E+00  -9.860654272100000E-01   0.000000000000000E+00   0.000000000000000E+00   0.000000000000000E+00
   9.953337049300000E-01   1.436640488300000E+01   1.436640488300000E+01   0.000000000000000E+00  -9.860654272100000E-01   0.000000000000000E+00   0.000000000000000E+00   0.000000000000000E+00
   9.965002786900000E-01   1.438324292500000E+01   1.438324292500000E+01   0.000000000000000E+00  -9.860654272100000E-01   0.000000000000000E+00   0.000000000000000E+00   0.000000000000000E+00
   9.976668524600000E-01   1.440008096700000E+01   1.440008096700000E+01   0.000000000000000E+00  -9.860654272100000E-01   0.000000000000000E+00   0.000000000000000E+00   0.000000000000000E+00
   9.988334262300000E-01   1.441691901000000E+01   1.441691901000000E+01   0.000000000000000E+00  -9.860654272100000E-01   0.000000000000000E+00   0.000000000000000E+00   0.000000000000000E+00
   1.000000000000000E+00   1.443375705200000E+01   1.443375705200000E+01   0.000000000000000E+00  -9.860654272100000E-01   0.000000000000000E+00   0.000000000000000E+00   0.000000000000000E+00
