   0.000000000000000E+00   4.202558180200000E-32   0.000000000000000E+00   0.000000000000000E+00  -9.972948112900000E-01   0.000000000000000E+00   0.000000000000000E+00   0.000000000000000E+00
   1.286641716400000E-02   1.857107394700000E-01   1.857107394700000E-01   0.000000000000000E+00  -9.972948112900000E-01   0.000000000000000E+00   0.000000000000000E+00   0.000000000000000E+00
   2.573283432700000E-02   3.714214789400000E-01   3.714214789400000E-01   0.000000000000000E+00  -9.972948112900000E-01   0.000000000000000E+00   0.000000000000000E+00   0.000000000000000E+00
   3.859925149100000E-02   5.571322184000000E-01   5.571322184000000E-01   0.000000000000000E+00  -9.972948112900000E-01   0.000000000000000E+00   0.000000000000000E+00   0.000000000000000E+00
   5.146566865400000E-02   7.428429578700000E-01   7.428429578700000E-01   0.000000000000000E+00  -9.972948112900000E-01   0.000000000000000E+00   0.000000000000000E+00   0.000000000000000E+00
   6.674112269900000E-02   9.633251504200000E-01   9.633251504200000E-01   0.000000000000000E+00  -9.972948112900000E-01   0.000000000000000E+00   0.000000000000000E+00   0.000000000000000E+00
   8.201657674399999E-02   1.183807343000000E+00   1.183807343000000E+00   0.000000000000000E+00  -9.972948112900000E-01   0.000000000000000E+00   0.000000000000000E+00   0.000000000000000E+00
   9.729203078900001E-02   1.404289535500000E+00   1.404289535500000E+00   0.000000000000000E+00  -9.972948112900000E-01   0.000000000000000E+00   0.000000000000000E+00   0.000000000000000E+00
   1.125674848300000E-01   1.624771728000000E+00   1.624771728000000E+00   0.000000000000000E+00  -9.972948112900000E-01   0.000000000000000E+00   0.000000000000000E+00   0.000000000000000E+00
   1.236177860000000E-01   1.784269090400000E+00   1.784269090400000E+00   0.000000000000000E+00  -9.972948112900000E-01   0.000000000000000E+00   0.000000000000000E+00   0.000000000000000E+00
   1.346680871600000E-01   1.943766452700000E+00   1.943766452700000E+00   0.000000000000000E+00  -9.972948112900000E-01   0.000000000000000E+00   0.000000000000000E+00   0.000000000000000E+00
   1.457183883200000E-01   2.103263815100000E+00   2.103263815100000E+00   0.000000000000000E+00  -9.972948112900000E-01   0.000000000000000E+00   0.000000000000000E+00   0.000000000000000E+00
   1.567686894900000E-01   2.262761177400000E+00   2.262761177400000E+00   0.000000000000000E+00  -9.972948112900000E-01   0.000000000000000E+00   0.000000000000000E+00   0.000000000000000E+00
   1.684891503100000E-01   2.431931461500000E+00   2.431931461500000E+00   0.000000000000000E+00  -9.972948112900000E-01   0.000000000000000E+00   0.000000000000000E+00   0.000000000000000E+00
   1.802096111400000E-01   2.601101745600000E+00   2.601101745600000E+00   0.000000000000000E+00  -9.972948112900000E-01   0.000000000000000E+00   0.000000000000000E+00   0.000000000000000E+00
   1.919300719600000E-01   2.770272029700000E+00   2.770272029700000E+00   0.000000000000000E+00  -9.972948112900000E-01   0.000000000000000E+00   0.000000000000000E+00   0.000000000000000E+00
   2.036505327900000E-01   2.939442313800000E+00   2.939442313800000E+00   0.000000000000000E+00  -9.972948112900000E-01   0.000000000000000E+00   0.000000000000000E+00   0.000000000000000E+00
   2.136797710800000E-01   3.084201902700000E+00   3.084201902700000E+00   0.000000000000000E+00  -9.972948112900000E-01   0.000000000000000E+00   0.000000000000000E+00   0.000000000000000E+00
   2.237090093700000E-01   3.228961491500000E+00   3.228961491500000E+00   0.000000000000000E+00  -9.972948112900000E-01   0.000000000000000E+00   0.000000000000000E+00   0.000000000000000E+00
   2.337382476500000E-01   3.373721080400000E+00   3.373721080400000E+00   0.000000000000000E+00  -9.972948112900000E-01   0.000000000000000E+00   0.000000000000000E+00   0.000000000000000E+00
   2.437674859400000E-01   3.518480669300000E+00   3.518480669300000E+00   0.000000000000000E+00  -9.972948112900000E-01   0.000000000000000E+00   0.000000000000000E+00   0.000000000000000E+00
   2.531289664700000E-01   3.653602004800000E+00   3.653602004800000E+00   0.000000000000000E+00  -9.972948112900000E-01   0.000000000000000E+00   0.000000000000000E+00   0.000000000000000E+00
   2.624904469900000E-01   3.788723340400000E+00   3.788723340400000E+00   0.000000000000000E+00  -9.972948112900000E-01   0.000000000000000E+00   0.000000000000000E+00   0.000000000000000E+00
   2.718519275200000E-01   3.923844676000000E+00   3.923844676000000E+00   0.000000000000000E+00  -9.972948112900000E-01   0.000000000000000E+00   0.000000000000000E+00   0.000000000000000E+00
   2.812134080500000E-01   4.058966011500000E+00   4.058966011500000E+00   0.000000000000000E+00  -9.972948112900000E-01   0.000000000000000E+00   0.000000000000000E+00   0.000000000000000E+00
   2.886518525500000E-01   4.166330712300000E+00   4.166330712300000E+00   0.000000000000000E+00  -9.972948112900000E-01   0.000000000000000E+00   0.000000000000000E+00   0.000000000000000E+00
   2.960902970500000E-01   4.273695413100000E+00   4.273695413100000E+00   0.000000000000000E+00  -9.972948112900000E-01   0.000000000000000E+00   0.000000000000000E+00   0.000000000000000E+00
   3.035287415500000E-01   4.381060113800000E+00   4.381060113800000E+00   0.000000000000000E+00  -9.972948112900000E-01   0.000000000000000E+00   0.000000000000000E+00   0.000000000000000E+00
   3.109671860500000E-01   4.488424814600000E+00   4.488424814600000E+00   0.000000000000000E+00  -9.972948112900000E-01   0.000000000000000E+00   0.000000000000000E+00   0.000000000000000E+00
   3.167253765800000E-01   4.571537137700000E+00   4.571537137700000E+00   0.000000000000000E+00  -9.972948112900000E-01   0.000000000000000E+00   0.000000000000000E+00   0.000000000000000E+00
   3.224835671000000E-01   4.654649460800000E+00   4.654649460800000E+00   0.000000000000000E+00  -9.972948112900000E-01   0.000000000000000E+00   0.000000000000000E+00   0.000000000000000E+00
   3.282417576300000E-01   4.737761783900000E+00   4.737761783900000E+00   0.000000000000000E+00  -9.972948112900000E-01   0.000000000000000E+00   0.000000000000000E+00   0.000000000000000E+00
   3.339999481500000E-01   4.820874107000000E+00   4.820874107000000E+00   0.000000000000000E+00  -9.972948112900000E-01   0.000000000000000E+00   0.000000000000000E+00   0.000000000000000E+00
   3.394722750400000E-01   4.899860343900000E+00   4.899860343900000E+00   0.000000000000000E+00  -9.972948112900000E-01   0.000000000000000E+00   0.000000000000000E+00   0.000000000000000E+00
   3.449446019400000E-01   4.978846580700000E+00   4.978846580700000E+00   0.000000000000000E+00  -9.972948112900000E-01   0.000000000000000E+00   0.000000000000000E+00   0.000000000000000E+00
   3.504169288300000E-01   5.057832817600000E+00   5.057832817600000E+00   0.000000000000000E+00  -9.972948112900000E-01   0.000000000000000E+00   0.000000000000000E+00   0.000000000000000E+00
   3.558892557200000E-01   5.136819054500000E+00   5.136819054500000E+00   0.000000000000000E+00  -9.972948112900000E-01   0.000000000000000E+00   0.000000000000000E+00   0.000000000000000E+00
   3.616026742100000E-01   5.219285148900000E+00   5.219285148900000E+00   0.000000000000000E+00  -9.972948112900000E-01   0.000000000000000E+00   0.000000000000000E+00   0.000000000000000E+00
   3.673160927000000E-01   5.301751243300000E+00   5.301751243300000E+00   0.000000000000000E+00  -9.972948112900000E-01   0.000000000000000E+00   0.000000000000000E+00   0.000000000000000E+00
   3.730295111900000E-01   5.384217337700000E+00   5.384217337700000E+00   0.000000000000000E+00  -9.972948112900000E-01   0.000000000000000E+00   0.000000000000000E+00   0.000000000000000E+00
   3.787429296800000E-01   5.466683432200000E+00   5.466683432200000E+00   0.000000000000000E+00  -9.972948112900000E-01   0.000000000000000E+00   0.000000000000000E+00   0.000000000000000E+00
   3.850390258900000E-01   5.557559755200000E+00   5.557559755200000E+00   0.000000000000000E+00  -9.972948112900000E-01   0.000000000000000E+00   0.000000000000000E+00   0.000000000000000E+00
   3.913351221000000E-01   5.648436078300000E+00   5.648436078300000E+00   0.000000000000000E+00  -9.972948112900000E-01   0.000000000000000E+00   0.000000000000000E+00   0.000000000000000E+00
   3.976312183100000E-01   5.739312401400000E+00   5.739312401400000E+00   0.000000000000000E+00  -9.972948112900000E-01   0.000000000000000E+00   0.000000000000000E+00   0.000000000000000E+00
   4.039273145200000E-01   5.830188724500000E+00   5.830188724500000E+00   0.000000000000000E+00  -9.972948112900000E-01   0.000000000000000E+00   0.000000000000000E+00   0.000000000000000E+00
   4.109265319600000E-01   5.931213728500000E+00   5.931213728500000E+00   0.000000000000000E+00  -9.972948112900000E-01   0.000000000000000E+00   0.000000000000000E+00   0.000000000000000E+00
   4.179257494000000E-01   6.032238732600000E+00   6.032238732600000E+00   0.000000000000000E+00  -9.972948112900000E-01   0.000000000000000E+00   0.000000000000000E+00   0.000000000000000E+00
   4.249249668400000E-01   6.133263736600000E+00   6.133263736600000E+00   0.000000000000000E+00  -9.972948112900000E-01   0.000000000000000E+00   0.000000000000000E+00   0.000000000000000E+00
   4.319241842700000E-01   6.234288740700000E+00   6.234288740700000E+00   0.000000000000000E+00  -9.972948112900000E-01   0.000000000000000E+00   0.000000000000000E+00   0.000000000000000E+00
   4.378788042200000E-01   6.320236278300000E+00   6.320236278300000E+00   0.000000000000000E+00  -9.972948112900000E-01   0.000000000000000E+00   0.000000000000000E+00   0.000000000000000E+00
   4.438334241600000E-01   6.406183815900000E+00   6.406183815900000E+00   0.000000000000000E+00  -9.972948112900000E-01   0.000000000000000E+00   0.000000000000000E+00   0.000000000000000E+00
   4.497880441000000E-01   6.492131353500000E+00   6.492131353500000E+00   0.000000000000000E+00  -9.972948112900000E-01   0.000000000000000E+00   0.000000000000000E+00   0.000000000000000E+00
   4.557426640500000E-01   6.578078891100000E+00   6.578078891100000E+00   0.000000000000000E+00  -9.972948112900000E-01   0.000000000000000E+00   0.000000000000000E+00   0.000000000000000E+00
   4.605608111800000E-01   6.647622856300000E+00   6.647622856300000E+00   0.000000000000000E+00  -9.972948112900000E-01   0.000000000000000E+00   0.000000000000000E+00   0.000000000000000E+00
   4.653789583200000E-01   6.717166821400000E+00   6.717166821400000E+00   0.000000000000000E+00  -9.972948112900000E-01   0.000000000000000E+00   0.000000000000000E+00   0.000000000000000E+00
   4.701971054500000E-01   6.786710786600000E+00   6.786710786600000E+00   0.000000000000000E+00  -9.972948112900000E-01   0.000000000000000E+00   0.000000000000000E+00   0.000000000000000E+00
   4.750152525800000E-01   6.856254751800000E+00   6.856254751800000E+00   0.000000000000000E+00  -9.972948112900000E-01   0.000000000000000E+00   0.000000000000000E+00   0.000000000000000E+00
   4.797904141500000E-01   6.925178273700000E+00   6.925178273700000E+00   0.000000000000000E+00  -9.972948112900000E-01   0.000000000000000E+00   0.000000000000000E+00   0.000000000000000E+00
   4.845655757200000E-01   6.994101795700000E+00   6.994101795700000E+00   0.000000000000000E+00  -9.972948112900000E-01   0.000000000000000E+00   0.000000000000000E+00   0.000000000000000E+00
   4.893407372800000E-01   7.063025317600000E+00   7.063025317600000E+00   0.000000000000000E+00  -9.972948112900000E-01   0.000000000000000E+00   0.000000000000000E+00   0.000000000000000E+00
   4.941158988500000E-01   7.131948839500000E+00   7.131948839500000E+00   0.000000000000000E+00  -9.972948112900000E-01   0.000000000000000E+00   0.000000000000000E+00   0.000000000000000E+00
   4.992835610000000E-01   7.206537619500000E+00   7.206537619500000E+00   0.000000000000000E+00  -9.972948112900000E-01   0.000000000000000E+00   0.000000000000000E+00   0.000000000000000E+00
   5.044512231400000E-01   7.281126399400000E+00   7.281126399400000E+00   0.000000000000000E+00  -9.972948112900000E-01   0.000000000000000E+00   0.000000000000000E+00   0.000000000000000E+00
   5.096188852900000E-01   7.355715179400000E+00   7.355715179400000E+00   0.000000000000000E+00  -9.972948112900000E-01   0.000000000000000E+00   0.000000000000000E+00   0.000000000000000E+00
   5.147865474400000E-01   7.430303959300000E+00   7.430303959300000E+00   0.000000000000000E+00  -9.972948112900000E-01   0.000000000000000E+00   0.000000000000000E+00   0.000000000000000E+00
   5.181822854500000E-01   7.479317216800000E+00   7.479317216800000E+00   0.000000000000000E+00  -9.972948112900000E-01   0.000000000000000E+00   0.000000000000000E+00   0.000000000000000E+00
   5.215780234600000E-01   7.528330474300000E+00   7.528330474300000E+00   0.000000000000000E+00  -9.972948112900000E-01   0.000000000000000E+00   0.000000000000000E+00   0.000000000000000E+00
   5.249737614800000E-01   7.577343731800000E+00   7.577343731800000E+00   0.000000000000000E+00  -9.972948112900000E-01   0.000000000000000E+00   0.000000000000000E+00   0.000000000000000E+00
   5.283694994900000E-01   7.626356989300000E+00   7.626356989300000E+00   0.000000000000000E+00  -9.972948112900000E-01   0.000000000000000E+00   0.000000000000000E+00   0.000000000000000E+00
   5.313136558900000E-01   7.668852227500000E+00   7.668852227500000E+00   0.000000000000000E+00  -9.972948112900000E-01   0.000000000000000E+00   0.000000000000000E+00   0.000000000000000E+00
   5.342578122900000E-01   7.711347465700000E+00   7.711347465700000E+00   0.000000000000000E+00  -9.972948112900000E-01   0.000000000000000E+00   0.000000000000000E+00   0.000000000000000E+00
   5.372019686900000E-01   7.753842703900000E+00   7.753842703900000E+00   0.000000000000000E+00  -9.972948112900000E-01   0.000000000000000E+00   0.000000000000000E+00   0.000000000000000E+00
   5.401461250900000E-01   7.796337942100000E+00   7.796337942100000E+00   0.000000000000000E+00  -9.972948112900000E-01   0.000000000000000E+00   0.000000000000000E+00   0.000000000000000E+00
   5.431350220600000E-01   7.839478954900000E+00   7.839478954900000E+00   0.000000000000000E+00  -9.972948112900000E-01   0.000000000000000E+00   0.000000000000000E+00   0.000000000000000E+00
   5.461239190400000E-01   7.882619967700000E+00   7.882619967700000E+00   0.000000000000000E+00  -9.972948112900000E-01   0.000000000000000E+00   0.000000000000000E+00   0.000000000000000E+00
   5.491128160199999E-01   7.925760980500000E+00   7.925760980500000E+00   0.000000000000000E+00  -9.972948112900000E-01   0.000000000000000E+00   0.000000000000000E+00   0.000000000000000E+00
   5.521017129900000E-01   7.968901993300000E+00   7.968901993300000E+00   0.000000000000000E+00  -9.972948112900000E-01   0.000000000000000E+00   0.000000000000000E+00   0.000000000000000E+00
   5.565373826000000E-01   8.032925370799999E+00   8.032925370799999E+00   0.000000000000000E+00  -9.972948112900000E-01   0.000000000000000E+00   0.000000000000000E+00   0.000000000000000E+00
   5.609730522100000E-01   8.096948748300001E+00   8.096948748300001E+00   0.000000000000000E+00  -9.972948112900000E-01   0.000000000000000E+00   0.000000000000000E+00   0.000000000000000E+00
   5.654087218200000E-01   8.160972125800001E+00   8.160972125800001E+00   0.000000000000000E+00  -9.972948112900000E-01   0.000000000000000E+00   0.000000000000000E+00   0.000000000000000E+00
   5.698443914200000E-01   8.224995503200001E+00   8.224995503200001E+00   0.000000000000000E+00  -9.972948112900000E-01   0.000000000000000E+00   0.000000000000000E+00   0.000000000000000E+00
   5.749701759300000E-01   8.298979831600001E+00   8.298979831600001E+00   0.000000000000000E+00  -9.972948112900000E-01   0.000000000000000E+00   0.000000000000000E+00   0.000000000000000E+00
   5.800959604500000E-01   8.372964159900000E+00   8.372964159900000E+00   0.000000000000000E+00  -9.972948112900000E-01   0.000000000000000E+00   0.000000000000000E+00   0.000000000000000E+00
   5.852217449600000E-01   8.446948488300000E+00   8.446948488300000E+00   0.000000000000000E+00  -9.972948112900000E-01   0.000000000000000E+00   0.000000000000000E+00   0.000000000000000E+00
   5.903475294700000E-01   8.520932816600000E+00   8.520932816600000E+00   0.000000000000000E+00  -9.972948112900000E-01   0.000000000000000E+00   0.000000000000000E+00   0.000000000000000E+00
   5.956155670900000E-01   8.596970391799999E+00   8.596970391799999E+00   0.000000000000000E+00  -9.972948112900000E-01   0.000000000000000E+00   0.000000000000000E+00   0.000000000000000E+00
   6.008836047100000E-01   8.673007966900000E+00   8.673007966900000E+00   0.000000000000000E+00  -9.972948112900000E-01   0.000000000000000E+00   0.000000000000000E+00   0.000000000000000E+00
   6.061516423300000E-01   8.749045542099999E+00   8.749045542099999E+00   0.000000000000000E+00  -9.972948112900000E-01   0.000000000000000E+00   0.000000000000000E+00   0.000000000000000E+00
   6.114196799500000E-01   8.825083117300000E+00   8.825083117300000E+00   0.000000000000000E+00  -9.972948112900000E-01   0.000000000000000E+00   0.000000000000000E+00   0.000000000000000E+00
   6.160422538100000E-01   8.891804225200000E+00   8.891804225200000E+00   0.000000000000000E+00  -9.972948112900000E-01   0.000000000000000E+00   0.000000000000000E+00   0.000000000000000E+00
   6.206648276600000E-01   8.958525333100001E+00   8.958525333100001E+00   0.000000000000000E+00  -9.972948112900000E-01   0.000000000000000E+00   0.000000000000000E+00   0.000000000000000E+00
   6.252874015100000E-01   9.025246441000000E+00   9.025246441000000E+00   0.000000000000000E+00  -9.972948112900000E-01   0.000000000000000E+00   0.000000000000000E+00   0.000000000000000E+00
   6.299099753600000E-01   9.091967548900000E+00   9.091967548900000E+00   0.000000000000000E+00  -9.972948112900000E-01   0.000000000000000E+00   0.000000000000000E+00   0.000000000000000E+00
   6.343161810600000E-01   9.155565651500000E+00   9.155565651500000E+00   0.000000000000000E+00  -9.972948112900000E-01   0.000000000000000E+00   0.000000000000000E+00   0.000000000000000E+00
   6.387223867600000E-01   9.219163754100000E+00   9.219163754100000E+00   0.000000000000000E+00  -9.972948112900000E-01   0.000000000000000E+00   0.000000000000000E+00   0.000000000000000E+00
   6.431285924500000E-01   9.282761856700001E+00   9.282761856700001E+00   0.000000000000000E+00  -9.972948112900000E-01   0.000000000000000E+00   0.000000000000000E+00   0.000000000000000E+00
   6.475347981500000E-01   9.346359959300001E+00   9.346359959300001E+00   0.000000000000000E+00  -9.972948112900000E-01   0.000000000000000E+00   0.000000000000000E+00   0.000000000000000E+00
   6.518502210400000E-01   9.408647724800000E+00   9.408647724800000E+00   0.000000000000000E+00  -9.972948112900000E-01   0.000000000000000E+00   0.000000000000000E+00   0.000000000000000E+00
   6.561656439200000E-01   9.470935490200000E+00   9.470935490200000E+00   0.000000000000000E+00  -9.972948112900000E-01   0.000000000000000E+00   0.000000000000000E+00   0.000000000000000E+00
   6.604810668100000E-01   9.533223255699999E+00   9.533223255699999E+00   0.000000000000000E+00  -9.972948112900000E-01   0.000000000000000E+00   0.000000000000000E+00   0.000000000000000E+00
   6.647964896900000E-01   9.595511021200000E+00   9.595511021200000E+00   0.000000000000000E+00  -9.972948112900000E-01   0.000000000000000E+00   0.000000000000000E+00   0.000000000000000E+00
   6.685092546900000E-01   9.649100169200000E+00   9.649100169200000E+00   0.000000000000000E+00  -9.972948112900000E-01   0.000000000000000E+00   0.000000000000000E+00   0.000000000000000E+00
   6.722220196900000E-01   9.702689317200001E+00   9.702689317200001E+00   0.000000000000000E+00  -9.972948112900000E-01   0.000000000000000E+00   0.000000000000000E+00   0.000000000000000E+00
   6.759347846900000E-01   9.756278465199999E+00   9.756278465199999E+00   0.000000000000000E+00  -9.972948112900000E-01   0.000000000000000E+00   0.000000000000000E+00   0.000000000000000E+00
   6.796475496900000E-01   9.809867613200000E+00   9.809867613200000E+00   0.000000000000000E+00  -9.972948112900000E-01   0.000000000000000E+00   0.000000000000000E+00   0.000000000000000E+00
   6.822924668500000E-01   9.848043704900000E+00   9.848043704900000E+00   0.000000000000000E+00  -9.972948112900000E-01   0.000000000000000E+00   0.000000000000000E+00   0.000000000000000E+00
   6.849373840100000E-01   9.886219796600001E+00   9.886219796600001E+00   0.000000000000000E+00  -9.972948112900000E-01   0.000000000000000E+00   0.000000000000000E+00   0.000000000000000E+00
   6.875823011700000E-01   9.924395888399999E+00   9.924395888399999E+00   0.000000000000000E+00  -9.972948112900000E-01   0.000000000000000E+00   0.000000000000000E+00   0.000000000000000E+00
   6.902272183300000E-01   9.962571980100000E+00   9.962571980100000E+00   0.000000000000000E+00  -9.972948112900000E-01   0.000000000000000E+00   0.000000000000000E+00   0.000000000000000E+00
   6.925369123000000E-01   9.995909541700000E+00   9.995909541700000E+00   0.000000000000000E+00  -9.972948112900000E-01   0.000000000000000E+00   0.000000000000000E+00   0.000000000000000E+00
   6.948466062699999E-01   1.002924710300000E+01   1.002924710300000E+01   0.000000000000000E+00  -9.972948112900000E-01   0.000000000000000E+00   0.000000000000000E+00   0.000000000000000E+00
   6.971563002400000E-01   1.006258466500000E+01   1.006258466500000E+01   0.000000000000000E+00  -9.972948112900000E-01   0.000000000000000E+00   0.000000000000000E+00   0.000000000000000E+00
   6.994659942100000E-01   1.009592222700000E+01   1.009592222700000E+01   0.000000000000000E+00  -9.972948112900000E-01   0.000000000000000E+00   0.000000000000000E+00   0.000000000000000E+00
   7.018634244100000E-01   1.013052615200000E+01   1.013052615200000E+01   0.000000000000000E+00  -9.972948112900000E-01   0.000000000000000E+00   0.000000000000000E+00   0.000000000000000E+00
   7.042608546200000E-01   1.016513007700000E+01   1.016513007700000E+01   0.000000000000000E+00  -9.972948112900000E-01   0.000000000000000E+00   0.000000000000000E+00   0.000000000000000E+00
   7.066582848200000E-01   1.019973400200000E+01   1.019973400200000E+01   0.000000000000000E+00  -9.972948112900000E-01   0.000000000000000E+00   0.000000000000000E+00   0.000000000000000E+00
   7.090557150300000E-01   1.023433792700000E+01   1.023433792700000E+01   0.000000000000000E+00  -9.972948112900000E-01   0.000000000000000E+00   0.000000000000000E+00   0.000000000000000E+00
   7.116651300400000E-01   1.027200158900000E+01   1.027200158900000E+01   0.000000000000000E+00  -9.972948112900000E-01   0.000000000000000E+00   0.000000000000000E+00   0.000000000000000E+00
   7.142745450600000E-01   1.030966525200000E+01   1.030966525200000E+01   0.000000000000000E+00  -9.972948112900000E-01   0.000000000000000E+00   0.000000000000000E+00   0.000000000000000E+00
   7.168839600700000E-01   1.034732891400000E+01   1.034732891400000E+01   0.000000000000000E+00  -9.972948112900000E-01   0.000000000000000E+00   0.000000000000000E+00   0.000000000000000E+00
   7.194933750900000E-01   1.038499257700000E+01   1.038499257700000E+01   0.000000000000000E+00  -9.972948112900000E-01   0.000000000000000E+00   0.000000000000000E+00   0.000000000000000E+00
   7.217621722799999E-01   1.041773984400000E+01   1.041773984400000E+01   0.000000000000000E+00  -9.972948112900000E-01   0.000000000000000E+00   0.000000000000000E+00   0.000000000000000E+00
   7.240309694800000E-01   1.045048711200000E+01   1.045048711200000E+01   0.000000000000000E+00  -9.972948112900000E-01   0.000000000000000E+00   0.000000000000000E+00   0.000000000000000E+00
   7.262997666800000E-01   1.048323437900000E+01   1.048323437900000E+01   0.000000000000000E+00  -9.972948112900000E-01   0.000000000000000E+00   0.000000000000000E+00   0.000000000000000E+00
   7.285685638800000E-01   1.051598164700000E+01   1.051598164700000E+01   0.000000000000000E+00  -9.972948112900000E-01   0.000000000000000E+00   0.000000000000000E+00   0.000000000000000E+00
   7.304941361700000E-01   1.054377488900000E+01   1.054377488900000E+01   0.000000000000000E+00  -9.972948112900000E-01   0.000000000000000E+00   0.000000000000000E+00   0.000000000000000E+00
   7.324197084600000E-01   1.057156813200000E+01   1.057156813200000E+01   0.000000000000000E+00  -9.972948112900000E-01   0.000000000000000E+00   0.000000000000000E+00   0.000000000000000E+00
   7.343452807500001E-01   1.059936137500000E+01   1.059936137500000E+01   0.000000000000000E+00  -9.972948112900000E-01   0.000000000000000E+00   0.000000000000000E+00   0.000000000000000E+00
   7.362708530299999E-01   1.062715461700000E+01   1.062715461700000E+01   0.000000000000000E+00  -9.972948112900000E-01   0.000000000000000E+00   0.000000000000000E+00   0.000000000000000E+00
   7.382448468000000E-01   1.065564676400000E+01   1.065564676400000E+01   0.000000000000000E+00  -9.972948112900000E-01   0.000000000000000E+00   0.000000000000000E+00   0.000000000000000E+00
   7.402188405700000E-01   1.068413891000000E+01   1.068413891000000E+01   0.000000000000000E+00  -9.972948112900000E-01   0.000000000000000E+00   0.000000000000000E+00   0.000000000000000E+00
   7.421928343400001E-01   1.071263105700000E+01   1.071263105700000E+01   0.000000000000000E+00  -9.972948112900000E-01   0.000000000000000E+00   0.000000000000000E+00   0.000000000000000E+00
   7.441668281100000E-01   1.074112320300000E+01   1.074112320300000E+01   0.000000000000000E+00  -9.972948112900000E-01   0.000000000000000E+00   0.000000000000000E+00   0.000000000000000E+00
   7.464319210200000E-01   1.077381700400000E+01   1.077381700400000E+01   0.000000000000000E+00  -9.972948112900000E-01   0.000000000000000E+00   0.000000000000000E+00   0.000000000000000E+00
   7.486970139300000E-01   1.080651080500000E+01   1.080651080500000E+01   0.000000000000000E+00  -9.972948112900000E-01   0.000000000000000E+00   0.000000000000000E+00   0.000000000000000E+00
   7.509621068400000E-01   1.083920460500000E+01   1.083920460500000E+01   0.000000000000000E+00  -9.972948112900000E-01   0.000000000000000E+00   0.000000000000000E+00   0.000000000000000E+00
   7.532271997500000E-01   1.087189840600000E+01   1.087189840600000E+01   0.000000000000000E+00  -9.972948112900000E-01   0.000000000000000E+00   0.000000000000000E+00   0.000000000000000E+00
   7.555730045100000E-01   1.090575718200000E+01   1.090575718200000E+01   0.000000000000000E+00  -9.972948112900000E-01   0.000000000000000E+00   0.000000000000000E+00   0.000000000000000E+00
   7.579188092700000E-01   1.093961595800000E+01   1.093961595800000E+01   0.000000000000000E+00  -9.972948112900000E-01   0.000000000000000E+00   0.000000000000000E+00   0.000000000000000E+00
   7.602646140300000E-01   1.097347473400000E+01   1.097347473400000E+01   0.000000000000000E+00  -9.972948112900000E-01   0.000000000000000E+00   0.000000000000000E+00   0.000000000000000E+00
   7.626104187900000E-01   1.100733351000000E+01   1.100733351000000E+01   0.000000000000000E+00  -9.972948112900000E-01   0.000000000000000E+00   0.000000000000000E+00   0.000000000000000E+00
   7.646649346700000E-01   1.103698789300000E+01   1.103698789300000E+01   0.000000000000000E+00  -9.972948112900000E-01   0.000000000000000E+00   0.000000000000000E+00   0.000000000000000E+00
   7.667194505500000E-01   1.106664227600000E+01   1.106664227600000E+01   0.000000000000000E+00  -9.972948112900000E-01   0.000000000000000E+00   0.000000000000000E+00   0.000000000000000E+00
   7.687739664300000E-01   1.109629665900000E+01   1.109629665900000E+01   0.000000000000000E+00  -9.972948112900000E-01   0.000000000000000E+00   0.000000000000000E+00   0.000000000000000E+00
   7.708284823100000E-01   1.112595104200000E+01   1.112595104200000E+01   0.000000000000000E+00  -9.972948112900000E-01   0.000000000000000E+00   0.000000000000000E+00   0.000000000000000E+00
   7.726345942400000E-01   1.115202002300000E+01   1.115202002300000E+01   0.000000000000000E+00  -9.972948112900000E-01   0.000000000000000E+00   0.000000000000000E+00   0.000000000000000E+00
   7.744407061800000E-01   1.117808900400000E+01   1.117808900400000E+01   0.000000000000000E+00  -9.972948112900000E-01   0.000000000000000E+00   0.000000000000000E+00   0.000000000000000E+00
   7.762468181100000E-01   1.120415798500000E+01   1.120415798500000E+01   0.000000000000000E+00  -9.972948112900000E-01   0.000000000000000E+00   0.000000000000000E+00   0.000000000000000E+00
   7.780529300500000E-01   1.123022696600000E+01   1.123022696600000E+01   0.000000000000000E+00  -9.972948112900000E-01   0.000000000000000E+00   0.000000000000000E+00   0.000000000000000E+00
   7.795230801600000E-01   1.125144675500000E+01   1.125144675500000E+01   0.000000000000000E+00  -9.972948112900000E-01   0.000000000000000E+00   0.000000000000000E+00   0.000000000000000E+00
   7.809932302600000E-01   1.127266654500000E+01   1.127266654500000E+01   0.000000000000000E+00  -9.972948112900000E-01   0.000000000000000E+00   0.000000000000000E+00   0.000000000000000E+00
   7.824633803700000E-01   1.129388633400000E+01   1.129388633400000E+01   0.000000000000000E+00  -9.972948112900000E-01   0.000000000000000E+00   0.000000000000000E+00   0.000000000000000E+00
   7.839335304800000E-01   1.131510612400000E+01   1.131510612400000E+01   0.000000000000000E+00  -9.972948112900000E-01   0.000000000000000E+00   0.000000000000000E+00   0.000000000000000E+00
   7.851549647000000E-01   1.133273600900000E+01   1.133273600900000E+01   0.000000000000000E+00  -9.972948112900000E-01   0.000000000000000E+00   0.000000000000000E+00   0.000000000000000E+00
   7.863763989200000E-01   1.135036589400000E+01   1.135036589400000E+01   0.000000000000000E+00  -9.972948112900000E-01   0.000000000000000E+00   0.000000000000000E+00   0.000000000000000E+00
   7.875978331500000E-01   1.136799577800000E+01   1.136799577800000E+01   0.000000000000000E+00  -9.972948112900000E-01   0.000000000000000E+00   0.000000000000000E+00   0.000000000000000E+00
   7.888192673700000E-01   1.138562566300000E+01   1.138562566300000E+01   0.000000000000000E+00  -9.972948112900000E-01   0.000000000000000E+00   0.000000000000000E+00   0.000000000000000E+00
   7.898895255800000E-01   1.140107351000000E+01   1.140107351000000E+01   0.000000000000000E+00  -9.972948112900000E-01   0.000000000000000E+00   0.000000000000000E+00   0.000000000000000E+00
   7.909597837900000E-01   1.141652135700000E+01   1.141652135700000E+01   0.000000000000000E+00  -9.972948112900000E-01   0.000000000000000E+00   0.000000000000000E+00   0.000000000000000E+00
   7.920300420000000E-01   1.143196920400000E+01   1.143196920400000E+01   0.000000000000000E+00  -9.972948112900000E-01   0.000000000000000E+00   0.000000000000000E+00   0.000000000000000E+00
   7.931003002100000E-01   1.144741705100000E+01   1.144741705100000E+01   0.000000000000000E+00  -9.972948112900000E-01   0.000000000000000E+00   0.000000000000000E+00   0.000000000000000E+00
   7.940557840500000E-01   1.146120827300000E+01   1.146120827300000E+01   0.000000000000000E+00  -9.972948112900000E-01   0.000000000000000E+00   0.000000000000000E+00   0.000000000000000E+00
   7.950112678900000E-01   1.147499949400000E+01   1.147499949400000E+01   0.000000000000000E+00  -9.972948112900000E-01   0.000000000000000E+00   0.000000000000000E+00   0.000000000000000E+00
   7.959667517400000E-01   1.148879071600000E+01   1.148879071600000E+01   0.000000000000000E+00  -9.972948112900000E-01   0.000000000000000E+00   0.000000000000000E+00   0.000000000000000E+00
   7.969222355800000E-01   1.150258193800000E+01   1.150258193800000E+01   0.000000000000000E+00  -9.972948112900000E-01   0.000000000000000E+00   0.000000000000000E+00   0.000000000000000E+00
   7.979242459100000E-01   1.151704471100000E+01   1.151704471100000E+01   0.000000000000000E+00  -9.972948112900000E-01   0.000000000000000E+00   0.000000000000000E+00   0.000000000000000E+00
   7.989262562400000E-01   1.153150748500000E+01   1.153150748500000E+01   0.000000000000000E+00  -9.972948112900000E-01   0.000000000000000E+00   0.000000000000000E+00   0.000000000000000E+00
   7.999282665700000E-01   1.154597025900000E+01   1.154597025900000E+01   0.000000000000000E+00  -9.972948112900000E-01   0.000000000000000E+00   0.000000000000000E+00   0.000000000000000E+00
   8.009302769100000E-01   1.156043303200000E+01   1.156043303200000E+01   0.000000000000000E+00  -9.972948112900000E-01   0.000000000000000E+00   0.000000000000000E+00   0.000000000000000E+00
   8.019859634700000E-01   1.157567055600000E+01   1.157567055600000E+01   0.000000000000000E+00  -9.972948112900000E-01   0.000000000000000E+00   0.000000000000000E+00   0.000000000000000E+00
   8.030416500400001E-01   1.159090807900000E+01   1.159090807900000E+01   0.000000000000000E+00  -9.972948112900000E-01   0.000000000000000E+00   0.000000000000000E+00   0.000000000000000E+00
   8.040973366000000E-01   1.160614560300000E+01   1.160614560300000E+01   0.000000000000000E+00  -9.972948112900000E-01   0.000000000000000E+00   0.000000000000000E+00   0.000000000000000E+00
   8.051530231600000E-01   1.162138312600000E+01   1.162138312600000E+01   0.000000000000000E+00  -9.972948112900000E-01   0.000000000000000E+00   0.000000000000000E+00   0.000000000000000E+00
   8.062322998100000E-01   1.163696114300000E+01   1.163696114300000E+01   0.000000000000000E+00  -9.972948112900000E-01   0.000000000000000E+00   0.000000000000000E+00   0.000000000000000E+00
   8.073115764600000E-01   1.165253916000000E+01   1.165253916000000E+01   0.000000000000000E+00  -9.972948112900000E-01   0.000000000000000E+00   0.000000000000000E+00   0.000000000000000E+00
   8.083908531100000E-01   1.166811717700000E+01   1.166811717700000E+01   0.000000000000000E+00  -9.972948112900000E-01   0.000000000000000E+00   0.000000000000000E+00   0.000000000000000E+00
   8.094701297600000E-01   1.168369519400000E+01   1.168369519400000E+01   0.000000000000000E+00  -9.972948112900000E-01   0.000000000000000E+00   0.000000000000000E+00   0.000000000000000E+00
   8.106246425900000E-01   1.170035915100000E+01   1.170035915100000E+01   0.000000000000000E+00  -9.972948112900000E-01   0.000000000000000E+00   0.000000000000000E+00   0.000000000000000E+00
   8.117791554100000E-01   1.171702310900000E+01   1.171702310900000E+01   0.000000000000000E+00  -9.972948112900000E-01   0.000000000000000E+00   0.000000000000000E+00   0.000000000000000E+00
   8.129336682400000E-01   1.173368706700000E+01   1.173368706700000E+01   0.000000000000000E+00  -9.972948112900000E-01   0.000000000000000E+00   0.000000000000000E+00   0.000000000000000E+00
   8.140881810700000E-01   1.175035102400000E+01   1.175035102400000E+01   0.000000000000000E+00  -9.972948112900000E-01   0.000000000000000E+00   0.000000000000000E+00   0.000000000000000E+00
   8.149387678000000E-01   1.176262818700000E+01   1.176262818700000E+01   0.000000000000000E+00  -9.972948112900000E-01   0.000000000000000E+00   0.000000000000000E+00   0.000000000000000E+00
   8.157893545300000E-01   1.177490534900000E+01   1.177490534900000E+01   0.000000000000000E+00  -9.972948112900000E-01   0.000000000000000E+00   0.000000000000000E+00   0.000000000000000E+00
   8.166399412599999E-01   1.178718251100000E+01   1.178718251100000E+01   0.000000000000000E+00  -9.972948112900000E-01   0.000000000000000E+00   0.000000000000000E+00   0.000000000000000E+00
   8.174905279900000E-01   1.179945967300000E+01   1.179945967300000E+01   0.000000000000000E+00  -9.972948112900000E-01   0.000000000000000E+00   0.000000000000000E+00   0.000000000000000E+00
   8.182881357700000E-01   1.181097215000000E+01   1.181097215000000E+01   0.000000000000000E+00  -9.972948112900000E-01   0.000000000000000E+00   0.000000000000000E+00   0.000000000000000E+00
   8.190857435400000E-01   1.182248462700000E+01   1.182248462700000E+01   0.000000000000000E+00  -9.972948112900000E-01   0.000000000000000E+00   0.000000000000000E+00   0.000000000000000E+00
   8.198833513200000E-01   1.183399710400000E+01   1.183399710400000E+01   0.000000000000000E+00  -9.972948112900000E-01   0.000000000000000E+00   0.000000000000000E+00   0.000000000000000E+00
   8.206809591000001E-01   1.184550958100000E+01   1.184550958100000E+01   0.000000000000000E+00  -9.972948112900000E-01   0.000000000000000E+00   0.000000000000000E+00   0.000000000000000E+00
   8.215922315900001E-01   1.185866266700000E+01   1.185866266700000E+01   0.000000000000000E+00  -9.972948112900000E-01   0.000000000000000E+00   0.000000000000000E+00   0.000000000000000E+00
   8.225035040899999E-01   1.187181575200000E+01   1.187181575200000E+01   0.000000000000000E+00  -9.972948112900000E-01   0.000000000000000E+00   0.000000000000000E+00   0.000000000000000E+00
   8.234147765900000E-01   1.188496883800000E+01   1.188496883800000E+01   0.000000000000000E+00  -9.972948112900000E-01   0.000000000000000E+00   0.000000000000000E+00   0.000000000000000E+00
   8.243260490900000E-01   1.189812192400000E+01   1.189812192400000E+01   0.000000000000000E+00  -9.972948112900000E-01   0.000000000000000E+00   0.000000000000000E+00   0.000000000000000E+00
   8.252510745200000E-01   1.191147351600000E+01   1.191147351600000E+01   0.000000000000000E+00  -9.972948112900000E-01   0.000000000000000E+00   0.000000000000000E+00   0.000000000000000E+00
   8.261760999400000E-01   1.192482510900000E+01   1.192482510900000E+01   0.000000000000000E+00  -9.972948112900000E-01   0.000000000000000E+00   0.000000000000000E+00   0.000000000000000E+00
   8.271011253700000E-01   1.193817670100000E+01   1.193817670100000E+01   0.000000000000000E+00  -9.972948112900000E-01   0.000000000000000E+00   0.000000000000000E+00   0.000000000000000E+00
   8.280261507900000E-01   1.195152829300000E+01   1.195152829300000E+01   0.000000000000000E+00  -9.972948112900000E-01   0.000000000000000E+00   0.000000000000000E+00   0.000000000000000E+00
   8.292778647000000E-01   1.196959522800000E+01   1.196959522800000E+01   0.000000000000000E+00  -9.972948112900000E-01   0.000000000000000E+00   0.000000000000000E+00   0.000000000000000E+00
   8.305295786000000E-01   1.198766216200000E+01   1.198766216200000E+01   0.000000000000000E+00  -9.972948112900000E-01   0.000000000000000E+00   0.000000000000000E+00   0.000000000000000E+00
   8.317812925100000E-01   1.200572909600000E+01   1.200572909600000E+01   0.000000000000000E+00  -9.972948112900000E-01   0.000000000000000E+00   0.000000000000000E+00   0.000000000000000E+00
   8.330330064100000E-01   1.202379603100000E+01   1.202379603100000E+01   0.000000000000000E+00  -9.972948112900000E-01   0.000000000000000E+00   0.000000000000000E+00   0.000000000000000E+00
   8.341619913600000E-01   1.204009152500000E+01   1.204009152500000E+01   0.000000000000000E+00  -9.972948112900000E-01   0.000000000000000E+00   0.000000000000000E+00   0.000000000000000E+00
   8.352909763100000E-01   1.205638702000000E+01   1.205638702000000E+01   0.000000000000000E+00  -9.972948112900000E-01   0.000000000000000E+00   0.000000000000000E+00   0.000000000000000E+00
   8.364199612500000E-01   1.207268251400000E+01   1.207268251400000E+01   0.000000000000000E+00  -9.972948112900000E-01   0.000000000000000E+00   0.000000000000000E+00   0.000000000000000E+00
   8.375489462000000E-01   1.208897800900000E+01   1.208897800900000E+01   0.000000000000000E+00  -9.972948112900000E-01   0.000000000000000E+00   0.000000000000000E+00   0.000000000000000E+00
   8.385115098700000E-01   1.210287141900000E+01   1.210287141900000E+01   0.000000000000000E+00  -9.972948112900000E-01   0.000000000000000E+00   0.000000000000000E+00   0.000000000000000E+00
   8.394740735400000E-01   1.211676482900000E+01   1.211676482900000E+01   0.000000000000000E+00  -9.972948112900000E-01   0.000000000000000E+00   0.000000000000000E+00   0.000000000000000E+00
   8.404366371999999E-01   1.213065823900000E+01   1.213065823900000E+01   0.000000000000000E+00  -9.972948112900000E-01   0.000000000000000E+00   0.000000000000000E+00   0.000000000000000E+00
   8.413992008700000E-01   1.214455164900000E+01   1.214455164900000E+01   0.000000000000000E+00  -9.972948112900000E-01   0.000000000000000E+00   0.000000000000000E+00   0.000000000000000E+00
   8.423914164800000E-01   1.215887304800000E+01   1.215887304800000E+01   0.000000000000000E+00  -9.972948112900000E-01   0.000000000000000E+00   0.000000000000000E+00   0.000000000000000E+00
   8.433836320800000E-01   1.217319444700000E+01   1.217319444700000E+01   0.000000000000000E+00  -9.972948112900000E-01   0.000000000000000E+00   0.000000000000000E+00   0.000000000000000E+00
   8.443758476900000E-01   1.218751584600000E+01   1.218751584600000E+01   0.000000000000000E+00  -9.972948112900000E-01   0.000000000000000E+00   0.000000000000000E+00   0.000000000000000E+00
   8.453680632900000E-01   1.220183724500000E+01   1.220183724500000E+01   0.000000000000000E+00  -9.972948112900000E-01   0.000000000000000E+00   0.000000000000000E+00   0.000000000000000E+00
   8.462721099600000E-01   1.221488603500000E+01   1.221488603500000E+01   0.000000000000000E+00  -9.972948112900000E-01   0.000000000000000E+00   0.000000000000000E+00   0.000000000000000E+00
   8.471761566300000E-01   1.222793482500000E+01   1.222793482500000E+01   0.000000000000000E+00  -9.972948112900000E-01   0.000000000000000E+00   0.000000000000000E+00   0.000000000000000E+00
   8.480802033000000E-01   1.224098361500000E+01   1.224098361500000E+01   0.000000000000000E+00  -9.972948112900000E-01   0.000000000000000E+00   0.000000000000000E+00   0.000000000000000E+00
   8.489842499600000E-01   1.225403240500000E+01   1.225403240500000E+01   0.000000000000000E+00  -9.972948112900000E-01   0.000000000000000E+00   0.000000000000000E+00   0.000000000000000E+00
   8.498631178900000E-01   1.226671777100000E+01   1.226671777100000E+01   0.000000000000000E+00  -9.972948112900000E-01   0.000000000000000E+00   0.000000000000000E+00   0.000000000000000E+00
   8.507419858100000E-01   1.227940313700000E+01   1.227940313700000E+01   0.000000000000000E+00  -9.972948112900000E-01   0.000000000000000E+00   0.000000000000000E+00   0.000000000000000E+00
   8.516208537300000E-01   1.229208850300000E+01   1.229208850300000E+01   0.000000000000000E+00  -9.972948112900000E-01   0.000000000000000E+00   0.000000000000000E+00   0.000000000000000E+00
   8.524997216600000E-01   1.230477386900000E+01   1.230477386900000E+01   0.000000000000000E+00  -9.972948112900000E-01   0.000000000000000E+00   0.000000000000000E+00   0.000000000000000E+00
   8.534349229800000E-01   1.231827233800000E+01   1.231827233800000E+01   0.000000000000000E+00  -9.972948112900000E-01   0.000000000000000E+00   0.000000000000000E+00   0.000000000000000E+00
   8.543701243100000E-01   1.233177080700000E+01   1.233177080700000E+01   0.000000000000000E+00  -9.972948112900000E-01   0.000000000000000E+00   0.000000000000000E+00   0.000000000000000E+00
   8.553053256399999E-01   1.234526927600000E+01   1.234526927600000E+01   0.000000000000000E+00  -9.972948112900000E-01   0.000000000000000E+00   0.000000000000000E+00   0.000000000000000E+00
   8.562405269700000E-01   1.235876774400000E+01   1.235876774400000E+01   0.000000000000000E+00  -9.972948112900000E-01   0.000000000000000E+00   0.000000000000000E+00   0.000000000000000E+00
   8.573964285900000E-01   1.237545174800000E+01   1.237545174800000E+01   0.000000000000000E+00  -9.972948112900000E-01   0.000000000000000E+00   0.000000000000000E+00   0.000000000000000E+00
   8.585523302200000E-01   1.239213575100000E+01   1.239213575100000E+01   0.000000000000000E+00  -9.972948112900000E-01   0.000000000000000E+00   0.000000000000000E+00   0.000000000000000E+00
   8.597082318400000E-01   1.240881975400000E+01   1.240881975400000E+01   0.000000000000000E+00  -9.972948112900000E-01   0.000000000000000E+00   0.000000000000000E+00   0.000000000000000E+00
   8.608641334700000E-01   1.242550375700000E+01   1.242550375700000E+01   0.000000000000000E+00  -9.972948112900000E-01   0.000000000000000E+00   0.000000000000000E+00   0.000000000000000E+00
   8.622605604900000E-01   1.244565944600000E+01   1.244565944600000E+01   0.000000000000000E+00  -9.972948112900000E-01   0.000000000000000E+00   0.000000000000000E+00   0.000000000000000E+00
   8.636569875000000E-01   1.246581513400000E+01   1.246581513400000E+01   0.000000000000000E+00  -9.972948112900000E-01   0.000000000000000E+00   0.000000000000000E+00   0.000000000000000E+00
   8.650534145200000E-01   1.248597082200000E+01   1.248597082200000E+01   0.000000000000000E+00  -9.972948112900000E-01   0.000000000000000E+00   0.000000000000000E+00   0.000000000000000E+00
   8.664498415300000E-01   1.250612651000000E+01   1.250612651000000E+01   0.000000000000000E+00  -9.972948112900000E-01   0.000000000000000E+00   0.000000000000000E+00   0.000000000000000E+00
   8.685488931100001E-01   1.253642371100000E+01   1.253642371100000E+01   0.000000000000000E+00  -9.972948112900000E-01   0.000000000000000E+00   0.000000000000000E+00   0.000000000000000E+00
   8.706479446900000E-01   1.256672091200000E+01   1.256672091200000E+01   0.000000000000000E+00  -9.972948112900000E-01   0.000000000000000E+00   0.000000000000000E+00   0.000000000000000E+00
   8.727469962700000E-01   1.259701811200000E+01   1.259701811200000E+01   0.000000000000000E+00  -9.972948112900000E-01   0.000000000000000E+00   0.000000000000000E+00   0.000000000000000E+00
   8.748460478500000E-01   1.262731531300000E+01   1.262731531300000E+01   0.000000000000000E+00  -9.972948112900000E-01   0.000000000000000E+00   0.000000000000000E+00   0.000000000000000E+00
   8.768050509300001E-01   1.265559108700000E+01   1.265559108700000E+01   0.000000000000000E+00  -9.972948112900000E-01   0.000000000000000E+00   0.000000000000000E+00   0.000000000000000E+00
   8.787640540100000E-01   1.268386686200000E+01   1.268386686200000E+01   0.000000000000000E+00  -9.972948112900000E-01   0.000000000000000E+00   0.000000000000000E+00   0.000000000000000E+00
   8.807230570900000E-01   1.271214263600000E+01   1.271214263600000E+01   0.000000000000000E+00  -9.972948112900000E-01   0.000000000000000E+00   0.000000000000000E+00   0.000000000000000E+00
   8.826820601699999E-01   1.274041841100000E+01   1.274041841100000E+01   0.000000000000000E+00  -9.972948112900000E-01   0.000000000000000E+00   0.000000000000000E+00   0.000000000000000E+00
   8.842196213400000E-01   1.276261119500000E+01   1.276261119500000E+01   0.000000000000000E+00  -9.972948112900000E-01   0.000000000000000E+00   0.000000000000000E+00   0.000000000000000E+00
   8.857571825100000E-01   1.278480397900000E+01   1.278480397900000E+01   0.000000000000000E+00  -9.972948112900000E-01   0.000000000000000E+00   0.000000000000000E+00   0.000000000000000E+00
   8.872947436800001E-01   1.280699676400000E+01   1.280699676400000E+01   0.000000000000000E+00  -9.972948112900000E-01   0.000000000000000E+00   0.000000000000000E+00   0.000000000000000E+00
   8.888323048500000E-01   1.282918954800000E+01   1.282918954800000E+01   0.000000000000000E+00  -9.972948112900000E-01   0.000000000000000E+00   0.000000000000000E+00   0.000000000000000E+00
   8.902900947800000E-01   1.285023093400000E+01   1.285023093400000E+01   0.000000000000000E+00  -9.972948112900000E-01   0.000000000000000E+00   0.000000000000000E+00   0.000000000000000E+00
   8.917478847100000E-01   1.287127231900000E+01   1.287127231900000E+01   0.000000000000000E+00  -9.972948112900000E-01   0.000000000000000E+00   0.000000000000000E+00   0.000000000000000E+00
   8.932056746400000E-01   1.289231370500000E+01   1.289231370500000E+01   0.000000000000000E+00  -9.972948112900000E-01   0.000000000000000E+00   0.000000000000000E+00   0.000000000000000E+00
   8.946634645700000E-01   1.291335509100000E+01   1.291335509100000E+01   0.000000000000000E+00  -9.972948112900000E-01   0.000000000000000E+00   0.000000000000000E+00   0.000000000000000E+00
   8.960742450100000E-01   1.293371795300000E+01   1.293371795300000E+01   0.000000000000000E+00  -9.972948112900000E-01   0.000000000000000E+00   0.000000000000000E+00   0.000000000000000E+00
   8.974850254600000E-01   1.295408081500000E+01   1.295408081500000E+01   0.000000000000000E+00  -9.972948112900000E-01   0.000000000000000E+00   0.000000000000000E+00   0.000000000000000E+00
   8.988958059000000E-01   1.297444367700000E+01   1.297444367700000E+01   0.000000000000000E+00  -9.972948112900000E-01   0.000000000000000E+00   0.000000000000000E+00   0.000000000000000E+00
   9.003065863500000E-01   1.299480654000000E+01   1.299480654000000E+01   0.000000000000000E+00  -9.972948112900000E-01   0.000000000000000E+00   0.000000000000000E+00   0.000000000000000E+00
   9.019928336700000E-01   1.301914542400000E+01   1.301914542400000E+01   0.000000000000000E+00  -9.972948112900000E-01   0.000000000000000E+00   0.000000000000000E+00   0.000000000000000E+00
   9.036790810000001E-01   1.304348430800000E+01   1.304348430800000E+01   0.000000000000000E+00  -9.972948112900000E-01   0.000000000000000E+00   0.000000000000000E+00   0.000000000000000E+00
   9.053653283200001E-01   1.306782319200000E+01   1.306782319200000E+01   0.000000000000000E+00  -9.972948112900000E-01   0.000000000000000E+00   0.000000000000000E+00   0.000000000000000E+00
   9.070515756500001E-01   1.309216207700000E+01   1.309216207700000E+01   0.000000000000000E+00  -9.972948112900000E-01   0.000000000000000E+00   0.000000000000000E+00   0.000000000000000E+00
   9.089078233000000E-01   1.311895470400000E+01   1.311895470400000E+01   0.000000000000000E+00  -9.972948112900000E-01   0.000000000000000E+00   0.000000000000000E+00   0.000000000000000E+00
   9.107640709600000E-01   1.314574733200000E+01   1.314574733200000E+01   0.000000000000000E+00  -9.972948112900000E-01   0.000000000000000E+00   0.000000000000000E+00   0.000000000000000E+00
   9.126203186200000E-01   1.317253996000000E+01   1.317253996000000E+01   0.000000000000000E+00  -9.972948112900000E-01   0.000000000000000E+00   0.000000000000000E+00   0.000000000000000E+00
   9.144765662800000E-01   1.319933258700000E+01   1.319933258700000E+01   0.000000000000000E+00  -9.972948112900000E-01   0.000000000000000E+00   0.000000000000000E+00   0.000000000000000E+00
   9.168177667200000E-01   1.323312490600000E+01   1.323312490600000E+01   0.000000000000000E+00  -9.972948112900000E-01   0.000000000000000E+00   0.000000000000000E+00   0.000000000000000E+00
   9.191589671700000E-01   1.326691722400000E+01   1.326691722400000E+01   0.000000000000000E+00  -9.972948112900000E-01   0.000000000000000E+00   0.000000000000000E+00   0.000000000000000E+00
   9.215001676100000E-01   1.330070954300000E+01   1.330070954300000E+01   0.000000000000000E+00  -9.972948112900000E-01   0.000000000000000E+00   0.000000000000000E+00   0.000000000000000E+00
   9.238413680499999E-01   1.333450186100000E+01   1.333450186100000E+01   0.000000000000000E+00  -9.972948112900000E-01   0.000000000000000E+00   0.000000000000000E+00   0.000000000000000E+00
   9.260184107700000E-01   1.336592476700000E+01   1.336592476700000E+01   0.000000000000000E+00  -9.972948112900000E-01   0.000000000000000E+00   0.000000000000000E+00   0.000000000000000E+00
   9.281954534900000E-01   1.339734767300000E+01   1.339734767300000E+01   0.000000000000000E+00  -9.972948112900000E-01   0.000000000000000E+00   0.000000000000000E+00   0.000000000000000E+00
   9.303724962100000E-01   1.342877057800000E+01   1.342877057800000E+01   0.000000000000000E+00  -9.972948112900000E-01   0.000000000000000E+00   0.000000000000000E+00   0.000000000000000E+00
   9.325495389400000E-01   1.346019348400000E+01   1.346019348400000E+01   0.000000000000000E+00  -9.972948112900000E-01   0.000000000000000E+00   0.000000000000000E+00   0.000000000000000E+00
   9.345103200700000E-01   1.348849492300000E+01   1.348849492300000E+01   0.000000000000000E+00  -9.972948112900000E-01   0.000000000000000E+00   0.000000000000000E+00   0.000000000000000E+00
   9.364711012100000E-01   1.351679636100000E+01   1.351679636100000E+01   0.000000000000000E+00  -9.972948112900000E-01   0.000000000000000E+00   0.000000000000000E+00   0.000000000000000E+00
   9.384318823500000E-01   1.354509780000000E+01   1.354509780000000E+01   0.000000000000000E+00  -9.972948112900000E-01   0.000000000000000E+00   0.000000000000000E+00   0.000000000000000E+00
   9.403926634899999E-01   1.357339923800000E+01   1.357339923800000E+01   0.000000000000000E+00  -9.972948112900000E-01   0.000000000000000E+00   0.000000000000000E+00   0.000000000000000E+00
   9.424117082300000E-01   1.360254164000000E+01   1.360254164000000E+01   0.000000000000000E+00  -9.972948112900000E-01   0.000000000000000E+00   0.000000000000000E+00   0.000000000000000E+00
   9.444307529800000E-01   1.363168404100000E+01   1.363168404100000E+01   0.000000000000000E+00  -9.972948112900000E-01   0.000000000000000E+00   0.000000000000000E+00   0.000000000000000E+00
   9.464497977200000E-01   1.366082644200000E+01   1.366082644200000E+01   0.000000000000000E+00  -9.972948112900000E-01   0.000000000000000E+00   0.000000000000000E+00   0.000000000000000E+00
   9.484688424600000E-01   1.368996884400000E+01   1.368996884400000E+01   0.000000000000000E+00  -9.972948112900000E-01   0.000000000000000E+00   0.000000000000000E+00   0.000000000000000E+00
   9.506297320300000E-01   1.372115859900000E+01   1.372115859900000E+01   0.000000000000000E+00  -9.972948112900000E-01   0.000000000000000E+00   0.000000000000000E+00   0.000000000000000E+00
   9.527906216000001E-01   1.375234835400000E+01   1.375234835400000E+01   0.000000000000000E+00  -9.972948112900000E-01   0.000000000000000E+00   0.000000000000000E+00   0.000000000000000E+00
   9.549515111600000E-01   1.378353810900000E+01   1.378353810900000E+01   0.000000000000000E+00  -9.972948112900000E-01   0.000000000000000E+00   0.000000000000000E+00   0.000000000000000E+00
   9.571124007300000E-01   1.381472786400000E+01   1.381472786400000E+01   0.000000000000000E+00  -9.972948112900000E-01   0.000000000000000E+00   0.000000000000000E+00   0.000000000000000E+00
   9.596196187900000E-01   1.385091644000000E+01   1.385091644000000E+01   0.000000000000000E+00  -9.972948112900000E-01   0.000000000000000E+00   0.000000000000000E+00   0.000000000000000E+00
   9.621268368600000E-01   1.388710501600000E+01   1.388710501600000E+01   0.000000000000000E+00  -9.972948112900000E-01   0.000000000000000E+00   0.000000000000000E+00   0.000000000000000E+00
   9.646340549200000E-01   1.392329359300000E+01   1.392329359300000E+01   0.000000000000000E+00  -9.972948112900000E-01   0.000000000000000E+00   0.000000000000000E+00   0.000000000000000E+00
   9.671412729800000E-01   1.395948216900000E+01   1.395948216900000E+01   0.000000000000000E+00  -9.972948112900000E-01   0.000000000000000E+00   0.000000000000000E+00   0.000000000000000E+00
   9.693096288700001E-01   1.399077969100000E+01   1.399077969100000E+01   0.000000000000000E+00  -9.972948112900000E-01   0.000000000000000E+00   0.000000000000000E+00   0.000000000000000E+00
   9.714779847600000E-01   1.402207721300000E+01   1.402207721300000E+01   0.000000000000000E+00  -9.972948112900000E-01   0.000000000000000E+00   0.000000000000000E+00   0.000000000000000E+00
   9.736463406500000E-01   1.405337473600000E+01   1.405337473600000E+01   0.000000000000000E+00  -9.972948112900000E-01   0.000000000000000E+00   0.000000000000000E+00   0.000000000000000E+00
   9.758146965400000E-01   1.408467225800000E+01   1.408467225800000E+01   0.000000000000000E+00  -9.972948112900000E-01   0.000000000000000E+00   0.000000000000000E+00   0.000000000000000E+00
   9.780079441900000E-01   1.411632906100000E+01   1.411632906100000E+01   0.000000000000000E+00  -9.972948112900000E-01   0.000000000000000E+00   0.000000000000000E+00   0.000000000000000E+00
   9.802011918500000E-01   1.414798586500000E+01   1.414798586500000E+01   0.000000000000000E+00  -9.972948112900000E-01   0.000000000000000E+00   0.000000000000000E+00   0.000000000000000E+00
   9.823944395000000E-01   1.417964266900000E+01   1.417964266900000E+01   0.000000000000000E+00  -9.972948112900000E-01   0.000000000000000E+00   0.000000000000000E+00   0.000000000000000E+00
   9.845876871600000E-01   1.421129947300000E+01   1.421129947300000E+01   0.000000000000000E+00  -9.972948112900000E-01   0.000000000000000E+00   0.000000000000000E+00   0.000000000000000E+00
   9.865142234399999E-01   1.423910662900000E+01   1.423910662900000E+01   0.000000000000000E+00  -9.972948112900000E-01   0.000000000000000E+00   0.000000000000000E+00   0.000000000000000E+00
   9.884407597100000E-01   1.426691378600000E+01   1.426691378600000E+01   0.000000000000000E+00  -9.972948112900000E-01   0.000000000000000E+00   0.000000000000000E+00   0.000000000000000E+00
   9.903672959900000E-01   1.429472094300000E+01   1.429472094300000E+01   0.000000000000000E+00  -9.972948112900000E-01   0.000000000000000E+00   0.000000000000000E+00   0.000000000000000E+00
   9.922938322700000E-01   1.432252809900000E+01   1.432252809900000E+01   0.000000000000000E+00  -9.972948112900000E-01   0.000000000000000E+00   0.000000000000000E+00   0.000000000000000E+00
   9.942203742000000E-01   1.435033533700000E+01   1.435033533700000E+01   0.000000000000000E+00  -9.972948112900000E-01   0.000000000000000E+00   0.000000000000000E+00   0.000000000000000E+00
   9.961469161299999E-01   1.437814257600000E+01   1.437814257600000E+01   0.000000000000000E+00  -9.972948112900000E-01   0.000000000000000E+00   0.000000000000000E+00   0.000000000000000E+00
   9.980734580700000E-01   1.440594981400000E+01   1.440594981400000E+01   0.000000000000000E+00  -9.972948112900000E-01   0.000000000000000E+00   0.000000000000000E+00   0.000000000000000E+00
   1.000000000000000E+00   1.443375705200000E+01   1.443375705200000E+01   0.000000000000000E+00  -9.972948112900000E-01   0.000000000000000E+00   0.000000000000000E+00   0.000000000000000E+00
