   0.000000000000000E+00   0.000000000000000E+00   0.000000000000000E+00   0.000000000000000E+00  -2.106345348200000E-01  -2.169069244400000E-03   0.000000000000000E+00   1.806659979900000E-02
   3.743073265000000E-03   5.402661013400000E-02   5.410888293000000E-02   3.357509490300000E-05  -2.106345125900000E-01  -2.169063201000000E-03   1.242280294800000E-03   1.817689355700000E-02
   7.486146529900000E-03   1.080532202700000E-01   1.082175221800000E-01   1.345640257700000E-04  -2.106344459700000E-01  -2.169020824700000E-03   2.491634683700000E-03   1.827298596400000E-02
   1.122921979500000E-02   1.620798304000000E-01   1.623258574300000E-01   3.033226943100000E-04  -2.106343351100000E-01  -2.168905595400000E-03   3.747086973300000E-03   1.835479898400000E-02
   1.497229306000000E-02   2.161064405400000E-01   2.164338277100000E-01   5.401540280600000E-04  -2.106341801900000E-01  -2.168680815300000E-03   5.007655935600000E-03   1.842226376700000E-02
   1.871536632500000E-02   2.701330506700000E-01   2.705413716300000E-01   8.453077262500000E-04  -2.106339814300000E-01  -2.168309637200000E-03   6.272355939700000E-03   1.847532069200000E-02
   2.278911661900000E-02   3.289325727000000E-01   3.294284207500000E-01   1.255290794500000E-03  -2.106337155800000E-01  -2.167696048100000E-03   7.652321273800000E-03   1.851663285400000E-02
   2.686286691200000E-02   3.877320947300000E-01   3.883148122900000E-01   1.746613421800000E-03  -2.106333984500000E-01  -2.166817484300000E-03   9.034728150500000E-03   1.854076716900000E-02
   3.093661720600000E-02   4.465316167600000E-01   4.472004670200000E-01   2.319380911500000E-03  -2.106330304500000E-01  -2.165626083900000E-03   1.041829350100000E-02   1.854768435300000E-02
   3.501036750000000E-02   5.053311387900000E-01   5.060853062700000E-01   2.973622924500000E-03  -2.106326120500000E-01  -2.164073945200000E-03   1.180173181500000E-02   1.853735824500000E-02
   3.908411779300000E-02   5.641306608200000E-01   5.649692523500000E-01   3.709293367700000E-03  -2.106321437400000E-01  -2.162113171500000E-03   1.318375612100000E-02   1.850977583700000E-02
   4.263455185400000E-02   6.153767634700000E-01   6.162881457100000E-01   4.416775697200000E-03  -2.106316953100000E-01  -2.160033659800000E-03   1.438608656600000E-02   1.847166292300000E-02
   4.618498591400000E-02   6.666228661300000E-01   6.676062528500000E-01   5.185890405200000E-03  -2.106312097700000E-01  -2.157575792500000E-03   1.558551300000000E-02   1.842045063300000E-02
   4.973541997400000E-02   7.178689687900000E-01   7.189235251600000E-01   6.016466116700000E-03  -2.106306875500000E-01  -2.154708027400000E-03   1.678118418200000E-02   1.835615482500000E-02
   5.328585403400000E-02   7.691150714400000E-01   7.702399152600000E-01   6.908287805300000E-03  -2.106301290900000E-01  -2.151398921500000E-03   1.797225014700000E-02   1.827879894600000E-02
   5.683628809500000E-02   8.203611741000000E-01   8.215553771500000E-01   7.861096873499999E-03  -2.106295348400000E-01  -2.147617152900000E-03   1.915786270300000E-02   1.818841401800000E-02
   6.024176962300000E-02   8.695150671300000E-01   8.707748843300001E-01   8.832029674399999E-03  -2.106289316700000E-01  -2.143516773200000E-03   2.028916257500000E-02   1.808951289300000E-02
   6.364725115200000E-02   9.186689601600000E-01   9.199934588300001E-01   9.858490023400000E-03  -2.106282964900000E-01  -2.138925482100000E-03   2.141392283300000E-02   1.797870089400000E-02
   6.705273268100000E-02   9.678228531900001E-01   9.692110644000000E-01   1.094013734600000E-02  -2.106276297500000E-01  -2.133816067800000E-03   2.253140208300000E-02   1.785602495700000E-02
   7.045821420900000E-02   1.016976746200000E+00   1.018427666500000E+00   1.207659466100000E-02  -2.106269319300000E-01  -2.128161494900000E-03   2.364086206000000E-02   1.772153836200000E-02
   7.386369573800000E-02   1.066130639200000E+00   1.067643232200000E+00   1.326744874900000E-02  -2.106262035500000E-01  -2.121934922300000E-03   2.474156801500000E-02   1.757530070400000E-02
   7.717369576200001E-02   1.113906375400000E+00   1.115477889400000E+00   1.447661828000000E-02  -2.106254667800000E-01  -2.115309476800000E-03   2.580232965900000E-02   1.742196423200000E-02
   8.048369578600000E-02   1.161682111600000E+00   1.163311511800000E+00   1.573630776000000E-02  -2.106247021100000E-01  -2.108094255100000E-03   2.685346366000000E-02   1.725765477800000E-02
   8.379369580899999E-02   1.209457847800000E+00   1.211144074600000E+00   1.704604038800000E-02  -2.106239100400000E-01  -2.100265233700000E-03   2.789430702100000E-02   1.708244405700000E-02
   8.710369583300000E-02   1.257233584000000E+00   1.258975555100000E+00   1.840530777300000E-02  -2.106230910700000E-01  -2.091798624200000E-03   2.892420125700000E-02   1.689640930300000E-02
   9.041369585700000E-02   1.305009320200000E+00   1.306805932400000E+00   1.981357015800000E-02  -2.106222457300000E-01  -2.082670888800000E-03   2.994249273400000E-02   1.669963323000000E-02
   9.371919717700000E-02   1.352720123200000E+00   1.354570182800000E+00   2.126824424600000E-02  -2.106213757600000E-01  -2.072872565600000E-03   3.094717426500000E-02   1.649249311300000E-02
   9.702469849700000E-02   1.400430926200000E+00   1.402333298200000E+00   2.277061164000000E-02  -2.106204805600000E-01  -2.062368803900000E-03   3.193899752400000E-02   1.627482195700000E-02
   1.003301998200000E-01   1.448141729100000E+00   1.450095264200000E+00   2.432004263200000E-02  -2.106195606700000E-01  -2.051136997800000E-03   3.291732797700000E-02   1.604671827600000E-02
   1.036357011400000E-01   1.495852532100000E+00   1.497856069000000E+00   2.591587737300000E-02  -2.106186166500000E-01  -2.039154849100000E-03   3.388153721600000E-02   1.580828586400000E-02
   1.069412024600000E-01   1.543563335100000E+00   1.545615703200000E+00   2.755742617500000E-02  -2.106176490500000E-01  -2.026400381600000E-03   3.483100327400000E-02   1.555963375500000E-02
   1.102559846000000E-01   1.591408095200000E+00   1.593508248800000E+00   2.924876776300000E-02  -2.106166556200000E-01  -2.012812777500000E-03   3.576771143100000E-02   1.530013553800000E-02
   1.135707667400000E-01   1.639252855300000E+00   1.641399605200000E+00   3.098460243800000E-02  -2.106156396100000E-01  -1.998405280700000E-03   3.668836157100000E-02   1.503059537900000E-02
   1.168855488800000E-01   1.687097615400000E+00   1.689289770300000E+00   3.276414626600000E-02  -2.106146015900000E-01  -1.983156789800000E-03   3.759234788900000E-02   1.475113877300000E-02
   1.202003310200000E-01   1.734942375400000E+00   1.737178744400000E+00   3.458658650900000E-02  -2.106135421400000E-01  -1.967046585700000E-03   3.847907235500000E-02   1.446189628800000E-02
   1.235151131500000E-01   1.782787135500000E+00   1.785066530500000E+00   3.645108200700000E-02  -2.106124618100000E-01  -1.950054344600000E-03   3.934794501500000E-02   1.416300350200000E-02
   1.268030102500000E-01   1.830243843500000E+00   1.832564747300000E+00   3.834114396200000E-02  -2.106113701900000E-01  -1.932308966300000E-03   4.019156236400000E-02   1.385714015200000E-02
   1.300909073500000E-01   1.877700551400000E+00   1.880061808800000E+00   4.027085158600000E-02  -2.106102591500000E-01  -1.913657184400000E-03   4.101648502300000E-02   1.354206253000000E-02
   1.333788044500000E-01   1.925157259300000E+00   1.927557725400000E+00   4.223930350000000E-02  -2.106091292200000E-01  -1.894080397300000E-03   4.182216257100000E-02   1.321791716800000E-02
   1.366667015500000E-01   1.972613967200000E+00   1.975052510400000E+00   4.424557241800000E-02  -2.106079809600000E-01  -1.873560437100000E-03   4.260805355200000E-02   1.288485518600000E-02
   1.399545986500000E-01   2.020070675200000E+00   2.022546179300000E+00   4.628870558100000E-02  -2.106068148900000E-01  -1.852079582400000E-03   4.337362574400000E-02   1.254303222400000E-02
   1.432473499400000E-01   2.067597447400000E+00   2.070108866800000E+00   4.837082066700000E-02  -2.106056297900000E-01  -1.829586679900000E-03   4.411944027600000E-02   1.219208472700000E-02
   1.465401012300000E-01   2.115124219600000E+00   2.117670474100000E+00   5.048792142100000E-02  -2.106044278700000E-01  -1.806095861300000E-03   4.484383650400000E-02   1.183267610500000E-02
   1.498328525200000E-01   2.162650991800000E+00   2.165231024700000E+00   5.263897677600000E-02  -2.106032096500000E-01  -1.781590742900000E-03   4.554630930900000E-02   1.146497586200000E-02
   1.531256038200000E-01   2.210177763900000E+00   2.212790544500000E+00   5.482293191000000E-02  -2.106019756200000E-01  -1.756055437100000E-03   4.622636391600000E-02   1.108915774200000E-02
   1.564183551100000E-01   2.257704536100000E+00   2.260349062000000E+00   5.703870873800000E-02  -2.106007262700000E-01  -1.729474562800000E-03   4.688351615600000E-02   1.070539964500000E-02
   1.596534557000000E-01   2.304399192100000E+00   2.307073961200000E+00   5.924561604400000E-02  -2.105994843200000E-01  -1.702326414000000E-03   4.750640001200000E-02   1.032080402600000E-02
   1.628885563000000E-01   2.351093848100000E+00   2.353797954200000E+00   6.148111302800000E-02  -2.105982284600000E-01  -1.674141040700000E-03   4.810628106000000E-02   9.928896005800001E-03
   1.661236568900000E-01   2.397788504100000E+00   2.400521074800000E+00   6.374411454300000E-02  -2.105969591100000E-01  -1.644905345700000E-03   4.868273139400000E-02   9.529855551099999E-03
   1.693587574800000E-01   2.444483160100000E+00   2.447243359100000E+00   6.603351571600000E-02  -2.105956766600000E-01  -1.614606742900000E-03   4.923533387000000E-02   9.123866183800001E-03
   1.725938580800000E-01   2.491177816100000E+00   2.493964844900000E+00   6.834819245100000E-02  -2.105943815000000E-01  -1.583233166800000E-03   4.976368232400000E-02   8.711114896000001E-03
   1.758214029000000E-01   2.537763413900000E+00   2.540576454200000E+00   7.068151229500000E-02  -2.105930770600000E-01  -1.550850168300000E-03   5.026623436700000E-02   8.292778926800000E-03
   1.790489477200000E-01   2.584349011700000E+00   2.587187350600000E+00   7.303769946499999E-02  -2.105917606700000E-01  -1.517374807200000E-03   5.074387146100000E-02   7.868094395200000E-03
   1.822764925300000E-01   2.630934609500000E+00   2.633797577700000E+00   7.541558362900000E-02  -2.105904326500000E-01  -1.482796702600000E-03   5.119622412600000E-02   7.437256803700000E-03
   1.855040373500000E-01   2.677520207300000E+00   2.680407181000000E+00   7.781397751200000E-02  -2.105890933100000E-01  -1.447106022900000E-03   5.162293453100000E-02   7.000464747900000E-03
   1.887315821700000E-01   2.724105805100000E+00   2.727016207800000E+00   8.023167743500000E-02  -2.105877429100000E-01  -1.410293493000000E-03   5.202365667100000E-02   6.557919827200000E-03
   1.920664210200000E-01   2.772240058800000E+00   2.775174115600000E+00   8.274873357400001E-02  -2.105863363000000E-01  -1.371069539000000E-03   5.241004696400000E-02   6.094837602400000E-03
   1.954012598600000E-01   2.820374312400000E+00   2.823331515900000E+00   8.528373625900000E-02  -2.105849184200000E-01  -1.330629644600000E-03   5.276798112200000E-02   5.626060774300000E-03
   1.987360987000000E-01   2.868508566100000E+00   2.871488466000000E+00   8.783530636400000E-02  -2.105834895200000E-01  -1.288965502700000E-03   5.309711843200000E-02   5.151821201200000E-03
   2.020709375400000E-01   2.916642819700000E+00   2.919645024900000E+00   9.040204868700000E-02  -2.105820497800000E-01  -1.246069473800000E-03   5.339713243400000E-02   4.672353733100000E-03
   2.054057763800000E-01   2.964777073300000E+00   2.967801253000000E+00   9.298255264200000E-02  -2.105805993900000E-01  -1.201934593800000E-03   5.366771109600000E-02   4.187896098400000E-03
   2.087702443600000E-01   3.013338986800000E+00   3.016385063800000E+00   9.559848061200001E-02  -2.105791254600000E-01  -1.156145794000000E-03   5.391056272800000E-02   3.694321755400000E-03
   2.121347123400000E-01   3.061900900200000E+00   3.064968665400000E+00   9.822548706100000E-02  -2.105776409600000E-01  -1.109083899600000E-03   5.412286074300000E-02   3.196162657800000E-03
   2.154991803200000E-01   3.110462813700000E+00   3.113552123700000E+00   1.008620802100000E-01  -2.105761459600000E-01  -1.060743892200000E-03   5.430433041600000E-02   2.693671115700000E-03
   2.188636483100000E-01   3.159024727200000E+00   3.162135505300000E+00   1.035067552700000E-01  -2.105746405100000E-01  -1.011121481300000E-03   5.445471264700000E-02   2.187101935300000E-03
   2.222281162900000E-01   3.207586640600000E+00   3.210718877900000E+00   1.061579952400000E-01  -2.105731246500000E-01  -9.602131098900000E-04   5.457376410500000E-02   1.676712293500000E-03
   2.257381877100000E-01   3.258250158800000E+00   3.261404848000000E+00   1.089293168700000E-01  -2.105715320700000E-01  -9.057279060300000E-04   5.466432807800000E-02   1.140443089900000E-03
   2.292482591300000E-01   3.308913676900000E+00   3.312090960800000E+00   1.117043721400000E-01  -2.105699280700000E-01  -8.498376332800000E-04   5.472030380300000E-02   6.005950068100000E-04
   2.327583305600000E-01   3.359577195100000E+00   3.362777294600000E+00   1.144814013200000E-01  -2.105683125800000E-01  -7.925408454000000E-04   5.474147083900000E-02   5.746742682600000E-05
   2.362684019800000E-01   3.410240713300000E+00   3.413463928300000E+00   1.172586339100000E-01  -2.105666854600000E-01  -7.338369903800000E-04   5.472762805800000E-02  -4.886380789400001E-04
   2.397784734100000E-01   3.460904231400000E+00   3.464150940600000E+00   1.200342896800000E-01  -2.105650465300000E-01  -6.737264157100000E-04   5.467859378700000E-02  -1.037417912200000E-03
   2.434676162900000E-01   3.514152423600000E+00   3.517424319900000E+00   1.229478889000000E-01  -2.105633110300000E-01  -6.090343973400000E-04   5.458895024300000E-02  -1.616742157300000E-03
   2.471567591700000E-01   3.567400615700000E+00   3.570698295300000E+00   1.258556837200000E-01  -2.105615619700000E-01  -5.427923926599999E-04   5.446008930600000E-02  -2.198326458300000E-03
   2.508459020600000E-01   3.620648807800000E+00   3.623972956800000E+00   1.287555796500000E-01  -2.105597990000000E-01  -4.750040497600000E-04   5.429187038800000E-02  -2.781812290600000E-03
   2.545350449400000E-01   3.673896999900000E+00   3.677248393800000E+00   1.316454752400000E-01  -2.105580217400000E-01  -4.056741338800000E-04   5.408417718100000E-02  -3.366839476900000E-03
   2.582241878300000E-01   3.727145192000000E+00   3.730524694000000E+00   1.345232634000000E-01  -2.105562297400000E-01  -3.348085307300000E-04   5.383691775700000E-02  -3.953046400700000E-03
   2.622674897400000E-01   3.785505229500000E+00   3.788916632100000E+00   1.376609106600000E-01  -2.105542482100000E-01  -2.553842411600000E-04   5.352039598800000E-02  -4.596454324400000E-03
   2.663107916500000E-01   3.843865267100000E+00   3.847309822400000E+00   1.407786940500000E-01  -2.105522477000000E-01  -1.741344802900000E-04   5.315621115800000E-02  -5.240364422100000E-03
   2.703540935700000E-01   3.902225304600000E+00   3.905704373100000E+00   1.438738273500000E-01  -2.105502274600000E-01  -9.107165369800000E-05   5.274434385500000E-02  -5.884296502000000E-03
   2.743973954800000E-01   3.960585342100000E+00   3.964100389300000E+00   1.469435241000000E-01  -2.105481866500000E-01  -6.209793117700000E-06   5.228481025500000E-02  -6.527769596800000E-03
   2.784406973900000E-01   4.018945379600000E+00   4.022497972100000E+00   1.499849996500000E-01  -2.105461243900000E-01   8.043544403800000E-05   5.177766216400000E-02  -7.170302305500000E-03
   2.820261592400000E-01   4.070697064700000E+00   4.074284339900000E+00   1.526562288300000E-01  -2.105442769400000E-01   1.587475032300000E-04   5.128817781000000E-02  -7.738904048100000E-03
   2.856116210800000E-01   4.122448749900000E+00   4.126072080400000E+00   1.553011442300000E-01  -2.105424112000000E-01   2.384352429900000E-04   5.076140434000000E-02  -8.306052091300000E-03
   2.891970829200000E-01   4.174200435000000E+00   4.177861255400000E+00   1.579178155100000E-01  -2.105405264300000E-01   3.194845457100000E-04   5.019744821400000E-02  -8.871411182200001E-03
   2.927825447600000E-01   4.225952120100000E+00   4.229651922900000E+00   1.605043182800000E-01  -2.105386218700000E-01   4.018802963600000E-04   4.959643789100000E-02  -9.434646599500000E-03
   2.963680066000000E-01   4.277703805300000E+00   4.281444137800000E+00   1.630587352800000E-01  -2.105366967400000E-01   4.856063858300000E-04   4.895852378100000E-02  -9.995424341100000E-03
   2.997726010300000E-01   4.326844894100000E+00   4.330625190600000E+00   1.654528594300000E-01  -2.105348489400000E-01   5.663247598200000E-04   4.831878725500000E-02  -1.052533585800000E-02
   3.031771954500000E-01   4.375985982900000E+00   4.379807725300000E+00   1.678147053200000E-01  -2.105329811400000E-01   6.482117679700000E-04   4.764609719800000E-02  -1.105244677500000E-02
   3.065817898800000E-01   4.425127071600000E+00   4.428991779100000E+00   1.701426548300000E-01  -2.105310926000000E-01   7.312511504200000E-04   4.694063706000000E-02  -1.157647384600000E-02
   3.099863843000000E-01   4.474268160400000E+00   4.478177385900000E+00   1.724350992100000E-01  -2.105291825700000E-01   8.154258544500000E-04   4.620260791400000E-02  -1.209713500400000E-02
   3.133909787300000E-01   4.523409249200000E+00   4.527364575800000E+00   1.746904399700000E-01  -2.105272502700000E-01   9.007180392700000E-04   4.543222838000000E-02  -1.261414949800000E-02
   3.166873200700000E-01   4.570987839300000E+00   4.574989334800000E+00   1.768372202300000E-01  -2.105253574600000E-01   9.843454561400001E-04   4.465574258300000E-02  -1.311098702600000E-02
   3.199836614100000E-01   4.618566429400000E+00   4.622615623500000E+00   1.789463007100000E-01  -2.105234423100000E-01   1.068985368700000E-03   4.384938192900000E-02  -1.360389222900000E-02
   3.232800027500000E-01   4.666145019500000E+00   4.670243459300000E+00   1.810162625900000E-01  -2.105215041100000E-01   1.154619502100000E-03   4.301339137000000E-02  -1.409261458100000E-02
   3.265763441000000E-01   4.713723609600000E+00   4.717872855900000E+00   1.830456990500000E-01  -2.105195421100000E-01   1.241228908900000E-03   4.214803092900000E-02  -1.457690520200000E-02
   3.298726854400000E-01   4.761302199700000E+00   4.765503823500000E+00   1.850332159300000E-01  -2.105175555600000E-01   1.328793975500000E-03   4.125357560100000E-02  -1.505651697900000E-02
   3.331186195200000E-01   4.808153223600000E+00   4.812407965400000E+00   1.869480346000000E-01  -2.105155746700000E-01   1.415934150700000E-03   4.034464900700000E-02  -1.552398410200000E-02
   3.363645536000000E-01   4.855004247600000E+00   4.859313639400000E+00   1.888195620800000E-01  -2.105135685400000E-01   1.503961347600000E-03   3.940808230900000E-02  -1.598644433700000E-02
   3.396104876800000E-01   4.901855271500000E+00   4.906220844400000E+00   1.906465073100000E-01  -2.105115364400000E-01   1.592854980700000E-03   3.844417998700000E-02  -1.644366741800000E-02
   3.428564217600000E-01   4.948706295400000E+00   4.953129575900000E+00   1.924275937900000E-01  -2.105094776700000E-01   1.682593863300000E-03   3.745326014800000E-02  -1.689542517200000E-02
   3.461023558400000E-01   4.995557319300000E+00   5.000039825400000E+00   1.941615602400000E-01  -2.105073915000000E-01   1.773156213900000E-03   3.643565439500000E-02  -1.734149163100000E-02
   3.493796623600000E-01   5.042861165300000E+00   5.047404997000000E+00   1.958632127700000E-01  -2.105052566600000E-01   1.865406539500000E-03   3.538149043300000E-02  -1.778586767200000E-02
   3.526569688700000E-01   5.090165011400000E+00   5.094771687300000E+00   1.975142955500000E-01  -2.105030924500000E-01   1.958449901000000E-03   3.430084265300000E-02  -1.822398614500000E-02
   3.559342753800000E-01   5.137468857400000E+00   5.142139875900000E+00   1.991135615200000E-01  -2.105008981500000E-01   2.052262081200000E-03   3.319409339000000E-02  -1.865562194200000E-02
   3.592115819000000E-01   5.184772703400000E+00   5.189509538300000E+00   2.006597820200000E-01  -2.104986730700000E-01   2.146818277500000E-03   3.206163840700000E-02  -1.908055267300000E-02
   3.624888884100000E-01   5.232076549400000E+00   5.236880646100000E+00   2.021517474500000E-01  -2.104964165100000E-01   2.242093110500000E-03   3.090388673000000E-02  -1.949855877000000E-02
   3.656936093000000E-01   5.278332712200000E+00   5.283203947700000E+00   2.035570607300000E-01  -2.104941788500000E-01   2.335927836600000E-03   2.974771950100000E-02  -1.990040264400000E-02
   3.688983302000000E-01   5.324588874900000E+00   5.329528566400000E+00   2.049082639700000E-01  -2.104919098200000E-01   2.430400133800000E-03   2.856817391900000E-02  -2.029521830100000E-02
   3.721030510900000E-01   5.370845037700000E+00   5.375854464400000E+00   2.062042825000000E-01  -2.104896088300000E-01   2.525484723700000E-03   2.736566825000000E-02  -2.068280884500000E-02
   3.753077719800000E-01   5.417101200500000E+00   5.422181600500000E+00   2.074440613400000E-01  -2.104872752900000E-01   2.621155835100000E-03   2.614063223200000E-02  -2.106298033000000E-02
   3.785124928700000E-01   5.463357363200000E+00   5.468509929600000E+00   2.086265656800000E-01  -2.104849086500000E-01   2.717387213600000E-03   2.489350689500000E-02  -2.143554185000000E-02
   3.817104772900000E-01   5.509516293400000E+00   5.514742015200000E+00   2.097484801400000E-01  -2.104825134400000E-01   2.813948186000000E-03   2.362743375200000E-02  -2.179954718200000E-02
   3.849084617100000E-01   5.555675223600000E+00   5.560975188600000E+00   2.108113642100000E-01  -2.104800842000000E-01   2.911013435700000E-03   2.234027444300000E-02  -2.215560410800000E-02
   3.881064461400000E-01   5.601834153800000E+00   5.607209394200000E+00   2.118142528900000E-01  -2.104776204600000E-01   3.008555491400000E-03   2.103249976000000E-02  -2.250353248800000E-02
   3.913044305600000E-01   5.647993084000000E+00   5.653444573300000E+00   2.127562031900000E-01  -2.104751217500000E-01   3.106546441300000E-03   1.970459094600000E-02  -2.284315553400000E-02
   3.945024149800000E-01   5.694152014200000E+00   5.699680663500000E+00   2.136362947000000E-01  -2.104725876200000E-01   3.204957943700000E-03   1.835703949600000E-02  -2.317429988900000E-02
   3.976920134300000E-01   5.740189903300000E+00   5.745796352600000E+00   2.144515696100000E-01  -2.104700244700000E-01   3.303501661500000E-03   1.699395537900000E-02  -2.349596149200000E-02
   4.008816118800000E-01   5.786227792500000E+00   5.791912814300000E+00   2.152035499500000E-01  -2.104674253200000E-01   3.402406177700000E-03   1.561233778800000E-02  -2.380885490000000E-02
   4.040712103300000E-01   5.832265681600000E+00   5.838029977200000E+00   2.158913923700000E-01  -2.104647898400000E-01   3.501642157800000E-03   1.421270361600000E-02  -2.411281878100000E-02
   4.072608087800000E-01   5.878303570700000E+00   5.884147766400000E+00   2.165142776200000E-01  -2.104621177100000E-01   3.601179884500000E-03   1.279557907300000E-02  -2.440769550500000E-02
   4.104504072300000E-01   5.924341459800000E+00   5.930266104300000E+00   2.170714110300000E-01  -2.104594086700000E-01   3.700989269000000E-03   1.136149946700000E-02  -2.469333121600000E-02
   4.136539601200000E-01   5.970580764000000E+00   5.976586680100000E+00   2.175640220900000E-01  -2.104566503800000E-01   3.801478067200000E-03   9.904627858900001E-03  -2.497076361500000E-02
   4.168575130100000E-01   6.016820068200000E+00   6.022907643400000E+00   2.179887742900000E-01  -2.104538544200000E-01   3.902178985100000E-03   8.431761604400000E-03  -2.523857461500000E-02
   4.200610659100000E-01   6.063059372300000E+00   6.069228906600000E+00   2.183449398400000E-01  -2.104510206300000E-01   4.003060476000000E-03   6.943469406700000E-03  -2.549662024700000E-02
   4.232646188000000E-01   6.109298676500000E+00   6.115550379700000E+00   2.186318176200000E-01  -2.104481488900000E-01   4.104090662800000E-03   5.440328294600000E-03  -2.574476065400000E-02
   4.264681716900000E-01   6.155537980700000E+00   6.161871970000000E+00   2.188487335100000E-01  -2.104452391200000E-01   4.205237350400000E-03   3.922923379600000E-03  -2.598286016100000E-02
   4.296460851000000E-01   6.201407210700000E+00   6.207822849700000E+00   2.189941518100000E-01  -2.104423150400000E-01   4.305657596000000E-03   2.404154193000000E-03  -2.620900385500000E-02
   4.328239985100000E-01   6.247276440800000E+00   6.253773655800000E+00   2.190694829200000E-01  -2.104393535200000E-01   4.406128492200000E-03   8.725182918100000E-04  -2.642501327700000E-02
   4.360019119200000E-01   6.293145670900000E+00   6.299724291300000E+00   2.190741497700000E-01  -2.104363546200000E-01   4.506617757200000E-03  -6.713910244400000E-04  -2.663076854300000E-02
   4.391798253300000E-01   6.339014900900000E+00   6.345674656700000E+00   2.190076028300000E-01  -2.104333184400000E-01   4.607092850800000E-03  -2.226973603700000E-03  -2.682615404800000E-02
   4.423577387400000E-01   6.384884131000000E+00   6.391624650900000E+00   2.188693204700000E-01  -2.104302451200000E-01   4.707520986900000E-03  -3.793622692300000E-03  -2.701105852700000E-02
   4.455943447500000E-01   6.431600515800000E+00   6.438422803600000E+00   2.186542389600000E-01  -2.104270770700000E-01   4.809721505900000E-03  -5.399946959800000E-03  -2.718849430200000E-02
   4.488309507500000E-01   6.478316900600000E+00   6.485220354300000E+00   2.183637449800000E-01  -2.104238709600000E-01   4.911803950200000E-03  -7.016460111700000E-03  -2.735483930300000E-02
   4.520675567600000E-01   6.525033285400000E+00   6.532017191100000E+00   2.179973784400000E-01  -2.104206271000000E-01   5.013732981000000E-03  -8.642501683899999E-03  -2.750999017900000E-02
   4.553041627700000E-01   6.571749670200000E+00   6.578813200700000E+00   2.175547104400000E-01  -2.104173458400000E-01   5.115473052100000E-03  -1.027740523100000E-02  -2.765384845600000E-02
   4.585407687800000E-01   6.618466055100000E+00   6.625608268700000E+00   2.170353435500000E-01  -2.104140275900000E-01   5.216988424100000E-03  -1.192049861600000E-02  -2.778632059100000E-02
   4.618812187000000E-01   6.666681297700000E+00   6.673903609200000E+00   2.164184962700000E-01  -2.104105646000000E-01   5.321487137900000E-03  -1.362417940300000E-02  -2.791100917900000E-02
   4.652216686200000E-01   6.714896540300000E+00   6.722197695700000E+00   2.157191938200000E-01  -2.104070632800000E-01   5.425668573200000E-03  -1.533511169500000E-02  -2.802338318300000E-02
   4.685621185500000E-01   6.763111782900000E+00   6.770490399800000E+00   2.149371064600000E-01  -2.104035242800000E-01   5.529492893300000E-03  -1.705253949500000E-02  -2.812335657400000E-02
   4.719025684700000E-01   6.811327025500000E+00   6.818781592100000E+00   2.140719412300000E-01  -2.103999482900000E-01   5.632920111000000E-03  -1.877570172400000E-02  -2.821084911000000E-02
   4.752430183900000E-01   6.859542268100000E+00   6.867071143300000E+00   2.131234421900000E-01  -2.103963360700000E-01   5.735910106900000E-03  -2.050383256900000E-02  -2.828578637800000E-02
   4.788137823400000E-01   6.911081807500000E+00   6.918688153300000E+00   2.120171500700000E-01  -2.103924356700000E-01   5.845471961500000E-03  -2.235573583000000E-02  -2.835192934400000E-02
   4.823845462900000E-01   6.962621346900000E+00   6.970302981800000E+00   2.108151676900000E-01  -2.103884959000000E-01   5.954438987500000E-03  -2.421149058600000E-02  -2.840357157200000E-02
   4.859553102500000E-01   7.014160886300000E+00   7.021915471400000E+00   2.095173244400000E-01  -2.103845179100000E-01   6.062761820400000E-03  -2.607014632300000E-02  -2.844064457300000E-02
   4.895260742000000E-01   7.065700425700000E+00   7.073525465200000E+00   2.081234991100000E-01  -2.103805029700000E-01   6.170391020700000E-03  -2.793074830500000E-02  -2.846308766600000E-02
   4.930968381600000E-01   7.117239965000000E+00   7.125132807500000E+00   2.066336200300000E-01  -2.103764523900000E-01   6.277277099100000E-03  -2.979233808400000E-02  -2.847084801600000E-02
   4.967312658100000E-01   7.169698410900000E+00   7.177657383200000E+00   2.050185174300000E-01  -2.103722944500000E-01   6.385254604300000E-03  -3.168713940900000E-02  -2.846362258200000E-02
   5.003656934700000E-01   7.222156856700000E+00   7.230178891500000E+00   2.033039128600000E-01  -2.103681026200000E-01   6.492358750600000E-03  -3.358095096700000E-02  -2.844110065400000E-02
   5.040001211200000E-01   7.274615302500000E+00   7.282697174100000E+00   2.014898899200000E-01  -2.103638785500000E-01   6.598537360600000E-03  -3.547275359500000E-02  -2.840325178000000E-02
   5.076345487800000E-01   7.327073748300000E+00   7.335212075200000E+00   1.995765860000000E-01  -2.103596239600000E-01   6.703738314600000E-03  -3.736152639100000E-02  -2.835005405400000E-02
   5.112689764300000E-01   7.379532194100000E+00   7.387723441800000E+00   1.975641922600000E-01  -2.103553406800000E-01   6.807909579100000E-03  -3.924624727700000E-02  -2.828149413900000E-02
   5.146671747700000E-01   7.428580963300000E+00   7.436818362200000E+00   1.955931772600000E-01  -2.103513115300000E-01   6.904332529700000E-03  -4.100389519400000E-02  -2.820348925100000E-02
   5.180653731100000E-01   7.477629732500000E+00   7.485909942400000E+00   1.935359916000000E-01  -2.103472605500000E-01   6.999767578200000E-03  -4.275627077300000E-02  -2.811205296600000E-02
   5.214635714500000E-01   7.526678501700000E+00   7.534998066000000E+00   1.913929192700000E-01  -2.103431894100000E-01   7.094172526900000E-03  -4.450253841600000E-02  -2.800719476800000E-02
   5.248617697800000E-01   7.575727270900000E+00   7.584082619900000E+00   1.891642853300000E-01  -2.103390998400000E-01   7.187505327400000E-03  -4.624186332000000E-02  -2.788893071500000E-02
   5.282599681200000E-01   7.624776040200000E+00   7.633163494300000E+00   1.868504558700000E-01  -2.103349936200000E-01   7.279724100900000E-03  -4.797341188700000E-02  -2.775728343500000E-02
   5.315401751900000E-01   7.672121752100000E+00   7.680536607300000E+00   1.845365381400000E-01  -2.103310158900000E-01   7.367645116500000E-03  -4.963668206900000E-02  -2.761754022800000E-02
   5.348203822599999E-01   7.719467464100000E+00   7.727906101400000E+00   1.821440196800000E-01  -2.103270260400000E-01   7.454451967700000E-03  -5.129118481300000E-02  -2.746538625100000E-02
   5.381005893400000E-01   7.766813176000000E+00   7.775271888500000E+00   1.796733380100000E-01  -2.103230258100000E-01   7.540107542600000E-03  -5.293617569700000E-02  -2.730085923600000E-02
   5.413807964100000E-01   7.814158888000000E+00   7.822633884100000E+00   1.771249658900000E-01  -2.103190169700000E-01   7.624574944800000E-03  -5.457091273500000E-02  -2.712400258200000E-02
   5.446610034800000E-01   7.861504599900000E+00   7.869992007900000E+00   1.744994111800000E-01  -2.103150013300000E-01   7.707817510100000E-03  -5.619465672100000E-02  -2.693486534000000E-02
   5.478590488400000E-01   7.907664409700000E+00   7.916160118200000E+00   1.718658316800000E-01  -2.103110815000000E-01   7.787761069200000E-03  -5.776644337800000E-02  -2.673869469000000E-02
   5.510570942100000E-01   7.953824219600000E+00   7.962324409000000E+00   1.691599382800000E-01  -2.103071587100000E-01   7.866472261799999E-03  -5.932640209900000E-02  -2.653095872300000E-02
   5.542551395700001E-01   7.999984029400000E+00   8.008484817399999E+00   1.663822970700000E-01  -2.103032347500000E-01   7.943917837600000E-03  -6.087385730300000E-02  -2.631171830600000E-02
   5.574531849300000E-01   8.046143839200001E+00   8.054641285000001E+00   1.635335052200000E-01  -2.102993114200000E-01   8.020064814399999E-03  -6.240813712300000E-02  -2.608103933200000E-02
   5.606512303000000E-01   8.092303649000000E+00   8.100793757500000E+00   1.606141907600000E-01  -2.102953905600000E-01   8.094880493000001E-03  -6.392857369799999E-02  -2.583899270100000E-02
   5.637985377500000E-01   8.137731120100000E+00   8.146210058799999E+00   1.576729784900000E-01  -2.102915361000000E-01   8.167177946599999E-03  -6.541072811300000E-02  -2.558976131400000E-02
   5.669458452000000E-01   8.183158591200000E+00   8.191622399200000E+00   1.546647581600000E-01  -2.102876876200000E-01   8.238124036400001E-03  -6.687820422200000E-02  -2.532967058000000E-02
   5.700931526500000E-01   8.228586062300000E+00   8.237030740100000E+00   1.515902148100000E-01  -2.102838469200000E-01   8.307688477000001E-03  -6.833037845499999E-02  -2.505880210600000E-02
   5.732404601000000E-01   8.274013533400000E+00   8.282435046900000E+00   1.484500616200000E-01  -2.102800158300000E-01   8.375841300300000E-03  -6.976663207400000E-02  -2.477724207900000E-02
   5.763877675500000E-01   8.319441004500000E+00   8.327835289799999E+00   1.452450396600000E-01  -2.102761961700000E-01   8.442552868800000E-03  -7.118635144400000E-02  -2.448508123100000E-02
   5.795375695900000E-01   8.364904481900000E+00   8.373267423700000E+00   1.419733012900000E-01  -2.102723868100000E-01   8.507845007500001E-03  -7.259003302600001E-02  -2.418217076900000E-02
   5.826873716300000E-01   8.410367959300000E+00   8.418695441400001E+00   1.386381592500000E-01  -2.102685926300000E-01   8.571635256800001E-03  -7.397594080500000E-02  -2.386883802800000E-02
   5.858371736700000E-01   8.455831436800000E+00   8.464119327500001E+00   1.352404387600000E-01  -2.102648155100000E-01   8.633894977600001E-03  -7.534347658600000E-02  -2.354518741300000E-02
   5.889869757100000E-01   8.501294914200001E+00   8.509539071000001E+00   1.317809919900000E-01  -2.102610573300000E-01   8.694595912200001E-03  -7.669204832300000E-02  -2.321132773800000E-02
   5.921367777500000E-01   8.546758391599999E+00   8.554954666000000E+00   1.282606977100000E-01  -2.102573199800000E-01   8.753710196700000E-03  -7.802107037000000E-02  -2.286737218300000E-02
   5.953879031400000E-01   8.593684345700000E+00   8.601826845700000E+00   1.245643066500000E-01  -2.102534862400000E-01   8.813032945500000E-03  -7.937172781900000E-02  -2.250188854300000E-02
   5.986390285400000E-01   8.640610299800001E+00   8.648694609400000E+00   1.208050791800000E-01  -2.102496787800000E-01   8.870606343700000E-03  -8.070031182900000E-02  -2.212590822900000E-02
   6.018901539300000E-01   8.687536253799999E+00   8.695557967399999E+00   1.169840687700000E-01  -2.102458996500000E-01   8.926401150700000E-03  -8.200620155100000E-02  -2.173957001600000E-02
   6.051412793299999E-01   8.734462207900000E+00   8.742416936000000E+00   1.131023576400000E-01  -2.102421509300000E-01   8.980388627099999E-03  -8.328878454400000E-02  -2.134301741300000E-02
   6.083924047200000E-01   8.781388162000001E+00   8.789271537099999E+00   1.091610563000000E-01  -2.102384346700000E-01   9.032540548000000E-03  -8.454745704699999E-02  -2.093639860400000E-02
   6.115506787900000E-01   8.826973922600001E+00   8.834783826600001E+00   1.052763354400000E-01  -2.102348575700000E-01   9.081419080200000E-03  -8.574672205300000E-02  -2.053189853300000E-02
   6.147089528600000E-01   8.872559683200000E+00   8.880292051600000E+00   1.013375222300000E-01  -2.102313148800000E-01   9.128514362699999E-03  -8.692232453300000E-02  -2.011818737100000E-02
   6.178672269200000E-01   8.918145443800000E+00   8.925796247899999E+00   9.734570924300000E-02  -2.102278084600000E-01   9.173801985200000E-03  -8.807373600100001E-02  -1.969541328700000E-02
   6.210255009900000E-01   8.963731204400000E+00   8.971296456799999E+00   9.330201271200000E-02  -2.102243401300000E-01   9.217258040700000E-03  -8.920043665600000E-02  -1.926372838000000E-02
   6.241837750600000E-01   9.009316965000000E+00   9.016792724600000E+00   8.920757215199999E-02  -2.102209117100000E-01   9.258859136800000E-03  -9.030191560700000E-02  -1.882328861300000E-02
   6.272933288200000E-01   9.054199508500000E+00   9.061583355600000E+00   8.512784724600000E-02  -2.102175768800000E-01   9.297983997800000E-03  -9.136127405800000E-02  -1.838124513200000E-02
   6.304028825800000E-01   9.099082052000000E+00   9.106370270099999E+00   8.100118920300001E-02  -2.102142841400000E-01   9.335267199499999E-03  -9.239522648800000E-02  -1.793102571400000E-02
   6.335124363300000E-01   9.143964595500000E+00   9.151153527000000E+00   7.682874936100000E-02  -2.102110351500000E-01   9.370687934600001E-03  -9.340331183800001E-02  -1.747278984100000E-02
   6.366219900900000E-01   9.188847138900000E+00   9.195933189800000E+00   7.261169932800000E-02  -2.102078315300000E-01   9.404225917400000E-03  -9.438507822599999E-02  -1.700670038000000E-02
   6.397315438500000E-01   9.233729682400000E+00   9.240709326799999E+00   6.835123056500000E-02  -2.102046748800000E-01   9.435861392300000E-03  -9.534008314100000E-02  -1.653292352400000E-02
   6.428428342300000E-01   9.278637291800001E+00   9.285507014500000E+00   6.404613945000000E-02  -2.102015650400000E-01   9.465591196900000E-03  -9.626840411300000E-02  -1.605135786200000E-02
   6.459541246000000E-01   9.323544901200000E+00   9.330301322900000E+00   5.970002529400000E-02  -2.101985053300000E-01   9.493378430400001E-03  -9.716907635300000E-02  -1.556243878600000E-02
   6.490654149800000E-01   9.368452510599999E+00   9.375092334300000E+00   5.531413864900000E-02  -2.101954972400000E-01   9.519204950400000E-03  -9.804168588300000E-02  -1.506634235800000E-02
   6.521767053500001E-01   9.413360120000000E+00   9.419880135000000E+00   5.088974821200000E-02  -2.101925422400000E-01   9.543053180200000E-03  -9.888582884500000E-02  -1.456324769500000E-02
   6.552879957300000E-01   9.458267729399999E+00   9.464664816000001E+00   4.642814037200000E-02  -2.101896417400000E-01   9.564906116800000E-03  -9.970111166900000E-02  -1.405333690400000E-02
   6.584939379200000E-01   9.504541520200000E+00   9.510808775599999E+00   4.179324600100000E-02  -2.101867114900000E-01   9.585319248900000E-03  -1.005106018500000E-01  -1.352097879400000E-02
   6.616998801100000E-01   9.550815310899999E+00   9.556949632500000E+00   3.712166441000000E-02  -2.101838420300000E-01   9.603579095400000E-03  -1.012886351500000E-01  -1.298178557000000E-02
   6.649058223099999E-01   9.597089101600000E+00   9.603087499800001E+00   3.241485879500000E-02  -2.101810347800000E-01   9.619669017500001E-03  -1.020348163900000E-01  -1.243596592800000E-02
   6.681117645000000E-01   9.643362892400001E+00   9.649222495400000E+00   2.767431012700000E-02  -2.101782911000000E-01   9.633573057800000E-03  -1.027487627300000E-01  -1.188373158900000E-02
   6.713177066900000E-01   9.689636683100000E+00   9.695354741099999E+00   2.290151658500000E-02  -2.101756122800000E-01   9.645275947900000E-03  -1.034301038400000E-01  -1.132529721100000E-02
   6.745417268500000E-01   9.736171406700000E+00   9.741744475899999E+00   1.807082219300000E-02  -2.101729850400000E-01   9.654810305100001E-03  -1.040820441000000E-01  -1.075768106900000E-02
   6.777657470000000E-01   9.782706130399999E+00   9.788131689700000E+00   1.321060716200000E-02  -2.101704258500000E-01   9.662089782700001E-03  -1.047002980900000E-01  -1.018423874900000E-02
   6.809897671600000E-01   9.829240854000000E+00   9.834516518699999E+00   8.322444250600001E-03  -2.101679358700000E-01   9.667101008700000E-03  -1.052845285000000E-01  -9.605196985299999E-03
   6.842137873100000E-01   9.875775577700001E+00   9.880899103100001E+00   3.407921411500000E-03  -2.101655161700000E-01   9.669831346500001E-03  -1.058344115000000E-01  -9.020785131800000E-03
   6.874378074700001E-01   9.922310301400000E+00   9.927279586399999E+00  -1.531358826600000E-03  -2.101631677600000E-01   9.670268901900000E-03  -1.063496368500000E-01  -8.431235067399999E-03
   6.907537390600000E-01   9.970171652399999E+00   9.974980263200001E+00  -6.635573474200000E-03  -2.101608277600000E-01   9.668315440900001E-03  -1.068430845400000E-01  -7.819764648700000E-03
   6.940696706600000E-01   1.001803300300000E+01   1.002267903600000E+01  -1.176249380900000E-02  -2.101585651300000E-01   9.663913529299999E-03  -1.072992496100000E-01  -7.203364222500000E-03
   6.973856022600000E-01   1.006589435500000E+01   1.007037607300000E+01  -1.691033227200000E-02  -2.101563807300000E-01   9.657052726999999E-03  -1.077178405600000E-01  -6.582293750000000E-03
   7.007015338500000E-01   1.011375570600000E+01   1.011807154300000E+01  -2.207728787800000E-02  -2.101542753600000E-01   9.647723452699999E-03  -1.080985817600000E-01  -5.956815556000000E-03
   7.040174654500000E-01   1.016161705700000E+01   1.016576562000000E+01  -2.726154695900000E-02  -2.101522497200000E-01   9.635916990300000E-03  -1.084412135700000E-01  -5.327194209000000E-03
   7.074320715300000E-01   1.021090265100000E+01   1.021487769100000E+01  -3.261623424500000E-02  -2.101502477800000E-01   9.621162063400000E-03  -1.087539570900000E-01  -4.674788353100000E-03
   7.108466776100000E-01   1.026018824600000E+01   1.026398866600000E+01  -3.798532840000000E-02  -2.101483316500000E-01   9.603764414200000E-03  -1.090257833800000E-01  -4.018565337100000E-03
   7.142612836800000E-01   1.030947384000000E+01   1.031309874000000E+01  -4.336681191600000E-02  -2.101465018100000E-01   9.583717438900000E-03  -1.092564629600000E-01  -3.358820701800000E-03
   7.176758897600000E-01   1.035875943500000E+01   1.036220811300000E+01  -4.875865650300000E-02  -2.101447586600000E-01   9.561015530700000E-03  -1.094457849100000E-01  -2.695851953900000E-03
   7.210904958400000E-01   1.040804502900000E+01   1.041131698500000E+01  -5.415882398300000E-02  -2.101431024900000E-01   9.535654084999999E-03  -1.095935569800000E-01  -2.029958421900000E-03
   7.247689047700000E-01   1.046113829000000E+01   1.046421954300000E+01  -5.998315574100000E-02  -2.101414159200000E-01   9.505353501700000E-03  -1.097060578700000E-01  -1.309692872200000E-03
   7.284473136900000E-01   1.051423155100000E+01   1.051712200900000E+01  -6.581220056300000E-02  -2.101398306400000E-01   9.471959225700001E-03  -1.097699474000000E-01  -5.867607753000000E-04
   7.321257226100000E-01   1.056732481200000E+01   1.057002463900000E+01  -7.164337920300000E-02  -2.101383466200000E-01   9.435469439100000E-03  -1.097850587400000E-01   1.384577393700000E-04
   7.358041315300000E-01   1.062041807200000E+01   1.062292768900000E+01  -7.747410418099999E-02  -2.101369637100000E-01   9.395883695500000E-03  -1.097512507100000E-01   8.655809062800000E-04
   7.394825404599999E-01   1.067351133300000E+01   1.067583141700000E+01  -8.330178112099999E-02  -2.101356816200000E-01   9.353202924099999E-03  -1.096684079100000E-01   1.594225538200000E-03
   7.434083027300000E-01   1.073017483200000E+01   1.073229367300000E+01  -8.951504338300000E-02  -2.101344240500000E-01   9.304240517100000E-03  -1.095258022500000E-01   2.373112439300000E-03
   7.473340649900000E-01   1.078683833100000E+01   1.078875730200000E+01  -9.571870674600000E-02  -2.101332801400000E-01   9.251760028200001E-03  -1.093271675000000E-01   3.152825958900000E-03
   7.512598272600000E-01   1.084350183000000E+01   1.084522261400000E+01  -1.019096018700000E-01  -2.101322490200000E-01   9.195767794599999E-03  -1.090724611100000E-01   3.932896606500000E-03
   7.551855895300000E-01   1.090016532800000E+01   1.090168991500000E+01  -1.080845576800000E-01  -2.101313296500000E-01   9.136271949299999E-03  -1.087616743100000E-01   4.712854207400000E-03
   7.591113518000000E-01   1.095682882700000E+01   1.095815950900000E+01  -1.142404032300000E-01  -2.101305208200000E-01   9.073282422700000E-03  -1.083948321300000E-01   5.492228203300000E-03
   7.626004773600000E-01   1.100719001800000E+01   1.100835052800000E+01  -1.196929730900000E-01  -2.101298936200000E-01   9.014375821999999E-03  -1.080217881300000E-01   6.184047317800000E-03
   7.660896029099999E-01   1.105755120900000E+01   1.105854380500000E+01  -1.251257217600000E-01  -2.101293515500000E-01   8.952728140099999E-03  -1.076045744600000E-01   6.874703369100000E-03
   7.695787284700000E-01   1.110791239900000E+01   1.110873954300000E+01  -1.305364304400000E-01  -2.101288934400000E-01   8.888349918200001E-03  -1.071432759800000E-01   7.563866374800000E-03
   7.730678540300000E-01   1.115827359000000E+01   1.115893794400000E+01  -1.359228848200000E-01  -2.101285179800000E-01   8.821252813600000E-03  -1.066379986200000E-01   8.251206822600001E-03
   7.765569795800000E-01   1.120863478000000E+01   1.120913920700000E+01  -1.412828761800000E-01  -2.101282238000000E-01   8.751449597400001E-03  -1.060888693500000E-01   8.936395837699999E-03
   7.799065459500000E-01   1.125698160700000E+01   1.125733537500000E+01  -1.464015361200000E-01  -2.101280164600000E-01   8.681905352799999E-03  -1.055205854900000E-01   9.591849819900000E-03
   7.832561123100000E-01   1.130532843500000E+01   1.130553452700000E+01  -1.514918363600000E-01  -2.101278812500000E-01   8.609893175900000E-03  -1.049121728500000E-01   1.024472925700000E-02
   7.866056786700000E-01   1.135367526200000E+01   1.135373682700000E+01  -1.565518425000000E-01  -2.101278166800000E-01   8.535427245700000E-03  -1.042637982100000E-01   1.089474568800000E-02
   7.899552450400000E-01   1.140202208900000E+01   1.140194243500000E+01  -1.615796283000000E-01  -2.101278211900000E-01   8.458522674500001E-03  -1.035756460100000E-01   1.154161174200000E-02
   7.933048114000000E-01   1.145036891600000E+01   1.145015150500000E+01  -1.665732765700000E-01  -2.101278931400000E-01   8.379195503700001E-03  -1.028479182800000E-01   1.218504127700000E-02
   7.965332779500000E-01   1.149696781800000E+01   1.149662104800000E+01  -1.713522930200000E-01  -2.101280247300000E-01   8.300459369699999E-03  -1.021092506700000E-01   1.280168965300000E-02
   7.997617445100000E-01   1.154356672000000E+01   1.154309407900000E+01  -1.760961252200000E-01  -2.101282157800000E-01   8.219504398599999E-03  -1.013342331800000E-01   1.341462724600000E-02
   8.029902110600000E-01   1.159016562200000E+01   1.158957072200000E+01  -1.808030845900000E-01  -2.101284646500000E-01   8.136347379599999E-03  -1.005230926600000E-01   1.402360176700000E-02
   8.062186776100000E-01   1.163676452300000E+01   1.163605109900000E+01  -1.854714931400000E-01  -2.101287696300000E-01   8.051005886500000E-03  -9.967607085500001E-02   1.462836243500000E-02
   8.094471441700000E-01   1.168336342500000E+01   1.168253532700000E+01  -1.900996841900000E-01  -2.101291289500000E-01   7.963498272300000E-03  -9.879342426399999E-02   1.522866008400000E-02
   8.126327700400000E-01   1.172934397500000E+01   1.172840660600000E+01  -1.946254253600000E-01  -2.101295349900000E-01   7.875047321500000E-03  -9.788783587200001E-02   1.581637593100000E-02
   8.158183959100000E-01   1.177532452500000E+01   1.177428184500000E+01  -1.991088205500000E-01  -2.101299903600000E-01   7.784525085200000E-03  -9.694810034500000E-02   1.639926952000000E-02
   8.190040217800000E-01   1.182130507500000E+01   1.182016113800000E+01  -2.035483047500000E-01  -2.101304932300000E-01   7.691951394800000E-03  -9.597450584800001E-02   1.697710671100000E-02
   8.221896476400000E-01   1.186728562500000E+01   1.186604457900000E+01  -2.079423262100000E-01  -2.101310417000000E-01   7.597346798000000E-03  -9.496735414800000E-02   1.754965529700000E-02
   8.253752735100000E-01   1.191326617500000E+01   1.191193225300000E+01  -2.122893470400000E-01  -2.101316338600000E-01   7.500732552900000E-03  -9.392696049900000E-02   1.811668510300000E-02
   8.285336036500000E-01   1.195885274400000E+01   1.195743100000000E+01  -2.165512229600000E-01  -2.101322621300000E-01   7.402983862200000E-03  -9.286298889800000E-02   1.867318383000000E-02
   8.316919337799999E-01   1.200443931400000E+01   1.200293406000000E+01  -2.207639329400000E-01  -2.101329294500000E-01   7.303303479600000E-03  -9.176699866000000E-02   1.922381371300000E-02
   8.348502639099999E-01   1.205002588400000E+01   1.204844150000000E+01  -2.249260222600000E-01  -2.101336338500000E-01   7.201714150100000E-03  -9.063933554200000E-02   1.976835691600000E-02
   8.380085940400001E-01   1.209561245400000E+01   1.209395338200000E+01  -2.290360519600000E-01  -2.101343733100000E-01   7.098239278600000E-03  -8.948035783600000E-02   2.030659793400000E-02
   8.411669241700001E-01   1.214119902400000E+01   1.213946976200000E+01  -2.330925994200000E-01  -2.101351457900000E-01   6.992902922300000E-03  -8.829043622799999E-02   2.083832368300000E-02
   8.443139093499999E-01   1.218662184300000E+01   1.218482716600000E+01  -2.370799845600000E-01  -2.101359463000000E-01   6.886118013700000E-03  -8.707439194200001E-02   2.136145003500000E-02
   8.474608945300000E-01   1.223204466300000E+01   1.223018912900000E+01  -2.410115019600000E-01  -2.101367754900000E-01   6.777534559000000E-03  -8.582839662400001E-02   2.187769302100000E-02
   8.506078797100000E-01   1.227746748200000E+01   1.227555568800000E+01  -2.448857959900000E-01  -2.101376312800000E-01   6.667178243600000E-03  -8.455285283900001E-02   2.238684953400000E-02
   8.537548648900000E-01   1.232289030200000E+01   1.232092687500000E+01  -2.487015293400000E-01  -2.101385115700000E-01   6.555075364400000E-03  -8.324817477300001E-02   2.288871919000000E-02
   8.569018500700000E-01   1.236831312100000E+01   1.236630271400000E+01  -2.524573835000000E-01  -2.101394142600000E-01   6.441252821300000E-03  -8.191478808600000E-02   2.338310441700000E-02
   8.600608794300000E-01   1.241390978400000E+01   1.241185691700000E+01  -2.561660804800000E-01  -2.101403408000000E-01   6.325292795200000E-03  -8.054786464499999E-02   2.387165826100000E-02
   8.632199087900000E-01   1.245950644600000E+01   1.245741584100000E+01  -2.598118360200000E-01  -2.101412856200000E-01   6.207656027800000E-03  -7.915290601300000E-02   2.435228018900000E-02
   8.663789381500000E-01   1.250510310800000E+01   1.250297949400000E+01  -2.633933768700000E-01  -2.101422465700000E-01   6.088371509600000E-03  -7.773037660000000E-02   2.482477937900000E-02
   8.695379675100000E-01   1.255069977100000E+01   1.254854787600000E+01  -2.669094510100000E-01  -2.101432214900000E-01   5.967468806500000E-03  -7.628075176500000E-02   2.528896818800000E-02
   8.726969968700000E-01   1.259629643300000E+01   1.259412098400000E+01  -2.703588281400000E-01  -2.101442082400000E-01   5.844978050400000E-03  -7.480451762600000E-02   2.574466222600000E-02
   8.758092393800000E-01   1.264121778500000E+01   1.263902373800000E+01  -2.736907200200000E-01  -2.101451898300000E-01   5.722778357500000E-03  -7.332460947500000E-02   2.618512401900000E-02
   8.789214818800000E-01   1.268613913700000E+01   1.268393104900000E+01  -2.769555696900000E-01  -2.101461787500000E-01   5.599096949900000E-03  -7.181984123900000E-02   2.661699515200000E-02
   8.820337243900001E-01   1.273106049000000E+01   1.272884289300000E+01  -2.801522654000000E-01  -2.101471729500000E-01   5.473964194300000E-03  -7.029070730799999E-02   2.704010899600000E-02
   8.851459669000000E-01   1.277598184200000E+01   1.277375924100000E+01  -2.832797176900000E-01  -2.101481704200000E-01   5.347410952000000E-03  -6.873771147100000E-02   2.745430226600000E-02
   8.882582094100000E-01   1.282090319400000E+01   1.281868005900000E+01  -2.863368598300000E-01  -2.101491691300000E-01   5.219468568600000E-03  -6.716136672900000E-02   2.785941508700000E-02
   8.913413875600000E-01   1.286540503800000E+01   1.286318574000000E+01  -2.892950980200000E-01  -2.101501577700000E-01   5.091382536900000E-03  -6.557723327700000E-02   2.825163727900000E-02
   8.944245657100000E-01   1.290990688300000E+01   1.290769572300000E+01  -2.921823171400000E-01  -2.101511437500000E-01   4.961995800700000E-03  -6.397121333300000E-02   2.863464568500000E-02
   8.975077438600000E-01   1.295440872700000E+01   1.295220995500000E+01  -2.949975484700000E-01  -2.101521251500000E-01   4.831340181300000E-03  -6.234383124500000E-02   2.900829512700000E-02
   9.005909220100000E-01   1.299891057200000E+01   1.299672838100000E+01  -2.977398467600000E-01  -2.101531001100000E-01   4.699447925700000E-03  -6.069561946300000E-02   2.937244395000000E-02
   9.036741001600000E-01   1.304341241600000E+01   1.304125093800000E+01  -3.004082906100000E-01  -2.101540667700000E-01   4.566351696400000E-03  -5.902711833100000E-02   2.972695407500000E-02
   9.067622409100000E-01   1.308798588900000E+01   1.308584923300000E+01  -3.030060968300000E-01  -2.101550248400000E-01   4.431867521900000E-03  -5.733614292500000E-02   3.007223798400000E-02
   9.098503816600000E-01   1.313255936300000E+01   1.313045153200000E+01  -3.055280337400000E-01  -2.101559709400000E-01   4.296242291600000E-03  -5.562592082900000E-02   3.040758587000000E-02
   9.129385224100000E-01   1.317713283600000E+01   1.317505775900000E+01  -3.079732495600000E-01  -2.101569033200000E-01   4.159510013900000E-03  -5.389701758900000E-02   3.073287010300000E-02
   9.160266631600000E-01   1.322170630900000E+01   1.321966783000000E+01  -3.103409179100000E-01  -2.101578202400000E-01   4.021705071300000E-03  -5.215000585900000E-02   3.104796686200000E-02
   9.191148039100000E-01   1.326627978300000E+01   1.326428165700000E+01  -3.126302381400000E-01  -2.101587200000000E-01   3.882862208600000E-03  -5.038546518700000E-02   3.135275618900000E-02
   9.222210477600000E-01   1.331111455200000E+01   1.330916071200000E+01  -3.148531573600000E-01  -2.101596060700000E-01   3.742193840600000E-03  -4.859348971200000E-02   3.164881668900000E-02
   9.253272916100000E-01   1.335594932100000E+01   1.335404337500000E+01  -3.169952621000000E-01  -2.101604714600000E-01   3.600546920500000E-03  -4.678497547600000E-02   3.193421707400000E-02
   9.284335354700000E-01   1.340078409000000E+01   1.339892954000000E+01  -3.190558182200000E-01  -2.101613146000000E-01   3.457957846800000E-03  -4.496053203000000E-02   3.220884736600000E-02
   9.315397793200000E-01   1.344561885900000E+01   1.344381909900000E+01  -3.210341191800000E-01  -2.101621339200000E-01   3.314463341200000E-03  -4.312077506200000E-02   3.247260172700000E-02
   9.346460231700000E-01   1.349045362800000E+01   1.348871194000000E+01  -3.229294863200000E-01  -2.101629279400000E-01   3.170100435700000E-03  -4.126632616000000E-02   3.272537849700000E-02
   9.377758950900000E-01   1.353562943900000E+01   1.353394946300000E+01  -3.247547287400000E-01  -2.101637009400000E-01   3.023798933700000E-03  -3.938354719100000E-02   3.296887609000000E-02
   9.409057670200000E-01   1.358080525000000E+01   1.357919007300000E+01  -3.264944740900000E-01  -2.101644453600000E-01   2.876692152200000E-03  -3.748713600700000E-02   3.320103422300000E-02
   9.440356389500000E-01   1.362598106100000E+01   1.362443364200000E+01  -3.281481155800000E-01  -2.101651598400000E-01   2.728818853500000E-03  -3.557774518800000E-02   3.342176201800000E-02
   9.471655108700000E-01   1.367115687200000E+01   1.366968003600000E+01  -3.297150762300000E-01  -2.101658430600000E-01   2.580218067100000E-03  -3.365603239200000E-02   3.363097306400000E-02
   9.502953828000000E-01   1.371633268300000E+01   1.371492911900000E+01  -3.311948090800000E-01  -2.101664937800000E-01   2.430929076400000E-03  -3.172266010500000E-02   3.382858545100000E-02
   9.535354673799999E-01   1.376309927700000E+01   1.376177424800000E+01  -3.326342083300000E-01  -2.101671319100000E-01   2.275700294900000E-03  -2.970963609900000E-02   3.402085547800000E-02
   9.567755519500000E-01   1.380986587000000E+01   1.380862195000000E+01  -3.339790361200000E-01  -2.101677327200000E-01   2.119820449100000E-03  -2.768557677000000E-02   3.420053203600000E-02
   9.600156365300000E-01   1.385663246400000E+01   1.385547206100000E+01  -3.352287888600000E-01  -2.101682950200000E-01   1.963333885900000E-03  -2.565123163000000E-02   3.436753971700000E-02
   9.632557211100000E-01   1.390339905700000E+01   1.390232441500000E+01  -3.363829983900000E-01  -2.101688177300000E-01   1.806285179500000E-03  -2.360735450500000E-02   3.452180842500000E-02
   9.664958056900000E-01   1.395016565100000E+01   1.394917884200000E+01  -3.374412322400000E-01  -2.101692998400000E-01   1.648719114800000E-03  -2.155470322600000E-02   3.466327340900000E-02
   9.698462249499999E-01   1.399852478900000E+01   1.399763080000000E+01  -3.384341469100000E-01  -2.101697546900000E-01   1.485291205200000E-03  -1.942373551700000E-02   3.479602743500000E-02
   9.731966442000000E-01   1.404688392600000E+01   1.404608459500000E+01  -3.393236161900000E-01  -2.101701642000000E-01   1.321408128200000E-03  -1.728504594700000E-02   3.491496782700000E-02
   9.765470634600000E-01   1.409524306400000E+01   1.409454003100000E+01  -3.401092834600000E-01  -2.101705275200000E-01   1.157119996800000E-03  -1.513948374500000E-02   3.502004119400000E-02
   9.798974827100000E-01   1.414360220100000E+01   1.414299690900000E+01  -3.407908336300000E-01  -2.101708439200000E-01   9.924770867400000E-04  -1.298790122700000E-02   3.511120036700000E-02
   9.832479019700000E-01   1.419196133900000E+01   1.419145502600000E+01  -3.413679933300000E-01  -2.101711127500000E-01   8.275298158800000E-04  -1.083115340800000E-02   3.518840442100000E-02
   9.865983215700000E-01   1.424032048100000E+01   1.423991418400000E+01  -3.418405310800000E-01  -2.101713334500000E-01   6.623287068700000E-04  -8.670097397600000E-03   3.525161870400000E-02
   9.899487411800000E-01   1.428867962400000E+01   1.428837417200000E+01  -3.422082572300000E-01  -2.101715055800000E-01   4.969244188600000E-04  -6.505592690800000E-03   3.530081482500000E-02
   9.932991607900000E-01   1.433703876700000E+01   1.433683478500000E+01  -3.424710242100000E-01  -2.101716287800000E-01   3.313676752100000E-04  -4.338500106400000E-03   3.533597069700000E-02
   9.966495803900000E-01   1.438539790900000E+01   1.438529581400000E+01  -3.426287266000000E-01  -2.101717028000000E-01   1.657092604800000E-04  -2.169681624500000E-03   3.535707053600000E-02
   1.000000000000000E+00   1.443375705200000E+01   1.443375705200000E+01  -3.426813010900000E-01  -2.101717274900000E-01   2.741259991100000E-29   0.000000000000000E+00   3.536410486800000E-02
