   0.000000000000000E+00  -8.336838022700000E-14   0.000000000000000E+00   0.000000000000000E+00  -9.205234659300000E-02   1.224975361300000E-03   0.000000000000000E+00   3.058661492100000E-02
   3.791291163300000E-03   5.472257556500000E-02   5.672496327400000E-02   3.112703851800000E-04  -9.205179887800000E-02   1.225032142200000E-03   1.096851209100000E-02   3.048847435000000E-02
   7.582582326700000E-03   1.094451511300000E-01   1.134522958700000E-01   1.243658842800000E-03  -9.205015464500001E-02   1.225429335500000E-03   2.189150327600000E-02   3.033314542100000E-02
   1.137387349000000E-02   1.641677266900000E-01   1.701795678300000E-01   2.794207800700000E-03  -9.204741326500000E-02   1.226506052400000E-03   3.274847912500000E-02   3.012087748100000E-02
   1.516516465300000E-02   2.188903022600000E-01   2.269044042400000E-01   4.958863380700000E-03  -9.204357542100000E-02   1.228599485400000E-03   4.351904978200000E-02   2.985200355800000E-02
   1.880281807900000E-02   2.713953080500000E-01   2.813261091400000E-01   7.608317219100000E-03  -9.203886420000000E-02   1.231874259800000E-03   5.375314442700000E-02   2.954119931700000E-02
   2.244047150500000E-02   3.239003138400000E-01   3.357415102600000E-01   1.081289162100000E-02  -9.203314819000000E-02   1.236686140700000E-03   6.387129391300000E-02   2.917910686100000E-02
   2.607812493100000E-02   3.764053196300000E-01   3.901487662300000E-01   1.456617685800000E-02  -9.202643118700000E-02   1.243324934300000E-03   7.385591252100000E-02   2.876623644100000E-02
   2.971577835700000E-02   4.289103254200000E-01   4.445461547600000E-01   1.886084821600000E-02  -9.201871792300000E-02   1.252076841300000E-03   8.368960240900000E-02   2.830316827900000E-02
   3.327995085800000E-02   4.803547253800000E-01   4.978336099300000E-01   2.358593055100000E-02  -9.201019958800000E-02   1.262973313900000E-03   9.316170526200000E-02   2.780139286900000E-02
   3.684412335800000E-02   5.317991253400000E-01   5.511087139700001E-01   2.881425821200000E-02  -9.200073622799999E-02   1.276430423500000E-03   1.024564668400000E-01   2.725272657300000E-02
   4.040829585900000E-02   5.832435253100000E-01   6.043702670000000E-01   3.453641887700000E-02  -9.199033451200000E-02   1.292704660600000E-03   1.115581799500000E-01   2.665790833600000E-02
   4.397246835900000E-02   6.346879252700000E-01   6.576172341199999E-01   4.074218211700000E-02  -9.197900168000001E-02   1.312047463100000E-03   1.204513975100000E-01   2.601773985500000E-02
   4.754752670300000E-02   6.862894488500000E-01   7.110113134900000E-01   4.744161638200000E-02  -9.196670662799999E-02   1.334779352600000E-03   1.291470731100000E-01   2.533092670600000E-02
   5.112258504700000E-02   7.378909724300000E-01   7.643891752000000E-01   5.460455201500000E-02  -9.195349075299999E-02   1.361088384900000E-03   1.376027160600000E-01   2.460028904000000E-02
   5.469764339100000E-02   7.894924960200000E-01   8.177503404399999E-01   6.221823968900000E-02  -9.193936255300000E-02   1.391210463600000E-03   1.458036530800000E-01   2.382682218400000E-02
   5.827270173400000E-02   8.410940196000000E-01   8.710945372700000E-01   7.026914311599999E-02  -9.192433071700000E-02   1.425374710500000E-03   1.537355581800000E-01   2.301158198500000E-02
   6.186593878200000E-02   8.929579301700000E-01   9.246928251400000E-01   7.878709468000000E-02  -9.190832077400000E-02   1.464009760000000E-03   1.614226188200000E-01   2.215122985700000E-02
   6.545917582900000E-02   9.448218407400000E-01   9.782740759200000E-01   8.771695822700000E-02  -9.189141575000000E-02   1.507170060800000E-03   1.688100237500000E-01   2.125099745100000E-02
   6.905241287600000E-02   9.966857513100000E-01   1.031838680600000E+00   9.704267239599999E-02  -9.187362438400000E-02   1.555065100000000E-03   1.758844110100000E-01   2.031213516400000E-02
   7.264564992399999E-02   1.048549661900000E+00   1.085387259800000E+00   1.067474346100000E-01  -9.185495515500000E-02   1.607895842200000E-03   1.826328539400000E-01   1.933595044800000E-02
   7.604318394500000E-02   1.097588842500000E+00   1.136005379900000E+00   1.162564581800000E-01  -9.183650261100000E-02   1.662562578900000E-03   1.887026780500000E-01   1.837983462400000E-02
   7.944071796700000E-02   1.146628023200000E+00   1.186610838300000E+00   1.260733074500000E-01  -9.181727891600000E-02   1.721968590000000E-03   1.944597845200000E-01   1.739276621400000E-02
   8.283825198800000E-02   1.195667203800000E+00   1.237204722100000E+00   1.361820448500000E-01  -9.179729001799999E-02   1.786260935400000E-03   1.998944106600000E-01   1.637598379200000E-02
   8.623578601000000E-02   1.244706384500000E+00   1.287788294700000E+00   1.465662053400000E-01  -9.177654128600000E-02   1.855578729600000E-03   2.049971989000000E-01   1.533076643000000E-02
   8.956314626200000E-02   1.292732694000000E+00   1.337318484100000E+00   1.569864993200000E-01  -9.175548919300000E-02   1.928461709200000E-03   2.096643567300000E-01   1.428084595600000E-02
   9.289050651500000E-02   1.340759003500000E+00   1.386841660300000E+00   1.676382756000000E-01  -9.173371659100001E-02   2.006405430000000E-03   2.139966685700000E-01   1.320619032700000E-02
   9.621786676700000E-02   1.388785313000000E+00   1.436359467500000E+00   1.785047022900000E-01  -9.171122645800001E-02   2.089517032000000E-03   2.179865437500000E-01   1.210810556500000E-02
   9.954522702000000E-02   1.436811622500000E+00   1.485873685300000E+00   1.895685344200000E-01  -9.168802094600000E-02   2.177895472200000E-03   2.216268081900000E-01   1.098792918100000E-02
   1.028799782000000E-01   1.484944610900000E+00   1.535496199300000E+00   2.008372941900000E-01  -9.166404740500000E-02   2.271845581600000E-03   2.249176064000000E-01   9.844472415199999E-03
   1.062147293900000E-01   1.533077599300000E+00   1.585119056700000E+00   2.122684864800000E-01  -9.163935691199999E-02   2.371259514000000E-03   2.278441061600000E-01   8.681604483000000E-03
   1.095494805700000E-01   1.581210587700000E+00   1.634744394500000E+00   2.238436263800000E-01  -9.161394879199999E-02   2.476211011900000E-03   2.304004016300000E-01   7.500757074600000E-03
   1.128842317600000E-01   1.629343576200000E+00   1.684374439900000E+00   2.355438978000000E-01  -9.158782131700000E-02   2.586764841000000E-03   2.325810431200000E-01   6.303386788300000E-03
   1.163206478700000E-01   1.678943971400000E+00   1.735524892500000E+00   2.477115669100000E-01  -9.156014173500000E-02   2.706608930000000E-03   2.344298916800000E-01   5.053790749800000E-03
   1.197570639800000E-01   1.728544366700000E+00   1.786685379200000E+00   2.599705586700000E-01  -9.153169093800000E-02   2.832511768300000E-03   2.358696066500000E-01   3.789863260200000E-03
   1.231934800900000E-01   1.778144762000000E+00   1.837858536200000E+00   2.722993401900000E-01  -9.150246329800001E-02   2.964513318300000E-03   2.368957935400000E-01   2.513268434600000E-03
   1.266298962000000E-01   1.827745157200000E+00   1.889047028800000E+00   2.846761168600000E-01  -9.147245186800000E-02   3.102642797000000E-03   2.375046026700000E-01   1.225689597300000E-03
   1.301525041400000E-01   1.878589624500000E+00   1.941538143800000E+00   2.973900861600000E-01  -9.144086550699999E-02   3.250616371800000E-03   2.376920204400000E-01  -1.038051940200000E-04
   1.336751120900000E-01   1.929434091800000E+00   1.994051052800000E+00   3.101073941000000E-01  -9.140843649700001E-02   3.405056167100000E-03   2.374344488100000E-01  -1.441207930300000E-03
   1.371977200400000E-01   1.980278559100000E+00   2.046588583500000E+00   3.228039111600000E-01  -9.137515303500000E-02   3.565957749800000E-03   2.367295592800000E-01  -2.784658435600000E-03
   1.407203279800000E-01   2.031123026400000E+00   2.099153498900000E+00   3.354553583000000E-01  -9.134100190000000E-02   3.733304380100000E-03   2.355756457800000E-01  -4.132286171200000E-03
   1.441924465200000E-01   2.081238741800000E+00   2.150994408100000E+00   3.478576090900000E-01  -9.130647691900000E-02   3.904531274500000E-03   2.339978001700000E-01  -5.462856957400000E-03
   1.476645650600000E-01   2.131354457200000E+00   2.202866974400000E+00   3.601689405800000E-01  -9.127107950900000E-02   4.081951843100000E-03   2.319822204400000E-01  -6.793858084200000E-03
   1.511366836000000E-01   2.181470172700000E+00   2.254773515700000E+00   3.723658872400000E-01  -9.123479322200000E-02   4.265514641000000E-03   2.295290618700000E-01  -8.123484736600000E-03
   1.546088021400000E-01   2.231585888100000E+00   2.306716193600000E+00   3.844249831700000E-01  -9.119760048400000E-02   4.455156463300000E-03   2.266390732000000E-01  -9.449932911200000E-03
   1.579361244400000E-01   2.279611649900000E+00   2.356528474200000E+00   3.958301537500000E-01  -9.116109102400000E-02   4.642524536300000E-03   2.234609555600000E-01  -1.071641613300000E-02
   1.612634467500000E-01   2.327637411700000E+00   2.406377336300000E+00   4.070666504600000E-01  -9.112371484700001E-02   4.835330345400000E-03   2.198846007400000E-01  -1.197674715200000E-02
   1.645907690500000E-01   2.375663173500000E+00   2.456264163900000E+00   4.181140035900000E-01  -9.108545404600001E-02   5.033487965500000E-03   2.159121956800000E-01  -1.322935373500000E-02
   1.679180913600000E-01   2.423688935300000E+00   2.506190136800000E+00   4.289518618200000E-01  -9.104629010100000E-02   5.236901669400000E-03   2.115464213700000E-01  -1.447267289100000E-02
   1.712366759900000E-01   2.471588579600000E+00   2.556024950200000E+00   4.395324801200000E-01  -9.100631046100000E-02   5.444911640400000E-03   2.068034472500000E-01  -1.570193176800000E-02
   1.745552606100000E-01   2.519488223800000E+00   2.605900380700000E+00   4.498647300600000E-01  -9.096539417400000E-02   5.657930991800000E-03   2.016759524100000E-01  -1.691888172500000E-02
   1.778738452400000E-01   2.567387868100000E+00   2.655816902700000E+00   4.599289444200000E-01  -9.092352166500001E-02   5.875836040400000E-03   1.961680439300000E-01  -1.812201149900000E-02
   1.811924298700000E-01   2.615287512400000E+00   2.705774732800000E+00   4.697056872000000E-01  -9.088067319300000E-02   6.098493738000000E-03   1.902843012800000E-01  -1.930982681300000E-02
   1.846345617700000E-01   2.664970407900000E+00   2.757636023700000E+00   4.795221714700000E-01  -9.083517721300000E-02   6.334309776600000E-03   1.837898336500000E-01  -2.052410477900000E-02
   1.880766936600000E-01   2.714653303500000E+00   2.809541323500000E+00   4.889876744900000E-01  -9.078858798300000E-02   6.574916598400000E-03   1.769026149400000E-01  -2.171869638400000E-02
   1.915188255600000E-01   2.764336199000000E+00   2.861489925000000E+00   4.980814876600000E-01  -9.074088380500001E-02   6.820134672100000E-03   1.696293246700000E-01  -2.289200472600000E-02
   1.949609574600000E-01   2.814019094600000E+00   2.913480780900000E+00   5.067832984800000E-01  -9.069204341700000E-02   7.069774276200000E-03   1.619771584900000E-01  -2.404246094500000E-02
   1.983414827200000E-01   2.862812774900000E+00   2.964580895100000E+00   5.149285815800000E-01  -9.064295127800000E-02   7.319056220500000E-03   1.541006349100000E-01  -2.514859511200000E-02
   2.017220079800000E-01   2.911606455300000E+00   3.015718774600000E+00   5.226581767200000E-01  -9.059272445300000E-02   7.572211864800000E-03   1.458738676800000E-01  -2.622977548000000E-02
   2.051025332400000E-01   2.960400135600000E+00   3.066892444100000E+00   5.299541297000000E-01  -9.054134498800000E-02   7.829033988300000E-03   1.373050714800000E-01  -2.728460561400000E-02
   2.084830585100000E-01   3.009193816000000E+00   3.118099601300000E+00   5.367989652100000E-01  -9.048879597300000E-02   8.089306726500000E-03   1.284029028800000E-01  -2.831172198800000E-02
   2.117782227900000E-01   3.056755416600000E+00   3.168043460900000E+00   5.430205871800000E-01  -9.043643323200000E-02   8.346114389800000E-03   1.194133404300000E-01  -2.928496119400000E-02
   2.150733870700000E-01   3.104317017300000E+00   3.218013915300000E+00   5.487822211000000E-01  -9.038293100800000E-02   8.605772352900000E-03   1.101244640000000E-01  -3.022940720500000E-02
   2.183685513500000E-01   3.151878618000000E+00   3.268007951600000E+00   5.540691294000000E-01  -9.032827736100001E-02   8.868058321500000E-03   1.005454430900000E-01  -3.114389538300000E-02
   2.216637156300000E-01   3.199440218700000E+00   3.318022278300000E+00   5.588670913100000E-01  -9.027246185200000E-02   9.132743115099999E-03   9.068580530200000E-02  -3.202729575700000E-02
   2.249664768100000E-01   3.247111471100000E+00   3.368168693800000E+00   5.631717318200000E-01  -9.021534292500000E-02   9.400208420599999E-03   8.053176590800000E-02  -3.288043846300000E-02
   2.282692379900000E-01   3.294782723600000E+00   3.418328062000000E+00   5.669581950700000E-01  -9.015704080700000E-02   9.669602795500000E-03   7.011601813300000E-02  -3.370018564000000E-02
   2.315719991700000E-01   3.342453976000000E+00   3.468496278700000E+00   5.702138327500000E-01  -9.009755029600000E-02   9.940676189899999E-03   5.944917095400000E-02  -3.448551048300000E-02
   2.348747603500000E-01   3.390125228500000E+00   3.518668999100000E+00   5.729265867600000E-01  -9.003686820400000E-02   1.021317266500000E-02   4.854214850300000E-02  -3.523542505400000E-02
   2.382379343100000E-01   3.438668464400000E+00   3.569759357600000E+00   5.751192520700000E-01  -8.997385057000000E-02   1.049184545300000E-02   3.720042348800000E-02  -3.596168875500000E-02
   2.416011082800000E-01   3.487211700400000E+00   3.620844587500000E+00   5.767256807700000E-01  -8.990959751200001E-02   1.077144078000000E-02   2.563346452600000E-02  -3.664929349900000E-02
   2.449642822400000E-01   3.535754936300000E+00   3.671919423400000E+00   5.777351162800000E-01  -8.984411279500000E-02   1.105167144100000E-02   1.385373354800000E-02  -3.729732533400000E-02
   2.483274562100000E-01   3.584298172200000E+00   3.722978407000000E+00   5.781374922700000E-01  -8.977740278300000E-02   1.133224517700000E-02   1.873976491800000E-03  -3.790491520700000E-02
   2.518393969500000E-01   3.634988671600000E+00   3.776272913800000E+00   5.778995992700000E-01  -8.970644396200000E-02   1.162527427300000E-02  -1.083508646300000E-02  -3.849532492200000E-02
   2.553513376800000E-01   3.685679171000000E+00   3.829537401100000E+00   5.769797104900000E-01  -8.963417248199999E-02   1.191801030900000E-02  -2.373294910700000E-02  -3.903985400300000E-02
   2.588632784200000E-01   3.736369670400000E+00   3.882765125500000E+00   5.753688466200000E-01  -8.956060526400000E-02   1.221010528000000E-02  -3.680420990500000E-02  -3.953767389300000E-02
   2.623752191600000E-01   3.787060169800000E+00   3.935949217200000E+00   5.730588937000000E-01  -8.948576268199999E-02   1.250120685000000E-02  -5.003320101100000E-02  -3.998801207600000E-02
   2.661893638200000E-01   3.842112607200000E+00   3.993652272200000E+00   5.697498396400000E-01  -8.940306307600000E-02   1.281581730300000E-02  -6.456067257900000E-02  -4.042248293400000E-02
   2.700035084800000E-01   3.897165044600000E+00   4.051286621300000E+00   5.655995801400000E-01  -8.931892273600001E-02   1.312837480800000E-02  -7.923471583600000E-02  -4.079926444300000E-02
   2.738176531500000E-01   3.952217482000000E+00   4.108843199300000E+00   5.606012462000000E-01  -8.923338198200000E-02   1.343841433900000E-02  -9.403434937500001E-02  -4.111759572800000E-02
   2.776317978100000E-01   4.007269919500000E+00   4.166312937300000E+00   5.547492049100000E-01  -8.914648612600000E-02   1.374546742500000E-02  -1.089383314400000E-01  -4.137679646800000E-02
   2.811774598300000E-01   4.058447143700000E+00   4.219651510100000E+00   5.485395472900000E-01  -8.906453557800000E-02   1.402781539500000E-02  -1.228679861600000E-01  -4.156419197900000E-02
   2.847231218600000E-01   4.109624368000000E+00   4.272900051000000E+00   5.415857631600000E-01  -8.898150164800001E-02   1.430679509500000E-02  -1.368518509700000E-01  -4.169955161500000E-02
   2.882687838800000E-01   4.160801592200000E+00   4.326051479100000E+00   5.338862115900000E-01  -8.889743222700000E-02   1.458202526000000E-02  -1.508723882600000E-01  -4.178251835900000E-02
   2.918144459000000E-01   4.211978816400000E+00   4.379098847600000E+00   5.254401767500000E-01  -8.881237879400000E-02   1.485312402200000E-02  -1.649119508200000E-01  -4.181279663300000E-02
   2.952903238700000E-01   4.262148794600000E+00   4.430994613800000E+00   5.164359782600000E-01  -8.872809721200001E-02   1.511450851200000E-02  -1.786765565000000E-01  -4.179110995100000E-02
   2.987662018400000E-01   4.312318772800000E+00   4.482777654100000E+00   5.067156405400000E-01  -8.864297783000000E-02   1.537119587800000E-02  -1.924256253500000E-01  -4.171840078900000E-02
   3.022420798100000E-01   4.362488750900000E+00   4.534441981100000E+00   4.962810617400000E-01  -8.855707870800000E-02   1.562282728800000E-02  -2.061423401200000E-01  -4.159456392300000E-02
   3.057179577800000E-01   4.412658729100000E+00   4.585981850600000E+00   4.851349806200000E-01  -8.847046085200000E-02   1.586904507600000E-02  -2.198098583500000E-01  -4.141955165600000E-02
   3.092652400500000E-01   4.463859339600000E+00   4.638446494000000E+00   4.730300658700000E-01  -8.838138886400000E-02   1.611436962100000E-02  -2.336899312700000E-01  -4.118819168100000E-02
   3.128125223200000E-01   4.515059950100000E+00   4.690770318100000E+00   4.601925318100000E-01  -8.829170551399999E-02   1.635330858800000E-02  -2.474833202400000E-01  -4.090361542700000E-02
   3.163598046000000E-01   4.566260560600000E+00   4.742948185800000E+00   4.466279599200000E-01  -8.820148422599999E-02   1.658548827800000E-02  -2.611721657300000E-01  -4.056595843800000E-02
   3.199070868700000E-01   4.617461171000000E+00   4.794975346400000E+00   4.323428154800000E-01  -8.811080095600000E-02   1.681053807800000E-02  -2.747386643400000E-01  -4.017541918500000E-02
   3.233147567500000E-01   4.666646650300000E+00   4.844808883000000E+00   4.179481235200000E-01  -8.802332444300000E-02   1.701967475100000E-02  -2.876395231900000E-01  -3.975069179400000E-02
   3.267224266400000E-01   4.715832129500000E+00   4.894495876900000E+00   4.029024924700000E-01  -8.793556509200000E-02   1.722157091700000E-02  -3.003954853800000E-01  -3.927769037700000E-02
   3.301300965200000E-01   4.765017608800000E+00   4.944033269800000E+00   3.872139108200000E-01  -8.784759574300000E-02   1.741590835600000E-02  -3.129910227800000E-01  -3.875675520900000E-02
   3.335377664100000E-01   4.814203088000000E+00   4.993418424400000E+00   3.708910868300000E-01  -8.775949063600000E-02   1.760237295500000E-02  -3.254107257400000E-01  -3.818828020000000E-02
   3.369139363800000E-01   4.862933905100000E+00   5.042194775900000E+00   3.541029322000000E-01  -8.767214024800001E-02   1.777904542300000E-02  -3.375272013600000E-01  -3.757861719000000E-02
   3.402901063500000E-01   4.911664722300000E+00   5.090817842200000E+00   3.367112911600000E-01  -8.758480496800000E-02   1.794738942100000E-02  -3.494413768000000E-01  -3.692321525900000E-02
   3.436662763200000E-01   4.960395539400000E+00   5.139286394300000E+00   3.187266676800000E-01  -8.749755980300000E-02   1.810711340700000E-02  -3.611387098900000E-01  -3.622261262100000E-02
   3.470424462900000E-01   5.009126356500000E+00   5.187599679900000E+00   3.001602208400000E-01  -8.741048024400000E-02   1.825793112000000E-02  -3.726048387400000E-01  -3.547739857300000E-02
   3.504763233700000E-01   5.058690104100000E+00   5.236579221200000E+00   2.806917823600000E-01  -8.732216030700000E-02   1.840190122300000E-02  -3.840151727900000E-01  -3.467434585200000E-02
   3.539102004600000E-01   5.108253851600000E+00   5.285398133600000E+00   2.606467663400000E-01  -8.723416976300000E-02   1.853607858500000E-02  -3.951569977100000E-01  -3.382653305000000E-02
   3.573440775400000E-01   5.157817599200000E+00   5.334057230600000E+00   2.400389293700000E-01  -8.714658803800000E-02   1.866018082800000E-02  -4.060158805300000E-01  -3.293474072400000E-02
   3.607779546200000E-01   5.207381346800000E+00   5.382557889300000E+00   2.188826803300000E-01  -8.705949401400000E-02   1.877393255000000E-02  -4.165776508100000E-01  -3.199980242400000E-02
   3.642469024600000E-01   5.257451297000000E+00   5.431395006500000E+00   1.969688506800000E-01  -8.697208522900000E-02   1.887806326000000E-02  -4.269314576400000E-01  -3.101240901800000E-02
   3.677158502900000E-01   5.307521247200000E+00   5.480075033100000E+00   1.745268711900000E-01  -8.688533318199999E-02   1.897108880500000E-02  -4.369538607600000E-01  -2.998285500600000E-02
   3.711847981200000E-01   5.357591197500000E+00   5.528601188600000E+00   1.515735397300000E-01  -8.679931573900000E-02   1.905274893200000E-02  -4.466311732900000E-01  -2.891216019800000E-02
   3.746537459500000E-01   5.407661147700000E+00   5.576977304800000E+00   1.281262751700000E-01  -8.671410899600000E-02   1.912279195300000E-02  -4.559500519900000E-01  -2.780139638300000E-02
   3.779305201100000E-01   5.454957309900000E+00   5.622539665000000E+00   1.055405441000000E-01  -8.663443392000000E-02   1.917806610500000E-02  -4.644117727100000E-01  -2.671637762600000E-02
   3.812072942700000E-01   5.502253472000000E+00   5.667976355900000E+00   8.254584554400000E-02  -8.655560877000000E-02   1.922256072600000E-02  -4.725314501000000E-01  -2.559759495900000E-02
   3.844840684300000E-01   5.549549634200000E+00   5.713292106100000E+00   5.915831244700000E-02  -8.647769187300000E-02   1.925608619600000E-02  -4.802987628700000E-01  -2.444607407500000E-02
   3.877608426000000E-01   5.596845796300000E+00   5.758492122100000E+00   3.539452287300000E-02  -8.640073921100000E-02   1.927846062700000E-02  -4.877037139200000E-01  -2.326287826000000E-02
   3.909746029400000E-01   5.643232432300000E+00   5.802715981200000E+00   1.173866516400000E-02  -8.632625455300000E-02   1.928940542300000E-02  -4.946049616100000E-01  -2.207273002100000E-02
   3.941883632800000E-01   5.689619068300000E+00   5.846839761200000E+00  -1.224631265300000E-02  -8.625279658500000E-02   1.928930008000000E-02  -5.011395638000000E-01  -2.085424179500000E-02
   3.974021236200000E-01   5.736005704200000E+00   5.890869665300000E+00  -3.654359204300000E-02  -8.618041030000000E-02   1.927799582200000E-02  -5.072990605500000E-01  -1.960851554900000E-02
   4.006158839600000E-01   5.782392340200000E+00   5.934812301900000E+00  -6.113598854600000E-02  -8.610913772000001E-02   1.925535176100000E-02  -5.130753319900000E-01  -1.833668351200000E-02
   4.038219276800000E-01   5.828667596400000E+00   5.978569443300000E+00  -8.594592840000000E-02  -8.603918468100000E-02   1.922133081000000E-02  -5.184481502900000E-01  -1.704304961600000E-02
   4.070279714100000E-01   5.874942852700000E+00   6.022254026700000E+00  -1.110143605400000E-01  -8.597041398900000E-02   1.917576849100000E-02  -5.234244864099999E-01  -1.572577121100000E-02
   4.102340151300000E-01   5.921218108900000E+00   6.065873730200000E+00  -1.363232037400000E-01  -8.590285745300000E-02   1.911854936200000E-02  -5.279973426000000E-01  -1.438605452700000E-02
   4.134400588600000E-01   5.967493365100000E+00   6.109436569400000E+00  -1.618540599700000E-01  -8.583654324700001E-02   1.904956642300000E-02  -5.321600911300000E-01  -1.302513033600000E-02
   4.166905141800000E-01   6.014409647600000E+00   6.153553357900000E+00  -1.879460449400000E-01  -8.577060370400000E-02   1.896751761000000E-02  -5.359554259900000E-01  -1.162498987700000E-02
   4.199409695100000E-01   6.061325930100000E+00   6.197629257800000E+00  -2.142272087500000E-01  -8.570598753300000E-02   1.887318224600000E-02  -5.393166770200000E-01  -1.020566859500000E-02
   4.231914248300000E-01   6.108242212500000E+00   6.241673548700000E+00  -2.406774528800000E-01  -8.564271174700000E-02   1.876647628200000E-02  -5.422381461500000E-01  -8.768516765199999E-03
   4.264418801600000E-01   6.155158495000000E+00   6.285695770500000E+00  -2.672763925800000E-01  -8.558078894300000E-02   1.864732516800000E-02  -5.447145539900000E-01  -7.314903985000000E-03
   4.298012486300000E-01   6.203646803400000E+00   6.331180242600000E+00  -2.949008821900000E-01  -8.551822157100000E-02   1.851103510900000E-02  -5.468011035400000E-01  -5.796761626700000E-03
   4.331606171100000E-01   6.252135111900000E+00   6.376662598100000E+00  -3.226390294400000E-01  -8.545711167400000E-02   1.836132190400000E-02  -5.484022056800000E-01  -4.264067793900000E-03
   4.365199855900000E-01   6.300623420300000E+00   6.422154043300000E+00  -3.504674504400000E-01  -8.539745756500000E-02   1.819813610400000E-02  -5.495134787100000E-01  -2.718387360300000E-03
   4.398793540600000E-01   6.349111728700000E+00   6.467665940000000E+00  -3.783624916200000E-01  -8.533925208600000E-02   1.802143966600000E-02  -5.501310411200000E-01  -1.161298912300000E-03
   4.435204684900000E-01   6.401666689700000E+00   6.517031285900000E+00  -4.086445274500000E-01  -8.527778608200000E-02   1.781463558300000E-02  -5.502389317200000E-01   5.374174878800000E-04
   4.471615829100000E-01   6.454221650800000E+00   6.566448859200000E+00  -4.389459719000000E-01  -8.521798330200001E-02   1.759191032900000E-02  -5.497592390300000E-01   2.245630080800000E-03
   4.508026973400000E-01   6.506776611800000E+00   6.615933408700000E+00  -4.692357553600000E-01  -8.515981241999999E-02   1.735326186100000E-02  -5.486890406500000E-01   3.961292189800000E-03
   4.544438117600000E-01   6.559331572800000E+00   6.665499657800000E+00  -4.994825222600000E-01  -8.510323436800001E-02   1.709870453800000E-02  -5.470261212000000E-01   5.682350705900000E-03
   4.577502550800000E-01   6.607055972300000E+00   6.710593127500000E+00  -5.268853561000000E-01  -8.505319746300000E-02   1.685378767100000E-02  -5.450012637400000E-01   7.248167105400000E-03
   4.610566983900000E-01   6.654780371800000E+00   6.755776889800000E+00  -5.542027977700000E-01  -8.500439503399999E-02   1.659581238800000E-02  -5.424857647200000E-01   8.815197505400000E-03
   4.643631417000000E-01   6.702504771200000E+00   6.801061642100000E+00  -5.814108533000000E-01  -8.495678143200000E-02   1.632482516700000E-02  -5.394794848100000E-01   1.038190385200000E-02
   4.676695850100000E-01   6.750229170700000E+00   6.846457891400000E+00  -6.084853980500000E-01  -8.491030594800000E-02   1.604088396300000E-02  -5.359827658400000E-01   1.194675191500000E-02
   4.709308172600000E-01   6.797301004600000E+00   6.891352652200000E+00  -6.350353141600000E-01  -8.486552656000000E-02   1.574820349100000E-02  -5.320542334700000E-01   1.348689182300000E-02
   4.741920495000000E-01   6.844372838400000E+00   6.936375480500000E+00  -6.614084122700000E-01  -8.482174218300000E-02   1.544306618300000E-02  -5.276506244000000E-01   1.502227710200000E-02
   4.774532817400000E-01   6.891444672300000E+00   6.981535676200000E+00  -6.875812662600000E-01  -8.477889033900000E-02   1.512556078500000E-02  -5.227736316400000E-01   1.655145700100000E-02
   4.807145139800000E-01   6.938516506200000E+00   7.026842203600000E+00  -7.135303918300000E-01  -8.473690424800000E-02   1.479578707900000E-02  -5.174253947500000E-01   1.807299118100000E-02
   4.838969161700000E-01   6.984450526100000E+00   7.071202877000000E+00  -7.386140999800000E-01  -8.469669985500000E-02   1.446226348500000E-02  -5.117546066500001E-01   1.954901022100000E-02
   4.870793183500000E-01   7.030384546100000E+00   7.115718688600000E+00  -7.634404817700000E-01  -8.465718280900000E-02   1.411727619800000E-02  -5.056403422000000E-01   2.101507340300000E-02
   4.902617205300000E-01   7.076318566100000E+00   7.160396843900000E+00  -7.879876551500000E-01  -8.461828018600000E-02   1.376094844500000E-02  -4.990857989200000E-01   2.246987936500000E-02
   4.934441227100000E-01   7.122252586000000E+00   7.205244115600000E+00  -8.122337535200000E-01  -8.457991584900000E-02   1.339341350000000E-02  -4.920945644400000E-01   2.391214152400000E-02
   4.966010149500000E-01   7.167818401500000E+00   7.249905204100000E+00  -8.359665174799999E-01  -8.454231287600000E-02   1.301789309100000E-02  -4.847318313100000E-01   2.532919708100000E-02
   4.997579071800000E-01   7.213384217000000E+00   7.294744607100000E+00  -8.593602671900000E-01  -8.450508172200000E-02   1.263163508700000E-02  -4.769475379900000E-01   2.673143498800000E-02
   5.029147994099999E-01   7.258950032500000E+00   7.339767508400000E+00  -8.823938136500000E-01  -8.446813994500001E-02   1.223479879200000E-02  -4.687462960100000E-01   2.811764922000000E-02
   5.060716916400000E-01   7.304515848000000E+00   7.384978567700000E+00  -9.050460586900000E-01  -8.443140285900000E-02   1.182755314500000E-02  -4.601330747700000E-01   2.948665237300000E-02
   5.092341956500001E-01   7.350162662600000E+00   7.430462782900000E+00  -9.273351957600000E-01  -8.439471871900001E-02   1.140932556000000E-02  -4.510968035200000E-01   3.083966038900000E-02
   5.123966996600000E-01   7.395809477100000E+00   7.476143518900000E+00  -9.491996451300000E-01  -8.435806406200000E-02   1.098101983000000E-02  -4.416581268800000E-01   3.217307045700000E-02
   5.155592036700000E-01   7.441456291600000E+00   7.522023747500000E+00  -9.706185977300000E-01  -8.432134849099999E-02   1.054283456500000E-02  -4.318230855700000E-01   3.348575050700000E-02
   5.187217076800000E-01   7.487103106200000E+00   7.568105831300000E+00  -9.915714232100000E-01  -8.428448039200000E-02   1.009497783200000E-02  -4.215980561100000E-01   3.477659068900000E-02
   5.220233349900000E-01   7.534757992700000E+00   7.616432380300000E+00  -1.012926543800000E+00  -8.424572744500000E-02   9.617335706400000E-03  -4.105143762700000E-01   3.609973826600000E-02
   5.253249623000000E-01   7.582412879200000E+00   7.664982059500000E+00  -1.033728376200000E+00  -8.420660127200000E-02   9.129647754999999E-03  -3.990209579400000E-01   3.739668839100000E-02
   5.286265896200000E-01   7.630067765800000E+00   7.713755329800000E+00  -1.053954238600000E+00  -8.416699541400000E-02   8.632183058899999E-03  -3.871261791900000E-01   3.866626067400000E-02
   5.319282169300000E-01   7.677722652300000E+00   7.762751866400000E+00  -1.073581779700000E+00  -8.412680337700000E-02   8.125221429300000E-03  -3.748387826300000E-01   3.990730428200000E-02
   5.351931789800000E-01   7.724848321200000E+00   7.811422754400000E+00  -1.092381413200000E+00  -8.408637720200000E-02   7.614834879900000E-03  -3.623106517700000E-01   4.110541254400000E-02
   5.384581410200000E-01   7.771973990200000E+00   7.860309034800000E+00  -1.110553544000000E+00  -8.404517197800000E-02   7.095735929500000E-03  -3.494166030200000E-01   4.227347212100000E-02
   5.417231030700000E-01   7.819099659100000E+00   7.909408088000000E+00  -1.128077692100000E+00  -8.400308680200000E-02   6.568225128600000E-03  -3.361660883400000E-01   4.341045882400000E-02
   5.449880651100000E-01   7.866225328100000E+00   7.958716526200000E+00  -1.144933814400000E+00  -8.396002218199999E-02   6.032612575700000E-03  -3.225688717300000E-01   4.451537882700000E-02
   5.481675407100000E-01   7.912117106300000E+00   8.006931202700001E+00  -1.160687921500000E+00  -8.391705068499999E-02   5.503541898600000E-03  -3.090040557200000E-01   4.555963270700000E-02
   5.513470163000000E-01   7.958008884600000E+00   8.055335976300000E+00  -1.175772335400000E+00  -8.387296935100000E-02   4.967394391800000E-03  -2.951295655700000E-01   4.657170255200000E-02
   5.545264919000000E-01   8.003900662900000E+00   8.103925640200000E+00  -1.190169909500000E+00  -8.382769212299999E-02   4.424481334600000E-03  -2.809552200300000E-01   4.755075548600000E-02
   5.577059674900000E-01   8.049792441199999E+00   8.152694319900000E+00  -1.203863999200000E+00  -8.378113548400000E-02   3.875121760400000E-03  -2.664910844100000E-01   4.849598704600000E-02
   5.608883286000000E-01   8.095725868300001E+00   8.201679976599999E+00  -1.216849930000000E+00  -8.373317461500000E-02   3.319135437100000E-03  -2.517339583600000E-01   4.940743184800000E-02
   5.640706897000000E-01   8.141659295300000E+00   8.250831237800000E+00  -1.229099346500000E+00  -8.368377342100000E-02   2.757352807400000E-03  -2.367074007100000E-01   5.028346741700000E-02
   5.672530508100000E-01   8.187592722400000E+00   8.300140283599999E+00  -1.240597227100000E+00  -8.363285761600001E-02   2.190115640700000E-03  -2.214221943500000E-01   5.112337356800000E-02
   5.704354119100000E-01   8.233526149399999E+00   8.349598685600000E+00  -1.251329157000000E+00  -8.358035664800000E-02   1.617772467100000E-03  -2.058893348900000E-01   5.192645917200000E-02
   5.737911505600000E-01   8.281962065800000E+00   8.401903449400001E+00  -1.261800895000000E+00  -8.352320497900000E-02   1.009108376000000E-03  -1.892543291900000E-01   5.273268363300000E-02
   5.771468892200000E-01   8.330397982299999E+00   8.454352999099999E+00  -1.271390253200000E+00  -8.346414385500001E-02   3.955853078800000E-04  -1.723697736400000E-01   5.349648937800000E-02
   5.805026278700000E-01   8.378833898700000E+00   8.506935417199999E+00  -1.280082696700000E+00  -8.340310601800000E-02  -2.223658083900000E-04  -1.552492643700000E-01   5.421717147100000E-02
   5.838583665200000E-01   8.427269815100001E+00   8.559638155900000E+00  -1.287864556900000E+00  -8.334003013900000E-02  -8.443072137800000E-04  -1.379066158500000E-01   5.489406111900000E-02
   5.871621498100000E-01   8.474955820500000E+00   8.611629692399999E+00  -1.294623966300000E+00  -8.327588627500000E-02  -1.460085812800000E-03  -1.206290953700000E-01   5.551707515700000E-02
   5.904659331100000E-01   8.522641825899999E+00   8.663712050000001E+00  -1.300477055800000E+00  -8.320966708300000E-02  -2.078872027800000E-03  -1.031634176700000E-01   5.609645952300000E-02
   5.937697164000000E-01   8.570327831300000E+00   8.715871687600000E+00  -1.305413382800000E+00  -8.314133247500000E-02  -2.700231160600000E-03  -8.552332079900000E-02   5.663167870400000E-02
   5.970734996900000E-01   8.618013836699999E+00   8.768094626700000E+00  -1.309423406200000E+00  -8.307084892000000E-02  -3.323723748600000E-03  -6.772270509099999E-02   5.712223114200000E-02
   6.004389827800000E-01   8.666590402000001E+00   8.821343065600001E+00  -1.312546987400000E+00  -8.299681185600000E-02  -3.960594767300000E-03  -4.943915002900000E-02   5.757553548200000E-02
   6.038044658600000E-01   8.715166967200000E+00   8.874626703200001E+00  -1.314692279900000E+00  -8.292049616500000E-02  -4.598745795100000E-03  -3.101861281100000E-02   5.798154595900000E-02
   6.071699489500000E-01   8.763743532399999E+00   8.927929647099999E+00  -1.315852187700000E+00  -8.284188860199999E-02  -5.237699865700000E-03  -1.247623803200000E-02   5.833984107500000E-02
   6.105354320400000E-01   8.812320097700001E+00   8.981235731500000E+00  -1.316020648900000E+00  -8.276098370800000E-02  -5.876976816600000E-03   6.172701174300000E-03   5.865003592900000E-02
   6.139969505600000E-01   8.862282815100000E+00   9.036048940500001E+00  -1.315154352300000E+00  -8.267537619400001E-02  -6.534324066700000E-03   2.544875525300000E-02   5.891853714200000E-02
   6.174584690900000E-01   8.912245532600000E+00   9.090830114799999E+00  -1.313229616600000E+00  -8.258735249099999E-02  -7.190974212100000E-03   4.480439773100000E-02   5.913544712100000E-02
   6.209199876200000E-01   8.962208250000000E+00   9.145561119200000E+00  -1.310243326800000E+00  -8.249693313200000E-02  -7.846397621700000E-03   6.422266309400000E-02   5.930046858900000E-02
   6.243815061500000E-01   9.012170967499999E+00   9.200223759900000E+00  -1.306193555600000E+00  -8.240414772800000E-02  -8.500063404400000E-03   8.368649511800000E-02   5.941334554500000E-02
   6.275577914500000E-01   9.058016697899999E+00   9.250306420899999E+00  -1.301541192500000E+00  -8.231695927500000E-02  -9.097865153200000E-03   1.015719140500000E-01   5.947086057700000E-02
   6.307340767500000E-01   9.103862428299999E+00   9.300302196600001E+00  -1.295993062600000E+00  -8.222784775399999E-02  -9.693328615300000E-03   1.194679878000000E-01   5.948415445100000E-02
   6.339103620600000E-01   9.149708158699999E+00   9.350197176800000E+00  -1.289550310000000E+00  -8.213685619199999E-02  -1.028604336400000E-02   1.373613952900000E-01   5.945312181800000E-02
   6.370866473600000E-01   9.195553889099999E+00   9.399977585400000E+00  -1.282214911700000E+00  -8.204403395800000E-02  -1.087559968800000E-02   1.552387882300000E-01   5.937768710700000E-02
   6.401730436200000E-01   9.240102182899999E+00   9.448226541500000E+00  -1.274234649700000E+00  -8.195213767600000E-02  -1.144505814600000E-02   1.725822246400000E-01   5.926180870900000E-02
   6.432594398800000E-01   9.284650476700000E+00   9.496342187900000E+00  -1.265417505900000E+00  -8.185862205800000E-02  -1.201077497800000E-02   1.898856463300000E-01   5.910394799500000E-02
   6.463458361400000E-01   9.329198770500000E+00   9.544312469699999E+00  -1.255767512600000E+00  -8.176354918100000E-02  -1.257237824900000E-02   2.071367809900000E-01   5.890411740200000E-02
   6.494322324000000E-01   9.373747064300000E+00   9.592125595000001E+00  -1.245289412700000E+00  -8.166698643500001E-02  -1.312949798200000E-02   2.243233639500000E-01   5.866235659700000E-02
   6.524709406000000E-01   9.417607040100000E+00   9.639035248600001E+00  -1.234169486500000E+00  -8.157053069700000E-02  -1.367327205500000E-02   2.411694271600000E-01   5.838343293000000E-02
   6.555096487900000E-01   9.461467015900000E+00   9.685770758500000E+00  -1.222257969600000E+00  -8.147277518399999E-02  -1.421199510100000E-02   2.579293757200000E-01   5.806401992700000E-02
   6.585483569800000E-01   9.505326991700001E+00   9.732321806300000E+00  -1.209561343600000E+00  -8.137379854300000E-02  -1.474532133600000E-02   2.745915716700000E-01   5.770423397400000E-02
   6.615870651800000E-01   9.549186967500001E+00   9.778678442500000E+00  -1.196086711200000E+00  -8.127368387099999E-02  -1.527290795500000E-02   2.911444143300000E-01   5.730421784100000E-02
   6.646293339300000E-01   9.593098335600001E+00   9.824885068300000E+00  -1.181824643900000E+00  -8.117239943200000E-02  -1.579502275700000E-02   3.075955258700000E-01   5.686360180100000E-02
   6.676716026900000E-01   9.637009703700000E+00   9.870878087800000E+00  -1.166798809300000E+00  -8.107015369300000E-02  -1.631070687500000E-02   3.239139001700000E-01   5.638302786700000E-02
   6.707138714400001E-01   9.680921071800000E+00   9.916648793300000E+00  -1.151018119800000E+00  -8.096704237299999E-02  -1.681962687400000E-02   3.400880542700000E-01   5.586272007600000E-02
   6.737561402000000E-01   9.724832439900000E+00   9.962188954100000E+00  -1.134492051000000E+00  -8.086316490999999E-02  -1.732145335500000E-02   3.561065737100000E-01   5.530292982600000E-02
   6.768673960000000E-01   9.769739550200001E+00   1.000851529300000E+01  -1.116830757600000E+00  -8.075624681500000E-02  -1.782698393000000E-02   3.723155482500000E-01   5.468990095300000E-02
   6.799786517999999E-01   9.814646660599999E+00   1.005458472600000E+01  -1.098411674400000E+00  -8.064874880200000E-02  -1.832441273700000E-02   3.883378551500000E-01   5.403619897100000E-02
   6.830899076000000E-01   9.859553770900000E+00   1.010039015100000E+01  -1.079246649800000E+00  -8.054078784900000E-02  -1.881340212200000E-02   4.041615601400000E-01   5.334218289100000E-02
   6.862011634000000E-01   9.904460881300000E+00   1.014592508100000E+01  -1.059348069800000E+00  -8.043248398300000E-02  -1.929361987400000E-02   4.197748392700000E-01   5.260824250400000E-02
   6.895187121300000E-01   9.952345573700001E+00   1.019417465700000E+01  -1.037336519400000E+00  -8.031675955799999E-02  -1.979564772800000E-02   4.361783678600000E-01   5.178212940500000E-02
   6.928362608600001E-01   1.000023026600000E+01   1.024210377500000E+01  -1.014521850500000E+00  -8.020093691800000E-02  -2.028694246200000E-02   4.523153036400000E-01   5.091164994100000E-02
   6.961538096000000E-01   1.004811495900000E+01   1.028970704700000E+01  -9.909209316299999E-01  -8.008517082200001E-02  -2.076712353100000E-02   4.681717964500000E-01   4.999739357900000E-02
   6.994713583300000E-01   1.009599965100000E+01   1.033697997900000E+01  -9.665512098300000E-01  -7.996961839800000E-02  -2.123581860500000E-02   4.837341877700000E-01   4.903999029200000E-02
   7.028574033100000E-01   1.014487300200000E+01   1.038488458500000E+01  -9.409042472800000E-01  -7.985206572900000E-02  -2.170196875400000E-02   4.993006488000000E-01   4.801902389800000E-02
   7.062434483000000E-01   1.019374635200000E+01   1.043243853500000E+01  -9.144948482300000E-01  -7.973507213000000E-02  -2.215539723700000E-02   5.145326504000000E-01   4.695456576900000E-02
   7.096294932800000E-01   1.024261970300000E+01   1.047964004400000E+01  -8.873432291500000E-01  -7.961880943900000E-02  -2.259573635500000E-02   5.294163708200000E-01   4.584741649600000E-02
   7.130155382700000E-01   1.029149305400000E+01   1.052648836200000E+01  -8.594701012900000E-01  -7.950345011399999E-02  -2.302262841000000E-02   5.439382521100000E-01   4.469842056600000E-02
   7.162668649500000E-01   1.033842191300000E+01   1.057114062300000E+01  -8.320465829300000E-01  -7.939369097300000E-02  -2.341955802800000E-02   5.575294939900000E-01   4.355658098100000E-02
   7.195181916400000E-01   1.038535077300000E+01   1.061546866300000E+01  -8.039964687200000E-01  -7.928507636800000E-02  -2.380347031600000E-02   5.707633644100000E-01   4.237780104400000E-02
   7.227695183200000E-01   1.043227963200000E+01   1.065947453700000E+01  -7.753392177500000E-01  -7.917775799100001E-02  -2.417407577600000E-02   5.836286185500000E-01   4.116294136200000E-02
   7.260208450100000E-01   1.047920849200000E+01   1.070316119000000E+01  -7.460946039200000E-01  -7.907188635800000E-02  -2.453109412000000E-02   5.961142822300000E-01   3.991289875600000E-02
   7.292058151500000E-01   1.052517957700000E+01   1.074565040600000E+01  -7.168966641300000E-01  -7.896972167900000E-02  -2.486739108600000E-02   6.079667772500000E-01   3.865515311700000E-02
   7.323907852800000E-01   1.057115066200000E+01   1.078784138900000E+01  -6.871734580800000E-01  -7.886922640100000E-02  -2.519014396700000E-02   6.194349761300000E-01   3.736545031000000E-02
   7.355757554200000E-01   1.061712174700000E+01   1.082973935600000E+01  -6.569443217599999E-01  -7.877053644400001E-02  -2.549911573200000E-02   6.305093792100001E-01   3.604473166300000E-02
   7.387607255600001E-01   1.066309283200000E+01   1.087135031700000E+01  -6.262287976599999E-01  -7.867378514499999E-02  -2.579407828800000E-02   6.411807755100000E-01   3.469396977300000E-02
   7.419246967699999E-01   1.070876082400000E+01   1.091240946400000E+01  -5.952536910800000E-01  -7.857972012500000E-02  -2.607300870000000E-02   6.513739772300000E-01   3.332335794400000E-02
   7.450886679800000E-01   1.075442881600000E+01   1.095319947900000E+01  -5.638375727000000E-01  -7.848782163300000E-02  -2.633769195400000E-02   6.611522337900000E-01   3.192510037600000E-02
   7.482526392000000E-01   1.080009680800000E+01   1.099372849100000E+01  -5.320001030100000E-01  -7.839821073600001E-02  -2.658793113700000E-02   6.705074152400000E-01   3.050023786700000E-02
   7.514166104100000E-01   1.084576479900000E+01   1.103400533800000E+01  -4.997610781300000E-01  -7.831100462500000E-02  -2.682353834200000E-02   6.794317076800001E-01   2.904983854300000E-02
   7.546431014900000E-01   1.089233518800000E+01   1.107482824600000E+01  -4.664921257400000E-01  -7.822466899600000E-02  -2.704854726300000E-02   6.880808359600000E-01   2.754561549000000E-02
   7.578695925600000E-01   1.093890557600000E+01   1.111540965800000E+01  -4.328475467500000E-01  -7.814106666800000E-02  -2.725797441100000E-02   6.962665024300000E-01   2.601716269400000E-02
   7.610960836400000E-01   1.098547596500000E+01   1.115576108500000E+01  -3.988486863300000E-01  -7.806030744299999E-02  -2.745164982300000E-02   7.039814870200000E-01   2.446569420000000E-02
   7.643225747200000E-01   1.103204635300000E+01   1.119589471000000E+01  -3.645169838300000E-01  -7.798249560200000E-02  -2.762941349800000E-02   7.112189445400000E-01   2.289244901300000E-02
   7.676984346700000E-01   1.108077269500000E+01   1.123766708100000E+01  -3.282629982100000E-01  -7.790434369000000E-02  -2.779821000400000E-02   7.182732365500000E-01   2.122443184200000E-02
   7.710742946100000E-01   1.112949903700000E+01   1.127923044300000E+01  -2.916929453600000E-01  -7.782963176500000E-02  -2.794926325900000E-02   7.247907452200000E-01   1.953542992100000E-02
   7.744501545600000E-01   1.117822538000000E+01   1.132060086500000E+01  -2.548316471600000E-01  -7.775845777100000E-02  -2.808242529800000E-02   7.307649991700000E-01   1.782694027200000E-02
   7.778260145000000E-01   1.122695172200000E+01   1.136179505000000E+01  -2.177039979400000E-01  -7.769091166400000E-02  -2.819756027300000E-02   7.361900094000000E-01   1.610048280300000E-02
   7.815566029500000E-01   1.128079812900000E+01   1.140713369000000E+01  -1.763952997600000E-01  -7.762058576000000E-02  -2.830367689900000E-02   7.415396169400000E-01   1.417356934900000E-02
   7.852871914000000E-01   1.133464453700000E+01   1.145230235300000E+01  -1.348255891400000E-01  -7.755488785799999E-02  -2.838747848300000E-02   7.462050664100000E-01   1.222870211300000E-02
   7.890177798500000E-01   1.138849094400000E+01   1.149732586100000E+01  -9.302872200700001E-02  -7.749390281900000E-02  -2.844883359300000E-02   7.501803894900000E-01   1.026801174800000E-02
   7.927483683000000E-01   1.144233735100000E+01   1.154222967300000E+01  -5.103863538600000E-02  -7.743770196300000E-02  -2.848762904900000E-02   7.534603745300000E-01   8.293650028700000E-03
   7.966334819899999E-01   1.149841413900000E+01   1.158889425200000E+01  -7.140540754400000E-03  -7.738432053400000E-02  -2.850394872500000E-02   7.561322977500000E-01   6.225313673000000E-03
   8.005185956700001E-01   1.155449092600000E+01   1.163548712400000E+01   3.689170518000000E-02  -7.733623869000000E-02  -2.849561234400000E-02   7.580411303400000E-01   4.146969374700000E-03
   8.044037093600001E-01   1.161056771300000E+01   1.168203860100000E+01   8.101949375799999E-02  -7.729348815000001E-02  -2.846255549900000E-02   7.591836450400000E-01   2.061094847600000E-03
   8.082888230500000E-01   1.166664450000000E+01   1.172857929300000E+01   1.252041171300000E-01  -7.725608355400000E-02  -2.840473546300000E-02   7.595575277400000E-01  -2.982507292700000E-05
   8.118584311600000E-01   1.171816735600000E+01   1.177135737800000E+01   1.658173736700000E-01  -7.722642699800000E-02  -2.832976418000000E-02   7.592222950400001E-01  -1.953257701700000E-03
   8.154280392600000E-01   1.176969021200000E+01   1.181417630200000E+01   2.064156619300000E-01  -7.720126650299999E-02  -2.823387034400000E-02   7.582366056900000E-01  -3.876921379500000E-03
   8.189976473700000E-01   1.182121306800000E+01   1.185705996500000E+01   2.469687155400000E-01  -7.718057486900000E-02  -2.811706946200000E-02   7.566007068700000E-01  -5.798892687900000E-03
   8.225672554800000E-01   1.187273592400000E+01   1.190003215400000E+01   2.874461826400000E-01  -7.716431260900000E-02  -2.797939265800000E-02   7.543154948600000E-01  -7.717255615700000E-03
   8.260189968300000E-01   1.192255752100000E+01   1.194169180800000E+01   3.264865892200000E-01  -7.715275119300000E-02  -2.782645242000000E-02   7.514896783300000E-01  -9.567050791400000E-03
   8.294707381899999E-01   1.197237911700000E+01   1.198347740200000E+01   3.654002504300000E-01  -7.714522567800000E-02  -2.765409205400000E-02   7.480601261900000E-01  -1.140997818700000E-02
   8.329224795400000E-01   1.202220071300000E+01   1.202540972200000E+01   4.041594791900000E-01  -7.714166813200000E-02  -2.746238159900000E-02   7.440293617300000E-01  -1.324434027100000E-02
   8.363742209000000E-01   1.207202230900000E+01   1.206750918400000E+01   4.427365056900000E-01  -7.714200035900000E-02  -2.725140491400000E-02   7.394004605900000E-01  -1.506845569600000E-02
   8.396411062900000E-01   1.211917573900000E+01   1.210752607500000E+01   4.790545396600000E-01  -7.714581793200000E-02  -2.703406901300000E-02   7.344717832700000E-01  -1.678393869500000E-02
   8.429079916900000E-01   1.216632916900000E+01   1.214772712300000E+01   5.151607360000000E-01  -7.715295784300000E-02  -2.679965692500000E-02   7.290140780500000E-01  -1.848736026800000E-02
   8.461748770800001E-01   1.221348259900000E+01   1.218812840800000E+01   5.510313521100000E-01  -7.716332945399999E-02  -2.654827413500000E-02   7.230312903700000E-01  -2.017734561400000E-02
   8.494417624800000E-01   1.226063602900000E+01   1.222874551500000E+01   5.866425856800001E-01  -7.717683466000000E-02  -2.628003733900000E-02   7.165277880499999E-01  -2.185253952900000E-02
   8.526855718600000E-01   1.230745638600000E+01   1.226930411500000E+01   6.217220847000000E-01  -7.719324096700000E-02  -2.599714567000000E-02   7.095597355300000E-01  -2.349994835500000E-02
   8.559293812500000E-01   1.235427674300000E+01   1.231010449600000E+01   6.564989264200000E-01  -7.721252298000000E-02  -2.569789959300000E-02   7.020880985500000E-01  -2.513017416200000E-02
   8.591731906300000E-01   1.240109709900000E+01   1.235116020600000E+01   6.909496660900000E-01  -7.723456431000000E-02  -2.538244630000000E-02   6.941183509800000E-01  -2.674195577300000E-02
   8.624170000100000E-01   1.244791745600000E+01   1.239248414200000E+01   7.250508261100000E-01  -7.725924237700001E-02  -2.505094397000000E-02   6.856563504700000E-01  -2.833405622900000E-02
   8.655908915300000E-01   1.249372863500000E+01   1.243318872600000E+01   7.580560195100000E-01  -7.728581719200001E-02  -2.471121555600000E-02   6.769062790100000E-01  -2.987162621700000E-02
   8.687647830400000E-01   1.253953981400000E+01   1.247417255800000E+01   7.906820165100000E-01  -7.731466782099999E-02  -2.435645309100000E-02   6.676970948199999E-01  -3.138808358100000E-02
   8.719386745500000E-01   1.258535099300000E+01   1.251544570600000E+01   8.229067937600000E-01  -7.734566401600000E-02  -2.398683533300000E-02   6.580353088100001E-01  -3.288234274700000E-02
   8.751125660600000E-01   1.263116217200000E+01   1.255701751400000E+01   8.547083417600000E-01  -7.737867108200000E-02  -2.360255112800000E-02   6.479277543900001E-01  -3.435334389700000E-02
   8.783007862600000E-01   1.267718016700000E+01   1.259908634500000E+01   8.862051953600000E-01  -7.741371168300000E-02  -2.320196672300000E-02   6.373329856000000E-01  -3.580652824900000E-02
   8.814890064599999E-01   1.272319816300000E+01   1.264147312100000E+01   9.172305719300000E-01  -7.745049672800000E-02  -2.278699573000000E-02   6.263031854200000E-01  -3.723418144000000E-02
   8.846772266500000E-01   1.276921615900000E+01   1.268418493500000E+01   9.477622988200000E-01  -7.748887825700000E-02  -2.235786021500000E-02   6.148462144100000E-01  -3.863531171100000E-02
   8.878654468500000E-01   1.281523415500000E+01   1.272722803900000E+01   9.777782850400000E-01  -7.752870523499999E-02  -2.191479243200000E-02   6.029702283400000E-01  -4.000895593400000E-02
   8.912487058200000E-01   1.286406729300000E+01   1.277327260700000E+01   1.009041925100000E+00  -7.757237781000000E-02  -2.142965393900000E-02   5.899189086100000E-01  -4.143553101400000E-02
   8.946319647900000E-01   1.291290043100000E+01   1.281970165200000E+01   1.039673908000000E+00  -7.761731843100000E-02  -2.092940160300000E-02   5.764156808799999E-01  -4.282902270200000E-02
   8.980152237600000E-01   1.296173356900000E+01   1.286651939000000E+01   1.069648301000000E+00  -7.766333828700001E-02  -2.041435021800000E-02   5.624713151700000E-01  -4.418838862400000E-02
   9.013984827300000E-01   1.301056670700000E+01   1.291372887700000E+01   1.098939393900000E+00  -7.771024679700000E-02  -1.988482719100000E-02   5.480969094500000E-01  -4.551262429300000E-02
   9.047163142600000E-01   1.305845548100000E+01   1.296040768200000E+01   1.126975868200000E+00  -7.775692610300000E-02  -1.935181775500000E-02   5.335938513100000E-01  -4.677620064000000E-02
   9.080341458000000E-01   1.310634425500000E+01   1.300746571900000E+01   1.154307001600000E+00  -7.780409403000001E-02  -1.880554994900000E-02   5.186992504100000E-01  -4.800418699200000E-02
   9.113519773300000E-01   1.315423303000000E+01   1.305490255700000E+01   1.180909371700000E+00  -7.785156904700000E-02  -1.824636716900000E-02   5.034244244700000E-01  -4.919574279600000E-02
   9.146698088700000E-01   1.320212180400000E+01   1.310271665600000E+01   1.206759899000000E+00  -7.789917009199999E-02  -1.767462394500000E-02   4.877809498800000E-01  -5.035006268000000E-02
   9.177516734900000E-01   1.324660468900000E+01   1.314746585100000E+01   1.230078517200000E+00  -7.794334107700000E-02  -1.713261083000000E-02   4.729301373700000E-01  -5.138825438400000E-02
   9.208335381200000E-01   1.329108757500000E+01   1.319253530800000E+01   1.252710970000000E+00  -7.798732223099999E-02  -1.658037688300000E-02   4.577811091000000E-01  -5.239306286700000E-02
   9.239154027399999E-01   1.333557046000000E+01   1.323792123700000E+01   1.274639726100000E+00  -7.803097191600000E-02  -1.601823123700000E-02   4.423436932600000E-01  -5.336392338900000E-02
   9.269972673600000E-01   1.338005334500000E+01   1.328361903500000E+01   1.295847620500000E+00  -7.807415036500000E-02  -1.544649074300000E-02   4.266278792000000E-01  -5.430029671700000E-02
   9.299854412400000E-01   1.342318392100000E+01   1.332822027500000E+01   1.315706600700000E+00  -7.811543614900000E-02  -1.488327637200000E-02   4.111335913100000E-01  -5.517478722700000E-02
   9.329736151100000E-01   1.346631449600000E+01   1.337310399000000E+01   1.334857199800000E+00  -7.815602648400000E-02  -1.431164895000000E-02   3.953964882100000E-01  -5.601592617500000E-02
   9.359617889900000E-01   1.350944507200000E+01   1.341826385200000E+01   1.353284904900000E+00  -7.819580088800000E-02  -1.373191714500000E-02   3.794260704200000E-01  -5.682328929300000E-02
   9.389499628600000E-01   1.355257564800000E+01   1.346369285600000E+01   1.370975623800000E+00  -7.823464175500000E-02  -1.314439579200000E-02   3.632319555100000E-01  -5.759647384800000E-02
   9.418967312099999E-01   1.359510858600000E+01   1.350874847900000E+01   1.387686166800000E+00  -7.827191861200000E-02  -1.255769974200000E-02   3.470526480300000E-01  -5.832510142500000E-02
   9.448434995500000E-01   1.363764152500000E+01   1.355405041600000E+01   1.403654089000000E+00  -7.830806981200000E-02  -1.196405370300000E-02   3.306746909100000E-01  -5.901977417000000E-02
   9.477902678900000E-01   1.368017446300000E+01   1.359959011000000E+01   1.418867214000000E+00  -7.834299240000001E-02  -1.136377613400000E-02   3.141076077400000E-01  -5.968016570000000E-02
   9.507370362300001E-01   1.372270740100000E+01   1.364535843000000E+01   1.433313852300000E+00  -7.837658718000000E-02  -1.075719056700000E-02   2.973610105000000E-01  -6.030596884800000E-02
   9.536992833400000E-01   1.376546375600000E+01   1.369158781000000E+01   1.447052548700000E+00  -7.840892401600000E-02  -1.014139253600000E-02   2.803553050700000E-01  -6.089990684400000E-02
   9.566615304600000E-01   1.380822011200000E+01   1.373802805400000E+01   1.459994562300000E+00  -7.843973044800000E-02  -9.519890288500000E-03   2.631879206900000E-01  -6.145832707400000E-02
   9.596237775699999E-01   1.385097646700000E+01   1.378466826200000E+01   1.472129632900000E+00  -7.846891863700001E-02  -8.893026662100000E-03   2.458688595200000E-01  -6.198097441700000E-02
   9.625860246800000E-01   1.389373282200000E+01   1.383149704200000E+01   1.483448079800000E+00  -7.849640551200000E-02  -8.261148757699999E-03   2.284081927000000E-01  -6.246761217100000E-02
   9.656060680100000E-01   1.393732339400000E+01   1.387942133300000E+01   1.494137273100000E+00  -7.852259633899999E-02  -7.612144185400000E-03   2.104715771200000E-01  -6.292644801000000E-02
   9.686261113300000E-01   1.398091396500000E+01   1.392751626000000E+01   1.503959262200000E+00  -7.854686039400000E-02  -6.958668839900000E-03   1.924091143600000E-01  -6.334741579500000E-02
   9.716461546500000E-01   1.402450453700000E+01   1.397576834900000E+01   1.512905768500000E+00  -7.856912622300000E-02  -6.301102559400000E-03   1.742316652400000E-01  -6.373032200300000E-02
   9.746661979800000E-01   1.406809510800000E+01   1.402416371800000E+01   1.520969216100000E+00  -7.858932833800000E-02  -5.639828637400000E-03   1.559501432900000E-01  -6.407499182199999E-02
   9.778329083600000E-01   1.411380263700000E+01   1.407504770800000E+01   1.528468357800000E+00  -7.860823036200000E-02  -4.942879966400000E-03   1.366809742700000E-01  -6.439516311400000E-02
   9.809996187300000E-01   1.415951016500000E+01   1.412605672500000E+01   1.534982013500000E+00  -7.862473712600000E-02  -4.242728607600000E-03   1.173221172600000E-01  -6.467296350700000E-02
   9.841663291100000E-01   1.420521769300000E+01   1.417717358200000E+01   1.540504047800000E+00  -7.863879540500000E-02  -3.539826424500000E-03   9.788630279799999E-02  -6.490825598800000E-02
   9.873330394900000E-01   1.425092522100000E+01   1.422838078600000E+01   1.545029243700000E+00  -7.865035989900000E-02  -2.834627874900000E-03   7.838629928700000E-02  -6.510092504800000E-02
   9.904997796200000E-01   1.429663317900000E+01   1.427966106100000E+01   1.548553342500000E+00  -7.865939342900000E-02  -2.127582969900000E-03   5.883472316900000E-02  -6.525087769400000E-02
   9.936665197500000E-01   1.434234113700000E+01   1.433099596100000E+01   1.551072952200000E+00  -7.866586679199999E-02  -1.419156743300000E-03   3.924458310800000E-02  -6.535803882100000E-02
   9.968332598700000E-01   1.438804909400000E+01   1.438236736600000E+01   1.552585677700000E+00  -7.866975916000001E-02  -7.098088947200001E-04   1.962872319100000E-02  -6.542235631500000E-02
   1.000000000000000E+00   1.443375705200000E+01   1.443375705200000E+01   1.553090079700000E+00  -7.867105801000000E-02  -2.654492419000000E-26   0.000000000000000E+00  -6.544379894500001E-02
