   0.000000000000000E+00  -7.971015045100000E-30   0.000000000000000E+00   0.000000000000000E+00  -9.993265459500000E-01   0.000000000000000E+00   0.000000000000000E+00   0.000000000000000E+00
   9.144823670000000E-03   1.319941631400000E-01   1.319941631400000E-01   0.000000000000000E+00  -9.993265459500000E-01   0.000000000000000E+00   0.000000000000000E+00   0.000000000000000E+00
   1.828964734000000E-02   2.639883262700000E-01   2.639883262700000E-01   0.000000000000000E+00  -9.993265459500000E-01   0.000000000000000E+00   0.000000000000000E+00   0.000000000000000E+00
   2.743447101000000E-02   3.959824894100000E-01   3.959824894100000E-01   0.000000000000000E+00  -9.993265459500000E-01   0.000000000000000E+00   0.000000000000000E+00   0.000000000000000E+00
   3.657929468000000E-02   5.279766525400000E-01   5.279766525400000E-01   0.000000000000000E+00  -9.993265459500000E-01   0.000000000000000E+00   0.000000000000000E+00   0.000000000000000E+00
   4.378436083400000E-02   6.319728269500000E-01   6.319728269500000E-01   0.000000000000000E+00  -9.993265459500000E-01   0.000000000000000E+00   0.000000000000000E+00   0.000000000000000E+00
   5.098942698800000E-02   7.359690013600000E-01   7.359690013600000E-01   0.000000000000000E+00  -9.993265459500000E-01   0.000000000000000E+00   0.000000000000000E+00   0.000000000000000E+00
   5.819449314200000E-02   8.399651757700000E-01   8.399651757700000E-01   0.000000000000000E+00  -9.993265459500000E-01   0.000000000000000E+00   0.000000000000000E+00   0.000000000000000E+00
   6.539955929600000E-02   9.439613501800000E-01   9.439613501800000E-01   0.000000000000000E+00  -9.993265459500000E-01   0.000000000000000E+00   0.000000000000000E+00   0.000000000000000E+00
   7.445726120300000E-02   1.074698019000000E+00   1.074698019000000E+00   0.000000000000000E+00  -9.993265459500000E-01   0.000000000000000E+00   0.000000000000000E+00   0.000000000000000E+00
   8.351496311100000E-02   1.205434687700000E+00   1.205434687700000E+00   0.000000000000000E+00  -9.993265459500000E-01   0.000000000000000E+00   0.000000000000000E+00   0.000000000000000E+00
   9.257266501800000E-02   1.336171356500000E+00   1.336171356500000E+00   0.000000000000000E+00  -9.993265459500000E-01   0.000000000000000E+00   0.000000000000000E+00   0.000000000000000E+00
   1.016303669300000E-01   1.466908025300000E+00   1.466908025300000E+00   0.000000000000000E+00  -9.993265459500000E-01   0.000000000000000E+00   0.000000000000000E+00   0.000000000000000E+00
   1.113450813300000E-01   1.607127852800000E+00   1.607127852800000E+00   0.000000000000000E+00  -9.993265459500000E-01   0.000000000000000E+00   0.000000000000000E+00   0.000000000000000E+00
   1.210597957300000E-01   1.747347680300000E+00   1.747347680300000E+00   0.000000000000000E+00  -9.993265459500000E-01   0.000000000000000E+00   0.000000000000000E+00   0.000000000000000E+00
   1.307745101300000E-01   1.887567507800000E+00   1.887567507800000E+00   0.000000000000000E+00  -9.993265459500000E-01   0.000000000000000E+00   0.000000000000000E+00   0.000000000000000E+00
   1.404892245300000E-01   2.027787335300000E+00   2.027787335300000E+00   0.000000000000000E+00  -9.993265459500000E-01   0.000000000000000E+00   0.000000000000000E+00   0.000000000000000E+00
   1.464689292800000E-01   2.114096940900000E+00   2.114096940900000E+00   0.000000000000000E+00  -9.993265459500000E-01   0.000000000000000E+00   0.000000000000000E+00   0.000000000000000E+00
   1.524486340200000E-01   2.200406546400000E+00   2.200406546400000E+00   0.000000000000000E+00  -9.993265459500000E-01   0.000000000000000E+00   0.000000000000000E+00   0.000000000000000E+00
   1.584283387700000E-01   2.286716152000000E+00   2.286716152000000E+00   0.000000000000000E+00  -9.993265459500000E-01   0.000000000000000E+00   0.000000000000000E+00   0.000000000000000E+00
   1.644080435200000E-01   2.373025757500000E+00   2.373025757500000E+00   0.000000000000000E+00  -9.993265459500000E-01   0.000000000000000E+00   0.000000000000000E+00   0.000000000000000E+00
   1.698681992400000E-01   2.451836318700000E+00   2.451836318700000E+00   0.000000000000000E+00  -9.993265459500000E-01   0.000000000000000E+00   0.000000000000000E+00   0.000000000000000E+00
   1.753283549700000E-01   2.530646879900000E+00   2.530646879900000E+00   0.000000000000000E+00  -9.993265459500000E-01   0.000000000000000E+00   0.000000000000000E+00   0.000000000000000E+00
   1.807885106900000E-01   2.609457441100000E+00   2.609457441100000E+00   0.000000000000000E+00  -9.993265459500000E-01   0.000000000000000E+00   0.000000000000000E+00   0.000000000000000E+00
   1.862486664200000E-01   2.688268002300000E+00   2.688268002300000E+00   0.000000000000000E+00  -9.993265459500000E-01   0.000000000000000E+00   0.000000000000000E+00   0.000000000000000E+00
   1.914756790600000E-01   2.763713433000000E+00   2.763713433000000E+00   0.000000000000000E+00  -9.993265459500000E-01   0.000000000000000E+00   0.000000000000000E+00   0.000000000000000E+00
   1.967026917100000E-01   2.839158863600000E+00   2.839158863600000E+00   0.000000000000000E+00  -9.993265459500000E-01   0.000000000000000E+00   0.000000000000000E+00   0.000000000000000E+00
   2.019297043600000E-01   2.914604294300000E+00   2.914604294300000E+00   0.000000000000000E+00  -9.993265459500000E-01   0.000000000000000E+00   0.000000000000000E+00   0.000000000000000E+00
   2.071567170000000E-01   2.990049724900000E+00   2.990049724900000E+00   0.000000000000000E+00  -9.993265459500000E-01   0.000000000000000E+00   0.000000000000000E+00   0.000000000000000E+00
   2.123685129200000E-01   3.065275521000000E+00   3.065275521000000E+00   0.000000000000000E+00  -9.993265459500000E-01   0.000000000000000E+00   0.000000000000000E+00   0.000000000000000E+00
   2.175803088400000E-01   3.140501317100000E+00   3.140501317100000E+00   0.000000000000000E+00  -9.993265459500000E-01   0.000000000000000E+00   0.000000000000000E+00   0.000000000000000E+00
   2.227921047600000E-01   3.215727113200000E+00   3.215727113200000E+00   0.000000000000000E+00  -9.993265459500000E-01   0.000000000000000E+00   0.000000000000000E+00   0.000000000000000E+00
   2.280039006800000E-01   3.290952909300000E+00   3.290952909300000E+00   0.000000000000000E+00  -9.993265459500000E-01   0.000000000000000E+00   0.000000000000000E+00   0.000000000000000E+00
   2.332051956000000E-01   3.366027136600000E+00   3.366027136600000E+00   0.000000000000000E+00  -9.993265459500000E-01   0.000000000000000E+00   0.000000000000000E+00   0.000000000000000E+00
   2.384064905300000E-01   3.441101363900000E+00   3.441101363900000E+00   0.000000000000000E+00  -9.993265459500000E-01   0.000000000000000E+00   0.000000000000000E+00   0.000000000000000E+00
   2.436077854500000E-01   3.516175591200000E+00   3.516175591200000E+00   0.000000000000000E+00  -9.993265459500000E-01   0.000000000000000E+00   0.000000000000000E+00   0.000000000000000E+00
   2.488090803700000E-01   3.591249818400000E+00   3.591249818400000E+00   0.000000000000000E+00  -9.993265459500000E-01   0.000000000000000E+00   0.000000000000000E+00   0.000000000000000E+00
   2.537256704100000E-01   3.662214684500000E+00   3.662214684500000E+00   0.000000000000000E+00  -9.993265459500000E-01   0.000000000000000E+00   0.000000000000000E+00   0.000000000000000E+00
   2.586422604400000E-01   3.733179550600000E+00   3.733179550600000E+00   0.000000000000000E+00  -9.993265459500000E-01   0.000000000000000E+00   0.000000000000000E+00   0.000000000000000E+00
   2.635588504700000E-01   3.804144416600000E+00   3.804144416600000E+00   0.000000000000000E+00  -9.993265459500000E-01   0.000000000000000E+00   0.000000000000000E+00   0.000000000000000E+00
   2.684754405100000E-01   3.875109282700000E+00   3.875109282700000E+00   0.000000000000000E+00  -9.993265459500000E-01   0.000000000000000E+00   0.000000000000000E+00   0.000000000000000E+00
   2.729252493800000E-01   3.939336743000000E+00   3.939336743000000E+00   0.000000000000000E+00  -9.993265459500000E-01   0.000000000000000E+00   0.000000000000000E+00   0.000000000000000E+00
   2.773750582600000E-01   4.003564203200000E+00   4.003564203200000E+00   0.000000000000000E+00  -9.993265459500000E-01   0.000000000000000E+00   0.000000000000000E+00   0.000000000000000E+00
   2.818248671400000E-01   4.067791663500000E+00   4.067791663500000E+00   0.000000000000000E+00  -9.993265459500000E-01   0.000000000000000E+00   0.000000000000000E+00   0.000000000000000E+00
   2.862746760200000E-01   4.132019123800000E+00   4.132019123800000E+00   0.000000000000000E+00  -9.993265459500000E-01   0.000000000000000E+00   0.000000000000000E+00   0.000000000000000E+00
   2.903440654600000E-01   4.190755702400000E+00   4.190755702400000E+00   0.000000000000000E+00  -9.993265459500000E-01   0.000000000000000E+00   0.000000000000000E+00   0.000000000000000E+00
   2.944134549100000E-01   4.249492281100000E+00   4.249492281100000E+00   0.000000000000000E+00  -9.993265459500000E-01   0.000000000000000E+00   0.000000000000000E+00   0.000000000000000E+00
   2.984828443600000E-01   4.308228859700000E+00   4.308228859700000E+00   0.000000000000000E+00  -9.993265459500000E-01   0.000000000000000E+00   0.000000000000000E+00   0.000000000000000E+00
   3.025522338100000E-01   4.366965438400000E+00   4.366965438400000E+00   0.000000000000000E+00  -9.993265459500000E-01   0.000000000000000E+00   0.000000000000000E+00   0.000000000000000E+00
   3.064391658500000E-01   4.423068471100000E+00   4.423068471100000E+00   0.000000000000000E+00  -9.993265459500000E-01   0.000000000000000E+00   0.000000000000000E+00   0.000000000000000E+00
   3.103260978900000E-01   4.479171503800000E+00   4.479171503800000E+00   0.000000000000000E+00  -9.993265459500000E-01   0.000000000000000E+00   0.000000000000000E+00   0.000000000000000E+00
   3.142130299300000E-01   4.535274536500000E+00   4.535274536500000E+00   0.000000000000000E+00  -9.993265459500000E-01   0.000000000000000E+00   0.000000000000000E+00   0.000000000000000E+00
   3.180999619700000E-01   4.591377569300000E+00   4.591377569300000E+00   0.000000000000000E+00  -9.993265459500000E-01   0.000000000000000E+00   0.000000000000000E+00   0.000000000000000E+00
   3.219088703100000E-01   4.646354426900000E+00   4.646354426900000E+00   0.000000000000000E+00  -9.993265459500000E-01   0.000000000000000E+00   0.000000000000000E+00   0.000000000000000E+00
   3.257177786600000E-01   4.701331284600000E+00   4.701331284600000E+00   0.000000000000000E+00  -9.993265459500000E-01   0.000000000000000E+00   0.000000000000000E+00   0.000000000000000E+00
   3.295266870000000E-01   4.756308142300000E+00   4.756308142300000E+00   0.000000000000000E+00  -9.993265459500000E-01   0.000000000000000E+00   0.000000000000000E+00   0.000000000000000E+00
   3.333355953400000E-01   4.811285000000000E+00   4.811285000000000E+00   0.000000000000000E+00  -9.993265459500000E-01   0.000000000000000E+00   0.000000000000000E+00   0.000000000000000E+00
   3.368990636600000E-01   4.862719236000000E+00   4.862719236000000E+00   0.000000000000000E+00  -9.993265459500000E-01   0.000000000000000E+00   0.000000000000000E+00   0.000000000000000E+00
   3.404625319800000E-01   4.914153472000000E+00   4.914153472000000E+00   0.000000000000000E+00  -9.993265459500000E-01   0.000000000000000E+00   0.000000000000000E+00   0.000000000000000E+00
   3.440260003000000E-01   4.965587707900000E+00   4.965587707900000E+00   0.000000000000000E+00  -9.993265459500000E-01   0.000000000000000E+00   0.000000000000000E+00   0.000000000000000E+00
   3.475894686200000E-01   5.017021943900000E+00   5.017021943900000E+00   0.000000000000000E+00  -9.993265459500000E-01   0.000000000000000E+00   0.000000000000000E+00   0.000000000000000E+00
   3.510446791700000E-01   5.066893613500000E+00   5.066893613500000E+00   0.000000000000000E+00  -9.993265459500000E-01   0.000000000000000E+00   0.000000000000000E+00   0.000000000000000E+00
   3.544998897200000E-01   5.116765283100000E+00   5.116765283100000E+00   0.000000000000000E+00  -9.993265459500000E-01   0.000000000000000E+00   0.000000000000000E+00   0.000000000000000E+00
   3.579551002600000E-01   5.166636952700000E+00   5.166636952700000E+00   0.000000000000000E+00  -9.993265459500000E-01   0.000000000000000E+00   0.000000000000000E+00   0.000000000000000E+00
   3.614103108100000E-01   5.216508622300000E+00   5.216508622300000E+00   0.000000000000000E+00  -9.993265459500000E-01   0.000000000000000E+00   0.000000000000000E+00   0.000000000000000E+00
   3.654727589100000E-01   5.275145011200000E+00   5.275145011200000E+00   0.000000000000000E+00  -9.993265459500000E-01   0.000000000000000E+00   0.000000000000000E+00   0.000000000000000E+00
   3.695352070000000E-01   5.333781400000000E+00   5.333781400000000E+00   0.000000000000000E+00  -9.993265459500000E-01   0.000000000000000E+00   0.000000000000000E+00   0.000000000000000E+00
   3.735976550900000E-01   5.392417788800000E+00   5.392417788800000E+00   0.000000000000000E+00  -9.993265459500000E-01   0.000000000000000E+00   0.000000000000000E+00   0.000000000000000E+00
   3.776601031900000E-01   5.451054177600000E+00   5.451054177600000E+00   0.000000000000000E+00  -9.993265459500000E-01   0.000000000000000E+00   0.000000000000000E+00   0.000000000000000E+00
   3.813032123500000E-01   5.503637930300000E+00   5.503637930300000E+00   0.000000000000000E+00  -9.993265459500000E-01   0.000000000000000E+00   0.000000000000000E+00   0.000000000000000E+00
   3.849463215200000E-01   5.556221682900000E+00   5.556221682900000E+00   0.000000000000000E+00  -9.993265459500000E-01   0.000000000000000E+00   0.000000000000000E+00   0.000000000000000E+00
   3.885894306900000E-01   5.608805435600000E+00   5.608805435600000E+00   0.000000000000000E+00  -9.993265459500000E-01   0.000000000000000E+00   0.000000000000000E+00   0.000000000000000E+00
   3.922325398600000E-01   5.661389188200000E+00   5.661389188200000E+00   0.000000000000000E+00  -9.993265459500000E-01   0.000000000000000E+00   0.000000000000000E+00   0.000000000000000E+00
   3.959293930100000E-01   5.714748668500000E+00   5.714748668500000E+00   0.000000000000000E+00  -9.993265459500000E-01   0.000000000000000E+00   0.000000000000000E+00   0.000000000000000E+00
   3.996262461600000E-01   5.768108148700000E+00   5.768108148700000E+00   0.000000000000000E+00  -9.993265459500000E-01   0.000000000000000E+00   0.000000000000000E+00   0.000000000000000E+00
   4.033230993100000E-01   5.821467628900000E+00   5.821467628900000E+00   0.000000000000000E+00  -9.993265459500000E-01   0.000000000000000E+00   0.000000000000000E+00   0.000000000000000E+00
   4.070199524600000E-01   5.874827109200000E+00   5.874827109200000E+00   0.000000000000000E+00  -9.993265459500000E-01   0.000000000000000E+00   0.000000000000000E+00   0.000000000000000E+00
   4.109290799200000E-01   5.931250505200000E+00   5.931250505200000E+00   0.000000000000000E+00  -9.993265459500000E-01   0.000000000000000E+00   0.000000000000000E+00   0.000000000000000E+00
   4.148382073700000E-01   5.987673901100000E+00   5.987673901100000E+00   0.000000000000000E+00  -9.993265459500000E-01   0.000000000000000E+00   0.000000000000000E+00   0.000000000000000E+00
   4.187473348300000E-01   6.044097297100000E+00   6.044097297100000E+00   0.000000000000000E+00  -9.993265459500000E-01   0.000000000000000E+00   0.000000000000000E+00   0.000000000000000E+00
   4.226564622800000E-01   6.100520693000000E+00   6.100520693000000E+00   0.000000000000000E+00  -9.993265459500000E-01   0.000000000000000E+00   0.000000000000000E+00   0.000000000000000E+00
   4.263988482400000E-01   6.154537382700000E+00   6.154537382700000E+00   0.000000000000000E+00  -9.993265459500000E-01   0.000000000000000E+00   0.000000000000000E+00   0.000000000000000E+00
   4.301412341900000E-01   6.208554072300000E+00   6.208554072300000E+00   0.000000000000000E+00  -9.993265459500000E-01   0.000000000000000E+00   0.000000000000000E+00   0.000000000000000E+00
   4.338836201400000E-01   6.262570762000000E+00   6.262570762000000E+00   0.000000000000000E+00  -9.993265459500000E-01   0.000000000000000E+00   0.000000000000000E+00   0.000000000000000E+00
   4.376260061000000E-01   6.316587451700000E+00   6.316587451700000E+00   0.000000000000000E+00  -9.993265459500000E-01   0.000000000000000E+00   0.000000000000000E+00   0.000000000000000E+00
   4.412385992600000E-01   6.368730743600000E+00   6.368730743600000E+00   0.000000000000000E+00  -9.993265459500000E-01   0.000000000000000E+00   0.000000000000000E+00   0.000000000000000E+00
   4.448511924100000E-01   6.420874035600000E+00   6.420874035600000E+00   0.000000000000000E+00  -9.993265459500000E-01   0.000000000000000E+00   0.000000000000000E+00   0.000000000000000E+00
   4.484637855700000E-01   6.473017327600000E+00   6.473017327600000E+00   0.000000000000000E+00  -9.993265459500000E-01   0.000000000000000E+00   0.000000000000000E+00   0.000000000000000E+00
   4.520763787300000E-01   6.525160619500000E+00   6.525160619500000E+00   0.000000000000000E+00  -9.993265459500000E-01   0.000000000000000E+00   0.000000000000000E+00   0.000000000000000E+00
   4.555187366300000E-01   6.574846777100000E+00   6.574846777100000E+00   0.000000000000000E+00  -9.993265459500000E-01   0.000000000000000E+00   0.000000000000000E+00   0.000000000000000E+00
   4.589610945200000E-01   6.624532934600000E+00   6.624532934600000E+00   0.000000000000000E+00  -9.993265459500000E-01   0.000000000000000E+00   0.000000000000000E+00   0.000000000000000E+00
   4.624034524200000E-01   6.674219092200000E+00   6.674219092200000E+00   0.000000000000000E+00  -9.993265459500000E-01   0.000000000000000E+00   0.000000000000000E+00   0.000000000000000E+00
   4.658458103100000E-01   6.723905249800000E+00   6.723905249800000E+00   0.000000000000000E+00  -9.993265459500000E-01   0.000000000000000E+00   0.000000000000000E+00   0.000000000000000E+00
   4.691109750500000E-01   6.771033844200000E+00   6.771033844200000E+00   0.000000000000000E+00  -9.993265459500000E-01   0.000000000000000E+00   0.000000000000000E+00   0.000000000000000E+00
   4.723761397800000E-01   6.818162438700000E+00   6.818162438700000E+00   0.000000000000000E+00  -9.993265459500000E-01   0.000000000000000E+00   0.000000000000000E+00   0.000000000000000E+00
   4.756413045100000E-01   6.865291033200000E+00   6.865291033200000E+00   0.000000000000000E+00  -9.993265459500000E-01   0.000000000000000E+00   0.000000000000000E+00   0.000000000000000E+00
   4.789064692400000E-01   6.912419627600000E+00   6.912419627600000E+00   0.000000000000000E+00  -9.993265459500000E-01   0.000000000000000E+00   0.000000000000000E+00   0.000000000000000E+00
   4.822786886400000E-01   6.961093423200000E+00   6.961093423200000E+00   0.000000000000000E+00  -9.993265459500000E-01   0.000000000000000E+00   0.000000000000000E+00   0.000000000000000E+00
   4.856509080500000E-01   7.009767218800000E+00   7.009767218800000E+00   0.000000000000000E+00  -9.993265459500000E-01   0.000000000000000E+00   0.000000000000000E+00   0.000000000000000E+00
   4.890231274500000E-01   7.058441014400000E+00   7.058441014400000E+00   0.000000000000000E+00  -9.993265459500000E-01   0.000000000000000E+00   0.000000000000000E+00   0.000000000000000E+00
   4.923953468600000E-01   7.107114810000000E+00   7.107114810000000E+00   0.000000000000000E+00  -9.993265459500000E-01   0.000000000000000E+00   0.000000000000000E+00   0.000000000000000E+00
   4.950502710300000E-01   7.145435340600000E+00   7.145435340600000E+00   0.000000000000000E+00  -9.993265459500000E-01   0.000000000000000E+00   0.000000000000000E+00   0.000000000000000E+00
   4.977051952100000E-01   7.183755871200000E+00   7.183755871200000E+00   0.000000000000000E+00  -9.993265459500000E-01   0.000000000000000E+00   0.000000000000000E+00   0.000000000000000E+00
   5.003601193900000E-01   7.222076401800000E+00   7.222076401800000E+00   0.000000000000000E+00  -9.993265459500000E-01   0.000000000000000E+00   0.000000000000000E+00   0.000000000000000E+00
   5.030150435700000E-01   7.260396932400000E+00   7.260396932400000E+00   0.000000000000000E+00  -9.993265459500000E-01   0.000000000000000E+00   0.000000000000000E+00   0.000000000000000E+00
   5.059192131000000E-01   7.302315009800000E+00   7.302315009800000E+00   0.000000000000000E+00  -9.993265459500000E-01   0.000000000000000E+00   0.000000000000000E+00   0.000000000000000E+00
   5.088233826200000E-01   7.344233087100000E+00   7.344233087100000E+00   0.000000000000000E+00  -9.993265459500000E-01   0.000000000000000E+00   0.000000000000000E+00   0.000000000000000E+00
   5.117275521400000E-01   7.386151164400000E+00   7.386151164400000E+00   0.000000000000000E+00  -9.993265459500000E-01   0.000000000000000E+00   0.000000000000000E+00   0.000000000000000E+00
   5.146317216700000E-01   7.428069241800000E+00   7.428069241800000E+00   0.000000000000000E+00  -9.993265459500000E-01   0.000000000000000E+00   0.000000000000000E+00   0.000000000000000E+00
   5.174507315400000E-01   7.468758145400000E+00   7.468758145400000E+00   0.000000000000000E+00  -9.993265459500000E-01   0.000000000000000E+00   0.000000000000000E+00   0.000000000000000E+00
   5.202697414100000E-01   7.509447049100000E+00   7.509447049100000E+00   0.000000000000000E+00  -9.993265459500000E-01   0.000000000000000E+00   0.000000000000000E+00   0.000000000000000E+00
   5.230887512900000E-01   7.550135952700000E+00   7.550135952700000E+00   0.000000000000000E+00  -9.993265459500000E-01   0.000000000000000E+00   0.000000000000000E+00   0.000000000000000E+00
   5.259077611600000E-01   7.590824856300000E+00   7.590824856300000E+00   0.000000000000000E+00  -9.993265459500000E-01   0.000000000000000E+00   0.000000000000000E+00   0.000000000000000E+00
   5.287092237500000E-01   7.631260486700000E+00   7.631260486700000E+00   0.000000000000000E+00  -9.993265459500000E-01   0.000000000000000E+00   0.000000000000000E+00   0.000000000000000E+00
   5.315106863300000E-01   7.671696117100000E+00   7.671696117100000E+00   0.000000000000000E+00  -9.993265459500000E-01   0.000000000000000E+00   0.000000000000000E+00   0.000000000000000E+00
   5.343121489200000E-01   7.712131747500000E+00   7.712131747500000E+00   0.000000000000000E+00  -9.993265459500000E-01   0.000000000000000E+00   0.000000000000000E+00   0.000000000000000E+00
   5.371136115100000E-01   7.752567377800000E+00   7.752567377800000E+00   0.000000000000000E+00  -9.993265459500000E-01   0.000000000000000E+00   0.000000000000000E+00   0.000000000000000E+00
   5.394568621800000E-01   7.786389288700000E+00   7.786389288700000E+00   0.000000000000000E+00  -9.993265459500000E-01   0.000000000000000E+00   0.000000000000000E+00   0.000000000000000E+00
   5.418001128400000E-01   7.820211199500000E+00   7.820211199500000E+00   0.000000000000000E+00  -9.993265459500000E-01   0.000000000000000E+00   0.000000000000000E+00   0.000000000000000E+00
   5.441433635100000E-01   7.854033110400000E+00   7.854033110400000E+00   0.000000000000000E+00  -9.993265459500000E-01   0.000000000000000E+00   0.000000000000000E+00   0.000000000000000E+00
   5.464866141800000E-01   7.887855021200000E+00   7.887855021200000E+00   0.000000000000000E+00  -9.993265459500000E-01   0.000000000000000E+00   0.000000000000000E+00   0.000000000000000E+00
   5.487294490800000E-01   7.920227555300000E+00   7.920227555300000E+00   0.000000000000000E+00  -9.993265459500000E-01   0.000000000000000E+00   0.000000000000000E+00   0.000000000000000E+00
   5.509722839800000E-01   7.952600089300000E+00   7.952600089300000E+00   0.000000000000000E+00  -9.993265459500000E-01   0.000000000000000E+00   0.000000000000000E+00   0.000000000000000E+00
   5.532151188800000E-01   7.984972623400000E+00   7.984972623400000E+00   0.000000000000000E+00  -9.993265459500000E-01   0.000000000000000E+00   0.000000000000000E+00   0.000000000000000E+00
   5.554579537800000E-01   8.017345157399999E+00   8.017345157399999E+00   0.000000000000000E+00  -9.993265459500000E-01   0.000000000000000E+00   0.000000000000000E+00   0.000000000000000E+00
   5.580886727600000E-01   8.055316316100001E+00   8.055316316100001E+00   0.000000000000000E+00  -9.993265459500000E-01   0.000000000000000E+00   0.000000000000000E+00   0.000000000000000E+00
   5.607193917500000E-01   8.093287474800000E+00   8.093287474800000E+00   0.000000000000000E+00  -9.993265459500000E-01   0.000000000000000E+00   0.000000000000000E+00   0.000000000000000E+00
   5.633501107300000E-01   8.131258633500000E+00   8.131258633500000E+00   0.000000000000000E+00  -9.993265459500000E-01   0.000000000000000E+00   0.000000000000000E+00   0.000000000000000E+00
   5.659808297100000E-01   8.169229792199999E+00   8.169229792199999E+00   0.000000000000000E+00  -9.993265459500000E-01   0.000000000000000E+00   0.000000000000000E+00   0.000000000000000E+00
   5.692670106400000E-01   8.216661729300000E+00   8.216661729300000E+00   0.000000000000000E+00  -9.993265459500000E-01   0.000000000000000E+00   0.000000000000000E+00   0.000000000000000E+00
   5.725531915700000E-01   8.264093666400001E+00   8.264093666400001E+00   0.000000000000000E+00  -9.993265459500000E-01   0.000000000000000E+00   0.000000000000000E+00   0.000000000000000E+00
   5.758393724899999E-01   8.311525603500000E+00   8.311525603500000E+00   0.000000000000000E+00  -9.993265459500000E-01   0.000000000000000E+00   0.000000000000000E+00   0.000000000000000E+00
   5.791255534200000E-01   8.358957540600001E+00   8.358957540600001E+00   0.000000000000000E+00  -9.993265459500000E-01   0.000000000000000E+00   0.000000000000000E+00   0.000000000000000E+00
   5.820621015300000E-01   8.401342962599999E+00   8.401342962599999E+00   0.000000000000000E+00  -9.993265459500000E-01   0.000000000000000E+00   0.000000000000000E+00   0.000000000000000E+00
   5.849986496400000E-01   8.443728384700000E+00   8.443728384700000E+00   0.000000000000000E+00  -9.993265459500000E-01   0.000000000000000E+00   0.000000000000000E+00   0.000000000000000E+00
   5.879351977500000E-01   8.486113806700001E+00   8.486113806700001E+00   0.000000000000000E+00  -9.993265459500000E-01   0.000000000000000E+00   0.000000000000000E+00   0.000000000000000E+00
   5.908717458600000E-01   8.528499228699999E+00   8.528499228699999E+00   0.000000000000000E+00  -9.993265459500000E-01   0.000000000000000E+00   0.000000000000000E+00   0.000000000000000E+00
   5.938341773800000E-01   8.571258245499999E+00   8.571258245499999E+00   0.000000000000000E+00  -9.993265459500000E-01   0.000000000000000E+00   0.000000000000000E+00   0.000000000000000E+00
   5.967966089000000E-01   8.614017262400001E+00   8.614017262400001E+00   0.000000000000000E+00  -9.993265459500000E-01   0.000000000000000E+00   0.000000000000000E+00   0.000000000000000E+00
   5.997590404199999E-01   8.656776279200001E+00   8.656776279200001E+00   0.000000000000000E+00  -9.993265459500000E-01   0.000000000000000E+00   0.000000000000000E+00   0.000000000000000E+00
   6.027214719400000E-01   8.699535296000001E+00   8.699535296000001E+00   0.000000000000000E+00  -9.993265459500000E-01   0.000000000000000E+00   0.000000000000000E+00   0.000000000000000E+00
   6.059932751900000E-01   8.746759709199999E+00   8.746759709199999E+00   0.000000000000000E+00  -9.993265459500000E-01   0.000000000000000E+00   0.000000000000000E+00   0.000000000000000E+00
   6.092650784300000E-01   8.793984122299999E+00   8.793984122299999E+00   0.000000000000000E+00  -9.993265459500000E-01   0.000000000000000E+00   0.000000000000000E+00   0.000000000000000E+00
   6.125368816800000E-01   8.841208535500000E+00   8.841208535500000E+00   0.000000000000000E+00  -9.993265459500000E-01   0.000000000000000E+00   0.000000000000000E+00   0.000000000000000E+00
   6.158086849200000E-01   8.888432948700000E+00   8.888432948700000E+00   0.000000000000000E+00  -9.993265459500000E-01   0.000000000000000E+00   0.000000000000000E+00   0.000000000000000E+00
   6.183632473300000E-01   8.925304881900001E+00   8.925304881900001E+00   0.000000000000000E+00  -9.993265459500000E-01   0.000000000000000E+00   0.000000000000000E+00   0.000000000000000E+00
   6.209178097500000E-01   8.962176815199999E+00   8.962176815199999E+00   0.000000000000000E+00  -9.993265459500000E-01   0.000000000000000E+00   0.000000000000000E+00   0.000000000000000E+00
   6.234723721600000E-01   8.999048748400000E+00   8.999048748400000E+00   0.000000000000000E+00  -9.993265459500000E-01   0.000000000000000E+00   0.000000000000000E+00   0.000000000000000E+00
   6.260269345800000E-01   9.035920681700000E+00   9.035920681700000E+00   0.000000000000000E+00  -9.993265459500000E-01   0.000000000000000E+00   0.000000000000000E+00   0.000000000000000E+00
   6.281145109300000E-01   9.066052251700000E+00   9.066052251700000E+00   0.000000000000000E+00  -9.993265459500000E-01   0.000000000000000E+00   0.000000000000000E+00   0.000000000000000E+00
   6.302020872900000E-01   9.096183821600000E+00   9.096183821600000E+00   0.000000000000000E+00  -9.993265459500000E-01   0.000000000000000E+00   0.000000000000000E+00   0.000000000000000E+00
   6.322896636499999E-01   9.126315391600000E+00   9.126315391600000E+00   0.000000000000000E+00  -9.993265459500000E-01   0.000000000000000E+00   0.000000000000000E+00   0.000000000000000E+00
   6.343772400100000E-01   9.156446961600000E+00   9.156446961600000E+00   0.000000000000000E+00  -9.993265459500000E-01   0.000000000000000E+00   0.000000000000000E+00   0.000000000000000E+00
   6.365922120900001E-01   9.188417330500000E+00   9.188417330500000E+00   0.000000000000000E+00  -9.993265459500000E-01   0.000000000000000E+00   0.000000000000000E+00   0.000000000000000E+00
   6.388071841700000E-01   9.220387699400000E+00   9.220387699400000E+00   0.000000000000000E+00  -9.993265459500000E-01   0.000000000000000E+00   0.000000000000000E+00   0.000000000000000E+00
   6.410221562500000E-01   9.252358068300000E+00   9.252358068300000E+00   0.000000000000000E+00  -9.993265459500000E-01   0.000000000000000E+00   0.000000000000000E+00   0.000000000000000E+00
   6.432371283400000E-01   9.284328437199999E+00   9.284328437199999E+00   0.000000000000000E+00  -9.993265459500000E-01   0.000000000000000E+00   0.000000000000000E+00   0.000000000000000E+00
   6.458708720900000E-01   9.322343254700000E+00   9.322343254700000E+00   0.000000000000000E+00  -9.993265459500000E-01   0.000000000000000E+00   0.000000000000000E+00   0.000000000000000E+00
   6.485046158400000E-01   9.360358072100000E+00   9.360358072100000E+00   0.000000000000000E+00  -9.993265459500000E-01   0.000000000000000E+00   0.000000000000000E+00   0.000000000000000E+00
   6.511383595900000E-01   9.398372889499999E+00   9.398372889499999E+00   0.000000000000000E+00  -9.993265459500000E-01   0.000000000000000E+00   0.000000000000000E+00   0.000000000000000E+00
   6.537721033400000E-01   9.436387706900000E+00   9.436387706900000E+00   0.000000000000000E+00  -9.993265459500000E-01   0.000000000000000E+00   0.000000000000000E+00   0.000000000000000E+00
   6.567935446199999E-01   9.479998456300001E+00   9.479998456300001E+00   0.000000000000000E+00  -9.993265459500000E-01   0.000000000000000E+00   0.000000000000000E+00   0.000000000000000E+00
   6.598149859000000E-01   9.523609205700000E+00   9.523609205700000E+00   0.000000000000000E+00  -9.993265459500000E-01   0.000000000000000E+00   0.000000000000000E+00   0.000000000000000E+00
   6.628364271800000E-01   9.567219955100001E+00   9.567219955100001E+00   0.000000000000000E+00  -9.993265459500000E-01   0.000000000000000E+00   0.000000000000000E+00   0.000000000000000E+00
   6.658578684599999E-01   9.610830704500000E+00   9.610830704500000E+00   0.000000000000000E+00  -9.993265459500000E-01   0.000000000000000E+00   0.000000000000000E+00   0.000000000000000E+00
   6.687830470300000E-01   9.653052021300001E+00   9.653052021300001E+00   0.000000000000000E+00  -9.993265459500000E-01   0.000000000000000E+00   0.000000000000000E+00   0.000000000000000E+00
   6.717082256000000E-01   9.695273338100000E+00   9.695273338100000E+00   0.000000000000000E+00  -9.993265459500000E-01   0.000000000000000E+00   0.000000000000000E+00   0.000000000000000E+00
   6.746334041700000E-01   9.737494655000001E+00   9.737494655000001E+00   0.000000000000000E+00  -9.993265459500000E-01   0.000000000000000E+00   0.000000000000000E+00   0.000000000000000E+00
   6.775585827400000E-01   9.779715971800000E+00   9.779715971800000E+00   0.000000000000000E+00  -9.993265459500000E-01   0.000000000000000E+00   0.000000000000000E+00   0.000000000000000E+00
   6.804799393199999E-01   9.821882122800000E+00   9.821882122800000E+00   0.000000000000000E+00  -9.993265459500000E-01   0.000000000000000E+00   0.000000000000000E+00   0.000000000000000E+00
   6.834012958900000E-01   9.864048273900000E+00   9.864048273900000E+00   0.000000000000000E+00  -9.993265459500000E-01   0.000000000000000E+00   0.000000000000000E+00   0.000000000000000E+00
   6.863226524700000E-01   9.906214425000000E+00   9.906214425000000E+00   0.000000000000000E+00  -9.993265459500000E-01   0.000000000000000E+00   0.000000000000000E+00   0.000000000000000E+00
   6.892440090400000E-01   9.948380576100000E+00   9.948380576100000E+00   0.000000000000000E+00  -9.993265459500000E-01   0.000000000000000E+00   0.000000000000000E+00   0.000000000000000E+00
   6.919877147800000E-01   9.987982558000001E+00   9.987982558000001E+00   0.000000000000000E+00  -9.993265459500000E-01   0.000000000000000E+00   0.000000000000000E+00   0.000000000000000E+00
   6.947314205100000E-01   1.002758454000000E+01   1.002758454000000E+01   0.000000000000000E+00  -9.993265459500000E-01   0.000000000000000E+00   0.000000000000000E+00   0.000000000000000E+00
   6.974751262400000E-01   1.006718652200000E+01   1.006718652200000E+01   0.000000000000000E+00  -9.993265459500000E-01   0.000000000000000E+00   0.000000000000000E+00   0.000000000000000E+00
   7.002188319700000E-01   1.010678850400000E+01   1.010678850400000E+01   0.000000000000000E+00  -9.993265459500000E-01   0.000000000000000E+00   0.000000000000000E+00   0.000000000000000E+00
   7.031693709900000E-01   1.014937586700000E+01   1.014937586700000E+01   0.000000000000000E+00  -9.993265459500000E-01   0.000000000000000E+00   0.000000000000000E+00   0.000000000000000E+00
   7.061199100000000E-01   1.019196323100000E+01   1.019196323100000E+01   0.000000000000000E+00  -9.993265459500000E-01   0.000000000000000E+00   0.000000000000000E+00   0.000000000000000E+00
   7.090704490200000E-01   1.023455059400000E+01   1.023455059400000E+01   0.000000000000000E+00  -9.993265459500000E-01   0.000000000000000E+00   0.000000000000000E+00   0.000000000000000E+00
   7.120209880300000E-01   1.027713795700000E+01   1.027713795700000E+01   0.000000000000000E+00  -9.993265459500000E-01   0.000000000000000E+00   0.000000000000000E+00   0.000000000000000E+00
   7.149222213500001E-01   1.031901365400000E+01   1.031901365400000E+01   0.000000000000000E+00  -9.993265459500000E-01   0.000000000000000E+00   0.000000000000000E+00   0.000000000000000E+00
   7.178234546800000E-01   1.036088935100000E+01   1.036088935100000E+01   0.000000000000000E+00  -9.993265459500000E-01   0.000000000000000E+00   0.000000000000000E+00   0.000000000000000E+00
   7.207246880000000E-01   1.040276504800000E+01   1.040276504800000E+01   0.000000000000000E+00  -9.993265459500000E-01   0.000000000000000E+00   0.000000000000000E+00   0.000000000000000E+00
   7.236259213300000E-01   1.044464074500000E+01   1.044464074500000E+01   0.000000000000000E+00  -9.993265459500000E-01   0.000000000000000E+00   0.000000000000000E+00   0.000000000000000E+00
   7.262488720200000E-01   1.048249977800000E+01   1.048249977800000E+01   0.000000000000000E+00  -9.993265459500000E-01   0.000000000000000E+00   0.000000000000000E+00   0.000000000000000E+00
   7.288718227200000E-01   1.052035881100000E+01   1.052035881100000E+01   0.000000000000000E+00  -9.993265459500000E-01   0.000000000000000E+00   0.000000000000000E+00   0.000000000000000E+00
   7.314947734100000E-01   1.055821784400000E+01   1.055821784400000E+01   0.000000000000000E+00  -9.993265459500000E-01   0.000000000000000E+00   0.000000000000000E+00   0.000000000000000E+00
   7.341177241100000E-01   1.059607687700000E+01   1.059607687700000E+01   0.000000000000000E+00  -9.993265459500000E-01   0.000000000000000E+00   0.000000000000000E+00   0.000000000000000E+00
   7.367389281400000E-01   1.063391070000000E+01   1.063391070000000E+01   0.000000000000000E+00  -9.993265459500000E-01   0.000000000000000E+00   0.000000000000000E+00   0.000000000000000E+00
   7.393601321700000E-01   1.067174452200000E+01   1.067174452200000E+01   0.000000000000000E+00  -9.993265459500000E-01   0.000000000000000E+00   0.000000000000000E+00   0.000000000000000E+00
   7.419813362000000E-01   1.070957834400000E+01   1.070957834400000E+01   0.000000000000000E+00  -9.993265459500000E-01   0.000000000000000E+00   0.000000000000000E+00   0.000000000000000E+00
   7.446025402400001E-01   1.074741216600000E+01   1.074741216600000E+01   0.000000000000000E+00  -9.993265459500000E-01   0.000000000000000E+00   0.000000000000000E+00   0.000000000000000E+00
   7.471755273600000E-01   1.078455003700000E+01   1.078455003700000E+01   0.000000000000000E+00  -9.993265459500000E-01   0.000000000000000E+00   0.000000000000000E+00   0.000000000000000E+00
   7.497485144800000E-01   1.082168790800000E+01   1.082168790800000E+01   0.000000000000000E+00  -9.993265459500000E-01   0.000000000000000E+00   0.000000000000000E+00   0.000000000000000E+00
   7.523215016000000E-01   1.085882577900000E+01   1.085882577900000E+01   0.000000000000000E+00  -9.993265459500000E-01   0.000000000000000E+00   0.000000000000000E+00   0.000000000000000E+00
   7.548944887200000E-01   1.089596365000000E+01   1.089596365000000E+01   0.000000000000000E+00  -9.993265459500000E-01   0.000000000000000E+00   0.000000000000000E+00   0.000000000000000E+00
   7.573436271900000E-01   1.093131392000000E+01   1.093131392000000E+01   0.000000000000000E+00  -9.993265459500000E-01   0.000000000000000E+00   0.000000000000000E+00   0.000000000000000E+00
   7.597927656600000E-01   1.096666418900000E+01   1.096666418900000E+01   0.000000000000000E+00  -9.993265459500000E-01   0.000000000000000E+00   0.000000000000000E+00   0.000000000000000E+00
   7.622419041300000E-01   1.100201445900000E+01   1.100201445900000E+01   0.000000000000000E+00  -9.993265459500000E-01   0.000000000000000E+00   0.000000000000000E+00   0.000000000000000E+00
   7.646910426000000E-01   1.103736472900000E+01   1.103736472900000E+01   0.000000000000000E+00  -9.993265459500000E-01   0.000000000000000E+00   0.000000000000000E+00   0.000000000000000E+00
   7.669858804700000E-01   1.107048786100000E+01   1.107048786100000E+01   0.000000000000000E+00  -9.993265459500000E-01   0.000000000000000E+00   0.000000000000000E+00   0.000000000000000E+00
   7.692807183400000E-01   1.110361099300000E+01   1.110361099300000E+01   0.000000000000000E+00  -9.993265459500000E-01   0.000000000000000E+00   0.000000000000000E+00   0.000000000000000E+00
   7.715755562100000E-01   1.113673412600000E+01   1.113673412600000E+01   0.000000000000000E+00  -9.993265459500000E-01   0.000000000000000E+00   0.000000000000000E+00   0.000000000000000E+00
   7.738703940800000E-01   1.116985725800000E+01   1.116985725800000E+01   0.000000000000000E+00  -9.993265459500000E-01   0.000000000000000E+00   0.000000000000000E+00   0.000000000000000E+00
   7.759538988300000E-01   1.119993005900000E+01   1.119993005900000E+01   0.000000000000000E+00  -9.993265459500000E-01   0.000000000000000E+00   0.000000000000000E+00   0.000000000000000E+00
   7.780374035800000E-01   1.123000286100000E+01   1.123000286100000E+01   0.000000000000000E+00  -9.993265459500000E-01   0.000000000000000E+00   0.000000000000000E+00   0.000000000000000E+00
   7.801209083300000E-01   1.126007566200000E+01   1.126007566200000E+01   0.000000000000000E+00  -9.993265459500000E-01   0.000000000000000E+00   0.000000000000000E+00   0.000000000000000E+00
   7.822044130800000E-01   1.129014846300000E+01   1.129014846300000E+01   0.000000000000000E+00  -9.993265459500000E-01   0.000000000000000E+00   0.000000000000000E+00   0.000000000000000E+00
   7.840973157800000E-01   1.131747016100000E+01   1.131747016100000E+01   0.000000000000000E+00  -9.993265459500000E-01   0.000000000000000E+00   0.000000000000000E+00   0.000000000000000E+00
   7.859902184699999E-01   1.134479185900000E+01   1.134479185900000E+01   0.000000000000000E+00  -9.993265459500000E-01   0.000000000000000E+00   0.000000000000000E+00   0.000000000000000E+00
   7.878831211700000E-01   1.137211355600000E+01   1.137211355600000E+01   0.000000000000000E+00  -9.993265459500000E-01   0.000000000000000E+00   0.000000000000000E+00   0.000000000000000E+00
   7.897760238600000E-01   1.139943525400000E+01   1.139943525400000E+01   0.000000000000000E+00  -9.993265459500000E-01   0.000000000000000E+00   0.000000000000000E+00   0.000000000000000E+00
   7.918502230900000E-01   1.142937374200000E+01   1.142937374200000E+01   0.000000000000000E+00  -9.993265459500000E-01   0.000000000000000E+00   0.000000000000000E+00   0.000000000000000E+00
   7.939244223100000E-01   1.145931222900000E+01   1.145931222900000E+01   0.000000000000000E+00  -9.993265459500000E-01   0.000000000000000E+00   0.000000000000000E+00   0.000000000000000E+00
   7.959986215400000E-01   1.148925071700000E+01   1.148925071700000E+01   0.000000000000000E+00  -9.993265459500000E-01   0.000000000000000E+00   0.000000000000000E+00   0.000000000000000E+00
   7.980728207600000E-01   1.151918920500000E+01   1.151918920500000E+01   0.000000000000000E+00  -9.993265459500000E-01   0.000000000000000E+00   0.000000000000000E+00   0.000000000000000E+00
   8.001437866700000E-01   1.154908102300000E+01   1.154908102300000E+01   0.000000000000000E+00  -9.993265459500000E-01   0.000000000000000E+00   0.000000000000000E+00   0.000000000000000E+00
   8.022147525700000E-01   1.157897284200000E+01   1.157897284200000E+01   0.000000000000000E+00  -9.993265459500000E-01   0.000000000000000E+00   0.000000000000000E+00   0.000000000000000E+00
   8.042857184700000E-01   1.160886466100000E+01   1.160886466100000E+01   0.000000000000000E+00  -9.993265459500000E-01   0.000000000000000E+00   0.000000000000000E+00   0.000000000000000E+00
   8.063566843800000E-01   1.163875648000000E+01   1.163875648000000E+01   0.000000000000000E+00  -9.993265459500000E-01   0.000000000000000E+00   0.000000000000000E+00   0.000000000000000E+00
   8.083236071400000E-01   1.166714656500000E+01   1.166714656500000E+01   0.000000000000000E+00  -9.993265459500000E-01   0.000000000000000E+00   0.000000000000000E+00   0.000000000000000E+00
   8.102905299099999E-01   1.169553665000000E+01   1.169553665000000E+01   0.000000000000000E+00  -9.993265459500000E-01   0.000000000000000E+00   0.000000000000000E+00   0.000000000000000E+00
   8.122574526700000E-01   1.172392673600000E+01   1.172392673600000E+01   0.000000000000000E+00  -9.993265459500000E-01   0.000000000000000E+00   0.000000000000000E+00   0.000000000000000E+00
   8.142243754400000E-01   1.175231682100000E+01   1.175231682100000E+01   0.000000000000000E+00  -9.993265459500000E-01   0.000000000000000E+00   0.000000000000000E+00   0.000000000000000E+00
   8.160620546500000E-01   1.177884143600000E+01   1.177884143600000E+01   0.000000000000000E+00  -9.993265459500000E-01   0.000000000000000E+00   0.000000000000000E+00   0.000000000000000E+00
   8.178997338600000E-01   1.180536605100000E+01   1.180536605100000E+01   0.000000000000000E+00  -9.993265459500000E-01   0.000000000000000E+00   0.000000000000000E+00   0.000000000000000E+00
   8.197374130700000E-01   1.183189066700000E+01   1.183189066700000E+01   0.000000000000000E+00  -9.993265459500000E-01   0.000000000000000E+00   0.000000000000000E+00   0.000000000000000E+00
   8.215750922800000E-01   1.185841528200000E+01   1.185841528200000E+01   0.000000000000000E+00  -9.993265459500000E-01   0.000000000000000E+00   0.000000000000000E+00   0.000000000000000E+00
   8.232873081800000E-01   1.188312899000000E+01   1.188312899000000E+01   0.000000000000000E+00  -9.993265459500000E-01   0.000000000000000E+00   0.000000000000000E+00   0.000000000000000E+00
   8.249995240800000E-01   1.190784269900000E+01   1.190784269900000E+01   0.000000000000000E+00  -9.993265459500000E-01   0.000000000000000E+00   0.000000000000000E+00   0.000000000000000E+00
   8.267117399800000E-01   1.193255640700000E+01   1.193255640700000E+01   0.000000000000000E+00  -9.993265459500000E-01   0.000000000000000E+00   0.000000000000000E+00   0.000000000000000E+00
   8.284239558800000E-01   1.195727011500000E+01   1.195727011500000E+01   0.000000000000000E+00  -9.993265459500000E-01   0.000000000000000E+00   0.000000000000000E+00   0.000000000000000E+00
   8.302801659500000E-01   1.198406220000000E+01   1.198406220000000E+01   0.000000000000000E+00  -9.993265459500000E-01   0.000000000000000E+00   0.000000000000000E+00   0.000000000000000E+00
   8.321363760200000E-01   1.201085428600000E+01   1.201085428600000E+01   0.000000000000000E+00  -9.993265459500000E-01   0.000000000000000E+00   0.000000000000000E+00   0.000000000000000E+00
   8.339925860900000E-01   1.203764637100000E+01   1.203764637100000E+01   0.000000000000000E+00  -9.993265459500000E-01   0.000000000000000E+00   0.000000000000000E+00   0.000000000000000E+00
   8.358487961600000E-01   1.206443845600000E+01   1.206443845600000E+01   0.000000000000000E+00  -9.993265459500000E-01   0.000000000000000E+00   0.000000000000000E+00   0.000000000000000E+00
   8.375745518800000E-01   1.208934759500000E+01   1.208934759500000E+01   0.000000000000000E+00  -9.993265459500000E-01   0.000000000000000E+00   0.000000000000000E+00   0.000000000000000E+00
   8.393003076100000E-01   1.211425673400000E+01   1.211425673400000E+01   0.000000000000000E+00  -9.993265459500000E-01   0.000000000000000E+00   0.000000000000000E+00   0.000000000000000E+00
   8.410260633400000E-01   1.213916587300000E+01   1.213916587300000E+01   0.000000000000000E+00  -9.993265459500000E-01   0.000000000000000E+00   0.000000000000000E+00   0.000000000000000E+00
   8.427518190700000E-01   1.216407501200000E+01   1.216407501200000E+01   0.000000000000000E+00  -9.993265459500000E-01   0.000000000000000E+00   0.000000000000000E+00   0.000000000000000E+00
   8.445031777999999E-01   1.218935369800000E+01   1.218935369800000E+01   0.000000000000000E+00  -9.993265459500000E-01   0.000000000000000E+00   0.000000000000000E+00   0.000000000000000E+00
   8.462545365300000E-01   1.221463238400000E+01   1.221463238400000E+01   0.000000000000000E+00  -9.993265459500000E-01   0.000000000000000E+00   0.000000000000000E+00   0.000000000000000E+00
   8.480058952600000E-01   1.223991107100000E+01   1.223991107100000E+01   0.000000000000000E+00  -9.993265459500000E-01   0.000000000000000E+00   0.000000000000000E+00   0.000000000000000E+00
   8.497572539900000E-01   1.226518975700000E+01   1.226518975700000E+01   0.000000000000000E+00  -9.993265459500000E-01   0.000000000000000E+00   0.000000000000000E+00   0.000000000000000E+00
   8.517321556700000E-01   1.229369500800000E+01   1.229369500800000E+01   0.000000000000000E+00  -9.993265459500000E-01   0.000000000000000E+00   0.000000000000000E+00   0.000000000000000E+00
   8.537070573500000E-01   1.232220025900000E+01   1.232220025900000E+01   0.000000000000000E+00  -9.993265459500000E-01   0.000000000000000E+00   0.000000000000000E+00   0.000000000000000E+00
   8.556819590200000E-01   1.235070551000000E+01   1.235070551000000E+01   0.000000000000000E+00  -9.993265459500000E-01   0.000000000000000E+00   0.000000000000000E+00   0.000000000000000E+00
   8.576568607000000E-01   1.237921076100000E+01   1.237921076100000E+01   0.000000000000000E+00  -9.993265459500000E-01   0.000000000000000E+00   0.000000000000000E+00   0.000000000000000E+00
   8.600492040500000E-01   1.241374126400000E+01   1.241374126400000E+01   0.000000000000000E+00  -9.993265459500000E-01   0.000000000000000E+00   0.000000000000000E+00   0.000000000000000E+00
   8.624415474100000E-01   1.244827176700000E+01   1.244827176700000E+01   0.000000000000000E+00  -9.993265459500000E-01   0.000000000000000E+00   0.000000000000000E+00   0.000000000000000E+00
   8.648338907599999E-01   1.248280227000000E+01   1.248280227000000E+01   0.000000000000000E+00  -9.993265459500000E-01   0.000000000000000E+00   0.000000000000000E+00   0.000000000000000E+00
   8.672262341100000E-01   1.251733277200000E+01   1.251733277200000E+01   0.000000000000000E+00  -9.993265459500000E-01   0.000000000000000E+00   0.000000000000000E+00   0.000000000000000E+00
   8.699367368699999E-01   1.255645551100000E+01   1.255645551100000E+01   0.000000000000000E+00  -9.993265459500000E-01   0.000000000000000E+00   0.000000000000000E+00   0.000000000000000E+00
   8.726472396300000E-01   1.259557824900000E+01   1.259557824900000E+01   0.000000000000000E+00  -9.993265459500000E-01   0.000000000000000E+00   0.000000000000000E+00   0.000000000000000E+00
   8.753577423900000E-01   1.263470098700000E+01   1.263470098700000E+01   0.000000000000000E+00  -9.993265459500000E-01   0.000000000000000E+00   0.000000000000000E+00   0.000000000000000E+00
   8.780682451400000E-01   1.267382372500000E+01   1.267382372500000E+01   0.000000000000000E+00  -9.993265459500000E-01   0.000000000000000E+00   0.000000000000000E+00   0.000000000000000E+00
   8.807275078200000E-01   1.271220687700000E+01   1.271220687700000E+01   0.000000000000000E+00  -9.993265459500000E-01   0.000000000000000E+00   0.000000000000000E+00   0.000000000000000E+00
   8.833867704900000E-01   1.275059002800000E+01   1.275059002800000E+01   0.000000000000000E+00  -9.993265459500000E-01   0.000000000000000E+00   0.000000000000000E+00   0.000000000000000E+00
   8.860460331600000E-01   1.278897318000000E+01   1.278897318000000E+01   0.000000000000000E+00  -9.993265459500000E-01   0.000000000000000E+00   0.000000000000000E+00   0.000000000000000E+00
   8.887052958400000E-01   1.282735633100000E+01   1.282735633100000E+01   0.000000000000000E+00  -9.993265459500000E-01   0.000000000000000E+00   0.000000000000000E+00   0.000000000000000E+00
   8.912165877700000E-01   1.286360370900000E+01   1.286360370900000E+01   0.000000000000000E+00  -9.993265459500000E-01   0.000000000000000E+00   0.000000000000000E+00   0.000000000000000E+00
   8.937278797100000E-01   1.289985108600000E+01   1.289985108600000E+01   0.000000000000000E+00  -9.993265459500000E-01   0.000000000000000E+00   0.000000000000000E+00   0.000000000000000E+00
   8.962391716400000E-01   1.293609846400000E+01   1.293609846400000E+01   0.000000000000000E+00  -9.993265459500000E-01   0.000000000000000E+00   0.000000000000000E+00   0.000000000000000E+00
   8.987504635800000E-01   1.297234584200000E+01   1.297234584200000E+01   0.000000000000000E+00  -9.993265459500000E-01   0.000000000000000E+00   0.000000000000000E+00   0.000000000000000E+00
   9.015275042400001E-01   1.301242897200000E+01   1.301242897200000E+01   0.000000000000000E+00  -9.993265459500000E-01   0.000000000000000E+00   0.000000000000000E+00   0.000000000000000E+00
   9.043045449100000E-01   1.305251210200000E+01   1.305251210200000E+01   0.000000000000000E+00  -9.993265459500000E-01   0.000000000000000E+00   0.000000000000000E+00   0.000000000000000E+00
   9.070815855800000E-01   1.309259523300000E+01   1.309259523300000E+01   0.000000000000000E+00  -9.993265459500000E-01   0.000000000000000E+00   0.000000000000000E+00   0.000000000000000E+00
   9.098586262400000E-01   1.313267836300000E+01   1.313267836300000E+01   0.000000000000000E+00  -9.993265459500000E-01   0.000000000000000E+00   0.000000000000000E+00   0.000000000000000E+00
   9.127119596100000E-01   1.317386268300000E+01   1.317386268300000E+01   0.000000000000000E+00  -9.993265459500000E-01   0.000000000000000E+00   0.000000000000000E+00   0.000000000000000E+00
   9.155652929800000E-01   1.321504700400000E+01   1.321504700400000E+01   0.000000000000000E+00  -9.993265459500000E-01   0.000000000000000E+00   0.000000000000000E+00   0.000000000000000E+00
   9.184186263500000E-01   1.325623132500000E+01   1.325623132500000E+01   0.000000000000000E+00  -9.993265459500000E-01   0.000000000000000E+00   0.000000000000000E+00   0.000000000000000E+00
   9.212719597200000E-01   1.329741564500000E+01   1.329741564500000E+01   0.000000000000000E+00  -9.993265459500000E-01   0.000000000000000E+00   0.000000000000000E+00   0.000000000000000E+00
   9.236962165000000E-01   1.333240677900000E+01   1.333240677900000E+01   0.000000000000000E+00  -9.993265459500000E-01   0.000000000000000E+00   0.000000000000000E+00   0.000000000000000E+00
   9.261204732800000E-01   1.336739791200000E+01   1.336739791200000E+01   0.000000000000000E+00  -9.993265459500000E-01   0.000000000000000E+00   0.000000000000000E+00   0.000000000000000E+00
   9.285447300600000E-01   1.340238904600000E+01   1.340238904600000E+01   0.000000000000000E+00  -9.993265459500000E-01   0.000000000000000E+00   0.000000000000000E+00   0.000000000000000E+00
   9.309689868400000E-01   1.343738017900000E+01   1.343738017900000E+01   0.000000000000000E+00  -9.993265459500000E-01   0.000000000000000E+00   0.000000000000000E+00   0.000000000000000E+00
   9.335288819400001E-01   1.347432908300000E+01   1.347432908300000E+01   0.000000000000000E+00  -9.993265459500000E-01   0.000000000000000E+00   0.000000000000000E+00   0.000000000000000E+00
   9.360887770400000E-01   1.351127798700000E+01   1.351127798700000E+01   0.000000000000000E+00  -9.993265459500000E-01   0.000000000000000E+00   0.000000000000000E+00   0.000000000000000E+00
   9.386486721400000E-01   1.354822689100000E+01   1.354822689100000E+01   0.000000000000000E+00  -9.993265459500000E-01   0.000000000000000E+00   0.000000000000000E+00   0.000000000000000E+00
   9.412085672300000E-01   1.358517579500000E+01   1.358517579500000E+01   0.000000000000000E+00  -9.993265459500000E-01   0.000000000000000E+00   0.000000000000000E+00   0.000000000000000E+00
   9.438113576300000E-01   1.362274383900000E+01   1.362274383900000E+01   0.000000000000000E+00  -9.993265459500000E-01   0.000000000000000E+00   0.000000000000000E+00   0.000000000000000E+00
   9.464141480400000E-01   1.366031188300000E+01   1.366031188300000E+01   0.000000000000000E+00  -9.993265459500000E-01   0.000000000000000E+00   0.000000000000000E+00   0.000000000000000E+00
   9.490169384400000E-01   1.369787992800000E+01   1.369787992800000E+01   0.000000000000000E+00  -9.993265459500000E-01   0.000000000000000E+00   0.000000000000000E+00   0.000000000000000E+00
   9.516197288400000E-01   1.373544797200000E+01   1.373544797200000E+01   0.000000000000000E+00  -9.993265459500000E-01   0.000000000000000E+00   0.000000000000000E+00   0.000000000000000E+00
   9.543981699300000E-01   1.377555131600000E+01   1.377555131600000E+01   0.000000000000000E+00  -9.993265459500000E-01   0.000000000000000E+00   0.000000000000000E+00   0.000000000000000E+00
   9.571766110300000E-01   1.381565465900000E+01   1.381565465900000E+01   0.000000000000000E+00  -9.993265459500000E-01   0.000000000000000E+00   0.000000000000000E+00   0.000000000000000E+00
   9.599550521300000E-01   1.385575800300000E+01   1.385575800300000E+01   0.000000000000000E+00  -9.993265459500000E-01   0.000000000000000E+00   0.000000000000000E+00   0.000000000000000E+00
   9.627334932300000E-01   1.389586134700000E+01   1.389586134700000E+01   0.000000000000000E+00  -9.993265459500000E-01   0.000000000000000E+00   0.000000000000000E+00   0.000000000000000E+00
   9.652067601900000E-01   1.393155988200000E+01   1.393155988200000E+01   0.000000000000000E+00  -9.993265459500000E-01   0.000000000000000E+00   0.000000000000000E+00   0.000000000000000E+00
   9.676800271600000E-01   1.396725841600000E+01   1.396725841600000E+01   0.000000000000000E+00  -9.993265459500000E-01   0.000000000000000E+00   0.000000000000000E+00   0.000000000000000E+00
   9.701532941200000E-01   1.400295695100000E+01   1.400295695100000E+01   0.000000000000000E+00  -9.993265459500000E-01   0.000000000000000E+00   0.000000000000000E+00   0.000000000000000E+00
   9.726265610800000E-01   1.403865548500000E+01   1.403865548500000E+01   0.000000000000000E+00  -9.993265459500000E-01   0.000000000000000E+00   0.000000000000000E+00   0.000000000000000E+00
   9.759530031900000E-01   1.408666854200000E+01   1.408666854200000E+01   0.000000000000000E+00  -9.993265459500000E-01   0.000000000000000E+00   0.000000000000000E+00   0.000000000000000E+00
   9.792794452900000E-01   1.413468159900000E+01   1.413468159900000E+01   0.000000000000000E+00  -9.993265459500000E-01   0.000000000000000E+00   0.000000000000000E+00   0.000000000000000E+00
   9.826058873900000E-01   1.418269465600000E+01   1.418269465600000E+01   0.000000000000000E+00  -9.993265459500000E-01   0.000000000000000E+00   0.000000000000000E+00   0.000000000000000E+00
   9.859323294900000E-01   1.423070771400000E+01   1.423070771400000E+01   0.000000000000000E+00  -9.993265459500000E-01   0.000000000000000E+00   0.000000000000000E+00   0.000000000000000E+00
   9.894492471200000E-01   1.428147004800000E+01   1.428147004800000E+01   0.000000000000000E+00  -9.993265459500000E-01   0.000000000000000E+00   0.000000000000000E+00   0.000000000000000E+00
   9.929661647500000E-01   1.433223238300000E+01   1.433223238300000E+01   0.000000000000000E+00  -9.993265459500000E-01   0.000000000000000E+00   0.000000000000000E+00   0.000000000000000E+00
   9.964830823700001E-01   1.438299471700000E+01   1.438299471700000E+01   0.000000000000000E+00  -9.993265459500000E-01   0.000000000000000E+00   0.000000000000000E+00   0.000000000000000E+00
   1.000000000000000E+00   1.443375705200000E+01   1.443375705200000E+01   0.000000000000000E+00  -9.993265459500000E-01   0.000000000000000E+00   0.000000000000000E+00   0.000000000000000E+00
