   0.000000000000000E+00   4.586253721700000E-31   0.000000000000000E+00   0.000000000000000E+00  -9.990694697000000E-01   0.000000000000000E+00   0.000000000000000E+00   0.000000000000000E+00
   1.019203643300000E-02   1.471093777400000E-01   1.471093777400000E-01   0.000000000000000E+00  -9.990694697000000E-01   0.000000000000000E+00   0.000000000000000E+00   0.000000000000000E+00
   2.038407286600000E-02   2.942187554800000E-01   2.942187554800000E-01   0.000000000000000E+00  -9.990694697000000E-01   0.000000000000000E+00   0.000000000000000E+00   0.000000000000000E+00
   3.057610929900000E-02   4.413281332200000E-01   4.413281332200000E-01   0.000000000000000E+00  -9.990694697000000E-01   0.000000000000000E+00   0.000000000000000E+00   0.000000000000000E+00
   4.076814573200000E-02   5.884375109600000E-01   5.884375109600000E-01   0.000000000000000E+00  -9.990694697000000E-01   0.000000000000000E+00   0.000000000000000E+00   0.000000000000000E+00
   4.932317166500000E-02   7.119186768400000E-01   7.119186768400000E-01   0.000000000000000E+00  -9.990694697000000E-01   0.000000000000000E+00   0.000000000000000E+00   0.000000000000000E+00
   5.787819759700000E-02   8.353998427300000E-01   8.353998427300000E-01   0.000000000000000E+00  -9.990694697000000E-01   0.000000000000000E+00   0.000000000000000E+00   0.000000000000000E+00
   6.643322353000000E-02   9.588810086100000E-01   9.588810086100000E-01   0.000000000000000E+00  -9.990694697000000E-01   0.000000000000000E+00   0.000000000000000E+00   0.000000000000000E+00
   7.498824946300001E-02   1.082362174500000E+00   1.082362174500000E+00   0.000000000000000E+00  -9.990694697000000E-01   0.000000000000000E+00   0.000000000000000E+00   0.000000000000000E+00
   8.119035521400000E-02   1.171881862100000E+00   1.171881862100000E+00   0.000000000000000E+00  -9.990694697000000E-01   0.000000000000000E+00   0.000000000000000E+00   0.000000000000000E+00
   8.739246096500000E-02   1.261401549700000E+00   1.261401549700000E+00   0.000000000000000E+00  -9.990694697000000E-01   0.000000000000000E+00   0.000000000000000E+00   0.000000000000000E+00
   9.359456671600000E-02   1.350921237400000E+00   1.350921237400000E+00   0.000000000000000E+00  -9.990694697000000E-01   0.000000000000000E+00   0.000000000000000E+00   0.000000000000000E+00
   9.979667246700000E-02   1.440440925000000E+00   1.440440925000000E+00   0.000000000000000E+00  -9.990694697000000E-01   0.000000000000000E+00   0.000000000000000E+00   0.000000000000000E+00
   1.061715769400000E-01   1.532454747400000E+00   1.532454747400000E+00   0.000000000000000E+00  -9.990694697000000E-01   0.000000000000000E+00   0.000000000000000E+00   0.000000000000000E+00
   1.125464814100000E-01   1.624468569700000E+00   1.624468569700000E+00   0.000000000000000E+00  -9.990694697000000E-01   0.000000000000000E+00   0.000000000000000E+00   0.000000000000000E+00
   1.189213858800000E-01   1.716482392100000E+00   1.716482392100000E+00   0.000000000000000E+00  -9.990694697000000E-01   0.000000000000000E+00   0.000000000000000E+00   0.000000000000000E+00
   1.252962903500000E-01   1.808496214500000E+00   1.808496214500000E+00   0.000000000000000E+00  -9.990694697000000E-01   0.000000000000000E+00   0.000000000000000E+00   0.000000000000000E+00
   1.311498666100000E-01   1.892985312000000E+00   1.892985312000000E+00   0.000000000000000E+00  -9.990694697000000E-01   0.000000000000000E+00   0.000000000000000E+00   0.000000000000000E+00
   1.370034428600000E-01   1.977474409600000E+00   1.977474409600000E+00   0.000000000000000E+00  -9.990694697000000E-01   0.000000000000000E+00   0.000000000000000E+00   0.000000000000000E+00
   1.428570191200000E-01   2.061963507200000E+00   2.061963507200000E+00   0.000000000000000E+00  -9.990694697000000E-01   0.000000000000000E+00   0.000000000000000E+00   0.000000000000000E+00
   1.487105953800000E-01   2.146452604700000E+00   2.146452604700000E+00   0.000000000000000E+00  -9.990694697000000E-01   0.000000000000000E+00   0.000000000000000E+00   0.000000000000000E+00
   1.543014137200000E-01   2.227149118400000E+00   2.227149118400000E+00   0.000000000000000E+00  -9.990694697000000E-01   0.000000000000000E+00   0.000000000000000E+00   0.000000000000000E+00
   1.598922320600000E-01   2.307845632000000E+00   2.307845632000000E+00   0.000000000000000E+00  -9.990694697000000E-01   0.000000000000000E+00   0.000000000000000E+00   0.000000000000000E+00
   1.654830504000000E-01   2.388542145700000E+00   2.388542145700000E+00   0.000000000000000E+00  -9.990694697000000E-01   0.000000000000000E+00   0.000000000000000E+00   0.000000000000000E+00
   1.710738687400000E-01   2.469238659300000E+00   2.469238659300000E+00   0.000000000000000E+00  -9.990694697000000E-01   0.000000000000000E+00   0.000000000000000E+00   0.000000000000000E+00
   1.778199731600000E-01   2.566610291600000E+00   2.566610291600000E+00   0.000000000000000E+00  -9.990694697000000E-01   0.000000000000000E+00   0.000000000000000E+00   0.000000000000000E+00
   1.845660775800000E-01   2.663981923800000E+00   2.663981923800000E+00   0.000000000000000E+00  -9.990694697000000E-01   0.000000000000000E+00   0.000000000000000E+00   0.000000000000000E+00
   1.913121820000000E-01   2.761353556100000E+00   2.761353556100000E+00   0.000000000000000E+00  -9.990694697000000E-01   0.000000000000000E+00   0.000000000000000E+00   0.000000000000000E+00
   1.980582864200000E-01   2.858725188300000E+00   2.858725188300000E+00   0.000000000000000E+00  -9.990694697000000E-01   0.000000000000000E+00   0.000000000000000E+00   0.000000000000000E+00
   2.038758283200000E-01   2.942694174800000E+00   2.942694174800000E+00   0.000000000000000E+00  -9.990694697000000E-01   0.000000000000000E+00   0.000000000000000E+00   0.000000000000000E+00
   2.096933702200000E-01   3.026663161200000E+00   3.026663161200000E+00   0.000000000000000E+00  -9.990694697000000E-01   0.000000000000000E+00   0.000000000000000E+00   0.000000000000000E+00
   2.155109121200000E-01   3.110632147600000E+00   3.110632147600000E+00   0.000000000000000E+00  -9.990694697000000E-01   0.000000000000000E+00   0.000000000000000E+00   0.000000000000000E+00
   2.213284540200000E-01   3.194601134000000E+00   3.194601134000000E+00   0.000000000000000E+00  -9.990694697000000E-01   0.000000000000000E+00   0.000000000000000E+00   0.000000000000000E+00
   2.273274676300000E-01   3.281189439000000E+00   3.281189439000000E+00   0.000000000000000E+00  -9.990694697000000E-01   0.000000000000000E+00   0.000000000000000E+00   0.000000000000000E+00
   2.333264812400000E-01   3.367777744000000E+00   3.367777744000000E+00   0.000000000000000E+00  -9.990694697000000E-01   0.000000000000000E+00   0.000000000000000E+00   0.000000000000000E+00
   2.393254948500000E-01   3.454366049000000E+00   3.454366049000000E+00   0.000000000000000E+00  -9.990694697000000E-01   0.000000000000000E+00   0.000000000000000E+00   0.000000000000000E+00
   2.453245084600000E-01   3.540954354000000E+00   3.540954354000000E+00   0.000000000000000E+00  -9.990694697000000E-01   0.000000000000000E+00   0.000000000000000E+00   0.000000000000000E+00
   2.510290932900000E-01   3.623292945600000E+00   3.623292945600000E+00   0.000000000000000E+00  -9.990694697000000E-01   0.000000000000000E+00   0.000000000000000E+00   0.000000000000000E+00
   2.567336781300000E-01   3.705631537100000E+00   3.705631537100000E+00   0.000000000000000E+00  -9.990694697000000E-01   0.000000000000000E+00   0.000000000000000E+00   0.000000000000000E+00
   2.624382629600000E-01   3.787970128700000E+00   3.787970128700000E+00   0.000000000000000E+00  -9.990694697000000E-01   0.000000000000000E+00   0.000000000000000E+00   0.000000000000000E+00
   2.681428477900000E-01   3.870308720200000E+00   3.870308720200000E+00   0.000000000000000E+00  -9.990694697000000E-01   0.000000000000000E+00   0.000000000000000E+00   0.000000000000000E+00
   2.725105974000000E-01   3.933351756900000E+00   3.933351756900000E+00   0.000000000000000E+00  -9.990694697000000E-01   0.000000000000000E+00   0.000000000000000E+00   0.000000000000000E+00
   2.768783470000000E-01   3.996394793600000E+00   3.996394793600000E+00   0.000000000000000E+00  -9.990694697000000E-01   0.000000000000000E+00   0.000000000000000E+00   0.000000000000000E+00
   2.812460966100000E-01   4.059437830300000E+00   4.059437830300000E+00   0.000000000000000E+00  -9.990694697000000E-01   0.000000000000000E+00   0.000000000000000E+00   0.000000000000000E+00
   2.856138462200000E-01   4.122480867000000E+00   4.122480867000000E+00   0.000000000000000E+00  -9.990694697000000E-01   0.000000000000000E+00   0.000000000000000E+00   0.000000000000000E+00
   2.903037313800000E-01   4.190173530100000E+00   4.190173530100000E+00   0.000000000000000E+00  -9.990694697000000E-01   0.000000000000000E+00   0.000000000000000E+00   0.000000000000000E+00
   2.949936165500000E-01   4.257866193100000E+00   4.257866193100000E+00   0.000000000000000E+00  -9.990694697000000E-01   0.000000000000000E+00   0.000000000000000E+00   0.000000000000000E+00
   2.996835017100000E-01   4.325558856200000E+00   4.325558856200000E+00   0.000000000000000E+00  -9.990694697000000E-01   0.000000000000000E+00   0.000000000000000E+00   0.000000000000000E+00
   3.043733868700000E-01   4.393251519200000E+00   4.393251519200000E+00   0.000000000000000E+00  -9.990694697000000E-01   0.000000000000000E+00   0.000000000000000E+00   0.000000000000000E+00
   3.090768851800000E-01   4.461140671100000E+00   4.461140671100000E+00   0.000000000000000E+00  -9.990694697000000E-01   0.000000000000000E+00   0.000000000000000E+00   0.000000000000000E+00
   3.137803835000000E-01   4.529029823100000E+00   4.529029823100000E+00   0.000000000000000E+00  -9.990694697000000E-01   0.000000000000000E+00   0.000000000000000E+00   0.000000000000000E+00
   3.184838818100000E-01   4.596918975000000E+00   4.596918975000000E+00   0.000000000000000E+00  -9.990694697000000E-01   0.000000000000000E+00   0.000000000000000E+00   0.000000000000000E+00
   3.231873801200000E-01   4.664808126900000E+00   4.664808126900000E+00   0.000000000000000E+00  -9.990694697000000E-01   0.000000000000000E+00   0.000000000000000E+00   0.000000000000000E+00
   3.275193018100000E-01   4.727334032100000E+00   4.727334032100000E+00   0.000000000000000E+00  -9.990694697000000E-01   0.000000000000000E+00   0.000000000000000E+00   0.000000000000000E+00
   3.318512234900000E-01   4.789859937300000E+00   4.789859937300000E+00   0.000000000000000E+00  -9.990694697000000E-01   0.000000000000000E+00   0.000000000000000E+00   0.000000000000000E+00
   3.361831451800000E-01   4.852385842500000E+00   4.852385842500000E+00   0.000000000000000E+00  -9.990694697000000E-01   0.000000000000000E+00   0.000000000000000E+00   0.000000000000000E+00
   3.405150668600000E-01   4.914911747600000E+00   4.914911747600000E+00   0.000000000000000E+00  -9.990694697000000E-01   0.000000000000000E+00   0.000000000000000E+00   0.000000000000000E+00
   3.446228243800000E-01   4.974202121700000E+00   4.974202121700000E+00   0.000000000000000E+00  -9.990694697000000E-01   0.000000000000000E+00   0.000000000000000E+00   0.000000000000000E+00
   3.487305818900000E-01   5.033492495700000E+00   5.033492495700000E+00   0.000000000000000E+00  -9.990694697000000E-01   0.000000000000000E+00   0.000000000000000E+00   0.000000000000000E+00
   3.528383394100000E-01   5.092782869700000E+00   5.092782869700000E+00   0.000000000000000E+00  -9.990694697000000E-01   0.000000000000000E+00   0.000000000000000E+00   0.000000000000000E+00
   3.569460969300000E-01   5.152073243700000E+00   5.152073243700000E+00   0.000000000000000E+00  -9.990694697000000E-01   0.000000000000000E+00   0.000000000000000E+00   0.000000000000000E+00
   3.612624617100000E-01   5.214374604300000E+00   5.214374604300000E+00   0.000000000000000E+00  -9.990694697000000E-01   0.000000000000000E+00   0.000000000000000E+00   0.000000000000000E+00
   3.655788264900000E-01   5.276675965000000E+00   5.276675965000000E+00   0.000000000000000E+00  -9.990694697000000E-01   0.000000000000000E+00   0.000000000000000E+00   0.000000000000000E+00
   3.698951912800000E-01   5.338977325600000E+00   5.338977325600000E+00   0.000000000000000E+00  -9.990694697000000E-01   0.000000000000000E+00   0.000000000000000E+00   0.000000000000000E+00
   3.742115560600000E-01   5.401278686300000E+00   5.401278686300000E+00   0.000000000000000E+00  -9.990694697000000E-01   0.000000000000000E+00   0.000000000000000E+00   0.000000000000000E+00
   3.786365453600000E-01   5.465147906800000E+00   5.465147906800000E+00   0.000000000000000E+00  -9.990694697000000E-01   0.000000000000000E+00   0.000000000000000E+00   0.000000000000000E+00
   3.830615346600000E-01   5.529017127300000E+00   5.529017127300000E+00   0.000000000000000E+00  -9.990694697000000E-01   0.000000000000000E+00   0.000000000000000E+00   0.000000000000000E+00
   3.874865239700000E-01   5.592886347900000E+00   5.592886347900000E+00   0.000000000000000E+00  -9.990694697000000E-01   0.000000000000000E+00   0.000000000000000E+00   0.000000000000000E+00
   3.919115132700000E-01   5.656755568400000E+00   5.656755568400000E+00   0.000000000000000E+00  -9.990694697000000E-01   0.000000000000000E+00   0.000000000000000E+00   0.000000000000000E+00
   3.959541625000000E-01   5.715106185200000E+00   5.715106185200000E+00   0.000000000000000E+00  -9.990694697000000E-01   0.000000000000000E+00   0.000000000000000E+00   0.000000000000000E+00
   3.999968117200000E-01   5.773456802000000E+00   5.773456802000000E+00   0.000000000000000E+00  -9.990694697000000E-01   0.000000000000000E+00   0.000000000000000E+00   0.000000000000000E+00
   4.040394609500000E-01   5.831807418800000E+00   5.831807418800000E+00   0.000000000000000E+00  -9.990694697000000E-01   0.000000000000000E+00   0.000000000000000E+00   0.000000000000000E+00
   4.080821101800000E-01   5.890158035600000E+00   5.890158035600000E+00   0.000000000000000E+00  -9.990694697000000E-01   0.000000000000000E+00   0.000000000000000E+00   0.000000000000000E+00
   4.122052838800000E-01   5.949670923000000E+00   5.949670923000000E+00   0.000000000000000E+00  -9.990694697000000E-01   0.000000000000000E+00   0.000000000000000E+00   0.000000000000000E+00
   4.163284575700000E-01   6.009183810500000E+00   6.009183810500000E+00   0.000000000000000E+00  -9.990694697000000E-01   0.000000000000000E+00   0.000000000000000E+00   0.000000000000000E+00
   4.204516312700000E-01   6.068696697900000E+00   6.068696697900000E+00   0.000000000000000E+00  -9.990694697000000E-01   0.000000000000000E+00   0.000000000000000E+00   0.000000000000000E+00
   4.245748049700000E-01   6.128209585300000E+00   6.128209585300000E+00   0.000000000000000E+00  -9.990694697000000E-01   0.000000000000000E+00   0.000000000000000E+00   0.000000000000000E+00
   4.286542547900000E-01   6.187091372900000E+00   6.187091372900000E+00   0.000000000000000E+00  -9.990694697000000E-01   0.000000000000000E+00   0.000000000000000E+00   0.000000000000000E+00
   4.327337046100000E-01   6.245973160600000E+00   6.245973160600000E+00   0.000000000000000E+00  -9.990694697000000E-01   0.000000000000000E+00   0.000000000000000E+00   0.000000000000000E+00
   4.368131544300000E-01   6.304854948200000E+00   6.304854948200000E+00   0.000000000000000E+00  -9.990694697000000E-01   0.000000000000000E+00   0.000000000000000E+00   0.000000000000000E+00
   4.408926042500000E-01   6.363736735800000E+00   6.363736735800000E+00   0.000000000000000E+00  -9.990694697000000E-01   0.000000000000000E+00   0.000000000000000E+00   0.000000000000000E+00
   4.443640109700000E-01   6.413842177000000E+00   6.413842177000000E+00   0.000000000000000E+00  -9.990694697000000E-01   0.000000000000000E+00   0.000000000000000E+00   0.000000000000000E+00
   4.478354176900000E-01   6.463947618200000E+00   6.463947618200000E+00   0.000000000000000E+00  -9.990694697000000E-01   0.000000000000000E+00   0.000000000000000E+00   0.000000000000000E+00
   4.513068244000000E-01   6.514053059400000E+00   6.514053059400000E+00   0.000000000000000E+00  -9.990694697000000E-01   0.000000000000000E+00   0.000000000000000E+00   0.000000000000000E+00
   4.547782311200000E-01   6.564158500600000E+00   6.564158500600000E+00   0.000000000000000E+00  -9.990694697000000E-01   0.000000000000000E+00   0.000000000000000E+00   0.000000000000000E+00
   4.576778928600000E-01   6.606011513600000E+00   6.606011513600000E+00   0.000000000000000E+00  -9.990694697000000E-01   0.000000000000000E+00   0.000000000000000E+00   0.000000000000000E+00
   4.605775545900000E-01   6.647864526600000E+00   6.647864526600000E+00   0.000000000000000E+00  -9.990694697000000E-01   0.000000000000000E+00   0.000000000000000E+00   0.000000000000000E+00
   4.634772163300000E-01   6.689717539700000E+00   6.689717539700000E+00   0.000000000000000E+00  -9.990694697000000E-01   0.000000000000000E+00   0.000000000000000E+00   0.000000000000000E+00
   4.663768780700000E-01   6.731570552700000E+00   6.731570552700000E+00   0.000000000000000E+00  -9.990694697000000E-01   0.000000000000000E+00   0.000000000000000E+00   0.000000000000000E+00
   4.691099555600000E-01   6.771019129200000E+00   6.771019129200000E+00   0.000000000000000E+00  -9.990694697000000E-01   0.000000000000000E+00   0.000000000000000E+00   0.000000000000000E+00
   4.718430330500000E-01   6.810467705800000E+00   6.810467705800000E+00   0.000000000000000E+00  -9.990694697000000E-01   0.000000000000000E+00   0.000000000000000E+00   0.000000000000000E+00
   4.745761105500000E-01   6.849916282300000E+00   6.849916282300000E+00   0.000000000000000E+00  -9.990694697000000E-01   0.000000000000000E+00   0.000000000000000E+00   0.000000000000000E+00
   4.773091880400000E-01   6.889364858900000E+00   6.889364858900000E+00   0.000000000000000E+00  -9.990694697000000E-01   0.000000000000000E+00   0.000000000000000E+00   0.000000000000000E+00
   4.803603728600000E-01   6.933404919200000E+00   6.933404919200000E+00   0.000000000000000E+00  -9.990694697000000E-01   0.000000000000000E+00   0.000000000000000E+00   0.000000000000000E+00
   4.834115576700000E-01   6.977444979600000E+00   6.977444979600000E+00   0.000000000000000E+00  -9.990694697000000E-01   0.000000000000000E+00   0.000000000000000E+00   0.000000000000000E+00
   4.864627424900000E-01   7.021485040000000E+00   7.021485040000000E+00   0.000000000000000E+00  -9.990694697000000E-01   0.000000000000000E+00   0.000000000000000E+00   0.000000000000000E+00
   4.895139273100000E-01   7.065525100300000E+00   7.065525100300000E+00   0.000000000000000E+00  -9.990694697000000E-01   0.000000000000000E+00   0.000000000000000E+00   0.000000000000000E+00
   4.934362150400000E-01   7.122138448600000E+00   7.122138448600000E+00   0.000000000000000E+00  -9.990694697000000E-01   0.000000000000000E+00   0.000000000000000E+00   0.000000000000000E+00
   4.973585027800000E-01   7.178751796900000E+00   7.178751796900000E+00   0.000000000000000E+00  -9.990694697000000E-01   0.000000000000000E+00   0.000000000000000E+00   0.000000000000000E+00
   5.012807905200000E-01   7.235365145200000E+00   7.235365145200000E+00   0.000000000000000E+00  -9.990694697000000E-01   0.000000000000000E+00   0.000000000000000E+00   0.000000000000000E+00
   5.052030782600000E-01   7.291978493600000E+00   7.291978493600000E+00   0.000000000000000E+00  -9.990694697000000E-01   0.000000000000000E+00   0.000000000000000E+00   0.000000000000000E+00
   5.091833236400000E-01   7.349428388400000E+00   7.349428388400000E+00   0.000000000000000E+00  -9.990694697000000E-01   0.000000000000000E+00   0.000000000000000E+00   0.000000000000000E+00
   5.131635690200000E-01   7.406878283200000E+00   7.406878283200000E+00   0.000000000000000E+00  -9.990694697000000E-01   0.000000000000000E+00   0.000000000000000E+00   0.000000000000000E+00
   5.171438144000000E-01   7.464328177900000E+00   7.464328177900000E+00   0.000000000000000E+00  -9.990694697000000E-01   0.000000000000000E+00   0.000000000000000E+00   0.000000000000000E+00
   5.211240597800000E-01   7.521778072700000E+00   7.521778072700000E+00   0.000000000000000E+00  -9.990694697000000E-01   0.000000000000000E+00   0.000000000000000E+00   0.000000000000000E+00
   5.243984714500000E-01   7.569040135400000E+00   7.569040135400000E+00   0.000000000000000E+00  -9.990694697000000E-01   0.000000000000000E+00   0.000000000000000E+00   0.000000000000000E+00
   5.276728831300000E-01   7.616302198000000E+00   7.616302198000000E+00   0.000000000000000E+00  -9.990694697000000E-01   0.000000000000000E+00   0.000000000000000E+00   0.000000000000000E+00
   5.309472948100000E-01   7.663564260600000E+00   7.663564260600000E+00   0.000000000000000E+00  -9.990694697000000E-01   0.000000000000000E+00   0.000000000000000E+00   0.000000000000000E+00
   5.342217064800000E-01   7.710826323300000E+00   7.710826323300000E+00   0.000000000000000E+00  -9.990694697000000E-01   0.000000000000000E+00   0.000000000000000E+00   0.000000000000000E+00
   5.374773364800000E-01   7.757817295700000E+00   7.757817295700000E+00   0.000000000000000E+00  -9.990694697000000E-01   0.000000000000000E+00   0.000000000000000E+00   0.000000000000000E+00
   5.407329664800000E-01   7.804808268100000E+00   7.804808268100000E+00   0.000000000000000E+00  -9.990694697000000E-01   0.000000000000000E+00   0.000000000000000E+00   0.000000000000000E+00
   5.439885964700000E-01   7.851799240600000E+00   7.851799240600000E+00   0.000000000000000E+00  -9.990694697000000E-01   0.000000000000000E+00   0.000000000000000E+00   0.000000000000000E+00
   5.472442264700000E-01   7.898790213000000E+00   7.898790213000000E+00   0.000000000000000E+00  -9.990694697000000E-01   0.000000000000000E+00   0.000000000000000E+00   0.000000000000000E+00
   5.507228943400000E-01   7.949000459900000E+00   7.949000459900000E+00   0.000000000000000E+00  -9.990694697000000E-01   0.000000000000000E+00   0.000000000000000E+00   0.000000000000000E+00
   5.542015622100001E-01   7.999210706700000E+00   7.999210706700000E+00   0.000000000000000E+00  -9.990694697000000E-01   0.000000000000000E+00   0.000000000000000E+00   0.000000000000000E+00
   5.576802300700000E-01   8.049420953600000E+00   8.049420953600000E+00   0.000000000000000E+00  -9.990694697000000E-01   0.000000000000000E+00   0.000000000000000E+00   0.000000000000000E+00
   5.611588979400000E-01   8.099631200499999E+00   8.099631200499999E+00   0.000000000000000E+00  -9.990694697000000E-01   0.000000000000000E+00   0.000000000000000E+00   0.000000000000000E+00
   5.637067950500000E-01   8.136406928300000E+00   8.136406928300000E+00   0.000000000000000E+00  -9.990694697000000E-01   0.000000000000000E+00   0.000000000000000E+00   0.000000000000000E+00
   5.662546921600000E-01   8.173182656200000E+00   8.173182656200000E+00   0.000000000000000E+00  -9.990694697000000E-01   0.000000000000000E+00   0.000000000000000E+00   0.000000000000000E+00
   5.688025892700000E-01   8.209958384100000E+00   8.209958384100000E+00   0.000000000000000E+00  -9.990694697000000E-01   0.000000000000000E+00   0.000000000000000E+00   0.000000000000000E+00
   5.713504863800000E-01   8.246734111900000E+00   8.246734111900000E+00   0.000000000000000E+00  -9.990694697000000E-01   0.000000000000000E+00   0.000000000000000E+00   0.000000000000000E+00
   5.740196231400000E-01   8.285259783500001E+00   8.285259783500001E+00   0.000000000000000E+00  -9.990694697000000E-01   0.000000000000000E+00   0.000000000000000E+00   0.000000000000000E+00
   5.766887599000000E-01   8.323785454999999E+00   8.323785454999999E+00   0.000000000000000E+00  -9.990694697000000E-01   0.000000000000000E+00   0.000000000000000E+00   0.000000000000000E+00
   5.793578966600000E-01   8.362311126600000E+00   8.362311126600000E+00   0.000000000000000E+00  -9.990694697000000E-01   0.000000000000000E+00   0.000000000000000E+00   0.000000000000000E+00
   5.820270334200000E-01   8.400836798100000E+00   8.400836798100000E+00   0.000000000000000E+00  -9.990694697000000E-01   0.000000000000000E+00   0.000000000000000E+00   0.000000000000000E+00
   5.848670929499999E-01   8.441829527399999E+00   8.441829527399999E+00   0.000000000000000E+00  -9.990694697000000E-01   0.000000000000000E+00   0.000000000000000E+00   0.000000000000000E+00
   5.877071524800001E-01   8.482822256700000E+00   8.482822256700000E+00   0.000000000000000E+00  -9.990694697000000E-01   0.000000000000000E+00   0.000000000000000E+00   0.000000000000000E+00
   5.905472120100000E-01   8.523814985900000E+00   8.523814985900000E+00   0.000000000000000E+00  -9.990694697000000E-01   0.000000000000000E+00   0.000000000000000E+00   0.000000000000000E+00
   5.933872715400000E-01   8.564807715200001E+00   8.564807715200001E+00   0.000000000000000E+00  -9.990694697000000E-01   0.000000000000000E+00   0.000000000000000E+00   0.000000000000000E+00
   5.963451262200000E-01   8.607500671100000E+00   8.607500671100000E+00   0.000000000000000E+00  -9.990694697000000E-01   0.000000000000000E+00   0.000000000000000E+00   0.000000000000000E+00
   5.993029809000000E-01   8.650193626900000E+00   8.650193626900000E+00   0.000000000000000E+00  -9.990694697000000E-01   0.000000000000000E+00   0.000000000000000E+00   0.000000000000000E+00
   6.022608355800000E-01   8.692886582700000E+00   8.692886582700000E+00   0.000000000000000E+00  -9.990694697000000E-01   0.000000000000000E+00   0.000000000000000E+00   0.000000000000000E+00
   6.052186902600000E-01   8.735579538600000E+00   8.735579538600000E+00   0.000000000000000E+00  -9.990694697000000E-01   0.000000000000000E+00   0.000000000000000E+00   0.000000000000000E+00
   6.093442995500000E-01   8.795127580799999E+00   8.795127580799999E+00   0.000000000000000E+00  -9.990694697000000E-01   0.000000000000000E+00   0.000000000000000E+00   0.000000000000000E+00
   6.134699088400000E-01   8.854675623000000E+00   8.854675623000000E+00   0.000000000000000E+00  -9.990694697000000E-01   0.000000000000000E+00   0.000000000000000E+00   0.000000000000000E+00
   6.175955181300000E-01   8.914223665100000E+00   8.914223665100000E+00   0.000000000000000E+00  -9.990694697000000E-01   0.000000000000000E+00   0.000000000000000E+00   0.000000000000000E+00
   6.217211274200000E-01   8.973771707299999E+00   8.973771707299999E+00   0.000000000000000E+00  -9.990694697000000E-01   0.000000000000000E+00   0.000000000000000E+00   0.000000000000000E+00
   6.241323735300000E-01   9.008575047900001E+00   9.008575047900001E+00   0.000000000000000E+00  -9.990694697000000E-01   0.000000000000000E+00   0.000000000000000E+00   0.000000000000000E+00
   6.265436196400000E-01   9.043378388400001E+00   9.043378388400001E+00   0.000000000000000E+00  -9.990694697000000E-01   0.000000000000000E+00   0.000000000000000E+00   0.000000000000000E+00
   6.289548657500000E-01   9.078181729000001E+00   9.078181729000001E+00   0.000000000000000E+00  -9.990694697000000E-01   0.000000000000000E+00   0.000000000000000E+00   0.000000000000000E+00
   6.313661118600000E-01   9.112985069500001E+00   9.112985069500001E+00   0.000000000000000E+00  -9.990694697000000E-01   0.000000000000000E+00   0.000000000000000E+00   0.000000000000000E+00
   6.335423574700000E-01   9.144396469900000E+00   9.144396469900000E+00   0.000000000000000E+00  -9.990694697000000E-01   0.000000000000000E+00   0.000000000000000E+00   0.000000000000000E+00
   6.357186030800001E-01   9.175807870200000E+00   9.175807870200000E+00   0.000000000000000E+00  -9.990694697000000E-01   0.000000000000000E+00   0.000000000000000E+00   0.000000000000000E+00
   6.378948486800000E-01   9.207219270600000E+00   9.207219270600000E+00   0.000000000000000E+00  -9.990694697000000E-01   0.000000000000000E+00   0.000000000000000E+00   0.000000000000000E+00
   6.400710942900000E-01   9.238630670899999E+00   9.238630670899999E+00   0.000000000000000E+00  -9.990694697000000E-01   0.000000000000000E+00   0.000000000000000E+00   0.000000000000000E+00
   6.423363983700000E-01   9.271327519700000E+00   9.271327519700000E+00   0.000000000000000E+00  -9.990694697000000E-01   0.000000000000000E+00   0.000000000000000E+00   0.000000000000000E+00
   6.446017024500000E-01   9.304024368500000E+00   9.304024368500000E+00   0.000000000000000E+00  -9.990694697000000E-01   0.000000000000000E+00   0.000000000000000E+00   0.000000000000000E+00
   6.468670065400000E-01   9.336721217299999E+00   9.336721217299999E+00   0.000000000000000E+00  -9.990694697000000E-01   0.000000000000000E+00   0.000000000000000E+00   0.000000000000000E+00
   6.491323106200000E-01   9.369418066100000E+00   9.369418066100000E+00   0.000000000000000E+00  -9.990694697000000E-01   0.000000000000000E+00   0.000000000000000E+00   0.000000000000000E+00
   6.510537929600000E-01   9.397152275400000E+00   9.397152275400000E+00   0.000000000000000E+00  -9.990694697000000E-01   0.000000000000000E+00   0.000000000000000E+00   0.000000000000000E+00
   6.529752753000000E-01   9.424886484700000E+00   9.424886484700000E+00   0.000000000000000E+00  -9.990694697000000E-01   0.000000000000000E+00   0.000000000000000E+00   0.000000000000000E+00
   6.548967576400000E-01   9.452620694000000E+00   9.452620694000000E+00   0.000000000000000E+00  -9.990694697000000E-01   0.000000000000000E+00   0.000000000000000E+00   0.000000000000000E+00
   6.568182399900000E-01   9.480354903300000E+00   9.480354903300000E+00   0.000000000000000E+00  -9.990694697000000E-01   0.000000000000000E+00   0.000000000000000E+00   0.000000000000000E+00
   6.591134379200000E-01   9.513483232700001E+00   9.513483232700001E+00   0.000000000000000E+00  -9.990694697000000E-01   0.000000000000000E+00   0.000000000000000E+00   0.000000000000000E+00
   6.614086358600000E-01   9.546611562100001E+00   9.546611562100001E+00   0.000000000000000E+00  -9.990694697000000E-01   0.000000000000000E+00   0.000000000000000E+00   0.000000000000000E+00
   6.637038338000000E-01   9.579739891499999E+00   9.579739891499999E+00   0.000000000000000E+00  -9.990694697000000E-01   0.000000000000000E+00   0.000000000000000E+00   0.000000000000000E+00
   6.659990317300000E-01   9.612868220899999E+00   9.612868220899999E+00   0.000000000000000E+00  -9.990694697000000E-01   0.000000000000000E+00   0.000000000000000E+00   0.000000000000000E+00
   6.682741670600000E-01   9.645706971499999E+00   9.645706971499999E+00   0.000000000000000E+00  -9.990694697000000E-01   0.000000000000000E+00   0.000000000000000E+00   0.000000000000000E+00
   6.705493023900000E-01   9.678545722100001E+00   9.678545722100001E+00   0.000000000000000E+00  -9.990694697000000E-01   0.000000000000000E+00   0.000000000000000E+00   0.000000000000000E+00
   6.728244377200000E-01   9.711384472700001E+00   9.711384472700001E+00   0.000000000000000E+00  -9.990694697000000E-01   0.000000000000000E+00   0.000000000000000E+00   0.000000000000000E+00
   6.750995730500000E-01   9.744223223400001E+00   9.744223223400001E+00   0.000000000000000E+00  -9.990694697000000E-01   0.000000000000000E+00   0.000000000000000E+00   0.000000000000000E+00
   6.770932358200000E-01   9.772999267399999E+00   9.772999267399999E+00   0.000000000000000E+00  -9.990694697000000E-01   0.000000000000000E+00   0.000000000000000E+00   0.000000000000000E+00
   6.790868985900000E-01   9.801775311400000E+00   9.801775311400000E+00   0.000000000000000E+00  -9.990694697000000E-01   0.000000000000000E+00   0.000000000000000E+00   0.000000000000000E+00
   6.810805613599999E-01   9.830551355500001E+00   9.830551355500001E+00   0.000000000000000E+00  -9.990694697000000E-01   0.000000000000000E+00   0.000000000000000E+00   0.000000000000000E+00
   6.830742241200000E-01   9.859327399500000E+00   9.859327399500000E+00   0.000000000000000E+00  -9.990694697000000E-01   0.000000000000000E+00   0.000000000000000E+00   0.000000000000000E+00
   6.848117221800000E-01   9.884406024200000E+00   9.884406024200000E+00   0.000000000000000E+00  -9.990694697000000E-01   0.000000000000000E+00   0.000000000000000E+00   0.000000000000000E+00
   6.865492202300000E-01   9.909484648999999E+00   9.909484648999999E+00   0.000000000000000E+00  -9.990694697000000E-01   0.000000000000000E+00   0.000000000000000E+00   0.000000000000000E+00
   6.882867182800000E-01   9.934563273800000E+00   9.934563273800000E+00   0.000000000000000E+00  -9.990694697000000E-01   0.000000000000000E+00   0.000000000000000E+00   0.000000000000000E+00
   6.900242163300000E-01   9.959641898499999E+00   9.959641898499999E+00   0.000000000000000E+00  -9.990694697000000E-01   0.000000000000000E+00   0.000000000000000E+00   0.000000000000000E+00
   6.917413486900000E-01   9.984426569800000E+00   9.984426569800000E+00   0.000000000000000E+00  -9.990694697000000E-01   0.000000000000000E+00   0.000000000000000E+00   0.000000000000000E+00
   6.934584810400000E-01   1.000921124100000E+01   1.000921124100000E+01   0.000000000000000E+00  -9.990694697000000E-01   0.000000000000000E+00   0.000000000000000E+00   0.000000000000000E+00
   6.951756134000000E-01   1.003399591200000E+01   1.003399591200000E+01   0.000000000000000E+00  -9.990694697000000E-01   0.000000000000000E+00   0.000000000000000E+00   0.000000000000000E+00
   6.968927457600000E-01   1.005878058400000E+01   1.005878058400000E+01   0.000000000000000E+00  -9.990694697000000E-01   0.000000000000000E+00   0.000000000000000E+00   0.000000000000000E+00
   6.986552960700000E-01   1.008422080700000E+01   1.008422080700000E+01   0.000000000000000E+00  -9.990694697000000E-01   0.000000000000000E+00   0.000000000000000E+00   0.000000000000000E+00
   7.004178463900000E-01   1.010966103000000E+01   1.010966103000000E+01   0.000000000000000E+00  -9.990694697000000E-01   0.000000000000000E+00   0.000000000000000E+00   0.000000000000000E+00
   7.021803967000000E-01   1.013510125300000E+01   1.013510125300000E+01   0.000000000000000E+00  -9.990694697000000E-01   0.000000000000000E+00   0.000000000000000E+00   0.000000000000000E+00
   7.039429470200000E-01   1.016054147600000E+01   1.016054147600000E+01   0.000000000000000E+00  -9.990694697000000E-01   0.000000000000000E+00   0.000000000000000E+00   0.000000000000000E+00
   7.054534979900000E-01   1.018234440100000E+01   1.018234440100000E+01   0.000000000000000E+00  -9.990694697000000E-01   0.000000000000000E+00   0.000000000000000E+00   0.000000000000000E+00
   7.069640489500000E-01   1.020414732700000E+01   1.020414732700000E+01   0.000000000000000E+00  -9.990694697000000E-01   0.000000000000000E+00   0.000000000000000E+00   0.000000000000000E+00
   7.084745999199999E-01   1.022595025300000E+01   1.022595025300000E+01   0.000000000000000E+00  -9.990694697000000E-01   0.000000000000000E+00   0.000000000000000E+00   0.000000000000000E+00
   7.099851508900000E-01   1.024775317800000E+01   1.024775317800000E+01   0.000000000000000E+00  -9.990694697000000E-01   0.000000000000000E+00   0.000000000000000E+00   0.000000000000000E+00
   7.116964842200000E-01   1.027245414800000E+01   1.027245414800000E+01   0.000000000000000E+00  -9.990694697000000E-01   0.000000000000000E+00   0.000000000000000E+00   0.000000000000000E+00
   7.134078175600000E-01   1.029715511800000E+01   1.029715511800000E+01   0.000000000000000E+00  -9.990694697000000E-01   0.000000000000000E+00   0.000000000000000E+00   0.000000000000000E+00
   7.151191508900000E-01   1.032185608700000E+01   1.032185608700000E+01   0.000000000000000E+00  -9.990694697000000E-01   0.000000000000000E+00   0.000000000000000E+00   0.000000000000000E+00
   7.168304842200000E-01   1.034655705700000E+01   1.034655705700000E+01   0.000000000000000E+00  -9.990694697000000E-01   0.000000000000000E+00   0.000000000000000E+00   0.000000000000000E+00
   7.186533851300000E-01   1.037286836600000E+01   1.037286836600000E+01   0.000000000000000E+00  -9.990694697000000E-01   0.000000000000000E+00   0.000000000000000E+00   0.000000000000000E+00
   7.204762860400000E-01   1.039917967400000E+01   1.039917967400000E+01   0.000000000000000E+00  -9.990694697000000E-01   0.000000000000000E+00   0.000000000000000E+00   0.000000000000000E+00
   7.222991869499999E-01   1.042549098300000E+01   1.042549098300000E+01   0.000000000000000E+00  -9.990694697000000E-01   0.000000000000000E+00   0.000000000000000E+00   0.000000000000000E+00
   7.241220878600000E-01   1.045180229200000E+01   1.045180229200000E+01   0.000000000000000E+00  -9.990694697000000E-01   0.000000000000000E+00   0.000000000000000E+00   0.000000000000000E+00
   7.260908446700000E-01   1.048021885000000E+01   1.048021885000000E+01   0.000000000000000E+00  -9.990694697000000E-01   0.000000000000000E+00   0.000000000000000E+00   0.000000000000000E+00
   7.280596014900000E-01   1.050863540700000E+01   1.050863540700000E+01   0.000000000000000E+00  -9.990694697000000E-01   0.000000000000000E+00   0.000000000000000E+00   0.000000000000000E+00
   7.300283583000000E-01   1.053705196500000E+01   1.053705196500000E+01   0.000000000000000E+00  -9.990694697000000E-01   0.000000000000000E+00   0.000000000000000E+00   0.000000000000000E+00
   7.319971151200000E-01   1.056546852200000E+01   1.056546852200000E+01   0.000000000000000E+00  -9.990694697000000E-01   0.000000000000000E+00   0.000000000000000E+00   0.000000000000000E+00
   7.346026345500000E-01   1.060307595700000E+01   1.060307595700000E+01   0.000000000000000E+00  -9.990694697000000E-01   0.000000000000000E+00   0.000000000000000E+00   0.000000000000000E+00
   7.372081539799999E-01   1.064068339100000E+01   1.064068339100000E+01   0.000000000000000E+00  -9.990694697000000E-01   0.000000000000000E+00   0.000000000000000E+00   0.000000000000000E+00
   7.398136734200000E-01   1.067829082600000E+01   1.067829082600000E+01   0.000000000000000E+00  -9.990694697000000E-01   0.000000000000000E+00   0.000000000000000E+00   0.000000000000000E+00
   7.424191928500000E-01   1.071589826000000E+01   1.071589826000000E+01   0.000000000000000E+00  -9.990694697000000E-01   0.000000000000000E+00   0.000000000000000E+00   0.000000000000000E+00
   7.447655373500000E-01   1.074976482700000E+01   1.074976482700000E+01   0.000000000000000E+00  -9.990694697000000E-01   0.000000000000000E+00   0.000000000000000E+00   0.000000000000000E+00
   7.471118818500000E-01   1.078363139300000E+01   1.078363139300000E+01   0.000000000000000E+00  -9.990694697000000E-01   0.000000000000000E+00   0.000000000000000E+00   0.000000000000000E+00
   7.494582263500000E-01   1.081749796000000E+01   1.081749796000000E+01   0.000000000000000E+00  -9.990694697000000E-01   0.000000000000000E+00   0.000000000000000E+00   0.000000000000000E+00
   7.518045708500000E-01   1.085136452600000E+01   1.085136452600000E+01   0.000000000000000E+00  -9.990694697000000E-01   0.000000000000000E+00   0.000000000000000E+00   0.000000000000000E+00
   7.541683292200000E-01   1.088548244000000E+01   1.088548244000000E+01   0.000000000000000E+00  -9.990694697000000E-01   0.000000000000000E+00   0.000000000000000E+00   0.000000000000000E+00
   7.565320875900000E-01   1.091960035400000E+01   1.091960035400000E+01   0.000000000000000E+00  -9.990694697000000E-01   0.000000000000000E+00   0.000000000000000E+00   0.000000000000000E+00
   7.588958459600000E-01   1.095371826800000E+01   1.095371826800000E+01   0.000000000000000E+00  -9.990694697000000E-01   0.000000000000000E+00   0.000000000000000E+00   0.000000000000000E+00
   7.612596043300000E-01   1.098783618200000E+01   1.098783618200000E+01   0.000000000000000E+00  -9.990694697000000E-01   0.000000000000000E+00   0.000000000000000E+00   0.000000000000000E+00
   7.632079776900000E-01   1.101595853000000E+01   1.101595853000000E+01   0.000000000000000E+00  -9.990694697000000E-01   0.000000000000000E+00   0.000000000000000E+00   0.000000000000000E+00
   7.651563510500000E-01   1.104408087800000E+01   1.104408087800000E+01   0.000000000000000E+00  -9.990694697000000E-01   0.000000000000000E+00   0.000000000000000E+00   0.000000000000000E+00
   7.671047244100000E-01   1.107220322600000E+01   1.107220322600000E+01   0.000000000000000E+00  -9.990694697000000E-01   0.000000000000000E+00   0.000000000000000E+00   0.000000000000000E+00
   7.690530977600000E-01   1.110032557300000E+01   1.110032557300000E+01   0.000000000000000E+00  -9.990694697000000E-01   0.000000000000000E+00   0.000000000000000E+00   0.000000000000000E+00
   7.710542955100000E-01   1.112921037500000E+01   1.112921037500000E+01   0.000000000000000E+00  -9.990694697000000E-01   0.000000000000000E+00   0.000000000000000E+00   0.000000000000000E+00
   7.730554932600000E-01   1.115809517700000E+01   1.115809517700000E+01   0.000000000000000E+00  -9.990694697000000E-01   0.000000000000000E+00   0.000000000000000E+00   0.000000000000000E+00
   7.750566910100000E-01   1.118697998000000E+01   1.118697998000000E+01   0.000000000000000E+00  -9.990694697000000E-01   0.000000000000000E+00   0.000000000000000E+00   0.000000000000000E+00
   7.770578887600000E-01   1.121586478200000E+01   1.121586478200000E+01   0.000000000000000E+00  -9.990694697000000E-01   0.000000000000000E+00   0.000000000000000E+00   0.000000000000000E+00
   7.791946674500000E-01   1.124670652600000E+01   1.124670652600000E+01   0.000000000000000E+00  -9.990694697000000E-01   0.000000000000000E+00   0.000000000000000E+00   0.000000000000000E+00
   7.813314461400001E-01   1.127754827100000E+01   1.127754827100000E+01   0.000000000000000E+00  -9.990694697000000E-01   0.000000000000000E+00   0.000000000000000E+00   0.000000000000000E+00
   7.834682248300000E-01   1.130839001500000E+01   1.130839001500000E+01   0.000000000000000E+00  -9.990694697000000E-01   0.000000000000000E+00   0.000000000000000E+00   0.000000000000000E+00
   7.856050035100000E-01   1.133923176000000E+01   1.133923176000000E+01   0.000000000000000E+00  -9.990694697000000E-01   0.000000000000000E+00   0.000000000000000E+00   0.000000000000000E+00
   7.890470350700000E-01   1.138891320700000E+01   1.138891320700000E+01   0.000000000000000E+00  -9.990694697000000E-01   0.000000000000000E+00   0.000000000000000E+00   0.000000000000000E+00
   7.924890666200000E-01   1.143859465400000E+01   1.143859465400000E+01   0.000000000000000E+00  -9.990694697000000E-01   0.000000000000000E+00   0.000000000000000E+00   0.000000000000000E+00
   7.959310981800000E-01   1.148827610100000E+01   1.148827610100000E+01   0.000000000000000E+00  -9.990694697000000E-01   0.000000000000000E+00   0.000000000000000E+00   0.000000000000000E+00
   7.993731297300000E-01   1.153795754800000E+01   1.153795754800000E+01   0.000000000000000E+00  -9.990694697000000E-01   0.000000000000000E+00   0.000000000000000E+00   0.000000000000000E+00
   8.036914140400000E-01   1.160028661500000E+01   1.160028661500000E+01   0.000000000000000E+00  -9.990694697000000E-01   0.000000000000000E+00   0.000000000000000E+00   0.000000000000000E+00
   8.080096983500000E-01   1.166261568200000E+01   1.166261568200000E+01   0.000000000000000E+00  -9.990694697000000E-01   0.000000000000000E+00   0.000000000000000E+00   0.000000000000000E+00
   8.123279826499999E-01   1.172494474800000E+01   1.172494474800000E+01   0.000000000000000E+00  -9.990694697000000E-01   0.000000000000000E+00   0.000000000000000E+00   0.000000000000000E+00
   8.166462669600000E-01   1.178727381500000E+01   1.178727381500000E+01   0.000000000000000E+00  -9.990694697000000E-01   0.000000000000000E+00   0.000000000000000E+00   0.000000000000000E+00
   8.191187735800000E-01   1.182296137500000E+01   1.182296137500000E+01   0.000000000000000E+00  -9.990694697000000E-01   0.000000000000000E+00   0.000000000000000E+00   0.000000000000000E+00
   8.215912802100001E-01   1.185864893500000E+01   1.185864893500000E+01   0.000000000000000E+00  -9.990694697000000E-01   0.000000000000000E+00   0.000000000000000E+00   0.000000000000000E+00
   8.240637868300000E-01   1.189433649400000E+01   1.189433649400000E+01   0.000000000000000E+00  -9.990694697000000E-01   0.000000000000000E+00   0.000000000000000E+00   0.000000000000000E+00
   8.265362934500000E-01   1.193002405400000E+01   1.193002405400000E+01   0.000000000000000E+00  -9.990694697000000E-01   0.000000000000000E+00   0.000000000000000E+00   0.000000000000000E+00
   8.288120871500000E-01   1.196287230800000E+01   1.196287230800000E+01   0.000000000000000E+00  -9.990694697000000E-01   0.000000000000000E+00   0.000000000000000E+00   0.000000000000000E+00
   8.310878808400000E-01   1.199572056100000E+01   1.199572056100000E+01   0.000000000000000E+00  -9.990694697000000E-01   0.000000000000000E+00   0.000000000000000E+00   0.000000000000000E+00
   8.333636745300000E-01   1.202856881400000E+01   1.202856881400000E+01   0.000000000000000E+00  -9.990694697000000E-01   0.000000000000000E+00   0.000000000000000E+00   0.000000000000000E+00
   8.356394682200000E-01   1.206141706700000E+01   1.206141706700000E+01   0.000000000000000E+00  -9.990694697000000E-01   0.000000000000000E+00   0.000000000000000E+00   0.000000000000000E+00
   8.382005996400000E-01   1.209838381600000E+01   1.209838381600000E+01   0.000000000000000E+00  -9.990694697000000E-01   0.000000000000000E+00   0.000000000000000E+00   0.000000000000000E+00
   8.407617310600000E-01   1.213535056500000E+01   1.213535056500000E+01   0.000000000000000E+00  -9.990694697000000E-01   0.000000000000000E+00   0.000000000000000E+00   0.000000000000000E+00
   8.433228624800000E-01   1.217231731300000E+01   1.217231731300000E+01   0.000000000000000E+00  -9.990694697000000E-01   0.000000000000000E+00   0.000000000000000E+00   0.000000000000000E+00
   8.458839938900000E-01   1.220928406200000E+01   1.220928406200000E+01   0.000000000000000E+00  -9.990694697000000E-01   0.000000000000000E+00   0.000000000000000E+00   0.000000000000000E+00
   8.484552769300000E-01   1.224639733700000E+01   1.224639733700000E+01   0.000000000000000E+00  -9.990694697000000E-01   0.000000000000000E+00   0.000000000000000E+00   0.000000000000000E+00
   8.510265599700000E-01   1.228351061100000E+01   1.228351061100000E+01   0.000000000000000E+00  -9.990694697000000E-01   0.000000000000000E+00   0.000000000000000E+00   0.000000000000000E+00
   8.535978430100000E-01   1.232062388600000E+01   1.232062388600000E+01   0.000000000000000E+00  -9.990694697000000E-01   0.000000000000000E+00   0.000000000000000E+00   0.000000000000000E+00
   8.561691260500000E-01   1.235773716100000E+01   1.235773716100000E+01   0.000000000000000E+00  -9.990694697000000E-01   0.000000000000000E+00   0.000000000000000E+00   0.000000000000000E+00
   8.585838046199999E-01   1.239259004500000E+01   1.239259004500000E+01   0.000000000000000E+00  -9.990694697000000E-01   0.000000000000000E+00   0.000000000000000E+00   0.000000000000000E+00
   8.609984831900001E-01   1.242744292800000E+01   1.242744292800000E+01   0.000000000000000E+00  -9.990694697000000E-01   0.000000000000000E+00   0.000000000000000E+00   0.000000000000000E+00
   8.634131617500000E-01   1.246229581200000E+01   1.246229581200000E+01   0.000000000000000E+00  -9.990694697000000E-01   0.000000000000000E+00   0.000000000000000E+00   0.000000000000000E+00
   8.658278403200000E-01   1.249714869600000E+01   1.249714869600000E+01   0.000000000000000E+00  -9.990694697000000E-01   0.000000000000000E+00   0.000000000000000E+00   0.000000000000000E+00
   8.678479541700000E-01   1.252630652900000E+01   1.252630652900000E+01   0.000000000000000E+00  -9.990694697000000E-01   0.000000000000000E+00   0.000000000000000E+00   0.000000000000000E+00
   8.698680680200001E-01   1.255546436100000E+01   1.255546436100000E+01   0.000000000000000E+00  -9.990694697000000E-01   0.000000000000000E+00   0.000000000000000E+00   0.000000000000000E+00
   8.718881818699999E-01   1.258462219400000E+01   1.258462219400000E+01   0.000000000000000E+00  -9.990694697000000E-01   0.000000000000000E+00   0.000000000000000E+00   0.000000000000000E+00
   8.739082957200000E-01   1.261378002600000E+01   1.261378002600000E+01   0.000000000000000E+00  -9.990694697000000E-01   0.000000000000000E+00   0.000000000000000E+00   0.000000000000000E+00
   8.761887292500000E-01   1.264669525000000E+01   1.264669525000000E+01   0.000000000000000E+00  -9.990694697000000E-01   0.000000000000000E+00   0.000000000000000E+00   0.000000000000000E+00
   8.784691627800000E-01   1.267961047300000E+01   1.267961047300000E+01   0.000000000000000E+00  -9.990694697000000E-01   0.000000000000000E+00   0.000000000000000E+00   0.000000000000000E+00
   8.807495963100000E-01   1.271252569700000E+01   1.271252569700000E+01   0.000000000000000E+00  -9.990694697000000E-01   0.000000000000000E+00   0.000000000000000E+00   0.000000000000000E+00
   8.830300298400000E-01   1.274544092000000E+01   1.274544092000000E+01   0.000000000000000E+00  -9.990694697000000E-01   0.000000000000000E+00   0.000000000000000E+00   0.000000000000000E+00
   8.851929378900000E-01   1.277665981000000E+01   1.277665981000000E+01   0.000000000000000E+00  -9.990694697000000E-01   0.000000000000000E+00   0.000000000000000E+00   0.000000000000000E+00
   8.873558459400001E-01   1.280787869900000E+01   1.280787869900000E+01   0.000000000000000E+00  -9.990694697000000E-01   0.000000000000000E+00   0.000000000000000E+00   0.000000000000000E+00
   8.895187540000000E-01   1.283909758800000E+01   1.283909758800000E+01   0.000000000000000E+00  -9.990694697000000E-01   0.000000000000000E+00   0.000000000000000E+00   0.000000000000000E+00
   8.916816620500000E-01   1.287031647800000E+01   1.287031647800000E+01   0.000000000000000E+00  -9.990694697000000E-01   0.000000000000000E+00   0.000000000000000E+00   0.000000000000000E+00
   8.934823935700000E-01   1.289630779900000E+01   1.289630779900000E+01   0.000000000000000E+00  -9.990694697000000E-01   0.000000000000000E+00   0.000000000000000E+00   0.000000000000000E+00
   8.952831251000000E-01   1.292229912000000E+01   1.292229912000000E+01   0.000000000000000E+00  -9.990694697000000E-01   0.000000000000000E+00   0.000000000000000E+00   0.000000000000000E+00
   8.970838566200000E-01   1.294829044200000E+01   1.294829044200000E+01   0.000000000000000E+00  -9.990694697000000E-01   0.000000000000000E+00   0.000000000000000E+00   0.000000000000000E+00
   8.988845881500001E-01   1.297428176300000E+01   1.297428176300000E+01   0.000000000000000E+00  -9.990694697000000E-01   0.000000000000000E+00   0.000000000000000E+00   0.000000000000000E+00
   9.007726314600000E-01   1.300153332200000E+01   1.300153332200000E+01   0.000000000000000E+00  -9.990694697000000E-01   0.000000000000000E+00   0.000000000000000E+00   0.000000000000000E+00
   9.026606747600000E-01   1.302878488000000E+01   1.302878488000000E+01   0.000000000000000E+00  -9.990694697000000E-01   0.000000000000000E+00   0.000000000000000E+00   0.000000000000000E+00
   9.045487180700000E-01   1.305603643800000E+01   1.305603643800000E+01   0.000000000000000E+00  -9.990694697000000E-01   0.000000000000000E+00   0.000000000000000E+00   0.000000000000000E+00
   9.064367613800000E-01   1.308328799700000E+01   1.308328799700000E+01   0.000000000000000E+00  -9.990694697000000E-01   0.000000000000000E+00   0.000000000000000E+00   0.000000000000000E+00
   9.083895062400000E-01   1.311147344200000E+01   1.311147344200000E+01   0.000000000000000E+00  -9.990694697000000E-01   0.000000000000000E+00   0.000000000000000E+00   0.000000000000000E+00
   9.103422510900000E-01   1.313965888600000E+01   1.313965888600000E+01   0.000000000000000E+00  -9.990694697000000E-01   0.000000000000000E+00   0.000000000000000E+00   0.000000000000000E+00
   9.122949959500000E-01   1.316784433100000E+01   1.316784433100000E+01   0.000000000000000E+00  -9.990694697000000E-01   0.000000000000000E+00   0.000000000000000E+00   0.000000000000000E+00
   9.142477408000000E-01   1.319602977600000E+01   1.319602977600000E+01   0.000000000000000E+00  -9.990694697000000E-01   0.000000000000000E+00   0.000000000000000E+00   0.000000000000000E+00
   9.164307657400000E-01   1.322753902800000E+01   1.322753902800000E+01   0.000000000000000E+00  -9.990694697000000E-01   0.000000000000000E+00   0.000000000000000E+00   0.000000000000000E+00
   9.186137906800000E-01   1.325904827900000E+01   1.325904827900000E+01   0.000000000000000E+00  -9.990694697000000E-01   0.000000000000000E+00   0.000000000000000E+00   0.000000000000000E+00
   9.207968156200000E-01   1.329055753100000E+01   1.329055753100000E+01   0.000000000000000E+00  -9.990694697000000E-01   0.000000000000000E+00   0.000000000000000E+00   0.000000000000000E+00
   9.229798405500000E-01   1.332206678200000E+01   1.332206678200000E+01   0.000000000000000E+00  -9.990694697000000E-01   0.000000000000000E+00   0.000000000000000E+00   0.000000000000000E+00
   9.254931894400000E-01   1.335834385000000E+01   1.335834385000000E+01   0.000000000000000E+00  -9.990694697000000E-01   0.000000000000000E+00   0.000000000000000E+00   0.000000000000000E+00
   9.280065383300000E-01   1.339462091700000E+01   1.339462091700000E+01   0.000000000000000E+00  -9.990694697000000E-01   0.000000000000000E+00   0.000000000000000E+00   0.000000000000000E+00
   9.305198872200000E-01   1.343089798400000E+01   1.343089798400000E+01   0.000000000000000E+00  -9.990694697000000E-01   0.000000000000000E+00   0.000000000000000E+00   0.000000000000000E+00
   9.330332361100000E-01   1.346717505200000E+01   1.346717505200000E+01   0.000000000000000E+00  -9.990694697000000E-01   0.000000000000000E+00   0.000000000000000E+00   0.000000000000000E+00
   9.357340721300000E-01   1.350615826200000E+01   1.350615826200000E+01   0.000000000000000E+00  -9.990694697000000E-01   0.000000000000000E+00   0.000000000000000E+00   0.000000000000000E+00
   9.384349081500000E-01   1.354514147300000E+01   1.354514147300000E+01   0.000000000000000E+00  -9.990694697000000E-01   0.000000000000000E+00   0.000000000000000E+00   0.000000000000000E+00
   9.411357441700000E-01   1.358412468400000E+01   1.358412468400000E+01   0.000000000000000E+00  -9.990694697000000E-01   0.000000000000000E+00   0.000000000000000E+00   0.000000000000000E+00
   9.438365801800001E-01   1.362310789500000E+01   1.362310789500000E+01   0.000000000000000E+00  -9.990694697000000E-01   0.000000000000000E+00   0.000000000000000E+00   0.000000000000000E+00
   9.469803870800000E-01   1.366848484000000E+01   1.366848484000000E+01   0.000000000000000E+00  -9.990694697000000E-01   0.000000000000000E+00   0.000000000000000E+00   0.000000000000000E+00
   9.501241939700000E-01   1.371386178500000E+01   1.371386178500000E+01   0.000000000000000E+00  -9.990694697000000E-01   0.000000000000000E+00   0.000000000000000E+00   0.000000000000000E+00
   9.532680008600000E-01   1.375923873000000E+01   1.375923873000000E+01   0.000000000000000E+00  -9.990694697000000E-01   0.000000000000000E+00   0.000000000000000E+00   0.000000000000000E+00
   9.564118077600000E-01   1.380461567500000E+01   1.380461567500000E+01   0.000000000000000E+00  -9.990694697000000E-01   0.000000000000000E+00   0.000000000000000E+00   0.000000000000000E+00
   9.592879530200000E-01   1.384612925700000E+01   1.384612925700000E+01   0.000000000000000E+00  -9.990694697000000E-01   0.000000000000000E+00   0.000000000000000E+00   0.000000000000000E+00
   9.621640982800000E-01   1.388764283900000E+01   1.388764283900000E+01   0.000000000000000E+00  -9.990694697000000E-01   0.000000000000000E+00   0.000000000000000E+00   0.000000000000000E+00
   9.650402435500000E-01   1.392915642100000E+01   1.392915642100000E+01   0.000000000000000E+00  -9.990694697000000E-01   0.000000000000000E+00   0.000000000000000E+00   0.000000000000000E+00
   9.679163888100000E-01   1.397067000300000E+01   1.397067000300000E+01   0.000000000000000E+00  -9.990694697000000E-01   0.000000000000000E+00   0.000000000000000E+00   0.000000000000000E+00
   9.706003584700000E-01   1.400940976900000E+01   1.400940976900000E+01   0.000000000000000E+00  -9.990694697000000E-01   0.000000000000000E+00   0.000000000000000E+00   0.000000000000000E+00
   9.732843281300000E-01   1.404814953500000E+01   1.404814953500000E+01   0.000000000000000E+00  -9.990694697000000E-01   0.000000000000000E+00   0.000000000000000E+00   0.000000000000000E+00
   9.759682977900001E-01   1.408688930100000E+01   1.408688930100000E+01   0.000000000000000E+00  -9.990694697000000E-01   0.000000000000000E+00   0.000000000000000E+00   0.000000000000000E+00
   9.786522674500000E-01   1.412562906700000E+01   1.412562906700000E+01   0.000000000000000E+00  -9.990694697000000E-01   0.000000000000000E+00   0.000000000000000E+00   0.000000000000000E+00
   9.813193538900000E-01   1.416412514400000E+01   1.416412514400000E+01   0.000000000000000E+00  -9.990694697000000E-01   0.000000000000000E+00   0.000000000000000E+00   0.000000000000000E+00
   9.839864403200000E-01   1.420262122200000E+01   1.420262122200000E+01   0.000000000000000E+00  -9.990694697000000E-01   0.000000000000000E+00   0.000000000000000E+00   0.000000000000000E+00
   9.866535267500000E-01   1.424111730000000E+01   1.424111730000000E+01   0.000000000000000E+00  -9.990694697000000E-01   0.000000000000000E+00   0.000000000000000E+00   0.000000000000000E+00
   9.893206131800000E-01   1.427961337700000E+01   1.427961337700000E+01   0.000000000000000E+00  -9.990694697000000E-01   0.000000000000000E+00   0.000000000000000E+00   0.000000000000000E+00
   9.919904598900000E-01   1.431814929600000E+01   1.431814929600000E+01   0.000000000000000E+00  -9.990694697000000E-01   0.000000000000000E+00   0.000000000000000E+00   0.000000000000000E+00
   9.946603065900000E-01   1.435668521500000E+01   1.435668521500000E+01   0.000000000000000E+00  -9.990694697000000E-01   0.000000000000000E+00   0.000000000000000E+00   0.000000000000000E+00
   9.973301533000000E-01   1.439522113300000E+01   1.439522113300000E+01   0.000000000000000E+00  -9.990694697000000E-01   0.000000000000000E+00   0.000000000000000E+00   0.000000000000000E+00
   1.000000000000000E+00   1.443375705200000E+01   1.443375705200000E+01   0.000000000000000E+00  -9.990694697000000E-01   0.000000000000000E+00   0.000000000000000E+00   0.000000000000000E+00
