   0.000000000000000E+00  -8.775401037600001E-31   0.000000000000000E+00   0.000000000000000E+00  -9.994068737200000E-01   0.000000000000000E+00   0.000000000000000E+00   0.000000000000000E+00
   8.173425614200000E-03   1.179732396000000E-01   1.179732396000000E-01   0.000000000000000E+00  -9.994068737200000E-01   0.000000000000000E+00   0.000000000000000E+00   0.000000000000000E+00
   1.634685122800000E-02   2.359464792000000E-01   2.359464792000000E-01   0.000000000000000E+00  -9.994068737200000E-01   0.000000000000000E+00   0.000000000000000E+00   0.000000000000000E+00
   2.452027684300000E-02   3.539197187900000E-01   3.539197187900000E-01   0.000000000000000E+00  -9.994068737200000E-01   0.000000000000000E+00   0.000000000000000E+00   0.000000000000000E+00
   3.269370245700000E-02   4.718929583900000E-01   4.718929583900000E-01   0.000000000000000E+00  -9.994068737200000E-01   0.000000000000000E+00   0.000000000000000E+00   0.000000000000000E+00
   4.046154567300000E-02   5.840121202000000E-01   5.840121202000000E-01   0.000000000000000E+00  -9.994068737200000E-01   0.000000000000000E+00   0.000000000000000E+00   0.000000000000000E+00
   4.822938889000000E-02   6.961312820100000E-01   6.961312820100000E-01   0.000000000000000E+00  -9.994068737200000E-01   0.000000000000000E+00   0.000000000000000E+00   0.000000000000000E+00
   5.599723210700000E-02   8.082504438100000E-01   8.082504438100000E-01   0.000000000000000E+00  -9.994068737200000E-01   0.000000000000000E+00   0.000000000000000E+00   0.000000000000000E+00
   6.376507532300001E-02   9.203696056200000E-01   9.203696056200000E-01   0.000000000000000E+00  -9.994068737200000E-01   0.000000000000000E+00   0.000000000000000E+00   0.000000000000000E+00
   7.162049009599999E-02   1.033752754000000E+00   1.033752754000000E+00   0.000000000000000E+00  -9.994068737200000E-01   0.000000000000000E+00   0.000000000000000E+00   0.000000000000000E+00
   7.947590486900000E-02   1.147135902400000E+00   1.147135902400000E+00   0.000000000000000E+00  -9.994068737200000E-01   0.000000000000000E+00   0.000000000000000E+00   0.000000000000000E+00
   8.733131964200000E-02   1.260519050700000E+00   1.260519050700000E+00   0.000000000000000E+00  -9.994068737200000E-01   0.000000000000000E+00   0.000000000000000E+00   0.000000000000000E+00
   9.518673441400000E-02   1.373902199100000E+00   1.373902199100000E+00   0.000000000000000E+00  -9.994068737200000E-01   0.000000000000000E+00   0.000000000000000E+00   0.000000000000000E+00
   1.023295978600000E-01   1.477000554800000E+00   1.477000554800000E+00   0.000000000000000E+00  -9.994068737200000E-01   0.000000000000000E+00   0.000000000000000E+00   0.000000000000000E+00
   1.094724613100000E-01   1.580098910400000E+00   1.580098910400000E+00   0.000000000000000E+00  -9.994068737200000E-01   0.000000000000000E+00   0.000000000000000E+00   0.000000000000000E+00
   1.166153247600000E-01   1.683197266100000E+00   1.683197266100000E+00   0.000000000000000E+00  -9.994068737200000E-01   0.000000000000000E+00   0.000000000000000E+00   0.000000000000000E+00
   1.237581882100000E-01   1.786295621800000E+00   1.786295621800000E+00   0.000000000000000E+00  -9.994068737200000E-01   0.000000000000000E+00   0.000000000000000E+00   0.000000000000000E+00
   1.309378429100000E-01   1.889925013500000E+00   1.889925013500000E+00   0.000000000000000E+00  -9.994068737200000E-01   0.000000000000000E+00   0.000000000000000E+00   0.000000000000000E+00
   1.381174976100000E-01   1.993554405200000E+00   1.993554405200000E+00   0.000000000000000E+00  -9.994068737200000E-01   0.000000000000000E+00   0.000000000000000E+00   0.000000000000000E+00
   1.452971523100000E-01   2.097183796800000E+00   2.097183796800000E+00   0.000000000000000E+00  -9.994068737200000E-01   0.000000000000000E+00   0.000000000000000E+00   0.000000000000000E+00
   1.524768070200000E-01   2.200813188500000E+00   2.200813188500000E+00   0.000000000000000E+00  -9.994068737200000E-01   0.000000000000000E+00   0.000000000000000E+00   0.000000000000000E+00
   1.584813214700000E-01   2.287480891300000E+00   2.287480891300000E+00   0.000000000000000E+00  -9.994068737200000E-01   0.000000000000000E+00   0.000000000000000E+00   0.000000000000000E+00
   1.644858359200000E-01   2.374148594100000E+00   2.374148594100000E+00   0.000000000000000E+00  -9.994068737200000E-01   0.000000000000000E+00   0.000000000000000E+00   0.000000000000000E+00
   1.704903503700000E-01   2.460816296900000E+00   2.460816296900000E+00   0.000000000000000E+00  -9.994068737200000E-01   0.000000000000000E+00   0.000000000000000E+00   0.000000000000000E+00
   1.764948648200000E-01   2.547483999700000E+00   2.547483999700000E+00   0.000000000000000E+00  -9.994068737200000E-01   0.000000000000000E+00   0.000000000000000E+00   0.000000000000000E+00
   1.829419759200000E-01   2.640540035000000E+00   2.640540035000000E+00   0.000000000000000E+00  -9.994068737200000E-01   0.000000000000000E+00   0.000000000000000E+00   0.000000000000000E+00
   1.893890870200000E-01   2.733596070400000E+00   2.733596070400000E+00   0.000000000000000E+00  -9.994068737200000E-01   0.000000000000000E+00   0.000000000000000E+00   0.000000000000000E+00
   1.958361981200000E-01   2.826652105700000E+00   2.826652105700000E+00   0.000000000000000E+00  -9.994068737200000E-01   0.000000000000000E+00   0.000000000000000E+00   0.000000000000000E+00
   2.022833092300000E-01   2.919708141000000E+00   2.919708141000000E+00   0.000000000000000E+00  -9.994068737200000E-01   0.000000000000000E+00   0.000000000000000E+00   0.000000000000000E+00
   2.083614894900000E-01   3.007439118300000E+00   3.007439118300000E+00   0.000000000000000E+00  -9.994068737200000E-01   0.000000000000000E+00   0.000000000000000E+00   0.000000000000000E+00
   2.144396697600000E-01   3.095170095700000E+00   3.095170095700000E+00   0.000000000000000E+00  -9.994068737200000E-01   0.000000000000000E+00   0.000000000000000E+00   0.000000000000000E+00
   2.205178500300000E-01   3.182901073000000E+00   3.182901073000000E+00   0.000000000000000E+00  -9.994068737200000E-01   0.000000000000000E+00   0.000000000000000E+00   0.000000000000000E+00
   2.265960303000000E-01   3.270632050300000E+00   3.270632050300000E+00   0.000000000000000E+00  -9.994068737200000E-01   0.000000000000000E+00   0.000000000000000E+00   0.000000000000000E+00
   2.315908438700000E-01   3.342725975900000E+00   3.342725975900000E+00   0.000000000000000E+00  -9.994068737200000E-01   0.000000000000000E+00   0.000000000000000E+00   0.000000000000000E+00
   2.365856574400000E-01   3.414819901500000E+00   3.414819901500000E+00   0.000000000000000E+00  -9.994068737200000E-01   0.000000000000000E+00   0.000000000000000E+00   0.000000000000000E+00
   2.415804710100000E-01   3.486913827100000E+00   3.486913827100000E+00   0.000000000000000E+00  -9.994068737200000E-01   0.000000000000000E+00   0.000000000000000E+00   0.000000000000000E+00
   2.465752845800000E-01   3.559007752700000E+00   3.559007752700000E+00   0.000000000000000E+00  -9.994068737200000E-01   0.000000000000000E+00   0.000000000000000E+00   0.000000000000000E+00
   2.513724444000000E-01   3.628248792000000E+00   3.628248792000000E+00   0.000000000000000E+00  -9.994068737200000E-01   0.000000000000000E+00   0.000000000000000E+00   0.000000000000000E+00
   2.561696042100000E-01   3.697489831300000E+00   3.697489831300000E+00   0.000000000000000E+00  -9.994068737200000E-01   0.000000000000000E+00   0.000000000000000E+00   0.000000000000000E+00
   2.609667640200000E-01   3.766730870600000E+00   3.766730870600000E+00   0.000000000000000E+00  -9.994068737200000E-01   0.000000000000000E+00   0.000000000000000E+00   0.000000000000000E+00
   2.657639238400000E-01   3.835971909800000E+00   3.835971909800000E+00   0.000000000000000E+00  -9.994068737200000E-01   0.000000000000000E+00   0.000000000000000E+00   0.000000000000000E+00
   2.701815829200000E-01   3.899735327800000E+00   3.899735327800000E+00   0.000000000000000E+00  -9.994068737200000E-01   0.000000000000000E+00   0.000000000000000E+00   0.000000000000000E+00
   2.745992420000000E-01   3.963498745700000E+00   3.963498745700000E+00   0.000000000000000E+00  -9.994068737200000E-01   0.000000000000000E+00   0.000000000000000E+00   0.000000000000000E+00
   2.790169010800000E-01   4.027262163600000E+00   4.027262163600000E+00   0.000000000000000E+00  -9.994068737200000E-01   0.000000000000000E+00   0.000000000000000E+00   0.000000000000000E+00
   2.834345601600000E-01   4.091025581500000E+00   4.091025581500000E+00   0.000000000000000E+00  -9.994068737200000E-01   0.000000000000000E+00   0.000000000000000E+00   0.000000000000000E+00
   2.889715311600000E-01   4.170944875600000E+00   4.170944875600000E+00   0.000000000000000E+00  -9.994068737200000E-01   0.000000000000000E+00   0.000000000000000E+00   0.000000000000000E+00
   2.945085021500000E-01   4.250864169800000E+00   4.250864169800000E+00   0.000000000000000E+00  -9.994068737200000E-01   0.000000000000000E+00   0.000000000000000E+00   0.000000000000000E+00
   3.000454731500000E-01   4.330783464000000E+00   4.330783464000000E+00   0.000000000000000E+00  -9.994068737200000E-01   0.000000000000000E+00   0.000000000000000E+00   0.000000000000000E+00
   3.055824441400000E-01   4.410702758100000E+00   4.410702758100000E+00   0.000000000000000E+00  -9.994068737200000E-01   0.000000000000000E+00   0.000000000000000E+00   0.000000000000000E+00
   3.103271188400000E-01   4.479186239900000E+00   4.479186239900000E+00   0.000000000000000E+00  -9.994068737200000E-01   0.000000000000000E+00   0.000000000000000E+00   0.000000000000000E+00
   3.150717935300000E-01   4.547669721700000E+00   4.547669721700000E+00   0.000000000000000E+00  -9.994068737200000E-01   0.000000000000000E+00   0.000000000000000E+00   0.000000000000000E+00
   3.198164682200000E-01   4.616153203500000E+00   4.616153203500000E+00   0.000000000000000E+00  -9.994068737200000E-01   0.000000000000000E+00   0.000000000000000E+00   0.000000000000000E+00
   3.245611429100000E-01   4.684636685300000E+00   4.684636685300000E+00   0.000000000000000E+00  -9.994068737200000E-01   0.000000000000000E+00   0.000000000000000E+00   0.000000000000000E+00
   3.294692647900000E-01   4.755479324100000E+00   4.755479324100000E+00   0.000000000000000E+00  -9.994068737200000E-01   0.000000000000000E+00   0.000000000000000E+00   0.000000000000000E+00
   3.343773866700000E-01   4.826321962800000E+00   4.826321962800000E+00   0.000000000000000E+00  -9.994068737200000E-01   0.000000000000000E+00   0.000000000000000E+00   0.000000000000000E+00
   3.392855085400000E-01   4.897164601600000E+00   4.897164601600000E+00   0.000000000000000E+00  -9.994068737200000E-01   0.000000000000000E+00   0.000000000000000E+00   0.000000000000000E+00
   3.441936304200000E-01   4.968007240300000E+00   4.968007240300000E+00   0.000000000000000E+00  -9.994068737200000E-01   0.000000000000000E+00   0.000000000000000E+00   0.000000000000000E+00
   3.488952301900000E-01   5.035868989200000E+00   5.035868989200000E+00   0.000000000000000E+00  -9.994068737200000E-01   0.000000000000000E+00   0.000000000000000E+00   0.000000000000000E+00
   3.535968299700000E-01   5.103730738100000E+00   5.103730738100000E+00   0.000000000000000E+00  -9.994068737200000E-01   0.000000000000000E+00   0.000000000000000E+00   0.000000000000000E+00
   3.582984297400000E-01   5.171592487000000E+00   5.171592487000000E+00   0.000000000000000E+00  -9.994068737200000E-01   0.000000000000000E+00   0.000000000000000E+00   0.000000000000000E+00
   3.630000295100000E-01   5.239454235800000E+00   5.239454235800000E+00   0.000000000000000E+00  -9.994068737200000E-01   0.000000000000000E+00   0.000000000000000E+00   0.000000000000000E+00
   3.671462532400000E-01   5.299299821900000E+00   5.299299821900000E+00   0.000000000000000E+00  -9.994068737200000E-01   0.000000000000000E+00   0.000000000000000E+00   0.000000000000000E+00
   3.712924769800000E-01   5.359145407900000E+00   5.359145407900000E+00   0.000000000000000E+00  -9.994068737200000E-01   0.000000000000000E+00   0.000000000000000E+00   0.000000000000000E+00
   3.754387007100000E-01   5.418990993900000E+00   5.418990993900000E+00   0.000000000000000E+00  -9.994068737200000E-01   0.000000000000000E+00   0.000000000000000E+00   0.000000000000000E+00
   3.795849244400000E-01   5.478836580000000E+00   5.478836580000000E+00   0.000000000000000E+00  -9.994068737200000E-01   0.000000000000000E+00   0.000000000000000E+00   0.000000000000000E+00
   3.845140208600000E-01   5.549981960200000E+00   5.549981960200000E+00   0.000000000000000E+00  -9.994068737200000E-01   0.000000000000000E+00   0.000000000000000E+00   0.000000000000000E+00
   3.894431172800000E-01   5.621127340500000E+00   5.621127340500000E+00   0.000000000000000E+00  -9.994068737200000E-01   0.000000000000000E+00   0.000000000000000E+00   0.000000000000000E+00
   3.943722137100000E-01   5.692272720700000E+00   5.692272720700000E+00   0.000000000000000E+00  -9.994068737200000E-01   0.000000000000000E+00   0.000000000000000E+00   0.000000000000000E+00
   3.993013101300000E-01   5.763418101000000E+00   5.763418101000000E+00   0.000000000000000E+00  -9.994068737200000E-01   0.000000000000000E+00   0.000000000000000E+00   0.000000000000000E+00
   4.032072970300000E-01   5.819796167000000E+00   5.819796167000000E+00   0.000000000000000E+00  -9.994068737200000E-01   0.000000000000000E+00   0.000000000000000E+00   0.000000000000000E+00
   4.071132839400000E-01   5.876174233000000E+00   5.876174233000000E+00   0.000000000000000E+00  -9.994068737200000E-01   0.000000000000000E+00   0.000000000000000E+00   0.000000000000000E+00
   4.110192708400000E-01   5.932552299000000E+00   5.932552299000000E+00   0.000000000000000E+00  -9.994068737200000E-01   0.000000000000000E+00   0.000000000000000E+00   0.000000000000000E+00
   4.149252577400000E-01   5.988930365000000E+00   5.988930365000000E+00   0.000000000000000E+00  -9.994068737200000E-01   0.000000000000000E+00   0.000000000000000E+00   0.000000000000000E+00
   4.185913234700000E-01   6.041845467100000E+00   6.041845467100000E+00   0.000000000000000E+00  -9.994068737200000E-01   0.000000000000000E+00   0.000000000000000E+00   0.000000000000000E+00
   4.222573892100000E-01   6.094760569200000E+00   6.094760569200000E+00   0.000000000000000E+00  -9.994068737200000E-01   0.000000000000000E+00   0.000000000000000E+00   0.000000000000000E+00
   4.259234549400000E-01   6.147675671400000E+00   6.147675671400000E+00   0.000000000000000E+00  -9.994068737200000E-01   0.000000000000000E+00   0.000000000000000E+00   0.000000000000000E+00
   4.295895206700000E-01   6.200590773500000E+00   6.200590773500000E+00   0.000000000000000E+00  -9.994068737200000E-01   0.000000000000000E+00   0.000000000000000E+00   0.000000000000000E+00
   4.337218883800000E-01   6.260236365100000E+00   6.260236365100000E+00   0.000000000000000E+00  -9.994068737200000E-01   0.000000000000000E+00   0.000000000000000E+00   0.000000000000000E+00
   4.378542560900000E-01   6.319881956600000E+00   6.319881956600000E+00   0.000000000000000E+00  -9.994068737200000E-01   0.000000000000000E+00   0.000000000000000E+00   0.000000000000000E+00
   4.419866238000000E-01   6.379527548200000E+00   6.379527548200000E+00   0.000000000000000E+00  -9.994068737200000E-01   0.000000000000000E+00   0.000000000000000E+00   0.000000000000000E+00
   4.461189915100000E-01   6.439173139800000E+00   6.439173139800000E+00   0.000000000000000E+00  -9.994068737200000E-01   0.000000000000000E+00   0.000000000000000E+00   0.000000000000000E+00
   4.502022825000000E-01   6.498110369900000E+00   6.498110369900000E+00   0.000000000000000E+00  -9.994068737200000E-01   0.000000000000000E+00   0.000000000000000E+00   0.000000000000000E+00
   4.542855734900000E-01   6.557047600000000E+00   6.557047600000000E+00   0.000000000000000E+00  -9.994068737200000E-01   0.000000000000000E+00   0.000000000000000E+00   0.000000000000000E+00
   4.583688644800000E-01   6.615984830200000E+00   6.615984830200000E+00   0.000000000000000E+00  -9.994068737200000E-01   0.000000000000000E+00   0.000000000000000E+00   0.000000000000000E+00
   4.624521554700000E-01   6.674922060300000E+00   6.674922060300000E+00   0.000000000000000E+00  -9.994068737200000E-01   0.000000000000000E+00   0.000000000000000E+00   0.000000000000000E+00
   4.664809089500000E-01   6.733072109100000E+00   6.733072109100000E+00   0.000000000000000E+00  -9.994068737200000E-01   0.000000000000000E+00   0.000000000000000E+00   0.000000000000000E+00
   4.705096624200000E-01   6.791222158000000E+00   6.791222158000000E+00   0.000000000000000E+00  -9.994068737200000E-01   0.000000000000000E+00   0.000000000000000E+00   0.000000000000000E+00
   4.745384158900000E-01   6.849372206800000E+00   6.849372206800000E+00   0.000000000000000E+00  -9.994068737200000E-01   0.000000000000000E+00   0.000000000000000E+00   0.000000000000000E+00
   4.785671693600000E-01   6.907522255700000E+00   6.907522255700000E+00   0.000000000000000E+00  -9.994068737200000E-01   0.000000000000000E+00   0.000000000000000E+00   0.000000000000000E+00
   4.824255097300000E-01   6.963212603200000E+00   6.963212603200000E+00   0.000000000000000E+00  -9.994068737200000E-01   0.000000000000000E+00   0.000000000000000E+00   0.000000000000000E+00
   4.862838501000000E-01   7.018902950600000E+00   7.018902950600000E+00   0.000000000000000E+00  -9.994068737200000E-01   0.000000000000000E+00   0.000000000000000E+00   0.000000000000000E+00
   4.901421904700000E-01   7.074593298100000E+00   7.074593298100000E+00   0.000000000000000E+00  -9.994068737200000E-01   0.000000000000000E+00   0.000000000000000E+00   0.000000000000000E+00
   4.940005308400000E-01   7.130283645600000E+00   7.130283645600000E+00   0.000000000000000E+00  -9.994068737200000E-01   0.000000000000000E+00   0.000000000000000E+00   0.000000000000000E+00
   4.978621259700000E-01   7.186020971600000E+00   7.186020971600000E+00   0.000000000000000E+00  -9.994068737200000E-01   0.000000000000000E+00   0.000000000000000E+00   0.000000000000000E+00
   5.017237211000000E-01   7.241758297600000E+00   7.241758297600000E+00   0.000000000000000E+00  -9.994068737200000E-01   0.000000000000000E+00   0.000000000000000E+00   0.000000000000000E+00
   5.055853162400000E-01   7.297495623600000E+00   7.297495623600000E+00   0.000000000000000E+00  -9.994068737200000E-01   0.000000000000000E+00   0.000000000000000E+00   0.000000000000000E+00
   5.094469113700000E-01   7.353232949600000E+00   7.353232949600000E+00   0.000000000000000E+00  -9.994068737200000E-01   0.000000000000000E+00   0.000000000000000E+00   0.000000000000000E+00
   5.129379542200000E-01   7.403621813900000E+00   7.403621813900000E+00   0.000000000000000E+00  -9.994068737200000E-01   0.000000000000000E+00   0.000000000000000E+00   0.000000000000000E+00
   5.164289970600000E-01   7.454010678200000E+00   7.454010678200000E+00   0.000000000000000E+00  -9.994068737200000E-01   0.000000000000000E+00   0.000000000000000E+00   0.000000000000000E+00
   5.199200399000000E-01   7.504399542400000E+00   7.504399542400000E+00   0.000000000000000E+00  -9.994068737200000E-01   0.000000000000000E+00   0.000000000000000E+00   0.000000000000000E+00
   5.234110827500000E-01   7.554788406700000E+00   7.554788406700000E+00   0.000000000000000E+00  -9.994068737200000E-01   0.000000000000000E+00   0.000000000000000E+00   0.000000000000000E+00
   5.262736029400000E-01   7.596105327800000E+00   7.596105327800000E+00   0.000000000000000E+00  -9.994068737200000E-01   0.000000000000000E+00   0.000000000000000E+00   0.000000000000000E+00
   5.291361231400000E-01   7.637422248800000E+00   7.637422248800000E+00   0.000000000000000E+00  -9.994068737200000E-01   0.000000000000000E+00   0.000000000000000E+00   0.000000000000000E+00
   5.319986433300000E-01   7.678739169900000E+00   7.678739169900000E+00   0.000000000000000E+00  -9.994068737200000E-01   0.000000000000000E+00   0.000000000000000E+00   0.000000000000000E+00
   5.348611635300000E-01   7.720056090900000E+00   7.720056090900000E+00   0.000000000000000E+00  -9.994068737200000E-01   0.000000000000000E+00   0.000000000000000E+00   0.000000000000000E+00
   5.375392345400000E-01   7.758710717200000E+00   7.758710717200000E+00   0.000000000000000E+00  -9.994068737200000E-01   0.000000000000000E+00   0.000000000000000E+00   0.000000000000000E+00
   5.402173055400000E-01   7.797365343500000E+00   7.797365343500000E+00   0.000000000000000E+00  -9.994068737200000E-01   0.000000000000000E+00   0.000000000000000E+00   0.000000000000000E+00
   5.428953765500000E-01   7.836019969800000E+00   7.836019969800000E+00   0.000000000000000E+00  -9.994068737200000E-01   0.000000000000000E+00   0.000000000000000E+00   0.000000000000000E+00
   5.455734475600000E-01   7.874674596100000E+00   7.874674596100000E+00   0.000000000000000E+00  -9.994068737200000E-01   0.000000000000000E+00   0.000000000000000E+00   0.000000000000000E+00
   5.478692311400000E-01   7.907811378500000E+00   7.907811378500000E+00   0.000000000000000E+00  -9.994068737200000E-01   0.000000000000000E+00   0.000000000000000E+00   0.000000000000000E+00
   5.501650147200000E-01   7.940948161000000E+00   7.940948161000000E+00   0.000000000000000E+00  -9.994068737200000E-01   0.000000000000000E+00   0.000000000000000E+00   0.000000000000000E+00
   5.524607983099999E-01   7.974084943500000E+00   7.974084943500000E+00   0.000000000000000E+00  -9.994068737200000E-01   0.000000000000000E+00   0.000000000000000E+00   0.000000000000000E+00
   5.547565818900000E-01   8.007221725999999E+00   8.007221725999999E+00   0.000000000000000E+00  -9.994068737200000E-01   0.000000000000000E+00   0.000000000000000E+00   0.000000000000000E+00
   5.569267278900000E-01   8.038545086199999E+00   8.038545086199999E+00   0.000000000000000E+00  -9.994068737200000E-01   0.000000000000000E+00   0.000000000000000E+00   0.000000000000000E+00
   5.590968738900000E-01   8.069868446299999E+00   8.069868446299999E+00   0.000000000000000E+00  -9.994068737200000E-01   0.000000000000000E+00   0.000000000000000E+00   0.000000000000000E+00
   5.612670198900001E-01   8.101191806399999E+00   8.101191806399999E+00   0.000000000000000E+00  -9.994068737200000E-01   0.000000000000000E+00   0.000000000000000E+00   0.000000000000000E+00
   5.634371658900000E-01   8.132515166599999E+00   8.132515166599999E+00   0.000000000000000E+00  -9.994068737200000E-01   0.000000000000000E+00   0.000000000000000E+00   0.000000000000000E+00
   5.659397006500000E-01   8.168636145200001E+00   8.168636145200001E+00   0.000000000000000E+00  -9.994068737200000E-01   0.000000000000000E+00   0.000000000000000E+00   0.000000000000000E+00
   5.684422354000001E-01   8.204757123900000E+00   8.204757123900000E+00   0.000000000000000E+00  -9.994068737200000E-01   0.000000000000000E+00   0.000000000000000E+00   0.000000000000000E+00
   5.709447701500000E-01   8.240878102500000E+00   8.240878102500000E+00   0.000000000000000E+00  -9.994068737200000E-01   0.000000000000000E+00   0.000000000000000E+00   0.000000000000000E+00
   5.734473049100000E-01   8.276999081200000E+00   8.276999081200000E+00   0.000000000000000E+00  -9.994068737200000E-01   0.000000000000000E+00   0.000000000000000E+00   0.000000000000000E+00
   5.757904426900000E-01   8.310819362600000E+00   8.310819362600000E+00   0.000000000000000E+00  -9.994068737200000E-01   0.000000000000000E+00   0.000000000000000E+00   0.000000000000000E+00
   5.781335804700000E-01   8.344639644100001E+00   8.344639644100001E+00   0.000000000000000E+00  -9.994068737200000E-01   0.000000000000000E+00   0.000000000000000E+00   0.000000000000000E+00
   5.804767182500000E-01   8.378459925500000E+00   8.378459925500000E+00   0.000000000000000E+00  -9.994068737200000E-01   0.000000000000000E+00   0.000000000000000E+00   0.000000000000000E+00
   5.828198560300000E-01   8.412280207000000E+00   8.412280207000000E+00   0.000000000000000E+00  -9.994068737200000E-01   0.000000000000000E+00   0.000000000000000E+00   0.000000000000000E+00
   5.851514580300000E-01   8.445933983800000E+00   8.445933983800000E+00   0.000000000000000E+00  -9.994068737200000E-01   0.000000000000000E+00   0.000000000000000E+00   0.000000000000000E+00
   5.874830600199999E-01   8.479587760599999E+00   8.479587760599999E+00   0.000000000000000E+00  -9.994068737200000E-01   0.000000000000000E+00   0.000000000000000E+00   0.000000000000000E+00
   5.898146620200000E-01   8.513241537300001E+00   8.513241537300001E+00   0.000000000000000E+00  -9.994068737200000E-01   0.000000000000000E+00   0.000000000000000E+00   0.000000000000000E+00
   5.921462640200000E-01   8.546895314100000E+00   8.546895314100000E+00   0.000000000000000E+00  -9.994068737200000E-01   0.000000000000000E+00   0.000000000000000E+00   0.000000000000000E+00
   5.945834691400000E-01   8.582073340799999E+00   8.582073340799999E+00   0.000000000000000E+00  -9.994068737200000E-01   0.000000000000000E+00   0.000000000000000E+00   0.000000000000000E+00
   5.970206742700001E-01   8.617251367400000E+00   8.617251367400000E+00   0.000000000000000E+00  -9.994068737200000E-01   0.000000000000000E+00   0.000000000000000E+00   0.000000000000000E+00
   5.994578793899999E-01   8.652429394000000E+00   8.652429394000000E+00   0.000000000000000E+00  -9.994068737200000E-01   0.000000000000000E+00   0.000000000000000E+00   0.000000000000000E+00
   6.018950845200000E-01   8.687607420699999E+00   8.687607420699999E+00   0.000000000000000E+00  -9.994068737200000E-01   0.000000000000000E+00   0.000000000000000E+00   0.000000000000000E+00
   6.042657595900000E-01   8.721825168800001E+00   8.721825168800001E+00   0.000000000000000E+00  -9.994068737200000E-01   0.000000000000000E+00   0.000000000000000E+00   0.000000000000000E+00
   6.066364346699999E-01   8.756042916900000E+00   8.756042916900000E+00   0.000000000000000E+00  -9.994068737200000E-01   0.000000000000000E+00   0.000000000000000E+00   0.000000000000000E+00
   6.090071097500001E-01   8.790260665000000E+00   8.790260665000000E+00   0.000000000000000E+00  -9.994068737200000E-01   0.000000000000000E+00   0.000000000000000E+00   0.000000000000000E+00
   6.113777848300000E-01   8.824478413200000E+00   8.824478413200000E+00   0.000000000000000E+00  -9.994068737200000E-01   0.000000000000000E+00   0.000000000000000E+00   0.000000000000000E+00
   6.140515838200000E-01   8.863071378200001E+00   8.863071378200001E+00   0.000000000000000E+00  -9.994068737200000E-01   0.000000000000000E+00   0.000000000000000E+00   0.000000000000000E+00
   6.167253828100000E-01   8.901664343300000E+00   8.901664343300000E+00   0.000000000000000E+00  -9.994068737200000E-01   0.000000000000000E+00   0.000000000000000E+00   0.000000000000000E+00
   6.193991818000000E-01   8.940257308400000E+00   8.940257308400000E+00   0.000000000000000E+00  -9.994068737200000E-01   0.000000000000000E+00   0.000000000000000E+00   0.000000000000000E+00
   6.220729808000000E-01   8.978850273400001E+00   8.978850273400001E+00   0.000000000000000E+00  -9.994068737200000E-01   0.000000000000000E+00   0.000000000000000E+00   0.000000000000000E+00
   6.247956261499999E-01   9.018148275000000E+00   9.018148275000000E+00   0.000000000000000E+00  -9.994068737200000E-01   0.000000000000000E+00   0.000000000000000E+00   0.000000000000000E+00
   6.275182715099999E-01   9.057446276600000E+00   9.057446276600000E+00   0.000000000000000E+00  -9.994068737200000E-01   0.000000000000000E+00   0.000000000000000E+00   0.000000000000000E+00
   6.302409168599999E-01   9.096744278199999E+00   9.096744278199999E+00   0.000000000000000E+00  -9.994068737200000E-01   0.000000000000000E+00   0.000000000000000E+00   0.000000000000000E+00
   6.329635622200001E-01   9.136042279800000E+00   9.136042279800000E+00   0.000000000000000E+00  -9.994068737200000E-01   0.000000000000000E+00   0.000000000000000E+00   0.000000000000000E+00
   6.358923997200000E-01   9.178316408800001E+00   9.178316408800001E+00   0.000000000000000E+00  -9.994068737200000E-01   0.000000000000000E+00   0.000000000000000E+00   0.000000000000000E+00
   6.388212372199999E-01   9.220590537700000E+00   9.220590537700000E+00   0.000000000000000E+00  -9.994068737200000E-01   0.000000000000000E+00   0.000000000000000E+00   0.000000000000000E+00
   6.417500747200000E-01   9.262864666700001E+00   9.262864666700001E+00   0.000000000000000E+00  -9.994068737200000E-01   0.000000000000000E+00   0.000000000000000E+00   0.000000000000000E+00
   6.446789122200000E-01   9.305138795600000E+00   9.305138795600000E+00   0.000000000000000E+00  -9.994068737200000E-01   0.000000000000000E+00   0.000000000000000E+00   0.000000000000000E+00
   6.475628983100000E-01   9.346765550100001E+00   9.346765550100001E+00   0.000000000000000E+00  -9.994068737200000E-01   0.000000000000000E+00   0.000000000000000E+00   0.000000000000000E+00
   6.504468843900000E-01   9.388392304500000E+00   9.388392304500000E+00   0.000000000000000E+00  -9.994068737200000E-01   0.000000000000000E+00   0.000000000000000E+00   0.000000000000000E+00
   6.533308704800000E-01   9.430019058999999E+00   9.430019058999999E+00   0.000000000000000E+00  -9.994068737200000E-01   0.000000000000000E+00   0.000000000000000E+00   0.000000000000000E+00
   6.562148565600000E-01   9.471645813500000E+00   9.471645813500000E+00   0.000000000000000E+00  -9.994068737200000E-01   0.000000000000000E+00   0.000000000000000E+00   0.000000000000000E+00
   6.589132292700000E-01   9.510593469600000E+00   9.510593469600000E+00   0.000000000000000E+00  -9.994068737200000E-01   0.000000000000000E+00   0.000000000000000E+00   0.000000000000000E+00
   6.616116019800000E-01   9.549541125799999E+00   9.549541125799999E+00   0.000000000000000E+00  -9.994068737200000E-01   0.000000000000000E+00   0.000000000000000E+00   0.000000000000000E+00
   6.643099746900000E-01   9.588488782000001E+00   9.588488782000001E+00   0.000000000000000E+00  -9.994068737200000E-01   0.000000000000000E+00   0.000000000000000E+00   0.000000000000000E+00
   6.670083474100000E-01   9.627436438100000E+00   9.627436438100000E+00   0.000000000000000E+00  -9.994068737200000E-01   0.000000000000000E+00   0.000000000000000E+00   0.000000000000000E+00
   6.697405583800000E-01   9.666872507500001E+00   9.666872507500001E+00   0.000000000000000E+00  -9.994068737200000E-01   0.000000000000000E+00   0.000000000000000E+00   0.000000000000000E+00
   6.724727693400000E-01   9.706308576800000E+00   9.706308576800000E+00   0.000000000000000E+00  -9.994068737200000E-01   0.000000000000000E+00   0.000000000000000E+00   0.000000000000000E+00
   6.752049803100000E-01   9.745744646200000E+00   9.745744646200000E+00   0.000000000000000E+00  -9.994068737200000E-01   0.000000000000000E+00   0.000000000000000E+00   0.000000000000000E+00
   6.779371912800000E-01   9.785180715499999E+00   9.785180715499999E+00   0.000000000000000E+00  -9.994068737200000E-01   0.000000000000000E+00   0.000000000000000E+00   0.000000000000000E+00
   6.803865893800000E-01   9.820534732600001E+00   9.820534732600001E+00   0.000000000000000E+00  -9.994068737200000E-01   0.000000000000000E+00   0.000000000000000E+00   0.000000000000000E+00
   6.828359874800000E-01   9.855888749600000E+00   9.855888749600000E+00   0.000000000000000E+00  -9.994068737200000E-01   0.000000000000000E+00   0.000000000000000E+00   0.000000000000000E+00
   6.852853855800000E-01   9.891242766700000E+00   9.891242766700000E+00   0.000000000000000E+00  -9.994068737200000E-01   0.000000000000000E+00   0.000000000000000E+00   0.000000000000000E+00
   6.877347836700000E-01   9.926596783800001E+00   9.926596783800001E+00   0.000000000000000E+00  -9.994068737200000E-01   0.000000000000000E+00   0.000000000000000E+00   0.000000000000000E+00
   6.900207021100000E-01   9.959591175100000E+00   9.959591175100000E+00   0.000000000000000E+00  -9.994068737200000E-01   0.000000000000000E+00   0.000000000000000E+00   0.000000000000000E+00
   6.923066205500000E-01   9.992585566500001E+00   9.992585566500001E+00   0.000000000000000E+00  -9.994068737200000E-01   0.000000000000000E+00   0.000000000000000E+00   0.000000000000000E+00
   6.945925389800000E-01   1.002557995800000E+01   1.002557995800000E+01   0.000000000000000E+00  -9.994068737200000E-01   0.000000000000000E+00   0.000000000000000E+00   0.000000000000000E+00
   6.968784574200000E-01   1.005857434900000E+01   1.005857434900000E+01   0.000000000000000E+00  -9.994068737200000E-01   0.000000000000000E+00   0.000000000000000E+00   0.000000000000000E+00
   6.990350530200000E-01   1.008970212600000E+01   1.008970212600000E+01   0.000000000000000E+00  -9.994068737200000E-01   0.000000000000000E+00   0.000000000000000E+00   0.000000000000000E+00
   7.011916486300001E-01   1.012082990300000E+01   1.012082990300000E+01   0.000000000000000E+00  -9.994068737200000E-01   0.000000000000000E+00   0.000000000000000E+00   0.000000000000000E+00
   7.033482442300000E-01   1.015195768000000E+01   1.015195768000000E+01   0.000000000000000E+00  -9.994068737200000E-01   0.000000000000000E+00   0.000000000000000E+00   0.000000000000000E+00
   7.055048398300000E-01   1.018308545700000E+01   1.018308545700000E+01   0.000000000000000E+00  -9.994068737200000E-01   0.000000000000000E+00   0.000000000000000E+00   0.000000000000000E+00
   7.076207531599999E-01   1.021362603600000E+01   1.021362603600000E+01   0.000000000000000E+00  -9.994068737200000E-01   0.000000000000000E+00   0.000000000000000E+00   0.000000000000000E+00
   7.097366665000000E-01   1.024416661500000E+01   1.024416661500000E+01   0.000000000000000E+00  -9.994068737200000E-01   0.000000000000000E+00   0.000000000000000E+00   0.000000000000000E+00
   7.118525798300001E-01   1.027470719400000E+01   1.027470719400000E+01   0.000000000000000E+00  -9.994068737200000E-01   0.000000000000000E+00   0.000000000000000E+00   0.000000000000000E+00
   7.139684931600000E-01   1.030524777300000E+01   1.030524777300000E+01   0.000000000000000E+00  -9.994068737200000E-01   0.000000000000000E+00   0.000000000000000E+00   0.000000000000000E+00
   7.161241625500000E-01   1.033636218100000E+01   1.033636218100000E+01   0.000000000000000E+00  -9.994068737200000E-01   0.000000000000000E+00   0.000000000000000E+00   0.000000000000000E+00
   7.182798319400000E-01   1.036747659000000E+01   1.036747659000000E+01   0.000000000000000E+00  -9.994068737200000E-01   0.000000000000000E+00   0.000000000000000E+00   0.000000000000000E+00
   7.204355013200000E-01   1.039859099800000E+01   1.039859099800000E+01   0.000000000000000E+00  -9.994068737200000E-01   0.000000000000000E+00   0.000000000000000E+00   0.000000000000000E+00
   7.225911707100000E-01   1.042970540600000E+01   1.042970540600000E+01   0.000000000000000E+00  -9.994068737200000E-01   0.000000000000000E+00   0.000000000000000E+00   0.000000000000000E+00
   7.249842978800000E-01   1.046424722200000E+01   1.046424722200000E+01   0.000000000000000E+00  -9.994068737200000E-01   0.000000000000000E+00   0.000000000000000E+00   0.000000000000000E+00
   7.273774250600000E-01   1.049878903800000E+01   1.049878903800000E+01   0.000000000000000E+00  -9.994068737200000E-01   0.000000000000000E+00   0.000000000000000E+00   0.000000000000000E+00
   7.297705522300000E-01   1.053333085500000E+01   1.053333085500000E+01   0.000000000000000E+00  -9.994068737200000E-01   0.000000000000000E+00   0.000000000000000E+00   0.000000000000000E+00
   7.321636794000000E-01   1.056787267100000E+01   1.056787267100000E+01   0.000000000000000E+00  -9.994068737200000E-01   0.000000000000000E+00   0.000000000000000E+00   0.000000000000000E+00
   7.347031834200000E-01   1.060452725500000E+01   1.060452725500000E+01   0.000000000000000E+00  -9.994068737200000E-01   0.000000000000000E+00   0.000000000000000E+00   0.000000000000000E+00
   7.372426874500000E-01   1.064118183900000E+01   1.064118183900000E+01   0.000000000000000E+00  -9.994068737200000E-01   0.000000000000000E+00   0.000000000000000E+00   0.000000000000000E+00
   7.397821914700000E-01   1.067783642300000E+01   1.067783642300000E+01   0.000000000000000E+00  -9.994068737200000E-01   0.000000000000000E+00   0.000000000000000E+00   0.000000000000000E+00
   7.423216955000000E-01   1.071449100700000E+01   1.071449100700000E+01   0.000000000000000E+00  -9.994068737200000E-01   0.000000000000000E+00   0.000000000000000E+00   0.000000000000000E+00
   7.446074031800000E-01   1.074748235700000E+01   1.074748235700000E+01   0.000000000000000E+00  -9.994068737200000E-01   0.000000000000000E+00   0.000000000000000E+00   0.000000000000000E+00
   7.468931108600000E-01   1.078047370600000E+01   1.078047370600000E+01   0.000000000000000E+00  -9.994068737200000E-01   0.000000000000000E+00   0.000000000000000E+00   0.000000000000000E+00
   7.491788185400000E-01   1.081346505500000E+01   1.081346505500000E+01   0.000000000000000E+00  -9.994068737200000E-01   0.000000000000000E+00   0.000000000000000E+00   0.000000000000000E+00
   7.514645262200000E-01   1.084645640500000E+01   1.084645640500000E+01   0.000000000000000E+00  -9.994068737200000E-01   0.000000000000000E+00   0.000000000000000E+00   0.000000000000000E+00
   7.536352151900000E-01   1.087778760200000E+01   1.087778760200000E+01   0.000000000000000E+00  -9.994068737200000E-01   0.000000000000000E+00   0.000000000000000E+00   0.000000000000000E+00
   7.558059041700000E-01   1.090911879900000E+01   1.090911879900000E+01   0.000000000000000E+00  -9.994068737200000E-01   0.000000000000000E+00   0.000000000000000E+00   0.000000000000000E+00
   7.579765931400000E-01   1.094044999600000E+01   1.094044999600000E+01   0.000000000000000E+00  -9.994068737200000E-01   0.000000000000000E+00   0.000000000000000E+00   0.000000000000000E+00
   7.601472821100000E-01   1.097178119400000E+01   1.097178119400000E+01   0.000000000000000E+00  -9.994068737200000E-01   0.000000000000000E+00   0.000000000000000E+00   0.000000000000000E+00
   7.620276170000000E-01   1.099892149100000E+01   1.099892149100000E+01   0.000000000000000E+00  -9.994068737200000E-01   0.000000000000000E+00   0.000000000000000E+00   0.000000000000000E+00
   7.639079519000000E-01   1.102606178800000E+01   1.102606178800000E+01   0.000000000000000E+00  -9.994068737200000E-01   0.000000000000000E+00   0.000000000000000E+00   0.000000000000000E+00
   7.657882867900000E-01   1.105320208500000E+01   1.105320208500000E+01   0.000000000000000E+00  -9.994068737200000E-01   0.000000000000000E+00   0.000000000000000E+00   0.000000000000000E+00
   7.676686216800001E-01   1.108034238200000E+01   1.108034238200000E+01   0.000000000000000E+00  -9.994068737200000E-01   0.000000000000000E+00   0.000000000000000E+00   0.000000000000000E+00
   7.696257836900000E-01   1.110859158300000E+01   1.110859158300000E+01   0.000000000000000E+00  -9.994068737200000E-01   0.000000000000000E+00   0.000000000000000E+00   0.000000000000000E+00
   7.715829456900000E-01   1.113684078400000E+01   1.113684078400000E+01   0.000000000000000E+00  -9.994068737200000E-01   0.000000000000000E+00   0.000000000000000E+00   0.000000000000000E+00
   7.735401077000000E-01   1.116508998500000E+01   1.116508998500000E+01   0.000000000000000E+00  -9.994068737200000E-01   0.000000000000000E+00   0.000000000000000E+00   0.000000000000000E+00
   7.754972697100000E-01   1.119333918600000E+01   1.119333918600000E+01   0.000000000000000E+00  -9.994068737200000E-01   0.000000000000000E+00   0.000000000000000E+00   0.000000000000000E+00
   7.776027221000000E-01   1.122372877400000E+01   1.122372877400000E+01   0.000000000000000E+00  -9.994068737200000E-01   0.000000000000000E+00   0.000000000000000E+00   0.000000000000000E+00
   7.797081744800000E-01   1.125411836200000E+01   1.125411836200000E+01   0.000000000000000E+00  -9.994068737200000E-01   0.000000000000000E+00   0.000000000000000E+00   0.000000000000000E+00
   7.818136268700000E-01   1.128450795000000E+01   1.128450795000000E+01   0.000000000000000E+00  -9.994068737200000E-01   0.000000000000000E+00   0.000000000000000E+00   0.000000000000000E+00
   7.839190792600000E-01   1.131489753800000E+01   1.131489753800000E+01   0.000000000000000E+00  -9.994068737200000E-01   0.000000000000000E+00   0.000000000000000E+00   0.000000000000000E+00
   7.858828598800000E-01   1.134324227100000E+01   1.134324227100000E+01   0.000000000000000E+00  -9.994068737200000E-01   0.000000000000000E+00   0.000000000000000E+00   0.000000000000000E+00
   7.878466405100000E-01   1.137158700300000E+01   1.137158700300000E+01   0.000000000000000E+00  -9.994068737200000E-01   0.000000000000000E+00   0.000000000000000E+00   0.000000000000000E+00
   7.898104211400000E-01   1.139993173600000E+01   1.139993173600000E+01   0.000000000000000E+00  -9.994068737200000E-01   0.000000000000000E+00   0.000000000000000E+00   0.000000000000000E+00
   7.917742017600000E-01   1.142827646800000E+01   1.142827646800000E+01   0.000000000000000E+00  -9.994068737200000E-01   0.000000000000000E+00   0.000000000000000E+00   0.000000000000000E+00
   7.946913086700000E-01   1.147038128100000E+01   1.147038128100000E+01   0.000000000000000E+00  -9.994068737200000E-01   0.000000000000000E+00   0.000000000000000E+00   0.000000000000000E+00
   7.976084155800000E-01   1.151248609300000E+01   1.151248609300000E+01   0.000000000000000E+00  -9.994068737200000E-01   0.000000000000000E+00   0.000000000000000E+00   0.000000000000000E+00
   8.005255224900000E-01   1.155459090600000E+01   1.155459090600000E+01   0.000000000000000E+00  -9.994068737200000E-01   0.000000000000000E+00   0.000000000000000E+00   0.000000000000000E+00
   8.034426294000000E-01   1.159669571800000E+01   1.159669571800000E+01   0.000000000000000E+00  -9.994068737200000E-01   0.000000000000000E+00   0.000000000000000E+00   0.000000000000000E+00
   8.072801956800000E-01   1.165208621700000E+01   1.165208621700000E+01   0.000000000000000E+00  -9.994068737200000E-01   0.000000000000000E+00   0.000000000000000E+00   0.000000000000000E+00
   8.111177619500000E-01   1.170747671700000E+01   1.170747671700000E+01   0.000000000000000E+00  -9.994068737200000E-01   0.000000000000000E+00   0.000000000000000E+00   0.000000000000000E+00
   8.149553282300001E-01   1.176286721600000E+01   1.176286721600000E+01   0.000000000000000E+00  -9.994068737200000E-01   0.000000000000000E+00   0.000000000000000E+00   0.000000000000000E+00
   8.187928945100000E-01   1.181825771500000E+01   1.181825771500000E+01   0.000000000000000E+00  -9.994068737200000E-01   0.000000000000000E+00   0.000000000000000E+00   0.000000000000000E+00
   8.212982419600000E-01   1.185441929200000E+01   1.185441929200000E+01   0.000000000000000E+00  -9.994068737200000E-01   0.000000000000000E+00   0.000000000000000E+00   0.000000000000000E+00
   8.238035894100000E-01   1.189058086800000E+01   1.189058086800000E+01   0.000000000000000E+00  -9.994068737200000E-01   0.000000000000000E+00   0.000000000000000E+00   0.000000000000000E+00
   8.263089368500000E-01   1.192674244400000E+01   1.192674244400000E+01   0.000000000000000E+00  -9.994068737200000E-01   0.000000000000000E+00   0.000000000000000E+00   0.000000000000000E+00
   8.288142843000000E-01   1.196290402100000E+01   1.196290402100000E+01   0.000000000000000E+00  -9.994068737200000E-01   0.000000000000000E+00   0.000000000000000E+00   0.000000000000000E+00
   8.317994878100000E-01   1.200599172300000E+01   1.200599172300000E+01   0.000000000000000E+00  -9.994068737200000E-01   0.000000000000000E+00   0.000000000000000E+00   0.000000000000000E+00
   8.347846913100000E-01   1.204907942500000E+01   1.204907942500000E+01   0.000000000000000E+00  -9.994068737200000E-01   0.000000000000000E+00   0.000000000000000E+00   0.000000000000000E+00
   8.377698948200000E-01   1.209216712700000E+01   1.209216712700000E+01   0.000000000000000E+00  -9.994068737200000E-01   0.000000000000000E+00   0.000000000000000E+00   0.000000000000000E+00
   8.407550983300000E-01   1.213525483000000E+01   1.213525483000000E+01   0.000000000000000E+00  -9.994068737200000E-01   0.000000000000000E+00   0.000000000000000E+00   0.000000000000000E+00
   8.430864351900000E-01   1.216890477900000E+01   1.216890477900000E+01   0.000000000000000E+00  -9.994068737200000E-01   0.000000000000000E+00   0.000000000000000E+00   0.000000000000000E+00
   8.454177720500000E-01   1.220255472900000E+01   1.220255472900000E+01   0.000000000000000E+00  -9.994068737200000E-01   0.000000000000000E+00   0.000000000000000E+00   0.000000000000000E+00
   8.477491089100000E-01   1.223620467900000E+01   1.223620467900000E+01   0.000000000000000E+00  -9.994068737200000E-01   0.000000000000000E+00   0.000000000000000E+00   0.000000000000000E+00
   8.500804457700000E-01   1.226985462900000E+01   1.226985462900000E+01   0.000000000000000E+00  -9.994068737200000E-01   0.000000000000000E+00   0.000000000000000E+00   0.000000000000000E+00
   8.528602036200000E-01   1.230997697800000E+01   1.230997697800000E+01   0.000000000000000E+00  -9.994068737200000E-01   0.000000000000000E+00   0.000000000000000E+00   0.000000000000000E+00
   8.556399614800000E-01   1.235009932800000E+01   1.235009932800000E+01   0.000000000000000E+00  -9.994068737200000E-01   0.000000000000000E+00   0.000000000000000E+00   0.000000000000000E+00
   8.584197193300001E-01   1.239022167700000E+01   1.239022167700000E+01   0.000000000000000E+00  -9.994068737200000E-01   0.000000000000000E+00   0.000000000000000E+00   0.000000000000000E+00
   8.611994771900000E-01   1.243034402700000E+01   1.243034402700000E+01   0.000000000000000E+00  -9.994068737200000E-01   0.000000000000000E+00   0.000000000000000E+00   0.000000000000000E+00
   8.636998567100000E-01   1.246643389800000E+01   1.246643389800000E+01   0.000000000000000E+00  -9.994068737200000E-01   0.000000000000000E+00   0.000000000000000E+00   0.000000000000000E+00
   8.662002362400000E-01   1.250252376800000E+01   1.250252376800000E+01   0.000000000000000E+00  -9.994068737200000E-01   0.000000000000000E+00   0.000000000000000E+00   0.000000000000000E+00
   8.687006157700000E-01   1.253861363900000E+01   1.253861363900000E+01   0.000000000000000E+00  -9.994068737200000E-01   0.000000000000000E+00   0.000000000000000E+00   0.000000000000000E+00
   8.712009952999999E-01   1.257470351000000E+01   1.257470351000000E+01   0.000000000000000E+00  -9.994068737200000E-01   0.000000000000000E+00   0.000000000000000E+00   0.000000000000000E+00
   8.737707794700000E-01   1.261179515000000E+01   1.261179515000000E+01   0.000000000000000E+00  -9.994068737200000E-01   0.000000000000000E+00   0.000000000000000E+00   0.000000000000000E+00
   8.763405636400000E-01   1.264888679000000E+01   1.264888679000000E+01   0.000000000000000E+00  -9.994068737200000E-01   0.000000000000000E+00   0.000000000000000E+00   0.000000000000000E+00
   8.789103478000000E-01   1.268597843100000E+01   1.268597843100000E+01   0.000000000000000E+00  -9.994068737200000E-01   0.000000000000000E+00   0.000000000000000E+00   0.000000000000000E+00
   8.814801319700000E-01   1.272307007100000E+01   1.272307007100000E+01   0.000000000000000E+00  -9.994068737200000E-01   0.000000000000000E+00   0.000000000000000E+00   0.000000000000000E+00
   8.839612285100000E-01   1.275888161600000E+01   1.275888161600000E+01   0.000000000000000E+00  -9.994068737200000E-01   0.000000000000000E+00   0.000000000000000E+00   0.000000000000000E+00
   8.864423250500000E-01   1.279469316000000E+01   1.279469316000000E+01   0.000000000000000E+00  -9.994068737200000E-01   0.000000000000000E+00   0.000000000000000E+00   0.000000000000000E+00
   8.889234215900000E-01   1.283050470500000E+01   1.283050470500000E+01   0.000000000000000E+00  -9.994068737200000E-01   0.000000000000000E+00   0.000000000000000E+00   0.000000000000000E+00
   8.914045181300000E-01   1.286631625000000E+01   1.286631625000000E+01   0.000000000000000E+00  -9.994068737200000E-01   0.000000000000000E+00   0.000000000000000E+00   0.000000000000000E+00
   8.936740671300000E-01   1.289907436900000E+01   1.289907436900000E+01   0.000000000000000E+00  -9.994068737200000E-01   0.000000000000000E+00   0.000000000000000E+00   0.000000000000000E+00
   8.959436161400000E-01   1.293183248800000E+01   1.293183248800000E+01   0.000000000000000E+00  -9.994068737200000E-01   0.000000000000000E+00   0.000000000000000E+00   0.000000000000000E+00
   8.982131651500000E-01   1.296459060700000E+01   1.296459060700000E+01   0.000000000000000E+00  -9.994068737200000E-01   0.000000000000000E+00   0.000000000000000E+00   0.000000000000000E+00
   9.004827141500000E-01   1.299734872600000E+01   1.299734872600000E+01   0.000000000000000E+00  -9.994068737200000E-01   0.000000000000000E+00   0.000000000000000E+00   0.000000000000000E+00
   9.029265184000000E-01   1.303262200200000E+01   1.303262200200000E+01   0.000000000000000E+00  -9.994068737200000E-01   0.000000000000000E+00   0.000000000000000E+00   0.000000000000000E+00
   9.053703226399999E-01   1.306789527900000E+01   1.306789527900000E+01   0.000000000000000E+00  -9.994068737200000E-01   0.000000000000000E+00   0.000000000000000E+00   0.000000000000000E+00
   9.078141268900000E-01   1.310316855600000E+01   1.310316855600000E+01   0.000000000000000E+00  -9.994068737200000E-01   0.000000000000000E+00   0.000000000000000E+00   0.000000000000000E+00
   9.102579311400000E-01   1.313844183300000E+01   1.313844183300000E+01   0.000000000000000E+00  -9.994068737200000E-01   0.000000000000000E+00   0.000000000000000E+00   0.000000000000000E+00
   9.127190632400000E-01   1.317396521500000E+01   1.317396521500000E+01   0.000000000000000E+00  -9.994068737200000E-01   0.000000000000000E+00   0.000000000000000E+00   0.000000000000000E+00
   9.151801953399999E-01   1.320948859800000E+01   1.320948859800000E+01   0.000000000000000E+00  -9.994068737200000E-01   0.000000000000000E+00   0.000000000000000E+00   0.000000000000000E+00
   9.176413274400000E-01   1.324501198100000E+01   1.324501198100000E+01   0.000000000000000E+00  -9.994068737200000E-01   0.000000000000000E+00   0.000000000000000E+00   0.000000000000000E+00
   9.201024595400000E-01   1.328053536400000E+01   1.328053536400000E+01   0.000000000000000E+00  -9.994068737200000E-01   0.000000000000000E+00   0.000000000000000E+00   0.000000000000000E+00
   9.225266347100000E-01   1.331552531900000E+01   1.331552531900000E+01   0.000000000000000E+00  -9.994068737200000E-01   0.000000000000000E+00   0.000000000000000E+00   0.000000000000000E+00
   9.249508098900000E-01   1.335051527500000E+01   1.335051527500000E+01   0.000000000000000E+00  -9.994068737200000E-01   0.000000000000000E+00   0.000000000000000E+00   0.000000000000000E+00
   9.273749850600000E-01   1.338550523000000E+01   1.338550523000000E+01   0.000000000000000E+00  -9.994068737200000E-01   0.000000000000000E+00   0.000000000000000E+00   0.000000000000000E+00
   9.297991602400000E-01   1.342049518600000E+01   1.342049518600000E+01   0.000000000000000E+00  -9.994068737200000E-01   0.000000000000000E+00   0.000000000000000E+00   0.000000000000000E+00
   9.324445000200000E-01   1.345867737800000E+01   1.345867737800000E+01   0.000000000000000E+00  -9.994068737200000E-01   0.000000000000000E+00   0.000000000000000E+00   0.000000000000000E+00
   9.350898398000000E-01   1.349685957000000E+01   1.349685957000000E+01   0.000000000000000E+00  -9.994068737200000E-01   0.000000000000000E+00   0.000000000000000E+00   0.000000000000000E+00
   9.377351795900000E-01   1.353504176100000E+01   1.353504176100000E+01   0.000000000000000E+00  -9.994068737200000E-01   0.000000000000000E+00   0.000000000000000E+00   0.000000000000000E+00
   9.403805193700000E-01   1.357322395300000E+01   1.357322395300000E+01   0.000000000000000E+00  -9.994068737200000E-01   0.000000000000000E+00   0.000000000000000E+00   0.000000000000000E+00
   9.425667818300000E-01   1.360477993400000E+01   1.360477993400000E+01   0.000000000000000E+00  -9.994068737200000E-01   0.000000000000000E+00   0.000000000000000E+00   0.000000000000000E+00
   9.447530442800000E-01   1.363633591500000E+01   1.363633591500000E+01   0.000000000000000E+00  -9.994068737200000E-01   0.000000000000000E+00   0.000000000000000E+00   0.000000000000000E+00
   9.469393067400000E-01   1.366789189700000E+01   1.366789189700000E+01   0.000000000000000E+00  -9.994068737200000E-01   0.000000000000000E+00   0.000000000000000E+00   0.000000000000000E+00
   9.491255692000000E-01   1.369944787800000E+01   1.369944787800000E+01   0.000000000000000E+00  -9.994068737200000E-01   0.000000000000000E+00   0.000000000000000E+00   0.000000000000000E+00
   9.511098370500000E-01   1.372808831800000E+01   1.372808831800000E+01   0.000000000000000E+00  -9.994068737200000E-01   0.000000000000000E+00   0.000000000000000E+00   0.000000000000000E+00
   9.530941049100000E-01   1.375672875800000E+01   1.375672875800000E+01   0.000000000000000E+00  -9.994068737200000E-01   0.000000000000000E+00   0.000000000000000E+00   0.000000000000000E+00
   9.550783727600000E-01   1.378536919800000E+01   1.378536919800000E+01   0.000000000000000E+00  -9.994068737200000E-01   0.000000000000000E+00   0.000000000000000E+00   0.000000000000000E+00
   9.570626406100000E-01   1.381400963800000E+01   1.381400963800000E+01   0.000000000000000E+00  -9.994068737200000E-01   0.000000000000000E+00   0.000000000000000E+00   0.000000000000000E+00
   9.589927499899999E-01   1.384186836800000E+01   1.384186836800000E+01   0.000000000000000E+00  -9.994068737200000E-01   0.000000000000000E+00   0.000000000000000E+00   0.000000000000000E+00
   9.609228593700000E-01   1.386972709800000E+01   1.386972709800000E+01   0.000000000000000E+00  -9.994068737200000E-01   0.000000000000000E+00   0.000000000000000E+00   0.000000000000000E+00
   9.628529687500000E-01   1.389758582800000E+01   1.389758582800000E+01   0.000000000000000E+00  -9.994068737200000E-01   0.000000000000000E+00   0.000000000000000E+00   0.000000000000000E+00
   9.647830781300000E-01   1.392544455800000E+01   1.392544455800000E+01   0.000000000000000E+00  -9.994068737200000E-01   0.000000000000000E+00   0.000000000000000E+00   0.000000000000000E+00
   9.666142325300000E-01   1.395187499500000E+01   1.395187499500000E+01   0.000000000000000E+00  -9.994068737200000E-01   0.000000000000000E+00   0.000000000000000E+00   0.000000000000000E+00
   9.684453869200000E-01   1.397830543300000E+01   1.397830543300000E+01   0.000000000000000E+00  -9.994068737200000E-01   0.000000000000000E+00   0.000000000000000E+00   0.000000000000000E+00
   9.702765413200000E-01   1.400473587100000E+01   1.400473587100000E+01   0.000000000000000E+00  -9.994068737200000E-01   0.000000000000000E+00   0.000000000000000E+00   0.000000000000000E+00
   9.721076957200000E-01   1.403116630800000E+01   1.403116630800000E+01   0.000000000000000E+00  -9.994068737200000E-01   0.000000000000000E+00   0.000000000000000E+00   0.000000000000000E+00
   9.738741556900000E-01   1.405666296200000E+01   1.405666296200000E+01   0.000000000000000E+00  -9.994068737200000E-01   0.000000000000000E+00   0.000000000000000E+00   0.000000000000000E+00
   9.756406156600000E-01   1.408215961700000E+01   1.408215961700000E+01   0.000000000000000E+00  -9.994068737200000E-01   0.000000000000000E+00   0.000000000000000E+00   0.000000000000000E+00
   9.774070756300000E-01   1.410765627100000E+01   1.410765627100000E+01   0.000000000000000E+00  -9.994068737200000E-01   0.000000000000000E+00   0.000000000000000E+00   0.000000000000000E+00
   9.791735356000000E-01   1.413315292500000E+01   1.413315292500000E+01   0.000000000000000E+00  -9.994068737200000E-01   0.000000000000000E+00   0.000000000000000E+00   0.000000000000000E+00
   9.809288482300000E-01   1.415848868100000E+01   1.415848868100000E+01   0.000000000000000E+00  -9.994068737200000E-01   0.000000000000000E+00   0.000000000000000E+00   0.000000000000000E+00
   9.826841608600000E-01   1.418382443700000E+01   1.418382443700000E+01   0.000000000000000E+00  -9.994068737200000E-01   0.000000000000000E+00   0.000000000000000E+00   0.000000000000000E+00
   9.844394734900000E-01   1.420916019300000E+01   1.420916019300000E+01   0.000000000000000E+00  -9.994068737200000E-01   0.000000000000000E+00   0.000000000000000E+00   0.000000000000000E+00
   9.861947861200000E-01   1.423449594900000E+01   1.423449594900000E+01   0.000000000000000E+00  -9.994068737200000E-01   0.000000000000000E+00   0.000000000000000E+00   0.000000000000000E+00
   9.879213649400000E-01   1.425941696800000E+01   1.425941696800000E+01   0.000000000000000E+00  -9.994068737200000E-01   0.000000000000000E+00   0.000000000000000E+00   0.000000000000000E+00
   9.896479437600000E-01   1.428433798700000E+01   1.428433798700000E+01   0.000000000000000E+00  -9.994068737200000E-01   0.000000000000000E+00   0.000000000000000E+00   0.000000000000000E+00
   9.913745225700000E-01   1.430925900600000E+01   1.430925900600000E+01   0.000000000000000E+00  -9.994068737200000E-01   0.000000000000000E+00   0.000000000000000E+00   0.000000000000000E+00
   9.931011013900000E-01   1.433418002600000E+01   1.433418002600000E+01   0.000000000000000E+00  -9.994068737200000E-01   0.000000000000000E+00   0.000000000000000E+00   0.000000000000000E+00
   9.948258260400000E-01   1.435907428200000E+01   1.435907428200000E+01   0.000000000000000E+00  -9.994068737200000E-01   0.000000000000000E+00   0.000000000000000E+00   0.000000000000000E+00
   9.965505506900000E-01   1.438396853900000E+01   1.438396853900000E+01   0.000000000000000E+00  -9.994068737200000E-01   0.000000000000000E+00   0.000000000000000E+00   0.000000000000000E+00
   9.982752753500000E-01   1.440886279500000E+01   1.440886279500000E+01   0.000000000000000E+00  -9.994068737200000E-01   0.000000000000000E+00   0.000000000000000E+00   0.000000000000000E+00
   1.000000000000000E+00   1.443375705200000E+01   1.443375705200000E+01   0.000000000000000E+00  -9.994068737200000E-01   0.000000000000000E+00   0.000000000000000E+00   0.000000000000000E+00
