   0.000000000000000E+00  -2.232439151700000E-30   0.000000000000000E+00   0.000000000000000E+00  -9.713805929500000E-01   0.000000000000000E+00   0.000000000000000E+00   0.000000000000000E+00
   2.816167399200000E-02   4.064787605700000E-01   4.064787605700000E-01   0.000000000000000E+00  -9.713805929500000E-01   0.000000000000000E+00   0.000000000000000E+00   0.000000000000000E+00
   5.632334798300000E-02   8.129575211400000E-01   8.129575211400000E-01   0.000000000000000E+00  -9.713805929500000E-01   0.000000000000000E+00   0.000000000000000E+00   0.000000000000000E+00
   8.448502197500000E-02   1.219436281700000E+00   1.219436281700000E+00   0.000000000000000E+00  -9.713805929500000E-01   0.000000000000000E+00   0.000000000000000E+00   0.000000000000000E+00
   1.126466959700000E-01   1.625915042300000E+00   1.625915042300000E+00   0.000000000000000E+00  -9.713805929500000E-01   0.000000000000000E+00   0.000000000000000E+00   0.000000000000000E+00
   1.303637643600000E-01   1.881638903100000E+00   1.881638903100000E+00   0.000000000000000E+00  -9.713805929500000E-01   0.000000000000000E+00   0.000000000000000E+00   0.000000000000000E+00
   1.480808327400000E-01   2.137362763900000E+00   2.137362763900000E+00   0.000000000000000E+00  -9.713805929500000E-01   0.000000000000000E+00   0.000000000000000E+00   0.000000000000000E+00
   1.657979011300000E-01   2.393086624700000E+00   2.393086624700000E+00   0.000000000000000E+00  -9.713805929500000E-01   0.000000000000000E+00   0.000000000000000E+00   0.000000000000000E+00
   1.835149695200000E-01   2.648810485500000E+00   2.648810485500000E+00   0.000000000000000E+00  -9.713805929500000E-01   0.000000000000000E+00   0.000000000000000E+00   0.000000000000000E+00
   1.985008551400000E-01   2.865113117700000E+00   2.865113117700000E+00   0.000000000000000E+00  -9.713805929500000E-01   0.000000000000000E+00   0.000000000000000E+00   0.000000000000000E+00
   2.134867407600000E-01   3.081415750000000E+00   3.081415750000000E+00   0.000000000000000E+00  -9.713805929500000E-01   0.000000000000000E+00   0.000000000000000E+00   0.000000000000000E+00
   2.284726263800000E-01   3.297718382200000E+00   3.297718382200000E+00   0.000000000000000E+00  -9.713805929500000E-01   0.000000000000000E+00   0.000000000000000E+00   0.000000000000000E+00
   2.434585120000000E-01   3.514021014500000E+00   3.514021014500000E+00   0.000000000000000E+00  -9.713805929500000E-01   0.000000000000000E+00   0.000000000000000E+00   0.000000000000000E+00
   2.582638680700000E-01   3.727717927000000E+00   3.727717927000000E+00   0.000000000000000E+00  -9.713805929500000E-01   0.000000000000000E+00   0.000000000000000E+00   0.000000000000000E+00
   2.730692241400000E-01   3.941414839600000E+00   3.941414839600000E+00   0.000000000000000E+00  -9.713805929500000E-01   0.000000000000000E+00   0.000000000000000E+00   0.000000000000000E+00
   2.878745802100000E-01   4.155111752100000E+00   4.155111752100000E+00   0.000000000000000E+00  -9.713805929500000E-01   0.000000000000000E+00   0.000000000000000E+00   0.000000000000000E+00
   3.026799362700000E-01   4.368808664700000E+00   4.368808664700000E+00   0.000000000000000E+00  -9.713805929500000E-01   0.000000000000000E+00   0.000000000000000E+00   0.000000000000000E+00
   3.120887830300000E-01   4.504613673000000E+00   4.504613673000000E+00   0.000000000000000E+00  -9.713805929500000E-01   0.000000000000000E+00   0.000000000000000E+00   0.000000000000000E+00
   3.214976297900000E-01   4.640418681200000E+00   4.640418681200000E+00   0.000000000000000E+00  -9.713805929500000E-01   0.000000000000000E+00   0.000000000000000E+00   0.000000000000000E+00
   3.309064765500000E-01   4.776223689500000E+00   4.776223689500000E+00   0.000000000000000E+00  -9.713805929500000E-01   0.000000000000000E+00   0.000000000000000E+00   0.000000000000000E+00
   3.403153233100000E-01   4.912028697800000E+00   4.912028697800000E+00   0.000000000000000E+00  -9.713805929500000E-01   0.000000000000000E+00   0.000000000000000E+00   0.000000000000000E+00
   3.489715886000000E-01   5.036971127800000E+00   5.036971127800000E+00   0.000000000000000E+00  -9.713805929500000E-01   0.000000000000000E+00   0.000000000000000E+00   0.000000000000000E+00
   3.576278538800000E-01   5.161913557900000E+00   5.161913557900000E+00   0.000000000000000E+00  -9.713805929500000E-01   0.000000000000000E+00   0.000000000000000E+00   0.000000000000000E+00
   3.662841191600000E-01   5.286855988000000E+00   5.286855988000000E+00   0.000000000000000E+00  -9.713805929500000E-01   0.000000000000000E+00   0.000000000000000E+00   0.000000000000000E+00
   3.749403844500000E-01   5.411798418100000E+00   5.411798418100000E+00   0.000000000000000E+00  -9.713805929500000E-01   0.000000000000000E+00   0.000000000000000E+00   0.000000000000000E+00
   3.840843089100000E-01   5.543779602400000E+00   5.543779602400000E+00   0.000000000000000E+00  -9.713805929500000E-01   0.000000000000000E+00   0.000000000000000E+00   0.000000000000000E+00
   3.932282333800000E-01   5.675760786600000E+00   5.675760786600000E+00   0.000000000000000E+00  -9.713805929500000E-01   0.000000000000000E+00   0.000000000000000E+00   0.000000000000000E+00
   4.023721578500000E-01   5.807741970900000E+00   5.807741970900000E+00   0.000000000000000E+00  -9.713805929500000E-01   0.000000000000000E+00   0.000000000000000E+00   0.000000000000000E+00
   4.115160823200000E-01   5.939723155200000E+00   5.939723155200000E+00   0.000000000000000E+00  -9.713805929500000E-01   0.000000000000000E+00   0.000000000000000E+00   0.000000000000000E+00
   4.189298717700000E-01   6.046731991000000E+00   6.046731991000000E+00   0.000000000000000E+00  -9.713805929500000E-01   0.000000000000000E+00   0.000000000000000E+00   0.000000000000000E+00
   4.263436612300000E-01   6.153740826800000E+00   6.153740826800000E+00   0.000000000000000E+00  -9.713805929500000E-01   0.000000000000000E+00   0.000000000000000E+00   0.000000000000000E+00
   4.337574506800000E-01   6.260749662600000E+00   6.260749662600000E+00   0.000000000000000E+00  -9.713805929500000E-01   0.000000000000000E+00   0.000000000000000E+00   0.000000000000000E+00
   4.411712401400000E-01   6.367758498400000E+00   6.367758498400000E+00   0.000000000000000E+00  -9.713805929500000E-01   0.000000000000000E+00   0.000000000000000E+00   0.000000000000000E+00
   4.470853150800000E-01   6.453120819400000E+00   6.453120819400000E+00   0.000000000000000E+00  -9.713805929500000E-01   0.000000000000000E+00   0.000000000000000E+00   0.000000000000000E+00
   4.529993900300000E-01   6.538483140400000E+00   6.538483140400000E+00   0.000000000000000E+00  -9.713805929500000E-01   0.000000000000000E+00   0.000000000000000E+00   0.000000000000000E+00
   4.589134649800000E-01   6.623845461400000E+00   6.623845461400000E+00   0.000000000000000E+00  -9.713805929500000E-01   0.000000000000000E+00   0.000000000000000E+00   0.000000000000000E+00
   4.648275399300000E-01   6.709207782400000E+00   6.709207782400000E+00   0.000000000000000E+00  -9.713805929500000E-01   0.000000000000000E+00   0.000000000000000E+00   0.000000000000000E+00
   4.692831537400000E-01   6.773519029700000E+00   6.773519029700000E+00   0.000000000000000E+00  -9.713805929500000E-01   0.000000000000000E+00   0.000000000000000E+00   0.000000000000000E+00
   4.737387675500000E-01   6.837830276900000E+00   6.837830276900000E+00   0.000000000000000E+00  -9.713805929500000E-01   0.000000000000000E+00   0.000000000000000E+00   0.000000000000000E+00
   4.781943813600000E-01   6.902141524200000E+00   6.902141524200000E+00   0.000000000000000E+00  -9.713805929500000E-01   0.000000000000000E+00   0.000000000000000E+00   0.000000000000000E+00
   4.826499951700000E-01   6.966452771500000E+00   6.966452771500000E+00   0.000000000000000E+00  -9.713805929500000E-01   0.000000000000000E+00   0.000000000000000E+00   0.000000000000000E+00
   4.868142251600000E-01   7.026558255400000E+00   7.026558255400000E+00   0.000000000000000E+00  -9.713805929500000E-01   0.000000000000000E+00   0.000000000000000E+00   0.000000000000000E+00
   4.909784551400000E-01   7.086663739200000E+00   7.086663739200000E+00   0.000000000000000E+00  -9.713805929500000E-01   0.000000000000000E+00   0.000000000000000E+00   0.000000000000000E+00
   4.951426851200000E-01   7.146769223100000E+00   7.146769223100000E+00   0.000000000000000E+00  -9.713805929500000E-01   0.000000000000000E+00   0.000000000000000E+00   0.000000000000000E+00
   4.993069151000000E-01   7.206874707000000E+00   7.206874707000000E+00   0.000000000000000E+00  -9.713805929500000E-01   0.000000000000000E+00   0.000000000000000E+00   0.000000000000000E+00
   5.027187878100000E-01   7.256120848800000E+00   7.256120848800000E+00   0.000000000000000E+00  -9.713805929500000E-01   0.000000000000000E+00   0.000000000000000E+00   0.000000000000000E+00
   5.061306605200000E-01   7.305366990500000E+00   7.305366990500000E+00   0.000000000000000E+00  -9.713805929500000E-01   0.000000000000000E+00   0.000000000000000E+00   0.000000000000000E+00
   5.095425332300000E-01   7.354613132300000E+00   7.354613132300000E+00   0.000000000000000E+00  -9.713805929500000E-01   0.000000000000000E+00   0.000000000000000E+00   0.000000000000000E+00
   5.129544059400000E-01   7.403859274000000E+00   7.403859274000000E+00   0.000000000000000E+00  -9.713805929500000E-01   0.000000000000000E+00   0.000000000000000E+00   0.000000000000000E+00
   5.169518706600000E-01   7.461557708700000E+00   7.461557708700000E+00   0.000000000000000E+00  -9.713805929500000E-01   0.000000000000000E+00   0.000000000000000E+00   0.000000000000000E+00
   5.209493353900000E-01   7.519256143400000E+00   7.519256143400000E+00   0.000000000000000E+00  -9.713805929500000E-01   0.000000000000000E+00   0.000000000000000E+00   0.000000000000000E+00
   5.249468001199999E-01   7.576954578100000E+00   7.576954578100000E+00   0.000000000000000E+00  -9.713805929500000E-01   0.000000000000000E+00   0.000000000000000E+00   0.000000000000000E+00
   5.289442648500000E-01   7.634653012800000E+00   7.634653012800000E+00   0.000000000000000E+00  -9.713805929500000E-01   0.000000000000000E+00   0.000000000000000E+00   0.000000000000000E+00
   5.316671738900000E-01   7.673954820400000E+00   7.673954820400000E+00   0.000000000000000E+00  -9.713805929500000E-01   0.000000000000000E+00   0.000000000000000E+00   0.000000000000000E+00
   5.343900829300000E-01   7.713256628000000E+00   7.713256628000000E+00   0.000000000000000E+00  -9.713805929500000E-01   0.000000000000000E+00   0.000000000000000E+00   0.000000000000000E+00
   5.371129919700000E-01   7.752558435600000E+00   7.752558435600000E+00   0.000000000000000E+00  -9.713805929500000E-01   0.000000000000000E+00   0.000000000000000E+00   0.000000000000000E+00
   5.398359010100000E-01   7.791860243200000E+00   7.791860243200000E+00   0.000000000000000E+00  -9.713805929500000E-01   0.000000000000000E+00   0.000000000000000E+00   0.000000000000000E+00
   5.419420155300000E-01   7.822259388500000E+00   7.822259388500000E+00   0.000000000000000E+00  -9.713805929500000E-01   0.000000000000000E+00   0.000000000000000E+00   0.000000000000000E+00
   5.440481300500000E-01   7.852658533800000E+00   7.852658533800000E+00   0.000000000000000E+00  -9.713805929500000E-01   0.000000000000000E+00   0.000000000000000E+00   0.000000000000000E+00
   5.461542445699999E-01   7.883057679100000E+00   7.883057679100000E+00   0.000000000000000E+00  -9.713805929500000E-01   0.000000000000000E+00   0.000000000000000E+00   0.000000000000000E+00
   5.482603590900000E-01   7.913456824400000E+00   7.913456824400000E+00   0.000000000000000E+00  -9.713805929500000E-01   0.000000000000000E+00   0.000000000000000E+00   0.000000000000000E+00
   5.499970762500000E-01   7.938524177900000E+00   7.938524177900000E+00   0.000000000000000E+00  -9.713805929500000E-01   0.000000000000000E+00   0.000000000000000E+00   0.000000000000000E+00
   5.517337933999999E-01   7.963591531400000E+00   7.963591531400000E+00   0.000000000000000E+00  -9.713805929500000E-01   0.000000000000000E+00   0.000000000000000E+00   0.000000000000000E+00
   5.534705105600000E-01   7.988658884900000E+00   7.988658884900000E+00   0.000000000000000E+00  -9.713805929500000E-01   0.000000000000000E+00   0.000000000000000E+00   0.000000000000000E+00
   5.552072277200000E-01   8.013726238400000E+00   8.013726238400000E+00   0.000000000000000E+00  -9.713805929500000E-01   0.000000000000000E+00   0.000000000000000E+00   0.000000000000000E+00
   5.569860770600000E-01   8.039401717700001E+00   8.039401717700001E+00   0.000000000000000E+00  -9.713805929500000E-01   0.000000000000000E+00   0.000000000000000E+00   0.000000000000000E+00
   5.587649264100000E-01   8.065077196900001E+00   8.065077196900001E+00   0.000000000000000E+00  -9.713805929500000E-01   0.000000000000000E+00   0.000000000000000E+00   0.000000000000000E+00
   5.605437757500000E-01   8.090752676199999E+00   8.090752676199999E+00   0.000000000000000E+00  -9.713805929500000E-01   0.000000000000000E+00   0.000000000000000E+00   0.000000000000000E+00
   5.623226250900000E-01   8.116428155500000E+00   8.116428155500000E+00   0.000000000000000E+00  -9.713805929500000E-01   0.000000000000000E+00   0.000000000000000E+00   0.000000000000000E+00
   5.637497923000000E-01   8.137027540200000E+00   8.137027540200000E+00   0.000000000000000E+00  -9.713805929500000E-01   0.000000000000000E+00   0.000000000000000E+00   0.000000000000000E+00
   5.651769595100000E-01   8.157626925000001E+00   8.157626925000001E+00   0.000000000000000E+00  -9.713805929500000E-01   0.000000000000000E+00   0.000000000000000E+00   0.000000000000000E+00
   5.666041267200000E-01   8.178226309799999E+00   8.178226309799999E+00   0.000000000000000E+00  -9.713805929500000E-01   0.000000000000000E+00   0.000000000000000E+00   0.000000000000000E+00
   5.680312939300000E-01   8.198825694500000E+00   8.198825694500000E+00   0.000000000000000E+00  -9.713805929500000E-01   0.000000000000000E+00   0.000000000000000E+00   0.000000000000000E+00
   5.692642411200000E-01   8.216621754700000E+00   8.216621754700000E+00   0.000000000000000E+00  -9.713805929500000E-01   0.000000000000000E+00   0.000000000000000E+00   0.000000000000000E+00
   5.704971883000000E-01   8.234417814800000E+00   8.234417814800000E+00   0.000000000000000E+00  -9.713805929500000E-01   0.000000000000000E+00   0.000000000000000E+00   0.000000000000000E+00
   5.717301354900000E-01   8.252213875000001E+00   8.252213875000001E+00   0.000000000000000E+00  -9.713805929500000E-01   0.000000000000000E+00   0.000000000000000E+00   0.000000000000000E+00
   5.729630826800000E-01   8.270009935099999E+00   8.270009935099999E+00   0.000000000000000E+00  -9.713805929500000E-01   0.000000000000000E+00   0.000000000000000E+00   0.000000000000000E+00
   5.739415636200000E-01   8.284133091399999E+00   8.284133091399999E+00   0.000000000000000E+00  -9.713805929500000E-01   0.000000000000000E+00   0.000000000000000E+00   0.000000000000000E+00
   5.749200445700000E-01   8.298256247599999E+00   8.298256247599999E+00   0.000000000000000E+00  -9.713805929500000E-01   0.000000000000000E+00   0.000000000000000E+00   0.000000000000000E+00
   5.758985255100000E-01   8.312379403800000E+00   8.312379403800000E+00   0.000000000000000E+00  -9.713805929500000E-01   0.000000000000000E+00   0.000000000000000E+00   0.000000000000000E+00
   5.768770064500000E-01   8.326502560000000E+00   8.326502560000000E+00   0.000000000000000E+00  -9.713805929500000E-01   0.000000000000000E+00   0.000000000000000E+00   0.000000000000000E+00
   5.777571913100000E-01   8.339206934400000E+00   8.339206934400000E+00   0.000000000000000E+00  -9.713805929500000E-01   0.000000000000000E+00   0.000000000000000E+00   0.000000000000000E+00
   5.786373761600000E-01   8.351911308700000E+00   8.351911308700000E+00   0.000000000000000E+00  -9.713805929500000E-01   0.000000000000000E+00   0.000000000000000E+00   0.000000000000000E+00
   5.795175610100000E-01   8.364615683000000E+00   8.364615683000000E+00   0.000000000000000E+00  -9.713805929500000E-01   0.000000000000000E+00   0.000000000000000E+00   0.000000000000000E+00
   5.803977458600000E-01   8.377320057300000E+00   8.377320057300000E+00   0.000000000000000E+00  -9.713805929500000E-01   0.000000000000000E+00   0.000000000000000E+00   0.000000000000000E+00
   5.812608605700000E-01   8.389778045300000E+00   8.389778045300000E+00   0.000000000000000E+00  -9.713805929500000E-01   0.000000000000000E+00   0.000000000000000E+00   0.000000000000000E+00
   5.821239752800000E-01   8.402236033299999E+00   8.402236033299999E+00   0.000000000000000E+00  -9.713805929500000E-01   0.000000000000000E+00   0.000000000000000E+00   0.000000000000000E+00
   5.829870899800000E-01   8.414694021200001E+00   8.414694021200001E+00   0.000000000000000E+00  -9.713805929500000E-01   0.000000000000000E+00   0.000000000000000E+00   0.000000000000000E+00
   5.838502046900000E-01   8.427152009200000E+00   8.427152009200000E+00   0.000000000000000E+00  -9.713805929500000E-01   0.000000000000000E+00   0.000000000000000E+00   0.000000000000000E+00
   5.847069359200000E-01   8.439517859800000E+00   8.439517859800000E+00   0.000000000000000E+00  -9.713805929500000E-01   0.000000000000000E+00   0.000000000000000E+00   0.000000000000000E+00
   5.855636671600000E-01   8.451883710300001E+00   8.451883710300001E+00   0.000000000000000E+00  -9.713805929500000E-01   0.000000000000000E+00   0.000000000000000E+00   0.000000000000000E+00
   5.864203984000000E-01   8.464249560800001E+00   8.464249560800001E+00   0.000000000000000E+00  -9.713805929500000E-01   0.000000000000000E+00   0.000000000000000E+00   0.000000000000000E+00
   5.872771296300000E-01   8.476615411299999E+00   8.476615411299999E+00   0.000000000000000E+00  -9.713805929500000E-01   0.000000000000000E+00   0.000000000000000E+00   0.000000000000000E+00
   5.883060872100000E-01   8.491467135100001E+00   8.491467135100001E+00   0.000000000000000E+00  -9.713805929500000E-01   0.000000000000000E+00   0.000000000000000E+00   0.000000000000000E+00
   5.893350447900000E-01   8.506318858800000E+00   8.506318858800000E+00   0.000000000000000E+00  -9.713805929500000E-01   0.000000000000000E+00   0.000000000000000E+00   0.000000000000000E+00
   5.903640023700000E-01   8.521170582500000E+00   8.521170582500000E+00   0.000000000000000E+00  -9.713805929500000E-01   0.000000000000000E+00   0.000000000000000E+00   0.000000000000000E+00
   5.913929599500000E-01   8.536022306200000E+00   8.536022306200000E+00   0.000000000000000E+00  -9.713805929500000E-01   0.000000000000000E+00   0.000000000000000E+00   0.000000000000000E+00
   5.928177873400000E-01   8.556587918500000E+00   8.556587918500000E+00   0.000000000000000E+00  -9.713805929500000E-01   0.000000000000000E+00   0.000000000000000E+00   0.000000000000000E+00
   5.942426147200000E-01   8.577153530800000E+00   8.577153530800000E+00   0.000000000000000E+00  -9.713805929500000E-01   0.000000000000000E+00   0.000000000000000E+00   0.000000000000000E+00
   5.956674421000000E-01   8.597719143100001E+00   8.597719143100001E+00   0.000000000000000E+00  -9.713805929500000E-01   0.000000000000000E+00   0.000000000000000E+00   0.000000000000000E+00
   5.970922694800000E-01   8.618284755399999E+00   8.618284755399999E+00   0.000000000000000E+00  -9.713805929500000E-01   0.000000000000000E+00   0.000000000000000E+00   0.000000000000000E+00
   5.984590434700000E-01   8.638012439000001E+00   8.638012439000001E+00   0.000000000000000E+00  -9.713805929500000E-01   0.000000000000000E+00   0.000000000000000E+00   0.000000000000000E+00
   5.998258174500000E-01   8.657740122500000E+00   8.657740122500000E+00   0.000000000000000E+00  -9.713805929500000E-01   0.000000000000000E+00   0.000000000000000E+00   0.000000000000000E+00
   6.011925914300000E-01   8.677467806099999E+00   8.677467806099999E+00   0.000000000000000E+00  -9.713805929500000E-01   0.000000000000000E+00   0.000000000000000E+00   0.000000000000000E+00
   6.025593654100000E-01   8.697195489700000E+00   8.697195489700000E+00   0.000000000000000E+00  -9.713805929500000E-01   0.000000000000000E+00   0.000000000000000E+00   0.000000000000000E+00
   6.035580630100000E-01   8.711610448200000E+00   8.711610448200000E+00   0.000000000000000E+00  -9.713805929500000E-01   0.000000000000000E+00   0.000000000000000E+00   0.000000000000000E+00
   6.045567606100000E-01   8.726025406800000E+00   8.726025406800000E+00   0.000000000000000E+00  -9.713805929500000E-01   0.000000000000000E+00   0.000000000000000E+00   0.000000000000000E+00
   6.055554582100000E-01   8.740440365300000E+00   8.740440365300000E+00   0.000000000000000E+00  -9.713805929500000E-01   0.000000000000000E+00   0.000000000000000E+00   0.000000000000000E+00
   6.065541558100001E-01   8.754855323899999E+00   8.754855323899999E+00   0.000000000000000E+00  -9.713805929500000E-01   0.000000000000000E+00   0.000000000000000E+00   0.000000000000000E+00
   6.074792058600000E-01   8.768207271600000E+00   8.768207271600000E+00   0.000000000000000E+00  -9.713805929500000E-01   0.000000000000000E+00   0.000000000000000E+00   0.000000000000000E+00
   6.084042559200000E-01   8.781559219300000E+00   8.781559219300000E+00   0.000000000000000E+00  -9.713805929500000E-01   0.000000000000000E+00   0.000000000000000E+00   0.000000000000000E+00
   6.093293059700000E-01   8.794911167000000E+00   8.794911167000000E+00   0.000000000000000E+00  -9.713805929500000E-01   0.000000000000000E+00   0.000000000000000E+00   0.000000000000000E+00
   6.102543560200000E-01   8.808263114700001E+00   8.808263114700001E+00   0.000000000000000E+00  -9.713805929500000E-01   0.000000000000000E+00   0.000000000000000E+00   0.000000000000000E+00
   6.111194328400000E-01   8.820749423400001E+00   8.820749423400001E+00   0.000000000000000E+00  -9.713805929500000E-01   0.000000000000000E+00   0.000000000000000E+00   0.000000000000000E+00
   6.119845096600000E-01   8.833235732100000E+00   8.833235732100000E+00   0.000000000000000E+00  -9.713805929500000E-01   0.000000000000000E+00   0.000000000000000E+00   0.000000000000000E+00
   6.128495864900000E-01   8.845722040800000E+00   8.845722040800000E+00   0.000000000000000E+00  -9.713805929500000E-01   0.000000000000000E+00   0.000000000000000E+00   0.000000000000000E+00
   6.137146633100000E-01   8.858208349400000E+00   8.858208349400000E+00   0.000000000000000E+00  -9.713805929500000E-01   0.000000000000000E+00   0.000000000000000E+00   0.000000000000000E+00
   6.145680031300000E-01   8.870525249100000E+00   8.870525249100000E+00   0.000000000000000E+00  -9.713805929500000E-01   0.000000000000000E+00   0.000000000000000E+00   0.000000000000000E+00
   6.154213429600000E-01   8.882842148800000E+00   8.882842148800000E+00   0.000000000000000E+00  -9.713805929500000E-01   0.000000000000000E+00   0.000000000000000E+00   0.000000000000000E+00
   6.162746827800000E-01   8.895159048500000E+00   8.895159048500000E+00   0.000000000000000E+00  -9.713805929500000E-01   0.000000000000000E+00   0.000000000000000E+00   0.000000000000000E+00
   6.171280226000000E-01   8.907475948200000E+00   8.907475948200000E+00   0.000000000000000E+00  -9.713805929500000E-01   0.000000000000000E+00   0.000000000000000E+00   0.000000000000000E+00
   6.181055574300000E-01   8.921585448400000E+00   8.921585448400000E+00   0.000000000000000E+00  -9.713805929500000E-01   0.000000000000000E+00   0.000000000000000E+00   0.000000000000000E+00
   6.190830922600000E-01   8.935694948700000E+00   8.935694948700000E+00   0.000000000000000E+00  -9.713805929500000E-01   0.000000000000000E+00   0.000000000000000E+00   0.000000000000000E+00
   6.200606270900000E-01   8.949804448900000E+00   8.949804448900000E+00   0.000000000000000E+00  -9.713805929500000E-01   0.000000000000000E+00   0.000000000000000E+00   0.000000000000000E+00
   6.210381619200001E-01   8.963913949100000E+00   8.963913949100000E+00   0.000000000000000E+00  -9.713805929500000E-01   0.000000000000000E+00   0.000000000000000E+00   0.000000000000000E+00
   6.218394116600000E-01   8.975478993199999E+00   8.975478993199999E+00   0.000000000000000E+00  -9.713805929500000E-01   0.000000000000000E+00   0.000000000000000E+00   0.000000000000000E+00
   6.226406613900000E-01   8.987044037300000E+00   8.987044037300000E+00   0.000000000000000E+00  -9.713805929500000E-01   0.000000000000000E+00   0.000000000000000E+00   0.000000000000000E+00
   6.234419111300000E-01   8.998609081300000E+00   8.998609081300000E+00   0.000000000000000E+00  -9.713805929500000E-01   0.000000000000000E+00   0.000000000000000E+00   0.000000000000000E+00
   6.242431608700000E-01   9.010174125400001E+00   9.010174125400001E+00   0.000000000000000E+00  -9.713805929500000E-01   0.000000000000000E+00   0.000000000000000E+00   0.000000000000000E+00
   6.248924079400000E-01   9.019545199800000E+00   9.019545199800000E+00   0.000000000000000E+00  -9.713805929500000E-01   0.000000000000000E+00   0.000000000000000E+00   0.000000000000000E+00
   6.255416550000000E-01   9.028916274200000E+00   9.028916274200000E+00   0.000000000000000E+00  -9.713805929500000E-01   0.000000000000000E+00   0.000000000000000E+00   0.000000000000000E+00
   6.261909020600001E-01   9.038287348600001E+00   9.038287348600001E+00   0.000000000000000E+00  -9.713805929500000E-01   0.000000000000000E+00   0.000000000000000E+00   0.000000000000000E+00
   6.268401491300000E-01   9.047658422900000E+00   9.047658422900000E+00   0.000000000000000E+00  -9.713805929500000E-01   0.000000000000000E+00   0.000000000000000E+00   0.000000000000000E+00
   6.274051869600000E-01   9.055814041800000E+00   9.055814041800000E+00   0.000000000000000E+00  -9.713805929500000E-01   0.000000000000000E+00   0.000000000000000E+00   0.000000000000000E+00
   6.279702248000000E-01   9.063969660600000E+00   9.063969660600000E+00   0.000000000000000E+00  -9.713805929500000E-01   0.000000000000000E+00   0.000000000000000E+00   0.000000000000000E+00
   6.285352626300000E-01   9.072125279500000E+00   9.072125279500000E+00   0.000000000000000E+00  -9.713805929500000E-01   0.000000000000000E+00   0.000000000000000E+00   0.000000000000000E+00
   6.291003004700000E-01   9.080280898300000E+00   9.080280898300000E+00   0.000000000000000E+00  -9.713805929500000E-01   0.000000000000000E+00   0.000000000000000E+00   0.000000000000000E+00
   6.297264407900000E-01   9.089318455600001E+00   9.089318455600001E+00   0.000000000000000E+00  -9.713805929500000E-01   0.000000000000000E+00   0.000000000000000E+00   0.000000000000000E+00
   6.303525811200000E-01   9.098356012900000E+00   9.098356012900000E+00   0.000000000000000E+00  -9.713805929500000E-01   0.000000000000000E+00   0.000000000000000E+00   0.000000000000000E+00
   6.309787214400000E-01   9.107393570299999E+00   9.107393570299999E+00   0.000000000000000E+00  -9.713805929500000E-01   0.000000000000000E+00   0.000000000000000E+00   0.000000000000000E+00
   6.316048617600000E-01   9.116431127600000E+00   9.116431127600000E+00   0.000000000000000E+00  -9.713805929500000E-01   0.000000000000000E+00   0.000000000000000E+00   0.000000000000000E+00
   6.322675812400000E-01   9.125996659400000E+00   9.125996659400000E+00   0.000000000000000E+00  -9.713805929500000E-01   0.000000000000000E+00   0.000000000000000E+00   0.000000000000000E+00
   6.329303007100000E-01   9.135562191300000E+00   9.135562191300000E+00   0.000000000000000E+00  -9.713805929500000E-01   0.000000000000000E+00   0.000000000000000E+00   0.000000000000000E+00
   6.335930201900000E-01   9.145127723200000E+00   9.145127723200000E+00   0.000000000000000E+00  -9.713805929500000E-01   0.000000000000000E+00   0.000000000000000E+00   0.000000000000000E+00
   6.342557396600000E-01   9.154693255100000E+00   9.154693255100000E+00   0.000000000000000E+00  -9.713805929500000E-01   0.000000000000000E+00   0.000000000000000E+00   0.000000000000000E+00
   6.348211349900000E-01   9.162854034000000E+00   9.162854034000000E+00   0.000000000000000E+00  -9.713805929500000E-01   0.000000000000000E+00   0.000000000000000E+00   0.000000000000000E+00
   6.353865303200000E-01   9.171014812799999E+00   9.171014812799999E+00   0.000000000000000E+00  -9.713805929500000E-01   0.000000000000000E+00   0.000000000000000E+00   0.000000000000000E+00
   6.359519256600000E-01   9.179175591700000E+00   9.179175591700000E+00   0.000000000000000E+00  -9.713805929500000E-01   0.000000000000000E+00   0.000000000000000E+00   0.000000000000000E+00
   6.365173209900000E-01   9.187336370500001E+00   9.187336370500001E+00   0.000000000000000E+00  -9.713805929500000E-01   0.000000000000000E+00   0.000000000000000E+00   0.000000000000000E+00
   6.370671452100000E-01   9.195272399800000E+00   9.195272399800000E+00   0.000000000000000E+00  -9.713805929500000E-01   0.000000000000000E+00   0.000000000000000E+00   0.000000000000000E+00
   6.376169694400000E-01   9.203208429100000E+00   9.203208429100000E+00   0.000000000000000E+00  -9.713805929500000E-01   0.000000000000000E+00   0.000000000000000E+00   0.000000000000000E+00
   6.381667936700000E-01   9.211144458500000E+00   9.211144458500000E+00   0.000000000000000E+00  -9.713805929500000E-01   0.000000000000000E+00   0.000000000000000E+00   0.000000000000000E+00
   6.387166178900000E-01   9.219080487799999E+00   9.219080487799999E+00   0.000000000000000E+00  -9.713805929500000E-01   0.000000000000000E+00   0.000000000000000E+00   0.000000000000000E+00
   6.393453059300001E-01   9.228154818100000E+00   9.228154818100000E+00   0.000000000000000E+00  -9.713805929500000E-01   0.000000000000000E+00   0.000000000000000E+00   0.000000000000000E+00
   6.399739939700000E-01   9.237229148500001E+00   9.237229148500001E+00   0.000000000000000E+00  -9.713805929500000E-01   0.000000000000000E+00   0.000000000000000E+00   0.000000000000000E+00
   6.406026820000000E-01   9.246303478900000E+00   9.246303478900000E+00   0.000000000000000E+00  -9.713805929500000E-01   0.000000000000000E+00   0.000000000000000E+00   0.000000000000000E+00
   6.412313700400000E-01   9.255377809200001E+00   9.255377809200001E+00   0.000000000000000E+00  -9.713805929500000E-01   0.000000000000000E+00   0.000000000000000E+00   0.000000000000000E+00
   6.419691038999999E-01   9.266026080600000E+00   9.266026080600000E+00   0.000000000000000E+00  -9.713805929500000E-01   0.000000000000000E+00   0.000000000000000E+00   0.000000000000000E+00
   6.427068377600000E-01   9.276674351900001E+00   9.276674351900001E+00   0.000000000000000E+00  -9.713805929500000E-01   0.000000000000000E+00   0.000000000000000E+00   0.000000000000000E+00
   6.434445716200000E-01   9.287322623300000E+00   9.287322623300000E+00   0.000000000000000E+00  -9.713805929500000E-01   0.000000000000000E+00   0.000000000000000E+00   0.000000000000000E+00
   6.441823054900000E-01   9.297970894600001E+00   9.297970894600001E+00   0.000000000000000E+00  -9.713805929500000E-01   0.000000000000000E+00   0.000000000000000E+00   0.000000000000000E+00
   6.450247088100000E-01   9.310129939499999E+00   9.310129939499999E+00   0.000000000000000E+00  -9.713805929500000E-01   0.000000000000000E+00   0.000000000000000E+00   0.000000000000000E+00
   6.458671121400000E-01   9.322288984500000E+00   9.322288984500000E+00   0.000000000000000E+00  -9.713805929500000E-01   0.000000000000000E+00   0.000000000000000E+00   0.000000000000000E+00
   6.467095154700000E-01   9.334448029400001E+00   9.334448029400001E+00   0.000000000000000E+00  -9.713805929500000E-01   0.000000000000000E+00   0.000000000000000E+00   0.000000000000000E+00
   6.475519187900000E-01   9.346607074400000E+00   9.346607074400000E+00   0.000000000000000E+00  -9.713805929500000E-01   0.000000000000000E+00   0.000000000000000E+00   0.000000000000000E+00
   6.484762783400000E-01   9.359949055500000E+00   9.359949055500000E+00   0.000000000000000E+00  -9.713805929500000E-01   0.000000000000000E+00   0.000000000000000E+00   0.000000000000000E+00
   6.494006378900000E-01   9.373291036700000E+00   9.373291036700000E+00   0.000000000000000E+00  -9.713805929500000E-01   0.000000000000000E+00   0.000000000000000E+00   0.000000000000000E+00
   6.503249974400001E-01   9.386633017899999E+00   9.386633017899999E+00   0.000000000000000E+00  -9.713805929500000E-01   0.000000000000000E+00   0.000000000000000E+00   0.000000000000000E+00
   6.512493569900000E-01   9.399974998999999E+00   9.399974998999999E+00   0.000000000000000E+00  -9.713805929500000E-01   0.000000000000000E+00   0.000000000000000E+00   0.000000000000000E+00
   6.521907364800000E-01   9.413562642000000E+00   9.413562642000000E+00   0.000000000000000E+00  -9.713805929500000E-01   0.000000000000000E+00   0.000000000000000E+00   0.000000000000000E+00
   6.531321159800000E-01   9.427150284900000E+00   9.427150284900000E+00   0.000000000000000E+00  -9.713805929500000E-01   0.000000000000000E+00   0.000000000000000E+00   0.000000000000000E+00
   6.540734954800000E-01   9.440737927900001E+00   9.440737927900001E+00   0.000000000000000E+00  -9.713805929500000E-01   0.000000000000000E+00   0.000000000000000E+00   0.000000000000000E+00
   6.550148749800000E-01   9.454325570900000E+00   9.454325570900000E+00   0.000000000000000E+00  -9.713805929500000E-01   0.000000000000000E+00   0.000000000000000E+00   0.000000000000000E+00
   6.560979568500001E-01   9.469958511400000E+00   9.469958511400000E+00   0.000000000000000E+00  -9.713805929500000E-01   0.000000000000000E+00   0.000000000000000E+00   0.000000000000000E+00
   6.571810387200000E-01   9.485591452000000E+00   9.485591452000000E+00   0.000000000000000E+00  -9.713805929500000E-01   0.000000000000000E+00   0.000000000000000E+00   0.000000000000000E+00
   6.582641205899999E-01   9.501224392599999E+00   9.501224392599999E+00   0.000000000000000E+00  -9.713805929500000E-01   0.000000000000000E+00   0.000000000000000E+00   0.000000000000000E+00
   6.593472024600000E-01   9.516857333200001E+00   9.516857333200001E+00   0.000000000000000E+00  -9.713805929500000E-01   0.000000000000000E+00   0.000000000000000E+00   0.000000000000000E+00
   6.605820945899999E-01   9.534681466200000E+00   9.534681466200000E+00   0.000000000000000E+00  -9.713805929500000E-01   0.000000000000000E+00   0.000000000000000E+00   0.000000000000000E+00
   6.618169867200000E-01   9.552505599200000E+00   9.552505599200000E+00   0.000000000000000E+00  -9.713805929500000E-01   0.000000000000000E+00   0.000000000000000E+00   0.000000000000000E+00
   6.630518788500001E-01   9.570329732199999E+00   9.570329732199999E+00   0.000000000000000E+00  -9.713805929500000E-01   0.000000000000000E+00   0.000000000000000E+00   0.000000000000000E+00
   6.642867709800000E-01   9.588153865100001E+00   9.588153865100001E+00   0.000000000000000E+00  -9.713805929500000E-01   0.000000000000000E+00   0.000000000000000E+00   0.000000000000000E+00
   6.661091269000000E-01   9.614457307800000E+00   9.614457307800000E+00   0.000000000000000E+00  -9.713805929500000E-01   0.000000000000000E+00   0.000000000000000E+00   0.000000000000000E+00
   6.679314828200000E-01   9.640760750400000E+00   9.640760750400000E+00   0.000000000000000E+00  -9.713805929500000E-01   0.000000000000000E+00   0.000000000000000E+00   0.000000000000000E+00
   6.697538387400001E-01   9.667064193000000E+00   9.667064193000000E+00   0.000000000000000E+00  -9.713805929500000E-01   0.000000000000000E+00   0.000000000000000E+00   0.000000000000000E+00
   6.715761946600000E-01   9.693367635600000E+00   9.693367635600000E+00   0.000000000000000E+00  -9.713805929500000E-01   0.000000000000000E+00   0.000000000000000E+00   0.000000000000000E+00
   6.748592217500000E-01   9.740754051100000E+00   9.740754051100000E+00   0.000000000000000E+00  -9.713805929500000E-01   0.000000000000000E+00   0.000000000000000E+00   0.000000000000000E+00
   6.781422488500000E-01   9.788140466600000E+00   9.788140466600000E+00   0.000000000000000E+00  -9.713805929500000E-01   0.000000000000000E+00   0.000000000000000E+00   0.000000000000000E+00
   6.814252759400000E-01   9.835526882100000E+00   9.835526882100000E+00   0.000000000000000E+00  -9.713805929500000E-01   0.000000000000000E+00   0.000000000000000E+00   0.000000000000000E+00
   6.847083030400000E-01   9.882913297500000E+00   9.882913297500000E+00   0.000000000000000E+00  -9.713805929500000E-01   0.000000000000000E+00   0.000000000000000E+00   0.000000000000000E+00
   6.876054682300000E-01   9.924730276100000E+00   9.924730276100000E+00   0.000000000000000E+00  -9.713805929500000E-01   0.000000000000000E+00   0.000000000000000E+00   0.000000000000000E+00
   6.905026334300000E-01   9.966547254700000E+00   9.966547254700000E+00   0.000000000000000E+00  -9.713805929500000E-01   0.000000000000000E+00   0.000000000000000E+00   0.000000000000000E+00
   6.933997986300000E-01   1.000836423300000E+01   1.000836423300000E+01   0.000000000000000E+00  -9.713805929500000E-01   0.000000000000000E+00   0.000000000000000E+00   0.000000000000000E+00
   6.962969638299999E-01   1.005018121200000E+01   1.005018121200000E+01   0.000000000000000E+00  -9.713805929500000E-01   0.000000000000000E+00   0.000000000000000E+00   0.000000000000000E+00
   6.990377484800000E-01   1.008974103200000E+01   1.008974103200000E+01   0.000000000000000E+00  -9.713805929500000E-01   0.000000000000000E+00   0.000000000000000E+00   0.000000000000000E+00
   7.017785331300000E-01   1.012930085200000E+01   1.012930085200000E+01   0.000000000000000E+00  -9.713805929500000E-01   0.000000000000000E+00   0.000000000000000E+00   0.000000000000000E+00
   7.045193177800000E-01   1.016886067100000E+01   1.016886067100000E+01   0.000000000000000E+00  -9.713805929500000E-01   0.000000000000000E+00   0.000000000000000E+00   0.000000000000000E+00
   7.072601024400000E-01   1.020842049100000E+01   1.020842049100000E+01   0.000000000000000E+00  -9.713805929500000E-01   0.000000000000000E+00   0.000000000000000E+00   0.000000000000000E+00
   7.099471583600000E-01   1.024720480400000E+01   1.024720480400000E+01   0.000000000000000E+00  -9.713805929500000E-01   0.000000000000000E+00   0.000000000000000E+00   0.000000000000000E+00
   7.126342142900000E-01   1.028598911600000E+01   1.028598911600000E+01   0.000000000000000E+00  -9.713805929500000E-01   0.000000000000000E+00   0.000000000000000E+00   0.000000000000000E+00
   7.153212702100000E-01   1.032477342800000E+01   1.032477342800000E+01   0.000000000000000E+00  -9.713805929500000E-01   0.000000000000000E+00   0.000000000000000E+00   0.000000000000000E+00
   7.180083261300000E-01   1.036355774100000E+01   1.036355774100000E+01   0.000000000000000E+00  -9.713805929500000E-01   0.000000000000000E+00   0.000000000000000E+00   0.000000000000000E+00
   7.201805557099999E-01   1.039491117500000E+01   1.039491117500000E+01   0.000000000000000E+00  -9.713805929500000E-01   0.000000000000000E+00   0.000000000000000E+00   0.000000000000000E+00
   7.223527852900000E-01   1.042626460900000E+01   1.042626460900000E+01   0.000000000000000E+00  -9.713805929500000E-01   0.000000000000000E+00   0.000000000000000E+00   0.000000000000000E+00
   7.245250148600000E-01   1.045761804300000E+01   1.045761804300000E+01   0.000000000000000E+00  -9.713805929500000E-01   0.000000000000000E+00   0.000000000000000E+00   0.000000000000000E+00
   7.266972444399999E-01   1.048897147700000E+01   1.048897147700000E+01   0.000000000000000E+00  -9.713805929500000E-01   0.000000000000000E+00   0.000000000000000E+00   0.000000000000000E+00
   7.286524593900000E-01   1.051719257400000E+01   1.051719257400000E+01   0.000000000000000E+00  -9.713805929500000E-01   0.000000000000000E+00   0.000000000000000E+00   0.000000000000000E+00
   7.306076743300000E-01   1.054541367200000E+01   1.054541367200000E+01   0.000000000000000E+00  -9.713805929500000E-01   0.000000000000000E+00   0.000000000000000E+00   0.000000000000000E+00
   7.325628892700000E-01   1.057363476900000E+01   1.057363476900000E+01   0.000000000000000E+00  -9.713805929500000E-01   0.000000000000000E+00   0.000000000000000E+00   0.000000000000000E+00
   7.345181042200000E-01   1.060185586700000E+01   1.060185586700000E+01   0.000000000000000E+00  -9.713805929500000E-01   0.000000000000000E+00   0.000000000000000E+00   0.000000000000000E+00
   7.363465265100000E-01   1.062824687000000E+01   1.062824687000000E+01   0.000000000000000E+00  -9.713805929500000E-01   0.000000000000000E+00   0.000000000000000E+00   0.000000000000000E+00
   7.381749488000000E-01   1.065463787300000E+01   1.065463787300000E+01   0.000000000000000E+00  -9.713805929500000E-01   0.000000000000000E+00   0.000000000000000E+00   0.000000000000000E+00
   7.400033710900000E-01   1.068102887600000E+01   1.068102887600000E+01   0.000000000000000E+00  -9.713805929500000E-01   0.000000000000000E+00   0.000000000000000E+00   0.000000000000000E+00
   7.418317933900000E-01   1.070741987900000E+01   1.070741987900000E+01   0.000000000000000E+00  -9.713805929500000E-01   0.000000000000000E+00   0.000000000000000E+00   0.000000000000000E+00
   7.436060589800000E-01   1.073302919800000E+01   1.073302919800000E+01   0.000000000000000E+00  -9.713805929500000E-01   0.000000000000000E+00   0.000000000000000E+00   0.000000000000000E+00
   7.453803245700000E-01   1.075863851600000E+01   1.075863851600000E+01   0.000000000000000E+00  -9.713805929500000E-01   0.000000000000000E+00   0.000000000000000E+00   0.000000000000000E+00
   7.471545901600000E-01   1.078424783500000E+01   1.078424783500000E+01   0.000000000000000E+00  -9.713805929500000E-01   0.000000000000000E+00   0.000000000000000E+00   0.000000000000000E+00
   7.489288557600000E-01   1.080985715300000E+01   1.080985715300000E+01   0.000000000000000E+00  -9.713805929500000E-01   0.000000000000000E+00   0.000000000000000E+00   0.000000000000000E+00
   7.505671142400000E-01   1.083350337800000E+01   1.083350337800000E+01   0.000000000000000E+00  -9.713805929500000E-01   0.000000000000000E+00   0.000000000000000E+00   0.000000000000000E+00
   7.522053727100000E-01   1.085714960300000E+01   1.085714960300000E+01   0.000000000000000E+00  -9.713805929500000E-01   0.000000000000000E+00   0.000000000000000E+00   0.000000000000000E+00
   7.538436311900000E-01   1.088079582800000E+01   1.088079582800000E+01   0.000000000000000E+00  -9.713805929500000E-01   0.000000000000000E+00   0.000000000000000E+00   0.000000000000000E+00
   7.554818896700000E-01   1.090444205300000E+01   1.090444205300000E+01   0.000000000000000E+00  -9.713805929500000E-01   0.000000000000000E+00   0.000000000000000E+00   0.000000000000000E+00
   7.570894887400000E-01   1.092764574700000E+01   1.092764574700000E+01   0.000000000000000E+00  -9.713805929500000E-01   0.000000000000000E+00   0.000000000000000E+00   0.000000000000000E+00
   7.586970878000000E-01   1.095084944100000E+01   1.095084944100000E+01   0.000000000000000E+00  -9.713805929500000E-01   0.000000000000000E+00   0.000000000000000E+00   0.000000000000000E+00
   7.603046868700000E-01   1.097405313600000E+01   1.097405313600000E+01   0.000000000000000E+00  -9.713805929500000E-01   0.000000000000000E+00   0.000000000000000E+00   0.000000000000000E+00
   7.619122859300000E-01   1.099725683000000E+01   1.099725683000000E+01   0.000000000000000E+00  -9.713805929500000E-01   0.000000000000000E+00   0.000000000000000E+00   0.000000000000000E+00
   7.635963136100000E-01   1.102156367600000E+01   1.102156367600000E+01   0.000000000000000E+00  -9.713805929500000E-01   0.000000000000000E+00   0.000000000000000E+00   0.000000000000000E+00
   7.652803412900000E-01   1.104587052300000E+01   1.104587052300000E+01   0.000000000000000E+00  -9.713805929500000E-01   0.000000000000000E+00   0.000000000000000E+00   0.000000000000000E+00
   7.669643689600000E-01   1.107017736900000E+01   1.107017736900000E+01   0.000000000000000E+00  -9.713805929500000E-01   0.000000000000000E+00   0.000000000000000E+00   0.000000000000000E+00
   7.686483966400000E-01   1.109448421500000E+01   1.109448421500000E+01   0.000000000000000E+00  -9.713805929500000E-01   0.000000000000000E+00   0.000000000000000E+00   0.000000000000000E+00
   7.704224996500000E-01   1.112009118700000E+01   1.112009118700000E+01   0.000000000000000E+00  -9.713805929500000E-01   0.000000000000000E+00   0.000000000000000E+00   0.000000000000000E+00
   7.721966026500000E-01   1.114569815900000E+01   1.114569815900000E+01   0.000000000000000E+00  -9.713805929500000E-01   0.000000000000000E+00   0.000000000000000E+00   0.000000000000000E+00
   7.739707056600000E-01   1.117130513100000E+01   1.117130513100000E+01   0.000000000000000E+00  -9.713805929500000E-01   0.000000000000000E+00   0.000000000000000E+00   0.000000000000000E+00
   7.757448086700000E-01   1.119691210300000E+01   1.119691210300000E+01   0.000000000000000E+00  -9.713805929500000E-01   0.000000000000000E+00   0.000000000000000E+00   0.000000000000000E+00
   7.779930494600000E-01   1.122936266400000E+01   1.122936266400000E+01   0.000000000000000E+00  -9.713805929500000E-01   0.000000000000000E+00   0.000000000000000E+00   0.000000000000000E+00
   7.802412902500000E-01   1.126181322500000E+01   1.126181322500000E+01   0.000000000000000E+00  -9.713805929500000E-01   0.000000000000000E+00   0.000000000000000E+00   0.000000000000000E+00
   7.824895310300000E-01   1.129426378700000E+01   1.129426378700000E+01   0.000000000000000E+00  -9.713805929500000E-01   0.000000000000000E+00   0.000000000000000E+00   0.000000000000000E+00
   7.847377718200000E-01   1.132671434800000E+01   1.132671434800000E+01   0.000000000000000E+00  -9.713805929500000E-01   0.000000000000000E+00   0.000000000000000E+00   0.000000000000000E+00
   7.880243828800000E-01   1.137415249400000E+01   1.137415249400000E+01   0.000000000000000E+00  -9.713805929500000E-01   0.000000000000000E+00   0.000000000000000E+00   0.000000000000000E+00
   7.913109939400000E-01   1.142159063900000E+01   1.142159063900000E+01   0.000000000000000E+00  -9.713805929500000E-01   0.000000000000000E+00   0.000000000000000E+00   0.000000000000000E+00
   7.945976050000000E-01   1.146902878500000E+01   1.146902878500000E+01   0.000000000000000E+00  -9.713805929500000E-01   0.000000000000000E+00   0.000000000000000E+00   0.000000000000000E+00
   7.978842160600000E-01   1.151646693000000E+01   1.151646693000000E+01   0.000000000000000E+00  -9.713805929500000E-01   0.000000000000000E+00   0.000000000000000E+00   0.000000000000000E+00
   8.008769763300000E-01   1.155966370500000E+01   1.155966370500000E+01   0.000000000000000E+00  -9.713805929500000E-01   0.000000000000000E+00   0.000000000000000E+00   0.000000000000000E+00
   8.038697366100001E-01   1.160286048000000E+01   1.160286048000000E+01   0.000000000000000E+00  -9.713805929500000E-01   0.000000000000000E+00   0.000000000000000E+00   0.000000000000000E+00
   8.068624968900000E-01   1.164605725400000E+01   1.164605725400000E+01   0.000000000000000E+00  -9.713805929500000E-01   0.000000000000000E+00   0.000000000000000E+00   0.000000000000000E+00
   8.098552571700000E-01   1.168925402900000E+01   1.168925402900000E+01   0.000000000000000E+00  -9.713805929500000E-01   0.000000000000000E+00   0.000000000000000E+00   0.000000000000000E+00
   8.122011627400000E-01   1.172311426000000E+01   1.172311426000000E+01   0.000000000000000E+00  -9.713805929500000E-01   0.000000000000000E+00   0.000000000000000E+00   0.000000000000000E+00
   8.145470683100000E-01   1.175697449100000E+01   1.175697449100000E+01   0.000000000000000E+00  -9.713805929500000E-01   0.000000000000000E+00   0.000000000000000E+00   0.000000000000000E+00
   8.168929738800000E-01   1.179083472200000E+01   1.179083472200000E+01   0.000000000000000E+00  -9.713805929500000E-01   0.000000000000000E+00   0.000000000000000E+00   0.000000000000000E+00
   8.192388794500000E-01   1.182469495300000E+01   1.182469495300000E+01   0.000000000000000E+00  -9.713805929500000E-01   0.000000000000000E+00   0.000000000000000E+00   0.000000000000000E+00
   8.214571441800000E-01   1.185671284800000E+01   1.185671284800000E+01   0.000000000000000E+00  -9.713805929500000E-01   0.000000000000000E+00   0.000000000000000E+00   0.000000000000000E+00
   8.236754089100000E-01   1.188873074200000E+01   1.188873074200000E+01   0.000000000000000E+00  -9.713805929500000E-01   0.000000000000000E+00   0.000000000000000E+00   0.000000000000000E+00
   8.258936736400000E-01   1.192074863600000E+01   1.192074863600000E+01   0.000000000000000E+00  -9.713805929500000E-01   0.000000000000000E+00   0.000000000000000E+00   0.000000000000000E+00
   8.281119383600000E-01   1.195276653000000E+01   1.195276653000000E+01   0.000000000000000E+00  -9.713805929500000E-01   0.000000000000000E+00   0.000000000000000E+00   0.000000000000000E+00
   8.303476552100000E-01   1.198503632400000E+01   1.198503632400000E+01   0.000000000000000E+00  -9.713805929500000E-01   0.000000000000000E+00   0.000000000000000E+00   0.000000000000000E+00
   8.325833720500000E-01   1.201730611800000E+01   1.201730611800000E+01   0.000000000000000E+00  -9.713805929500000E-01   0.000000000000000E+00   0.000000000000000E+00   0.000000000000000E+00
   8.348190888900000E-01   1.204957591100000E+01   1.204957591100000E+01   0.000000000000000E+00  -9.713805929500000E-01   0.000000000000000E+00   0.000000000000000E+00   0.000000000000000E+00
   8.370548057300000E-01   1.208184570500000E+01   1.208184570500000E+01   0.000000000000000E+00  -9.713805929500000E-01   0.000000000000000E+00   0.000000000000000E+00   0.000000000000000E+00
   8.395316186100000E-01   1.211759542000000E+01   1.211759542000000E+01   0.000000000000000E+00  -9.713805929500000E-01   0.000000000000000E+00   0.000000000000000E+00   0.000000000000000E+00
   8.420084314900000E-01   1.215334513600000E+01   1.215334513600000E+01   0.000000000000000E+00  -9.713805929500000E-01   0.000000000000000E+00   0.000000000000000E+00   0.000000000000000E+00
   8.444852443700001E-01   1.218909485100000E+01   1.218909485100000E+01   0.000000000000000E+00  -9.713805929500000E-01   0.000000000000000E+00   0.000000000000000E+00   0.000000000000000E+00
   8.469620572500000E-01   1.222484456700000E+01   1.222484456700000E+01   0.000000000000000E+00  -9.713805929500000E-01   0.000000000000000E+00   0.000000000000000E+00   0.000000000000000E+00
   8.492370693900000E-01   1.225768153900000E+01   1.225768153900000E+01   0.000000000000000E+00  -9.713805929500000E-01   0.000000000000000E+00   0.000000000000000E+00   0.000000000000000E+00
   8.515120815300000E-01   1.229051851200000E+01   1.229051851200000E+01   0.000000000000000E+00  -9.713805929500000E-01   0.000000000000000E+00   0.000000000000000E+00   0.000000000000000E+00
   8.537870936700001E-01   1.232335548400000E+01   1.232335548400000E+01   0.000000000000000E+00  -9.713805929500000E-01   0.000000000000000E+00   0.000000000000000E+00   0.000000000000000E+00
   8.560621058100000E-01   1.235619245700000E+01   1.235619245700000E+01   0.000000000000000E+00  -9.713805929500000E-01   0.000000000000000E+00   0.000000000000000E+00   0.000000000000000E+00
   8.582635443800000E-01   1.238796748600000E+01   1.238796748600000E+01   0.000000000000000E+00  -9.713805929500000E-01   0.000000000000000E+00   0.000000000000000E+00   0.000000000000000E+00
   8.604649829400000E-01   1.241974251600000E+01   1.241974251600000E+01   0.000000000000000E+00  -9.713805929500000E-01   0.000000000000000E+00   0.000000000000000E+00   0.000000000000000E+00
   8.626664214999999E-01   1.245151754500000E+01   1.245151754500000E+01   0.000000000000000E+00  -9.713805929500000E-01   0.000000000000000E+00   0.000000000000000E+00   0.000000000000000E+00
   8.648678600700000E-01   1.248329257400000E+01   1.248329257400000E+01   0.000000000000000E+00  -9.713805929500000E-01   0.000000000000000E+00   0.000000000000000E+00   0.000000000000000E+00
   8.672296778100000E-01   1.251738247800000E+01   1.251738247800000E+01   0.000000000000000E+00  -9.713805929500000E-01   0.000000000000000E+00   0.000000000000000E+00   0.000000000000000E+00
   8.695914955500000E-01   1.255147238100000E+01   1.255147238100000E+01   0.000000000000000E+00  -9.713805929500000E-01   0.000000000000000E+00   0.000000000000000E+00   0.000000000000000E+00
   8.719533132900000E-01   1.258556228500000E+01   1.258556228500000E+01   0.000000000000000E+00  -9.713805929500000E-01   0.000000000000000E+00   0.000000000000000E+00   0.000000000000000E+00
   8.743151310400000E-01   1.261965218800000E+01   1.261965218800000E+01   0.000000000000000E+00  -9.713805929500000E-01   0.000000000000000E+00   0.000000000000000E+00   0.000000000000000E+00
   8.774423132900000E-01   1.266478917700000E+01   1.266478917700000E+01   0.000000000000000E+00  -9.713805929500000E-01   0.000000000000000E+00   0.000000000000000E+00   0.000000000000000E+00
   8.805694955300000E-01   1.270992616600000E+01   1.270992616600000E+01   0.000000000000000E+00  -9.713805929500000E-01   0.000000000000000E+00   0.000000000000000E+00   0.000000000000000E+00
   8.836966777800001E-01   1.275506315500000E+01   1.275506315500000E+01   0.000000000000000E+00  -9.713805929500000E-01   0.000000000000000E+00   0.000000000000000E+00   0.000000000000000E+00
   8.868238600300000E-01   1.280020014400000E+01   1.280020014400000E+01   0.000000000000000E+00  -9.713805929500000E-01   0.000000000000000E+00   0.000000000000000E+00   0.000000000000000E+00
   8.906085073700000E-01   1.285482682400000E+01   1.285482682400000E+01   0.000000000000000E+00  -9.713805929500000E-01   0.000000000000000E+00   0.000000000000000E+00   0.000000000000000E+00
   8.943931547200000E-01   1.290945350400000E+01   1.290945350400000E+01   0.000000000000000E+00  -9.713805929500000E-01   0.000000000000000E+00   0.000000000000000E+00   0.000000000000000E+00
   8.981778020600000E-01   1.296408018400000E+01   1.296408018400000E+01   0.000000000000000E+00  -9.713805929500000E-01   0.000000000000000E+00   0.000000000000000E+00   0.000000000000000E+00
   9.019624494000000E-01   1.301870686500000E+01   1.301870686500000E+01   0.000000000000000E+00  -9.713805929500000E-01   0.000000000000000E+00   0.000000000000000E+00   0.000000000000000E+00
   9.066042780300000E-01   1.308570589100000E+01   1.308570589100000E+01   0.000000000000000E+00  -9.713805929500000E-01   0.000000000000000E+00   0.000000000000000E+00   0.000000000000000E+00
   9.112461066600001E-01   1.315270491800000E+01   1.315270491800000E+01   0.000000000000000E+00  -9.713805929500000E-01   0.000000000000000E+00   0.000000000000000E+00   0.000000000000000E+00
   9.158879352900000E-01   1.321970394500000E+01   1.321970394500000E+01   0.000000000000000E+00  -9.713805929500000E-01   0.000000000000000E+00   0.000000000000000E+00   0.000000000000000E+00
   9.205297639300000E-01   1.328670297200000E+01   1.328670297200000E+01   0.000000000000000E+00  -9.713805929500000E-01   0.000000000000000E+00   0.000000000000000E+00   0.000000000000000E+00
   9.255480228800000E-01   1.335913530200000E+01   1.335913530200000E+01   0.000000000000000E+00  -9.713805929500000E-01   0.000000000000000E+00   0.000000000000000E+00   0.000000000000000E+00
   9.305662818400000E-01   1.343156763300000E+01   1.343156763300000E+01   0.000000000000000E+00  -9.713805929500000E-01   0.000000000000000E+00   0.000000000000000E+00   0.000000000000000E+00
   9.355845408000000E-01   1.350399996300000E+01   1.350399996300000E+01   0.000000000000000E+00  -9.713805929500000E-01   0.000000000000000E+00   0.000000000000000E+00   0.000000000000000E+00
   9.406027997500001E-01   1.357643229400000E+01   1.357643229400000E+01   0.000000000000000E+00  -9.713805929500000E-01   0.000000000000000E+00   0.000000000000000E+00   0.000000000000000E+00
   9.452992802500000E-01   1.364422015300000E+01   1.364422015300000E+01   0.000000000000000E+00  -9.713805929500000E-01   0.000000000000000E+00   0.000000000000000E+00   0.000000000000000E+00
   9.499957607500000E-01   1.371200801100000E+01   1.371200801100000E+01   0.000000000000000E+00  -9.713805929500000E-01   0.000000000000000E+00   0.000000000000000E+00   0.000000000000000E+00
   9.546922412500000E-01   1.377979587000000E+01   1.377979587000000E+01   0.000000000000000E+00  -9.713805929500000E-01   0.000000000000000E+00   0.000000000000000E+00   0.000000000000000E+00
   9.593887217500000E-01   1.384758372800000E+01   1.384758372800000E+01   0.000000000000000E+00  -9.713805929500000E-01   0.000000000000000E+00   0.000000000000000E+00   0.000000000000000E+00
   9.644650880800000E-01   1.392085476700000E+01   1.392085476700000E+01   0.000000000000000E+00  -9.713805929500000E-01   0.000000000000000E+00   0.000000000000000E+00   0.000000000000000E+00
   9.695414544099999E-01   1.399412580500000E+01   1.399412580500000E+01   0.000000000000000E+00  -9.713805929500000E-01   0.000000000000000E+00   0.000000000000000E+00   0.000000000000000E+00
   9.746178207400000E-01   1.406739684300000E+01   1.406739684300000E+01   0.000000000000000E+00  -9.713805929500000E-01   0.000000000000000E+00   0.000000000000000E+00   0.000000000000000E+00
   9.796941870700000E-01   1.414066788100000E+01   1.414066788100000E+01   0.000000000000000E+00  -9.713805929500000E-01   0.000000000000000E+00   0.000000000000000E+00   0.000000000000000E+00
   9.847706403099999E-01   1.421394017400000E+01   1.421394017400000E+01   0.000000000000000E+00  -9.713805929500000E-01   0.000000000000000E+00   0.000000000000000E+00   0.000000000000000E+00
   9.898470935400000E-01   1.428721246700000E+01   1.428721246700000E+01   0.000000000000000E+00  -9.713805929500000E-01   0.000000000000000E+00   0.000000000000000E+00   0.000000000000000E+00
   9.949235467699999E-01   1.436048475900000E+01   1.436048475900000E+01   0.000000000000000E+00  -9.713805929500000E-01   0.000000000000000E+00   0.000000000000000E+00   0.000000000000000E+00
   1.000000000000000E+00   1.443375705200000E+01   1.443375705200000E+01   0.000000000000000E+00  -9.713805929500000E-01   0.000000000000000E+00   0.000000000000000E+00   0.000000000000000E+00
