   0.000000000000000E+00  -1.677953814600000E-31   0.000000000000000E+00   0.000000000000000E+00  -9.955840958600000E-01   0.000000000000000E+00   0.000000000000000E+00   0.000000000000000E+00
   1.856121615800000E-02   2.679080846200000E-01   2.679080846200000E-01   0.000000000000000E+00  -9.955840958600000E-01   0.000000000000000E+00   0.000000000000000E+00   0.000000000000000E+00
   3.712243231700000E-02   5.358161692400000E-01   5.358161692400000E-01   0.000000000000000E+00  -9.955840958600000E-01   0.000000000000000E+00   0.000000000000000E+00   0.000000000000000E+00
   5.568364847500000E-02   8.037242538600000E-01   8.037242538600000E-01   0.000000000000000E+00  -9.955840958600000E-01   0.000000000000000E+00   0.000000000000000E+00   0.000000000000000E+00
   7.424486463400000E-02   1.071632338500000E+00   1.071632338500000E+00   0.000000000000000E+00  -9.955840958600000E-01   0.000000000000000E+00   0.000000000000000E+00   0.000000000000000E+00
   9.185916665799999E-02   1.325872894500000E+00   1.325872894500000E+00   0.000000000000000E+00  -9.955840958600000E-01   0.000000000000000E+00   0.000000000000000E+00   0.000000000000000E+00
   1.094734686800000E-01   1.580113450600000E+00   1.580113450600000E+00   0.000000000000000E+00  -9.955840958600000E-01   0.000000000000000E+00   0.000000000000000E+00   0.000000000000000E+00
   1.270877707100000E-01   1.834354006600000E+00   1.834354006600000E+00   0.000000000000000E+00  -9.955840958600000E-01   0.000000000000000E+00   0.000000000000000E+00   0.000000000000000E+00
   1.447020727300000E-01   2.088594562700000E+00   2.088594562700000E+00   0.000000000000000E+00  -9.955840958600000E-01   0.000000000000000E+00   0.000000000000000E+00   0.000000000000000E+00
   1.574446475900000E-01   2.272517792400000E+00   2.272517792400000E+00   0.000000000000000E+00  -9.955840958600000E-01   0.000000000000000E+00   0.000000000000000E+00   0.000000000000000E+00
   1.701872224500000E-01   2.456441022200000E+00   2.456441022200000E+00   0.000000000000000E+00  -9.955840958600000E-01   0.000000000000000E+00   0.000000000000000E+00   0.000000000000000E+00
   1.829297973100000E-01   2.640364251900000E+00   2.640364251900000E+00   0.000000000000000E+00  -9.955840958600000E-01   0.000000000000000E+00   0.000000000000000E+00   0.000000000000000E+00
   1.956723721700000E-01   2.824287481700000E+00   2.824287481700000E+00   0.000000000000000E+00  -9.955840958600000E-01   0.000000000000000E+00   0.000000000000000E+00   0.000000000000000E+00
   2.077353791700000E-01   2.998401994000000E+00   2.998401994000000E+00   0.000000000000000E+00  -9.955840958600000E-01   0.000000000000000E+00   0.000000000000000E+00   0.000000000000000E+00
   2.197983861700000E-01   3.172516506400000E+00   3.172516506400000E+00   0.000000000000000E+00  -9.955840958600000E-01   0.000000000000000E+00   0.000000000000000E+00   0.000000000000000E+00
   2.318613931700000E-01   3.346631018800000E+00   3.346631018800000E+00   0.000000000000000E+00  -9.955840958600000E-01   0.000000000000000E+00   0.000000000000000E+00   0.000000000000000E+00
   2.439244001800000E-01   3.520745531200000E+00   3.520745531200000E+00   0.000000000000000E+00  -9.955840958600000E-01   0.000000000000000E+00   0.000000000000000E+00   0.000000000000000E+00
   2.544278340600000E-01   3.672349544100000E+00   3.672349544100000E+00   0.000000000000000E+00  -9.955840958600000E-01   0.000000000000000E+00   0.000000000000000E+00   0.000000000000000E+00
   2.649312679500000E-01   3.823953557100000E+00   3.823953557100000E+00   0.000000000000000E+00  -9.955840958600000E-01   0.000000000000000E+00   0.000000000000000E+00   0.000000000000000E+00
   2.754347018400000E-01   3.975557570000000E+00   3.975557570000000E+00   0.000000000000000E+00  -9.955840958600000E-01   0.000000000000000E+00   0.000000000000000E+00   0.000000000000000E+00
   2.859381357300000E-01   4.127161583000000E+00   4.127161583000000E+00   0.000000000000000E+00  -9.955840958600000E-01   0.000000000000000E+00   0.000000000000000E+00   0.000000000000000E+00
   2.952300125600000E-01   4.261278275700000E+00   4.261278275700000E+00   0.000000000000000E+00  -9.955840958600000E-01   0.000000000000000E+00   0.000000000000000E+00   0.000000000000000E+00
   3.045218893900000E-01   4.395394968500000E+00   4.395394968500000E+00   0.000000000000000E+00  -9.955840958600000E-01   0.000000000000000E+00   0.000000000000000E+00   0.000000000000000E+00
   3.138137662300000E-01   4.529511661300000E+00   4.529511661300000E+00   0.000000000000000E+00  -9.955840958600000E-01   0.000000000000000E+00   0.000000000000000E+00   0.000000000000000E+00
   3.231056430600000E-01   4.663628354100000E+00   4.663628354100000E+00   0.000000000000000E+00  -9.955840958600000E-01   0.000000000000000E+00   0.000000000000000E+00   0.000000000000000E+00
   3.315731522400000E-01   4.785846324400000E+00   4.785846324400000E+00   0.000000000000000E+00  -9.955840958600000E-01   0.000000000000000E+00   0.000000000000000E+00   0.000000000000000E+00
   3.400406614200000E-01   4.908064294800000E+00   4.908064294800000E+00   0.000000000000000E+00  -9.955840958600000E-01   0.000000000000000E+00   0.000000000000000E+00   0.000000000000000E+00
   3.485081706000000E-01   5.030282265100000E+00   5.030282265100000E+00   0.000000000000000E+00  -9.955840958600000E-01   0.000000000000000E+00   0.000000000000000E+00   0.000000000000000E+00
   3.569756797800000E-01   5.152500235500000E+00   5.152500235500000E+00   0.000000000000000E+00  -9.955840958600000E-01   0.000000000000000E+00   0.000000000000000E+00   0.000000000000000E+00
   3.654916314300000E-01   5.275417412500000E+00   5.275417412500000E+00   0.000000000000000E+00  -9.955840958600000E-01   0.000000000000000E+00   0.000000000000000E+00   0.000000000000000E+00
   3.740075830700000E-01   5.398334589600000E+00   5.398334589600000E+00   0.000000000000000E+00  -9.955840958600000E-01   0.000000000000000E+00   0.000000000000000E+00   0.000000000000000E+00
   3.825235347100000E-01   5.521251766700000E+00   5.521251766700000E+00   0.000000000000000E+00  -9.955840958600000E-01   0.000000000000000E+00   0.000000000000000E+00   0.000000000000000E+00
   3.910394863600000E-01   5.644168943800000E+00   5.644168943800000E+00   0.000000000000000E+00  -9.955840958600000E-01   0.000000000000000E+00   0.000000000000000E+00   0.000000000000000E+00
   3.977993500100000E-01   5.741739173500000E+00   5.741739173500000E+00   0.000000000000000E+00  -9.955840958600000E-01   0.000000000000000E+00   0.000000000000000E+00   0.000000000000000E+00
   4.045592136700000E-01   5.839309403200000E+00   5.839309403200000E+00   0.000000000000000E+00  -9.955840958600000E-01   0.000000000000000E+00   0.000000000000000E+00   0.000000000000000E+00
   4.113190773200000E-01   5.936879632900000E+00   5.936879632900000E+00   0.000000000000000E+00  -9.955840958600000E-01   0.000000000000000E+00   0.000000000000000E+00   0.000000000000000E+00
   4.180789409800000E-01   6.034449862700000E+00   6.034449862700000E+00   0.000000000000000E+00  -9.955840958600000E-01   0.000000000000000E+00   0.000000000000000E+00   0.000000000000000E+00
   4.241951332700000E-01   6.122729496300000E+00   6.122729496300000E+00   0.000000000000000E+00  -9.955840958600000E-01   0.000000000000000E+00   0.000000000000000E+00   0.000000000000000E+00
   4.303113255700000E-01   6.211009130000000E+00   6.211009130000000E+00   0.000000000000000E+00  -9.955840958600000E-01   0.000000000000000E+00   0.000000000000000E+00   0.000000000000000E+00
   4.364275178600000E-01   6.299288763600000E+00   6.299288763600000E+00   0.000000000000000E+00  -9.955840958600000E-01   0.000000000000000E+00   0.000000000000000E+00   0.000000000000000E+00
   4.425437101600000E-01   6.387568397300000E+00   6.387568397300000E+00   0.000000000000000E+00  -9.955840958600000E-01   0.000000000000000E+00   0.000000000000000E+00   0.000000000000000E+00
   4.485014191700000E-01   6.473560521800000E+00   6.473560521800000E+00   0.000000000000000E+00  -9.955840958600000E-01   0.000000000000000E+00   0.000000000000000E+00   0.000000000000000E+00
   4.544591281900000E-01   6.559552646400000E+00   6.559552646400000E+00   0.000000000000000E+00  -9.955840958600000E-01   0.000000000000000E+00   0.000000000000000E+00   0.000000000000000E+00
   4.604168372100000E-01   6.645544771000000E+00   6.645544771000000E+00   0.000000000000000E+00  -9.955840958600000E-01   0.000000000000000E+00   0.000000000000000E+00   0.000000000000000E+00
   4.663745462300000E-01   6.731536895500000E+00   6.731536895500000E+00   0.000000000000000E+00  -9.955840958600000E-01   0.000000000000000E+00   0.000000000000000E+00   0.000000000000000E+00
   4.718874323800000E-01   6.811108554900000E+00   6.811108554900000E+00   0.000000000000000E+00  -9.955840958600000E-01   0.000000000000000E+00   0.000000000000000E+00   0.000000000000000E+00
   4.774003185400000E-01   6.890680214300000E+00   6.890680214300000E+00   0.000000000000000E+00  -9.955840958600000E-01   0.000000000000000E+00   0.000000000000000E+00   0.000000000000000E+00
   4.829132046900000E-01   6.970251873800000E+00   6.970251873800000E+00   0.000000000000000E+00  -9.955840958600000E-01   0.000000000000000E+00   0.000000000000000E+00   0.000000000000000E+00
   4.884260908500000E-01   7.049823533200000E+00   7.049823533200000E+00   0.000000000000000E+00  -9.955840958600000E-01   0.000000000000000E+00   0.000000000000000E+00   0.000000000000000E+00
   4.928831265900000E-01   7.114155304300000E+00   7.114155304300000E+00   0.000000000000000E+00  -9.955840958600000E-01   0.000000000000000E+00   0.000000000000000E+00   0.000000000000000E+00
   4.973401623400000E-01   7.178487075400000E+00   7.178487075400000E+00   0.000000000000000E+00  -9.955840958600000E-01   0.000000000000000E+00   0.000000000000000E+00   0.000000000000000E+00
   5.017971980900000E-01   7.242818846600000E+00   7.242818846600000E+00   0.000000000000000E+00  -9.955840958600000E-01   0.000000000000000E+00   0.000000000000000E+00   0.000000000000000E+00
   5.062542338300000E-01   7.307150617700000E+00   7.307150617700000E+00   0.000000000000000E+00  -9.955840958600000E-01   0.000000000000000E+00   0.000000000000000E+00   0.000000000000000E+00
   5.108896176400000E-01   7.374056621500000E+00   7.374056621500000E+00   0.000000000000000E+00  -9.955840958600000E-01   0.000000000000000E+00   0.000000000000000E+00   0.000000000000000E+00
   5.155250014600000E-01   7.440962625200000E+00   7.440962625200000E+00   0.000000000000000E+00  -9.955840958600000E-01   0.000000000000000E+00   0.000000000000000E+00   0.000000000000000E+00
   5.201603852700000E-01   7.507868629000000E+00   7.507868629000000E+00   0.000000000000000E+00  -9.955840958600000E-01   0.000000000000000E+00   0.000000000000000E+00   0.000000000000000E+00
   5.247957690800000E-01   7.574774632800000E+00   7.574774632800000E+00   0.000000000000000E+00  -9.955840958600000E-01   0.000000000000000E+00   0.000000000000000E+00   0.000000000000000E+00
   5.294204344600000E-01   7.641525929400000E+00   7.641525929400000E+00   0.000000000000000E+00  -9.955840958600000E-01   0.000000000000000E+00   0.000000000000000E+00   0.000000000000000E+00
   5.340450998500000E-01   7.708277226000000E+00   7.708277226000000E+00   0.000000000000000E+00  -9.955840958600000E-01   0.000000000000000E+00   0.000000000000000E+00   0.000000000000000E+00
   5.386697652300000E-01   7.775028522600000E+00   7.775028522600000E+00   0.000000000000000E+00  -9.955840958600000E-01   0.000000000000000E+00   0.000000000000000E+00   0.000000000000000E+00
   5.432944306200000E-01   7.841779819200000E+00   7.841779819200000E+00   0.000000000000000E+00  -9.955840958600000E-01   0.000000000000000E+00   0.000000000000000E+00   0.000000000000000E+00
   5.473997336799999E-01   7.901034766200000E+00   7.901034766200000E+00   0.000000000000000E+00  -9.955840958600000E-01   0.000000000000000E+00   0.000000000000000E+00   0.000000000000000E+00
   5.515050367400000E-01   7.960289713200000E+00   7.960289713200000E+00   0.000000000000000E+00  -9.955840958600000E-01   0.000000000000000E+00   0.000000000000000E+00   0.000000000000000E+00
   5.556103398000000E-01   8.019544660199999E+00   8.019544660199999E+00   0.000000000000000E+00  -9.955840958600000E-01   0.000000000000000E+00   0.000000000000000E+00   0.000000000000000E+00
   5.597156428600000E-01   8.078799607300001E+00   8.078799607300001E+00   0.000000000000000E+00  -9.955840958600000E-01   0.000000000000000E+00   0.000000000000000E+00   0.000000000000000E+00
   5.630665584200000E-01   8.127165908400000E+00   8.127165908400000E+00   0.000000000000000E+00  -9.955840958600000E-01   0.000000000000000E+00   0.000000000000000E+00   0.000000000000000E+00
   5.664174739900000E-01   8.175532209500000E+00   8.175532209500000E+00   0.000000000000000E+00  -9.955840958600000E-01   0.000000000000000E+00   0.000000000000000E+00   0.000000000000000E+00
   5.697683895500000E-01   8.223898510700000E+00   8.223898510700000E+00   0.000000000000000E+00  -9.955840958600000E-01   0.000000000000000E+00   0.000000000000000E+00   0.000000000000000E+00
   5.731193051100000E-01   8.272264811800000E+00   8.272264811800000E+00   0.000000000000000E+00  -9.955840958600000E-01   0.000000000000000E+00   0.000000000000000E+00   0.000000000000000E+00
   5.755614516599999E-01   8.307514161800000E+00   8.307514161800000E+00   0.000000000000000E+00  -9.955840958600000E-01   0.000000000000000E+00   0.000000000000000E+00   0.000000000000000E+00
   5.780035982100000E-01   8.342763511699999E+00   8.342763511699999E+00   0.000000000000000E+00  -9.955840958600000E-01   0.000000000000000E+00   0.000000000000000E+00   0.000000000000000E+00
   5.804457447500000E-01   8.378012861600000E+00   8.378012861600000E+00   0.000000000000000E+00  -9.955840958600000E-01   0.000000000000000E+00   0.000000000000000E+00   0.000000000000000E+00
   5.828878913000000E-01   8.413262211499999E+00   8.413262211499999E+00   0.000000000000000E+00  -9.955840958600000E-01   0.000000000000000E+00   0.000000000000000E+00   0.000000000000000E+00
   5.853530641600000E-01   8.448843917700000E+00   8.448843917700000E+00   0.000000000000000E+00  -9.955840958600000E-01   0.000000000000000E+00   0.000000000000000E+00   0.000000000000000E+00
   5.878182370200000E-01   8.484425623900000E+00   8.484425623900000E+00   0.000000000000000E+00  -9.955840958600000E-01   0.000000000000000E+00   0.000000000000000E+00   0.000000000000000E+00
   5.902834098800001E-01   8.520007330100000E+00   8.520007330100000E+00   0.000000000000000E+00  -9.955840958600000E-01   0.000000000000000E+00   0.000000000000000E+00   0.000000000000000E+00
   5.927485827500000E-01   8.555589036300001E+00   8.555589036300001E+00   0.000000000000000E+00  -9.955840958600000E-01   0.000000000000000E+00   0.000000000000000E+00   0.000000000000000E+00
   5.953776925299999E-01   8.593536968100000E+00   8.593536968100000E+00   0.000000000000000E+00  -9.955840958600000E-01   0.000000000000000E+00   0.000000000000000E+00   0.000000000000000E+00
   5.980068023100000E-01   8.631484899900000E+00   8.631484899900000E+00   0.000000000000000E+00  -9.955840958600000E-01   0.000000000000000E+00   0.000000000000000E+00   0.000000000000000E+00
   6.006359120900000E-01   8.669432831700000E+00   8.669432831700000E+00   0.000000000000000E+00  -9.955840958600000E-01   0.000000000000000E+00   0.000000000000000E+00   0.000000000000000E+00
   6.032650218700000E-01   8.707380763600000E+00   8.707380763600000E+00   0.000000000000000E+00  -9.955840958600000E-01   0.000000000000000E+00   0.000000000000000E+00   0.000000000000000E+00
   6.054202097400000E-01   8.738488221700001E+00   8.738488221700001E+00   0.000000000000000E+00  -9.955840958600000E-01   0.000000000000000E+00   0.000000000000000E+00   0.000000000000000E+00
   6.075753976100000E-01   8.769595679900000E+00   8.769595679900000E+00   0.000000000000000E+00  -9.955840958600000E-01   0.000000000000000E+00   0.000000000000000E+00   0.000000000000000E+00
   6.097305854900000E-01   8.800703138099999E+00   8.800703138099999E+00   0.000000000000000E+00  -9.955840958600000E-01   0.000000000000000E+00   0.000000000000000E+00   0.000000000000000E+00
   6.118857733600001E-01   8.831810596200000E+00   8.831810596200000E+00   0.000000000000000E+00  -9.955840958600000E-01   0.000000000000000E+00   0.000000000000000E+00   0.000000000000000E+00
   6.140051771500000E-01   8.862401555700000E+00   8.862401555700000E+00   0.000000000000000E+00  -9.955840958600000E-01   0.000000000000000E+00   0.000000000000000E+00   0.000000000000000E+00
   6.161245809400000E-01   8.892992515100000E+00   8.892992515100000E+00   0.000000000000000E+00  -9.955840958600000E-01   0.000000000000000E+00   0.000000000000000E+00   0.000000000000000E+00
   6.182439847400000E-01   8.923583474499999E+00   8.923583474499999E+00   0.000000000000000E+00  -9.955840958600000E-01   0.000000000000000E+00   0.000000000000000E+00   0.000000000000000E+00
   6.203633885299999E-01   8.954174434000000E+00   8.954174434000000E+00   0.000000000000000E+00  -9.955840958600000E-01   0.000000000000000E+00   0.000000000000000E+00   0.000000000000000E+00
   6.221606837900000E-01   8.980116157099999E+00   8.980116157099999E+00   0.000000000000000E+00  -9.955840958600000E-01   0.000000000000000E+00   0.000000000000000E+00   0.000000000000000E+00
   6.239579790499999E-01   9.006057880200000E+00   9.006057880200000E+00   0.000000000000000E+00  -9.955840958600000E-01   0.000000000000000E+00   0.000000000000000E+00   0.000000000000000E+00
   6.257552743100000E-01   9.031999603299999E+00   9.031999603299999E+00   0.000000000000000E+00  -9.955840958600000E-01   0.000000000000000E+00   0.000000000000000E+00   0.000000000000000E+00
   6.275525695700001E-01   9.057941326500000E+00   9.057941326500000E+00   0.000000000000000E+00  -9.955840958600000E-01   0.000000000000000E+00   0.000000000000000E+00   0.000000000000000E+00
   6.289913973800000E-01   9.078709017600000E+00   9.078709017600000E+00   0.000000000000000E+00  -9.955840958600000E-01   0.000000000000000E+00   0.000000000000000E+00   0.000000000000000E+00
   6.304302252000000E-01   9.099476708799999E+00   9.099476708799999E+00   0.000000000000000E+00  -9.955840958600000E-01   0.000000000000000E+00   0.000000000000000E+00   0.000000000000000E+00
   6.318690530200000E-01   9.120244399900001E+00   9.120244399900001E+00   0.000000000000000E+00  -9.955840958600000E-01   0.000000000000000E+00   0.000000000000000E+00   0.000000000000000E+00
   6.333078808400000E-01   9.141012091100000E+00   9.141012091100000E+00   0.000000000000000E+00  -9.955840958600000E-01   0.000000000000000E+00   0.000000000000000E+00   0.000000000000000E+00
   6.345276220700000E-01   9.158617539700000E+00   9.158617539700000E+00   0.000000000000000E+00  -9.955840958600000E-01   0.000000000000000E+00   0.000000000000000E+00   0.000000000000000E+00
   6.357473633000000E-01   9.176222988299999E+00   9.176222988299999E+00   0.000000000000000E+00  -9.955840958600000E-01   0.000000000000000E+00   0.000000000000000E+00   0.000000000000000E+00
   6.369671045200000E-01   9.193828436800001E+00   9.193828436800001E+00   0.000000000000000E+00  -9.955840958600000E-01   0.000000000000000E+00   0.000000000000000E+00   0.000000000000000E+00
   6.381868457500000E-01   9.211433885400000E+00   9.211433885400000E+00   0.000000000000000E+00  -9.955840958600000E-01   0.000000000000000E+00   0.000000000000000E+00   0.000000000000000E+00
   6.395416138500000E-01   9.230988278900000E+00   9.230988278900000E+00   0.000000000000000E+00  -9.955840958600000E-01   0.000000000000000E+00   0.000000000000000E+00   0.000000000000000E+00
   6.408963819400000E-01   9.250542672400000E+00   9.250542672400000E+00   0.000000000000000E+00  -9.955840958600000E-01   0.000000000000000E+00   0.000000000000000E+00   0.000000000000000E+00
   6.422511500300000E-01   9.270097065900000E+00   9.270097065900000E+00   0.000000000000000E+00  -9.955840958600000E-01   0.000000000000000E+00   0.000000000000000E+00   0.000000000000000E+00
   6.436059181200000E-01   9.289651459400000E+00   9.289651459400000E+00   0.000000000000000E+00  -9.955840958600000E-01   0.000000000000000E+00   0.000000000000000E+00   0.000000000000000E+00
   6.453040653600000E-01   9.314162104099999E+00   9.314162104099999E+00   0.000000000000000E+00  -9.955840958600000E-01   0.000000000000000E+00   0.000000000000000E+00   0.000000000000000E+00
   6.470022126000000E-01   9.338672748700001E+00   9.338672748700001E+00   0.000000000000000E+00  -9.955840958600000E-01   0.000000000000000E+00   0.000000000000000E+00   0.000000000000000E+00
   6.487003598400000E-01   9.363183393400000E+00   9.363183393400000E+00   0.000000000000000E+00  -9.955840958600000E-01   0.000000000000000E+00   0.000000000000000E+00   0.000000000000000E+00
   6.503985070700000E-01   9.387694038099999E+00   9.387694038099999E+00   0.000000000000000E+00  -9.955840958600000E-01   0.000000000000000E+00   0.000000000000000E+00   0.000000000000000E+00
   6.523629757600000E-01   9.416048701899999E+00   9.416048701899999E+00   0.000000000000000E+00  -9.955840958600000E-01   0.000000000000000E+00   0.000000000000000E+00   0.000000000000000E+00
   6.543274444500000E-01   9.444403365599999E+00   9.444403365599999E+00   0.000000000000000E+00  -9.955840958600000E-01   0.000000000000000E+00   0.000000000000000E+00   0.000000000000000E+00
   6.562919131400000E-01   9.472758029400000E+00   9.472758029400000E+00   0.000000000000000E+00  -9.955840958600000E-01   0.000000000000000E+00   0.000000000000000E+00   0.000000000000000E+00
   6.582563818200000E-01   9.501112693200000E+00   9.501112693200000E+00   0.000000000000000E+00  -9.955840958600000E-01   0.000000000000000E+00   0.000000000000000E+00   0.000000000000000E+00
   6.603681200700000E-01   9.531593009900000E+00   9.531593009900000E+00   0.000000000000000E+00  -9.955840958600000E-01   0.000000000000000E+00   0.000000000000000E+00   0.000000000000000E+00
   6.624798583100000E-01   9.562073326700000E+00   9.562073326700000E+00   0.000000000000000E+00  -9.955840958600000E-01   0.000000000000000E+00   0.000000000000000E+00   0.000000000000000E+00
   6.645915965500000E-01   9.592553643400000E+00   9.592553643400000E+00   0.000000000000000E+00  -9.955840958600000E-01   0.000000000000000E+00   0.000000000000000E+00   0.000000000000000E+00
   6.667033347900000E-01   9.623033960100001E+00   9.623033960100001E+00   0.000000000000000E+00  -9.955840958600000E-01   0.000000000000000E+00   0.000000000000000E+00   0.000000000000000E+00
   6.685962437500000E-01   9.650355748200001E+00   9.650355748200001E+00   0.000000000000000E+00  -9.955840958600000E-01   0.000000000000000E+00   0.000000000000000E+00   0.000000000000000E+00
   6.704891527100000E-01   9.677677536199999E+00   9.677677536199999E+00   0.000000000000000E+00  -9.955840958600000E-01   0.000000000000000E+00   0.000000000000000E+00   0.000000000000000E+00
   6.723820616700000E-01   9.704999324299999E+00   9.704999324299999E+00   0.000000000000000E+00  -9.955840958600000E-01   0.000000000000000E+00   0.000000000000000E+00   0.000000000000000E+00
   6.742749706300000E-01   9.732321112299999E+00   9.732321112299999E+00   0.000000000000000E+00  -9.955840958600000E-01   0.000000000000000E+00   0.000000000000000E+00   0.000000000000000E+00
   6.759156406800000E-01   9.756002145300000E+00   9.756002145300000E+00   0.000000000000000E+00  -9.955840958600000E-01   0.000000000000000E+00   0.000000000000000E+00   0.000000000000000E+00
   6.775563107400000E-01   9.779683178200001E+00   9.779683178200001E+00   0.000000000000000E+00  -9.955840958600000E-01   0.000000000000000E+00   0.000000000000000E+00   0.000000000000000E+00
   6.791969807900000E-01   9.803364211200000E+00   9.803364211200000E+00   0.000000000000000E+00  -9.955840958600000E-01   0.000000000000000E+00   0.000000000000000E+00   0.000000000000000E+00
   6.808376508400000E-01   9.827045244100001E+00   9.827045244100001E+00   0.000000000000000E+00  -9.955840958600000E-01   0.000000000000000E+00   0.000000000000000E+00   0.000000000000000E+00
   6.822413612000000E-01   9.847306058399999E+00   9.847306058399999E+00   0.000000000000000E+00  -9.955840958600000E-01   0.000000000000000E+00   0.000000000000000E+00   0.000000000000000E+00
   6.836450715600000E-01   9.867566872699999E+00   9.867566872699999E+00   0.000000000000000E+00  -9.955840958600000E-01   0.000000000000000E+00   0.000000000000000E+00   0.000000000000000E+00
   6.850487819200000E-01   9.887827687100000E+00   9.887827687100000E+00   0.000000000000000E+00  -9.955840958600000E-01   0.000000000000000E+00   0.000000000000000E+00   0.000000000000000E+00
   6.864524922800000E-01   9.908088501400000E+00   9.908088501400000E+00   0.000000000000000E+00  -9.955840958600000E-01   0.000000000000000E+00   0.000000000000000E+00   0.000000000000000E+00
   6.877470976200000E-01   9.926774520200000E+00   9.926774520200000E+00   0.000000000000000E+00  -9.955840958600000E-01   0.000000000000000E+00   0.000000000000000E+00   0.000000000000000E+00
   6.890417029500000E-01   9.945460539100001E+00   9.945460539100001E+00   0.000000000000000E+00  -9.955840958600000E-01   0.000000000000000E+00   0.000000000000000E+00   0.000000000000000E+00
   6.903363082800000E-01   9.964146557899999E+00   9.964146557899999E+00   0.000000000000000E+00  -9.955840958600000E-01   0.000000000000000E+00   0.000000000000000E+00   0.000000000000000E+00
   6.916309136200000E-01   9.982832576800000E+00   9.982832576800000E+00   0.000000000000000E+00  -9.955840958600000E-01   0.000000000000000E+00   0.000000000000000E+00   0.000000000000000E+00
   6.928209443600000E-01   1.000000919100000E+01   1.000000919100000E+01   0.000000000000000E+00  -9.955840958600000E-01   0.000000000000000E+00   0.000000000000000E+00   0.000000000000000E+00
   6.940109751100000E-01   1.001718580600000E+01   1.001718580600000E+01   0.000000000000000E+00  -9.955840958600000E-01   0.000000000000000E+00   0.000000000000000E+00   0.000000000000000E+00
   6.952010058600000E-01   1.003436242100000E+01   1.003436242100000E+01   0.000000000000000E+00  -9.955840958600000E-01   0.000000000000000E+00   0.000000000000000E+00   0.000000000000000E+00
   6.963910366100000E-01   1.005153903600000E+01   1.005153903600000E+01   0.000000000000000E+00  -9.955840958600000E-01   0.000000000000000E+00   0.000000000000000E+00   0.000000000000000E+00
   6.976039305800000E-01   1.006904565200000E+01   1.006904565200000E+01   0.000000000000000E+00  -9.955840958600000E-01   0.000000000000000E+00   0.000000000000000E+00   0.000000000000000E+00
   6.988168245500000E-01   1.008655226900000E+01   1.008655226900000E+01   0.000000000000000E+00  -9.955840958600000E-01   0.000000000000000E+00   0.000000000000000E+00   0.000000000000000E+00
   7.000297185200000E-01   1.010405888600000E+01   1.010405888600000E+01   0.000000000000000E+00  -9.955840958600000E-01   0.000000000000000E+00   0.000000000000000E+00   0.000000000000000E+00
   7.012426124900000E-01   1.012156550300000E+01   1.012156550300000E+01   0.000000000000000E+00  -9.955840958600000E-01   0.000000000000000E+00   0.000000000000000E+00   0.000000000000000E+00
   7.029293731700000E-01   1.014591179700000E+01   1.014591179700000E+01   0.000000000000000E+00  -9.955840958600000E-01   0.000000000000000E+00   0.000000000000000E+00   0.000000000000000E+00
   7.046161338500000E-01   1.017025809100000E+01   1.017025809100000E+01   0.000000000000000E+00  -9.955840958600000E-01   0.000000000000000E+00   0.000000000000000E+00   0.000000000000000E+00
   7.063028945399999E-01   1.019460438500000E+01   1.019460438500000E+01   0.000000000000000E+00  -9.955840958600000E-01   0.000000000000000E+00   0.000000000000000E+00   0.000000000000000E+00
   7.079896552200000E-01   1.021895067900000E+01   1.021895067900000E+01   0.000000000000000E+00  -9.955840958600000E-01   0.000000000000000E+00   0.000000000000000E+00   0.000000000000000E+00
   7.104434272200000E-01   1.025436782800000E+01   1.025436782800000E+01   0.000000000000000E+00  -9.955840958600000E-01   0.000000000000000E+00   0.000000000000000E+00   0.000000000000000E+00
   7.128971992200001E-01   1.028978497700000E+01   1.028978497700000E+01   0.000000000000000E+00  -9.955840958600000E-01   0.000000000000000E+00   0.000000000000000E+00   0.000000000000000E+00
   7.153509712200000E-01   1.032520212600000E+01   1.032520212600000E+01   0.000000000000000E+00  -9.955840958600000E-01   0.000000000000000E+00   0.000000000000000E+00   0.000000000000000E+00
   7.178047432300000E-01   1.036061927400000E+01   1.036061927400000E+01   0.000000000000000E+00  -9.955840958600000E-01   0.000000000000000E+00   0.000000000000000E+00   0.000000000000000E+00
   7.202597528300000E-01   1.039605428700000E+01   1.039605428700000E+01   0.000000000000000E+00  -9.955840958600000E-01   0.000000000000000E+00   0.000000000000000E+00   0.000000000000000E+00
   7.227147624300000E-01   1.043148929900000E+01   1.043148929900000E+01   0.000000000000000E+00  -9.955840958600000E-01   0.000000000000000E+00   0.000000000000000E+00   0.000000000000000E+00
   7.251697720300000E-01   1.046692431100000E+01   1.046692431100000E+01   0.000000000000000E+00  -9.955840958600000E-01   0.000000000000000E+00   0.000000000000000E+00   0.000000000000000E+00
   7.276247816300000E-01   1.050235932300000E+01   1.050235932300000E+01   0.000000000000000E+00  -9.955840958600000E-01   0.000000000000000E+00   0.000000000000000E+00   0.000000000000000E+00
   7.305344600300000E-01   1.054435691400000E+01   1.054435691400000E+01   0.000000000000000E+00  -9.955840958600000E-01   0.000000000000000E+00   0.000000000000000E+00   0.000000000000000E+00
   7.334441384400000E-01   1.058635450500000E+01   1.058635450500000E+01   0.000000000000000E+00  -9.955840958600000E-01   0.000000000000000E+00   0.000000000000000E+00   0.000000000000000E+00
   7.363538168400000E-01   1.062835209700000E+01   1.062835209700000E+01   0.000000000000000E+00  -9.955840958600000E-01   0.000000000000000E+00   0.000000000000000E+00   0.000000000000000E+00
   7.392634952400000E-01   1.067034968800000E+01   1.067034968800000E+01   0.000000000000000E+00  -9.955840958600000E-01   0.000000000000000E+00   0.000000000000000E+00   0.000000000000000E+00
   7.416464502300000E-01   1.070474468100000E+01   1.070474468100000E+01   0.000000000000000E+00  -9.955840958600000E-01   0.000000000000000E+00   0.000000000000000E+00   0.000000000000000E+00
   7.440294052200001E-01   1.073913967500000E+01   1.073913967500000E+01   0.000000000000000E+00  -9.955840958600000E-01   0.000000000000000E+00   0.000000000000000E+00   0.000000000000000E+00
   7.464123602100000E-01   1.077353466800000E+01   1.077353466800000E+01   0.000000000000000E+00  -9.955840958600000E-01   0.000000000000000E+00   0.000000000000000E+00   0.000000000000000E+00
   7.487953152000000E-01   1.080792966100000E+01   1.080792966100000E+01   0.000000000000000E+00  -9.955840958600000E-01   0.000000000000000E+00   0.000000000000000E+00   0.000000000000000E+00
   7.508669287600001E-01   1.083783082800000E+01   1.083783082800000E+01   0.000000000000000E+00  -9.955840958600000E-01   0.000000000000000E+00   0.000000000000000E+00   0.000000000000000E+00
   7.529385423200000E-01   1.086773199500000E+01   1.086773199500000E+01   0.000000000000000E+00  -9.955840958600000E-01   0.000000000000000E+00   0.000000000000000E+00   0.000000000000000E+00
   7.550101558800000E-01   1.089763316200000E+01   1.089763316200000E+01   0.000000000000000E+00  -9.955840958600000E-01   0.000000000000000E+00   0.000000000000000E+00   0.000000000000000E+00
   7.570817694400001E-01   1.092753432900000E+01   1.092753432900000E+01   0.000000000000000E+00  -9.955840958600000E-01   0.000000000000000E+00   0.000000000000000E+00   0.000000000000000E+00
   7.589596649100000E-01   1.095463941600000E+01   1.095463941600000E+01   0.000000000000000E+00  -9.955840958600000E-01   0.000000000000000E+00   0.000000000000000E+00   0.000000000000000E+00
   7.608375603800001E-01   1.098174450300000E+01   1.098174450300000E+01   0.000000000000000E+00  -9.955840958600000E-01   0.000000000000000E+00   0.000000000000000E+00   0.000000000000000E+00
   7.627154558400000E-01   1.100884958900000E+01   1.100884958900000E+01   0.000000000000000E+00  -9.955840958600000E-01   0.000000000000000E+00   0.000000000000000E+00   0.000000000000000E+00
   7.645933513099999E-01   1.103595467600000E+01   1.103595467600000E+01   0.000000000000000E+00  -9.955840958600000E-01   0.000000000000000E+00   0.000000000000000E+00   0.000000000000000E+00
   7.663970830900000E-01   1.106198930300000E+01   1.106198930300000E+01   0.000000000000000E+00  -9.955840958600000E-01   0.000000000000000E+00   0.000000000000000E+00   0.000000000000000E+00
   7.682008148700000E-01   1.108802392900000E+01   1.108802392900000E+01   0.000000000000000E+00  -9.955840958600000E-01   0.000000000000000E+00   0.000000000000000E+00   0.000000000000000E+00
   7.700045466400000E-01   1.111405855500000E+01   1.111405855500000E+01   0.000000000000000E+00  -9.955840958600000E-01   0.000000000000000E+00   0.000000000000000E+00   0.000000000000000E+00
   7.718082784200000E-01   1.114009318100000E+01   1.114009318100000E+01   0.000000000000000E+00  -9.955840958600000E-01   0.000000000000000E+00   0.000000000000000E+00   0.000000000000000E+00
   7.740171066800000E-01   1.117197487200000E+01   1.117197487200000E+01   0.000000000000000E+00  -9.955840958600000E-01   0.000000000000000E+00   0.000000000000000E+00   0.000000000000000E+00
   7.762259349400000E-01   1.120385656200000E+01   1.120385656200000E+01   0.000000000000000E+00  -9.955840958600000E-01   0.000000000000000E+00   0.000000000000000E+00   0.000000000000000E+00
   7.784347631900000E-01   1.123573825300000E+01   1.123573825300000E+01   0.000000000000000E+00  -9.955840958600000E-01   0.000000000000000E+00   0.000000000000000E+00   0.000000000000000E+00
   7.806435914500000E-01   1.126761994300000E+01   1.126761994300000E+01   0.000000000000000E+00  -9.955840958600000E-01   0.000000000000000E+00   0.000000000000000E+00   0.000000000000000E+00
   7.826043922100000E-01   1.129592166500000E+01   1.129592166500000E+01   0.000000000000000E+00  -9.955840958600000E-01   0.000000000000000E+00   0.000000000000000E+00   0.000000000000000E+00
   7.845651929700000E-01   1.132422338700000E+01   1.132422338700000E+01   0.000000000000000E+00  -9.955840958600000E-01   0.000000000000000E+00   0.000000000000000E+00   0.000000000000000E+00
   7.865259937200000E-01   1.135252510900000E+01   1.135252510900000E+01   0.000000000000000E+00  -9.955840958600000E-01   0.000000000000000E+00   0.000000000000000E+00   0.000000000000000E+00
   7.884867944800000E-01   1.138082683000000E+01   1.138082683000000E+01   0.000000000000000E+00  -9.955840958600000E-01   0.000000000000000E+00   0.000000000000000E+00   0.000000000000000E+00
   7.903482324700000E-01   1.140769437400000E+01   1.140769437400000E+01   0.000000000000000E+00  -9.955840958600000E-01   0.000000000000000E+00   0.000000000000000E+00   0.000000000000000E+00
   7.922096704600000E-01   1.143456191800000E+01   1.143456191800000E+01   0.000000000000000E+00  -9.955840958600000E-01   0.000000000000000E+00   0.000000000000000E+00   0.000000000000000E+00
   7.940711084500000E-01   1.146142946100000E+01   1.146142946100000E+01   0.000000000000000E+00  -9.955840958600000E-01   0.000000000000000E+00   0.000000000000000E+00   0.000000000000000E+00
   7.959325464300000E-01   1.148829700500000E+01   1.148829700500000E+01   0.000000000000000E+00  -9.955840958600000E-01   0.000000000000000E+00   0.000000000000000E+00   0.000000000000000E+00
   7.978873200000000E-01   1.151651173200000E+01   1.151651173200000E+01   0.000000000000000E+00  -9.955840958600000E-01   0.000000000000000E+00   0.000000000000000E+00   0.000000000000000E+00
   7.998420935700000E-01   1.154472645900000E+01   1.154472645900000E+01   0.000000000000000E+00  -9.955840958600000E-01   0.000000000000000E+00   0.000000000000000E+00   0.000000000000000E+00
   8.017968671400000E-01   1.157294118500000E+01   1.157294118500000E+01   0.000000000000000E+00  -9.955840958600000E-01   0.000000000000000E+00   0.000000000000000E+00   0.000000000000000E+00
   8.037516407000000E-01   1.160115591200000E+01   1.160115591200000E+01   0.000000000000000E+00  -9.955840958600000E-01   0.000000000000000E+00   0.000000000000000E+00   0.000000000000000E+00
   8.055681417800000E-01   1.162737484700000E+01   1.162737484700000E+01   0.000000000000000E+00  -9.955840958600000E-01   0.000000000000000E+00   0.000000000000000E+00   0.000000000000000E+00
   8.073846428600000E-01   1.165359378300000E+01   1.165359378300000E+01   0.000000000000000E+00  -9.955840958600000E-01   0.000000000000000E+00   0.000000000000000E+00   0.000000000000000E+00
   8.092011439400000E-01   1.167981271800000E+01   1.167981271800000E+01   0.000000000000000E+00  -9.955840958600000E-01   0.000000000000000E+00   0.000000000000000E+00   0.000000000000000E+00
   8.110176450100000E-01   1.170603165300000E+01   1.170603165300000E+01   0.000000000000000E+00  -9.955840958600000E-01   0.000000000000000E+00   0.000000000000000E+00   0.000000000000000E+00
   8.123894342300000E-01   1.172583172500000E+01   1.172583172500000E+01   0.000000000000000E+00  -9.955840958600000E-01   0.000000000000000E+00   0.000000000000000E+00   0.000000000000000E+00
   8.137612234500000E-01   1.174563179800000E+01   1.174563179800000E+01   0.000000000000000E+00  -9.955840958600000E-01   0.000000000000000E+00   0.000000000000000E+00   0.000000000000000E+00
   8.151330126600000E-01   1.176543187000000E+01   1.176543187000000E+01   0.000000000000000E+00  -9.955840958600000E-01   0.000000000000000E+00   0.000000000000000E+00   0.000000000000000E+00
   8.165048018800000E-01   1.178523194200000E+01   1.178523194200000E+01   0.000000000000000E+00  -9.955840958600000E-01   0.000000000000000E+00   0.000000000000000E+00   0.000000000000000E+00
   8.179464371700000E-01   1.180604015600000E+01   1.180604015600000E+01   0.000000000000000E+00  -9.955840958600000E-01   0.000000000000000E+00   0.000000000000000E+00   0.000000000000000E+00
   8.193880724500000E-01   1.182684836900000E+01   1.182684836900000E+01   0.000000000000000E+00  -9.955840958600000E-01   0.000000000000000E+00   0.000000000000000E+00   0.000000000000000E+00
   8.208297077400000E-01   1.184765658300000E+01   1.184765658300000E+01   0.000000000000000E+00  -9.955840958600000E-01   0.000000000000000E+00   0.000000000000000E+00   0.000000000000000E+00
   8.222713430200000E-01   1.186846479600000E+01   1.186846479600000E+01   0.000000000000000E+00  -9.955840958600000E-01   0.000000000000000E+00   0.000000000000000E+00   0.000000000000000E+00
   8.234258668400000E-01   1.188512891200000E+01   1.188512891200000E+01   0.000000000000000E+00  -9.955840958600000E-01   0.000000000000000E+00   0.000000000000000E+00   0.000000000000000E+00
   8.245803906600000E-01   1.190179302900000E+01   1.190179302900000E+01   0.000000000000000E+00  -9.955840958600000E-01   0.000000000000000E+00   0.000000000000000E+00   0.000000000000000E+00
   8.257349144800000E-01   1.191845714500000E+01   1.191845714500000E+01   0.000000000000000E+00  -9.955840958600000E-01   0.000000000000000E+00   0.000000000000000E+00   0.000000000000000E+00
   8.268894382999999E-01   1.193512126100000E+01   1.193512126100000E+01   0.000000000000000E+00  -9.955840958600000E-01   0.000000000000000E+00   0.000000000000000E+00   0.000000000000000E+00
   8.281686671900000E-01   1.195358534000000E+01   1.195358534000000E+01   0.000000000000000E+00  -9.955840958600000E-01   0.000000000000000E+00   0.000000000000000E+00   0.000000000000000E+00
   8.294478960700000E-01   1.197204941900000E+01   1.197204941900000E+01   0.000000000000000E+00  -9.955840958600000E-01   0.000000000000000E+00   0.000000000000000E+00   0.000000000000000E+00
   8.307271249600000E-01   1.199051349800000E+01   1.199051349800000E+01   0.000000000000000E+00  -9.955840958600000E-01   0.000000000000000E+00   0.000000000000000E+00   0.000000000000000E+00
   8.320063538400000E-01   1.200897757700000E+01   1.200897757700000E+01   0.000000000000000E+00  -9.955840958600000E-01   0.000000000000000E+00   0.000000000000000E+00   0.000000000000000E+00
   8.333827229900000E-01   1.202884375500000E+01   1.202884375500000E+01   0.000000000000000E+00  -9.955840958600000E-01   0.000000000000000E+00   0.000000000000000E+00   0.000000000000000E+00
   8.347590921400000E-01   1.204870993300000E+01   1.204870993300000E+01   0.000000000000000E+00  -9.955840958600000E-01   0.000000000000000E+00   0.000000000000000E+00   0.000000000000000E+00
   8.361354612900000E-01   1.206857611100000E+01   1.206857611100000E+01   0.000000000000000E+00  -9.955840958600000E-01   0.000000000000000E+00   0.000000000000000E+00   0.000000000000000E+00
   8.375118304300000E-01   1.208844228900000E+01   1.208844228900000E+01   0.000000000000000E+00  -9.955840958600000E-01   0.000000000000000E+00   0.000000000000000E+00   0.000000000000000E+00
   8.388201436100000E-01   1.210732616300000E+01   1.210732616300000E+01   0.000000000000000E+00  -9.955840958600000E-01   0.000000000000000E+00   0.000000000000000E+00   0.000000000000000E+00
   8.401284567900000E-01   1.212621003800000E+01   1.212621003800000E+01   0.000000000000000E+00  -9.955840958600000E-01   0.000000000000000E+00   0.000000000000000E+00   0.000000000000000E+00
   8.414367699700001E-01   1.214509391200000E+01   1.214509391200000E+01   0.000000000000000E+00  -9.955840958600000E-01   0.000000000000000E+00   0.000000000000000E+00   0.000000000000000E+00
   8.427450831500000E-01   1.216397778700000E+01   1.216397778700000E+01   0.000000000000000E+00  -9.955840958600000E-01   0.000000000000000E+00   0.000000000000000E+00   0.000000000000000E+00
   8.439553878000000E-01   1.218144703000000E+01   1.218144703000000E+01   0.000000000000000E+00  -9.955840958600000E-01   0.000000000000000E+00   0.000000000000000E+00   0.000000000000000E+00
   8.451656924600000E-01   1.219891627400000E+01   1.219891627400000E+01   0.000000000000000E+00  -9.955840958600000E-01   0.000000000000000E+00   0.000000000000000E+00   0.000000000000000E+00
   8.463759971200000E-01   1.221638551700000E+01   1.221638551700000E+01   0.000000000000000E+00  -9.955840958600000E-01   0.000000000000000E+00   0.000000000000000E+00   0.000000000000000E+00
   8.475863017700001E-01   1.223385476000000E+01   1.223385476000000E+01   0.000000000000000E+00  -9.955840958600000E-01   0.000000000000000E+00   0.000000000000000E+00   0.000000000000000E+00
   8.488427546600000E-01   1.225199009600000E+01   1.225199009600000E+01   0.000000000000000E+00  -9.955840958600000E-01   0.000000000000000E+00   0.000000000000000E+00   0.000000000000000E+00
   8.500992075400000E-01   1.227012543200000E+01   1.227012543200000E+01   0.000000000000000E+00  -9.955840958600000E-01   0.000000000000000E+00   0.000000000000000E+00   0.000000000000000E+00
   8.513556604200000E-01   1.228826076700000E+01   1.228826076700000E+01   0.000000000000000E+00  -9.955840958600000E-01   0.000000000000000E+00   0.000000000000000E+00   0.000000000000000E+00
   8.526121133100000E-01   1.230639610300000E+01   1.230639610300000E+01   0.000000000000000E+00  -9.955840958600000E-01   0.000000000000000E+00   0.000000000000000E+00   0.000000000000000E+00
   8.543212747400000E-01   1.233106572400000E+01   1.233106572400000E+01   0.000000000000000E+00  -9.955840958600000E-01   0.000000000000000E+00   0.000000000000000E+00   0.000000000000000E+00
   8.560304361600000E-01   1.235573534500000E+01   1.235573534500000E+01   0.000000000000000E+00  -9.955840958600000E-01   0.000000000000000E+00   0.000000000000000E+00   0.000000000000000E+00
   8.577395975900000E-01   1.238040496500000E+01   1.238040496500000E+01   0.000000000000000E+00  -9.955840958600000E-01   0.000000000000000E+00   0.000000000000000E+00   0.000000000000000E+00
   8.594487590200000E-01   1.240507458600000E+01   1.240507458600000E+01   0.000000000000000E+00  -9.955840958600000E-01   0.000000000000000E+00   0.000000000000000E+00   0.000000000000000E+00
   8.618147438900000E-01   1.243922463700000E+01   1.243922463700000E+01   0.000000000000000E+00  -9.955840958600000E-01   0.000000000000000E+00   0.000000000000000E+00   0.000000000000000E+00
   8.641807287700000E-01   1.247337468800000E+01   1.247337468800000E+01   0.000000000000000E+00  -9.955840958600000E-01   0.000000000000000E+00   0.000000000000000E+00   0.000000000000000E+00
   8.665467136400000E-01   1.250752473900000E+01   1.250752473900000E+01   0.000000000000000E+00  -9.955840958600000E-01   0.000000000000000E+00   0.000000000000000E+00   0.000000000000000E+00
   8.689126985200000E-01   1.254167479000000E+01   1.254167479000000E+01   0.000000000000000E+00  -9.955840958600000E-01   0.000000000000000E+00   0.000000000000000E+00   0.000000000000000E+00
   8.716456440200000E-01   1.258112146100000E+01   1.258112146100000E+01   0.000000000000000E+00  -9.955840958600000E-01   0.000000000000000E+00   0.000000000000000E+00   0.000000000000000E+00
   8.743785895200000E-01   1.262056813300000E+01   1.262056813300000E+01   0.000000000000000E+00  -9.955840958600000E-01   0.000000000000000E+00   0.000000000000000E+00   0.000000000000000E+00
   8.771115350299999E-01   1.266001480400000E+01   1.266001480400000E+01   0.000000000000000E+00  -9.955840958600000E-01   0.000000000000000E+00   0.000000000000000E+00   0.000000000000000E+00
   8.798444805300000E-01   1.269946147500000E+01   1.269946147500000E+01   0.000000000000000E+00  -9.955840958600000E-01   0.000000000000000E+00   0.000000000000000E+00   0.000000000000000E+00
   8.826499490700001E-01   1.273995492700000E+01   1.273995492700000E+01   0.000000000000000E+00  -9.955840958600000E-01   0.000000000000000E+00   0.000000000000000E+00   0.000000000000000E+00
   8.854554176200000E-01   1.278044837800000E+01   1.278044837800000E+01   0.000000000000000E+00  -9.955840958600000E-01   0.000000000000000E+00   0.000000000000000E+00   0.000000000000000E+00
   8.882608861600000E-01   1.282094183000000E+01   1.282094183000000E+01   0.000000000000000E+00  -9.955840958600000E-01   0.000000000000000E+00   0.000000000000000E+00   0.000000000000000E+00
   8.910663547100000E-01   1.286143528100000E+01   1.286143528100000E+01   0.000000000000000E+00  -9.955840958600000E-01   0.000000000000000E+00   0.000000000000000E+00   0.000000000000000E+00
   8.928507188400000E-01   1.288719035900000E+01   1.288719035900000E+01   0.000000000000000E+00  -9.955840958600000E-01   0.000000000000000E+00   0.000000000000000E+00   0.000000000000000E+00
   8.946350829800001E-01   1.291294543800000E+01   1.291294543800000E+01   0.000000000000000E+00  -9.955840958600000E-01   0.000000000000000E+00   0.000000000000000E+00   0.000000000000000E+00
   8.964194471100000E-01   1.293870051600000E+01   1.293870051600000E+01   0.000000000000000E+00  -9.955840958600000E-01   0.000000000000000E+00   0.000000000000000E+00   0.000000000000000E+00
   8.982038112500000E-01   1.296445559500000E+01   1.296445559500000E+01   0.000000000000000E+00  -9.955840958600000E-01   0.000000000000000E+00   0.000000000000000E+00   0.000000000000000E+00
   9.003531149500000E-01   1.299547812200000E+01   1.299547812200000E+01   0.000000000000000E+00  -9.955840958600000E-01   0.000000000000000E+00   0.000000000000000E+00   0.000000000000000E+00
   9.025024186400000E-01   1.302650065000000E+01   1.302650065000000E+01   0.000000000000000E+00  -9.955840958600000E-01   0.000000000000000E+00   0.000000000000000E+00   0.000000000000000E+00
   9.046517223400000E-01   1.305752317700000E+01   1.305752317700000E+01   0.000000000000000E+00  -9.955840958600000E-01   0.000000000000000E+00   0.000000000000000E+00   0.000000000000000E+00
   9.068010260400000E-01   1.308854570400000E+01   1.308854570400000E+01   0.000000000000000E+00  -9.955840958600000E-01   0.000000000000000E+00   0.000000000000000E+00   0.000000000000000E+00
   9.095447435000000E-01   1.312814785600000E+01   1.312814785600000E+01   0.000000000000000E+00  -9.955840958600000E-01   0.000000000000000E+00   0.000000000000000E+00   0.000000000000000E+00
   9.122884609700000E-01   1.316775000700000E+01   1.316775000700000E+01   0.000000000000000E+00  -9.955840958600000E-01   0.000000000000000E+00   0.000000000000000E+00   0.000000000000000E+00
   9.150321784300000E-01   1.320735215800000E+01   1.320735215800000E+01   0.000000000000000E+00  -9.955840958600000E-01   0.000000000000000E+00   0.000000000000000E+00   0.000000000000000E+00
   9.177758958900000E-01   1.324695431000000E+01   1.324695431000000E+01   0.000000000000000E+00  -9.955840958600000E-01   0.000000000000000E+00   0.000000000000000E+00   0.000000000000000E+00
   9.201827504700000E-01   1.328169426400000E+01   1.328169426400000E+01   0.000000000000000E+00  -9.955840958600000E-01   0.000000000000000E+00   0.000000000000000E+00   0.000000000000000E+00
   9.225896050400000E-01   1.331643421800000E+01   1.331643421800000E+01   0.000000000000000E+00  -9.955840958600000E-01   0.000000000000000E+00   0.000000000000000E+00   0.000000000000000E+00
   9.249964596200000E-01   1.335117417200000E+01   1.335117417200000E+01   0.000000000000000E+00  -9.955840958600000E-01   0.000000000000000E+00   0.000000000000000E+00   0.000000000000000E+00
   9.274033141900000E-01   1.338591412600000E+01   1.338591412600000E+01   0.000000000000000E+00  -9.955840958600000E-01   0.000000000000000E+00   0.000000000000000E+00   0.000000000000000E+00
   9.294386470900000E-01   1.341529162700000E+01   1.341529162700000E+01   0.000000000000000E+00  -9.955840958600000E-01   0.000000000000000E+00   0.000000000000000E+00   0.000000000000000E+00
   9.314739799900000E-01   1.344466912700000E+01   1.344466912700000E+01   0.000000000000000E+00  -9.955840958600000E-01   0.000000000000000E+00   0.000000000000000E+00   0.000000000000000E+00
   9.335093128900001E-01   1.347404662800000E+01   1.347404662800000E+01   0.000000000000000E+00  -9.955840958600000E-01   0.000000000000000E+00   0.000000000000000E+00   0.000000000000000E+00
   9.355446457800000E-01   1.350342412900000E+01   1.350342412900000E+01   0.000000000000000E+00  -9.955840958600000E-01   0.000000000000000E+00   0.000000000000000E+00   0.000000000000000E+00
   9.374763010900000E-01   1.353130517200000E+01   1.353130517200000E+01   0.000000000000000E+00  -9.955840958600000E-01   0.000000000000000E+00   0.000000000000000E+00   0.000000000000000E+00
   9.394079564100000E-01   1.355918621500000E+01   1.355918621500000E+01   0.000000000000000E+00  -9.955840958600000E-01   0.000000000000000E+00   0.000000000000000E+00   0.000000000000000E+00
   9.413396117200000E-01   1.358706725900000E+01   1.358706725900000E+01   0.000000000000000E+00  -9.955840958600000E-01   0.000000000000000E+00   0.000000000000000E+00   0.000000000000000E+00
   9.432712670300000E-01   1.361494830200000E+01   1.361494830200000E+01   0.000000000000000E+00  -9.955840958600000E-01   0.000000000000000E+00   0.000000000000000E+00   0.000000000000000E+00
   9.450869248600000E-01   1.364115506600000E+01   1.364115506600000E+01   0.000000000000000E+00  -9.955840958600000E-01   0.000000000000000E+00   0.000000000000000E+00   0.000000000000000E+00
   9.469025827000001E-01   1.366736183100000E+01   1.366736183100000E+01   0.000000000000000E+00  -9.955840958600000E-01   0.000000000000000E+00   0.000000000000000E+00   0.000000000000000E+00
   9.487182405300000E-01   1.369356859500000E+01   1.369356859500000E+01   0.000000000000000E+00  -9.955840958600000E-01   0.000000000000000E+00   0.000000000000000E+00   0.000000000000000E+00
   9.505338983600000E-01   1.371977535900000E+01   1.371977535900000E+01   0.000000000000000E+00  -9.955840958600000E-01   0.000000000000000E+00   0.000000000000000E+00   0.000000000000000E+00
   9.522315720700000E-01   1.374427916800000E+01   1.374427916800000E+01   0.000000000000000E+00  -9.955840958600000E-01   0.000000000000000E+00   0.000000000000000E+00   0.000000000000000E+00
   9.539292457800000E-01   1.376878297800000E+01   1.376878297800000E+01   0.000000000000000E+00  -9.955840958600000E-01   0.000000000000000E+00   0.000000000000000E+00   0.000000000000000E+00
   9.556269194900000E-01   1.379328678800000E+01   1.379328678800000E+01   0.000000000000000E+00  -9.955840958600000E-01   0.000000000000000E+00   0.000000000000000E+00   0.000000000000000E+00
   9.573245931900000E-01   1.381779059800000E+01   1.381779059800000E+01   0.000000000000000E+00  -9.955840958600000E-01   0.000000000000000E+00   0.000000000000000E+00   0.000000000000000E+00
   9.590107164900000E-01   1.384212769200000E+01   1.384212769200000E+01   0.000000000000000E+00  -9.955840958600000E-01   0.000000000000000E+00   0.000000000000000E+00   0.000000000000000E+00
   9.606968397800000E-01   1.386646478600000E+01   1.386646478600000E+01   0.000000000000000E+00  -9.955840958600000E-01   0.000000000000000E+00   0.000000000000000E+00   0.000000000000000E+00
   9.623829630700000E-01   1.389080188000000E+01   1.389080188000000E+01   0.000000000000000E+00  -9.955840958600000E-01   0.000000000000000E+00   0.000000000000000E+00   0.000000000000000E+00
   9.640690863600000E-01   1.391513897400000E+01   1.391513897400000E+01   0.000000000000000E+00  -9.955840958600000E-01   0.000000000000000E+00   0.000000000000000E+00   0.000000000000000E+00
   9.656479365300000E-01   1.393792771400000E+01   1.393792771400000E+01   0.000000000000000E+00  -9.955840958600000E-01   0.000000000000000E+00   0.000000000000000E+00   0.000000000000000E+00
   9.672267867100000E-01   1.396071645400000E+01   1.396071645400000E+01   0.000000000000000E+00  -9.955840958600000E-01   0.000000000000000E+00   0.000000000000000E+00   0.000000000000000E+00
   9.688056368800000E-01   1.398350519300000E+01   1.398350519300000E+01   0.000000000000000E+00  -9.955840958600000E-01   0.000000000000000E+00   0.000000000000000E+00   0.000000000000000E+00
   9.703844870600000E-01   1.400629393300000E+01   1.400629393300000E+01   0.000000000000000E+00  -9.955840958600000E-01   0.000000000000000E+00   0.000000000000000E+00   0.000000000000000E+00
   9.717867997100000E-01   1.402653457300000E+01   1.402653457300000E+01   0.000000000000000E+00  -9.955840958600000E-01   0.000000000000000E+00   0.000000000000000E+00   0.000000000000000E+00
   9.731891123700001E-01   1.404677521400000E+01   1.404677521400000E+01   0.000000000000000E+00  -9.955840958600000E-01   0.000000000000000E+00   0.000000000000000E+00   0.000000000000000E+00
   9.745914250300000E-01   1.406701585400000E+01   1.406701585400000E+01   0.000000000000000E+00  -9.955840958600000E-01   0.000000000000000E+00   0.000000000000000E+00   0.000000000000000E+00
   9.759937376800000E-01   1.408725649400000E+01   1.408725649400000E+01   0.000000000000000E+00  -9.955840958600000E-01   0.000000000000000E+00   0.000000000000000E+00   0.000000000000000E+00
   9.774773584999999E-01   1.410867071600000E+01   1.410867071600000E+01   0.000000000000000E+00  -9.955840958600000E-01   0.000000000000000E+00   0.000000000000000E+00   0.000000000000000E+00
   9.789609793200000E-01   1.413008493900000E+01   1.413008493900000E+01   0.000000000000000E+00  -9.955840958600000E-01   0.000000000000000E+00   0.000000000000000E+00   0.000000000000000E+00
   9.804446001500000E-01   1.415149916100000E+01   1.415149916100000E+01   0.000000000000000E+00  -9.955840958600000E-01   0.000000000000000E+00   0.000000000000000E+00   0.000000000000000E+00
   9.819282209700000E-01   1.417291338400000E+01   1.417291338400000E+01   0.000000000000000E+00  -9.955840958600000E-01   0.000000000000000E+00   0.000000000000000E+00   0.000000000000000E+00
   9.832651424800000E-01   1.419221018400000E+01   1.419221018400000E+01   0.000000000000000E+00  -9.955840958600000E-01   0.000000000000000E+00   0.000000000000000E+00   0.000000000000000E+00
   9.846020640000001E-01   1.421150698500000E+01   1.421150698500000E+01   0.000000000000000E+00  -9.955840958600000E-01   0.000000000000000E+00   0.000000000000000E+00   0.000000000000000E+00
   9.859389855200000E-01   1.423080378500000E+01   1.423080378500000E+01   0.000000000000000E+00  -9.955840958600000E-01   0.000000000000000E+00   0.000000000000000E+00   0.000000000000000E+00
   9.872759070300000E-01   1.425010058500000E+01   1.425010058500000E+01   0.000000000000000E+00  -9.955840958600000E-01   0.000000000000000E+00   0.000000000000000E+00   0.000000000000000E+00
   9.888493910000000E-01   1.427281187100000E+01   1.427281187100000E+01   0.000000000000000E+00  -9.955840958600000E-01   0.000000000000000E+00   0.000000000000000E+00   0.000000000000000E+00
   9.904228749700000E-01   1.429552315600000E+01   1.429552315600000E+01   0.000000000000000E+00  -9.955840958600000E-01   0.000000000000000E+00   0.000000000000000E+00   0.000000000000000E+00
   9.919963589400000E-01   1.431823444100000E+01   1.431823444100000E+01   0.000000000000000E+00  -9.955840958600000E-01   0.000000000000000E+00   0.000000000000000E+00   0.000000000000000E+00
   9.935698429099999E-01   1.434094572700000E+01   1.434094572700000E+01   0.000000000000000E+00  -9.955840958600000E-01   0.000000000000000E+00   0.000000000000000E+00   0.000000000000000E+00
   9.951773821800000E-01   1.436414855800000E+01   1.436414855800000E+01   0.000000000000000E+00  -9.955840958600000E-01   0.000000000000000E+00   0.000000000000000E+00   0.000000000000000E+00
   9.967849214600000E-01   1.438735138900000E+01   1.438735138900000E+01   0.000000000000000E+00  -9.955840958600000E-01   0.000000000000000E+00   0.000000000000000E+00   0.000000000000000E+00
   9.983924607300000E-01   1.441055422100000E+01   1.441055422100000E+01   0.000000000000000E+00  -9.955840958600000E-01   0.000000000000000E+00   0.000000000000000E+00   0.000000000000000E+00
   1.000000000000000E+00   1.443375705200000E+01   1.443375705200000E+01   0.000000000000000E+00  -9.955840958600000E-01   0.000000000000000E+00   0.000000000000000E+00   0.000000000000000E+00
