   0.000000000000000E+00  -1.571933696400000E-30   0.000000000000000E+00   0.000000000000000E+00  -9.376654156499999E-01   0.000000000000000E+00   0.000000000000000E+00   0.000000000000000E+00
   3.033266447800000E-02   4.378143098200000E-01   4.378143098200000E-01   0.000000000000000E+00  -9.376654156499999E-01   0.000000000000000E+00   0.000000000000000E+00   0.000000000000000E+00
   6.066532895600000E-02   8.756286196300000E-01   8.756286196300000E-01   0.000000000000000E+00  -9.376654156499999E-01   0.000000000000000E+00   0.000000000000000E+00   0.000000000000000E+00
   9.099799343400000E-02   1.313442929500000E+00   1.313442929500000E+00   0.000000000000000E+00  -9.376654156499999E-01   0.000000000000000E+00   0.000000000000000E+00   0.000000000000000E+00
   1.213306579100000E-01   1.751257239300000E+00   1.751257239300000E+00   0.000000000000000E+00  -9.376654156499999E-01   0.000000000000000E+00   0.000000000000000E+00   0.000000000000000E+00
   1.398795922200000E-01   2.018988050700000E+00   2.018988050700000E+00   0.000000000000000E+00  -9.376654156499999E-01   0.000000000000000E+00   0.000000000000000E+00   0.000000000000000E+00
   1.584285265300000E-01   2.286718862000000E+00   2.286718862000000E+00   0.000000000000000E+00  -9.376654156499999E-01   0.000000000000000E+00   0.000000000000000E+00   0.000000000000000E+00
   1.769774608400000E-01   2.554449673400000E+00   2.554449673400000E+00   0.000000000000000E+00  -9.376654156499999E-01   0.000000000000000E+00   0.000000000000000E+00   0.000000000000000E+00
   1.955263951500000E-01   2.822180484800000E+00   2.822180484800000E+00   0.000000000000000E+00  -9.376654156499999E-01   0.000000000000000E+00   0.000000000000000E+00   0.000000000000000E+00
   2.096696380100000E-01   3.026320616200000E+00   3.026320616200000E+00   0.000000000000000E+00  -9.376654156499999E-01   0.000000000000000E+00   0.000000000000000E+00   0.000000000000000E+00
   2.238128808700000E-01   3.230460747600000E+00   3.230460747600000E+00   0.000000000000000E+00  -9.376654156499999E-01   0.000000000000000E+00   0.000000000000000E+00   0.000000000000000E+00
   2.379561237300000E-01   3.434600878900000E+00   3.434600878900000E+00   0.000000000000000E+00  -9.376654156499999E-01   0.000000000000000E+00   0.000000000000000E+00   0.000000000000000E+00
   2.520993665900000E-01   3.638741010300000E+00   3.638741010300000E+00   0.000000000000000E+00  -9.376654156499999E-01   0.000000000000000E+00   0.000000000000000E+00   0.000000000000000E+00
   2.628197003300000E-01   3.793475703000000E+00   3.793475703000000E+00   0.000000000000000E+00  -9.376654156499999E-01   0.000000000000000E+00   0.000000000000000E+00   0.000000000000000E+00
   2.735400340700000E-01   3.948210395800000E+00   3.948210395800000E+00   0.000000000000000E+00  -9.376654156499999E-01   0.000000000000000E+00   0.000000000000000E+00   0.000000000000000E+00
   2.842603678100000E-01   4.102945088500000E+00   4.102945088500000E+00   0.000000000000000E+00  -9.376654156499999E-01   0.000000000000000E+00   0.000000000000000E+00   0.000000000000000E+00
   2.949807015600000E-01   4.257679781300000E+00   4.257679781300000E+00   0.000000000000000E+00  -9.376654156499999E-01   0.000000000000000E+00   0.000000000000000E+00   0.000000000000000E+00
   3.039654597500000E-01   4.387363598200000E+00   4.387363598200000E+00   0.000000000000000E+00  -9.376654156499999E-01   0.000000000000000E+00   0.000000000000000E+00   0.000000000000000E+00
   3.129502179400000E-01   4.517047415200000E+00   4.517047415200000E+00   0.000000000000000E+00  -9.376654156499999E-01   0.000000000000000E+00   0.000000000000000E+00   0.000000000000000E+00
   3.219349761400000E-01   4.646731232100000E+00   4.646731232100000E+00   0.000000000000000E+00  -9.376654156499999E-01   0.000000000000000E+00   0.000000000000000E+00   0.000000000000000E+00
   3.309197343300000E-01   4.776415049100000E+00   4.776415049100000E+00   0.000000000000000E+00  -9.376654156499999E-01   0.000000000000000E+00   0.000000000000000E+00   0.000000000000000E+00
   3.390771647500000E-01   4.894157417900000E+00   4.894157417900000E+00   0.000000000000000E+00  -9.376654156499999E-01   0.000000000000000E+00   0.000000000000000E+00   0.000000000000000E+00
   3.472345951700000E-01   5.011899786700000E+00   5.011899786700000E+00   0.000000000000000E+00  -9.376654156499999E-01   0.000000000000000E+00   0.000000000000000E+00   0.000000000000000E+00
   3.553920255800000E-01   5.129642155500000E+00   5.129642155500000E+00   0.000000000000000E+00  -9.376654156499999E-01   0.000000000000000E+00   0.000000000000000E+00   0.000000000000000E+00
   3.635494560000000E-01   5.247384524300000E+00   5.247384524300000E+00   0.000000000000000E+00  -9.376654156499999E-01   0.000000000000000E+00   0.000000000000000E+00   0.000000000000000E+00
   3.700539751500000E-01   5.341269173400000E+00   5.341269173400000E+00   0.000000000000000E+00  -9.376654156499999E-01   0.000000000000000E+00   0.000000000000000E+00   0.000000000000000E+00
   3.765584943000000E-01   5.435153822600000E+00   5.435153822600000E+00   0.000000000000000E+00  -9.376654156499999E-01   0.000000000000000E+00   0.000000000000000E+00   0.000000000000000E+00
   3.830630134500000E-01   5.529038471700000E+00   5.529038471700000E+00   0.000000000000000E+00  -9.376654156499999E-01   0.000000000000000E+00   0.000000000000000E+00   0.000000000000000E+00
   3.895675325900000E-01   5.622923120800000E+00   5.622923120800000E+00   0.000000000000000E+00  -9.376654156499999E-01   0.000000000000000E+00   0.000000000000000E+00   0.000000000000000E+00
   3.955046850200000E-01   5.708618536500000E+00   5.708618536500000E+00   0.000000000000000E+00  -9.376654156499999E-01   0.000000000000000E+00   0.000000000000000E+00   0.000000000000000E+00
   4.014418374400000E-01   5.794313952200000E+00   5.794313952200000E+00   0.000000000000000E+00  -9.376654156499999E-01   0.000000000000000E+00   0.000000000000000E+00   0.000000000000000E+00
   4.073789898700000E-01   5.880009367800000E+00   5.880009367800000E+00   0.000000000000000E+00  -9.376654156499999E-01   0.000000000000000E+00   0.000000000000000E+00   0.000000000000000E+00
   4.133161422900000E-01   5.965704783500000E+00   5.965704783500000E+00   0.000000000000000E+00  -9.376654156499999E-01   0.000000000000000E+00   0.000000000000000E+00   0.000000000000000E+00
   4.190479552100000E-01   6.048436378600000E+00   6.048436378600000E+00   0.000000000000000E+00  -9.376654156499999E-01   0.000000000000000E+00   0.000000000000000E+00   0.000000000000000E+00
   4.247797681200000E-01   6.131167973700000E+00   6.131167973700000E+00   0.000000000000000E+00  -9.376654156499999E-01   0.000000000000000E+00   0.000000000000000E+00   0.000000000000000E+00
   4.305115810400000E-01   6.213899568700000E+00   6.213899568700000E+00   0.000000000000000E+00  -9.376654156499999E-01   0.000000000000000E+00   0.000000000000000E+00   0.000000000000000E+00
   4.362433939500000E-01   6.296631163800000E+00   6.296631163800000E+00   0.000000000000000E+00  -9.376654156499999E-01   0.000000000000000E+00   0.000000000000000E+00   0.000000000000000E+00
   4.415281768000000E-01   6.372910435600000E+00   6.372910435600000E+00   0.000000000000000E+00  -9.376654156499999E-01   0.000000000000000E+00   0.000000000000000E+00   0.000000000000000E+00
   4.468129596600000E-01   6.449189707400000E+00   6.449189707400000E+00   0.000000000000000E+00  -9.376654156499999E-01   0.000000000000000E+00   0.000000000000000E+00   0.000000000000000E+00
   4.520977425100000E-01   6.525468979200000E+00   6.525468979200000E+00   0.000000000000000E+00  -9.376654156499999E-01   0.000000000000000E+00   0.000000000000000E+00   0.000000000000000E+00
   4.573825253700000E-01   6.601748251000000E+00   6.601748251000000E+00   0.000000000000000E+00  -9.376654156499999E-01   0.000000000000000E+00   0.000000000000000E+00   0.000000000000000E+00
   4.618477793400000E-01   6.666198642100000E+00   6.666198642100000E+00   0.000000000000000E+00  -9.376654156499999E-01   0.000000000000000E+00   0.000000000000000E+00   0.000000000000000E+00
   4.663130333200000E-01   6.730649033200000E+00   6.730649033200000E+00   0.000000000000000E+00  -9.376654156499999E-01   0.000000000000000E+00   0.000000000000000E+00   0.000000000000000E+00
   4.707782873000000E-01   6.795099424300000E+00   6.795099424300000E+00   0.000000000000000E+00  -9.376654156499999E-01   0.000000000000000E+00   0.000000000000000E+00   0.000000000000000E+00
   4.752435412800000E-01   6.859549815400000E+00   6.859549815400000E+00   0.000000000000000E+00  -9.376654156499999E-01   0.000000000000000E+00   0.000000000000000E+00   0.000000000000000E+00
   4.792733152200000E-01   6.917714593400000E+00   6.917714593400000E+00   0.000000000000000E+00  -9.376654156499999E-01   0.000000000000000E+00   0.000000000000000E+00   0.000000000000000E+00
   4.833030891600000E-01   6.975879371500000E+00   6.975879371500000E+00   0.000000000000000E+00  -9.376654156499999E-01   0.000000000000000E+00   0.000000000000000E+00   0.000000000000000E+00
   4.873328631000000E-01   7.034044149500000E+00   7.034044149500000E+00   0.000000000000000E+00  -9.376654156499999E-01   0.000000000000000E+00   0.000000000000000E+00   0.000000000000000E+00
   4.913626370500000E-01   7.092208927500000E+00   7.092208927500000E+00   0.000000000000000E+00  -9.376654156499999E-01   0.000000000000000E+00   0.000000000000000E+00   0.000000000000000E+00
   4.956023048000000E-01   7.153403261900000E+00   7.153403261900000E+00   0.000000000000000E+00  -9.376654156499999E-01   0.000000000000000E+00   0.000000000000000E+00   0.000000000000000E+00
   4.998419725600000E-01   7.214597596300000E+00   7.214597596300000E+00   0.000000000000000E+00  -9.376654156499999E-01   0.000000000000000E+00   0.000000000000000E+00   0.000000000000000E+00
   5.040816403200000E-01   7.275791930700000E+00   7.275791930700000E+00   0.000000000000000E+00  -9.376654156499999E-01   0.000000000000000E+00   0.000000000000000E+00   0.000000000000000E+00
   5.083213080800000E-01   7.336986265100000E+00   7.336986265100000E+00   0.000000000000000E+00  -9.376654156499999E-01   0.000000000000000E+00   0.000000000000000E+00   0.000000000000000E+00
   5.115599564500000E-01   7.383732128900000E+00   7.383732128900000E+00   0.000000000000000E+00  -9.376654156499999E-01   0.000000000000000E+00   0.000000000000000E+00   0.000000000000000E+00
   5.147986048199999E-01   7.430477992600000E+00   7.430477992600000E+00   0.000000000000000E+00  -9.376654156499999E-01   0.000000000000000E+00   0.000000000000000E+00   0.000000000000000E+00
   5.180372531900000E-01   7.477223856400000E+00   7.477223856400000E+00   0.000000000000000E+00  -9.376654156499999E-01   0.000000000000000E+00   0.000000000000000E+00   0.000000000000000E+00
   5.212759015600000E-01   7.523969720200000E+00   7.523969720200000E+00   0.000000000000000E+00  -9.376654156499999E-01   0.000000000000000E+00   0.000000000000000E+00   0.000000000000000E+00
   5.239835849600000E-01   7.563051764500000E+00   7.563051764500000E+00   0.000000000000000E+00  -9.376654156499999E-01   0.000000000000000E+00   0.000000000000000E+00   0.000000000000000E+00
   5.266912683500000E-01   7.602133808800000E+00   7.602133808800000E+00   0.000000000000000E+00  -9.376654156499999E-01   0.000000000000000E+00   0.000000000000000E+00   0.000000000000000E+00
   5.293989517500000E-01   7.641215853100000E+00   7.641215853100000E+00   0.000000000000000E+00  -9.376654156499999E-01   0.000000000000000E+00   0.000000000000000E+00   0.000000000000000E+00
   5.321066351500000E-01   7.680297897500000E+00   7.680297897500000E+00   0.000000000000000E+00  -9.376654156499999E-01   0.000000000000000E+00   0.000000000000000E+00   0.000000000000000E+00
   5.346716992200000E-01   7.717321409100000E+00   7.717321409100000E+00   0.000000000000000E+00  -9.376654156499999E-01   0.000000000000000E+00   0.000000000000000E+00   0.000000000000000E+00
   5.372367632900000E-01   7.754344920800000E+00   7.754344920800000E+00   0.000000000000000E+00  -9.376654156499999E-01   0.000000000000000E+00   0.000000000000000E+00   0.000000000000000E+00
   5.398018273700000E-01   7.791368432400000E+00   7.791368432400000E+00   0.000000000000000E+00  -9.376654156499999E-01   0.000000000000000E+00   0.000000000000000E+00   0.000000000000000E+00
   5.423668914400001E-01   7.828391944100000E+00   7.828391944100000E+00   0.000000000000000E+00  -9.376654156499999E-01   0.000000000000000E+00   0.000000000000000E+00   0.000000000000000E+00
   5.442104029400000E-01   7.855000741200000E+00   7.855000741200000E+00   0.000000000000000E+00  -9.376654156499999E-01   0.000000000000000E+00   0.000000000000000E+00   0.000000000000000E+00
   5.460539144400000E-01   7.881609538300000E+00   7.881609538300000E+00   0.000000000000000E+00  -9.376654156499999E-01   0.000000000000000E+00   0.000000000000000E+00   0.000000000000000E+00
   5.478974259400000E-01   7.908218335400000E+00   7.908218335400000E+00   0.000000000000000E+00  -9.376654156499999E-01   0.000000000000000E+00   0.000000000000000E+00   0.000000000000000E+00
   5.497409374400000E-01   7.934827132500000E+00   7.934827132500000E+00   0.000000000000000E+00  -9.376654156499999E-01   0.000000000000000E+00   0.000000000000000E+00   0.000000000000000E+00
   5.516629881500000E-01   7.962569545500000E+00   7.962569545500000E+00   0.000000000000000E+00  -9.376654156499999E-01   0.000000000000000E+00   0.000000000000000E+00   0.000000000000000E+00
   5.535850388600000E-01   7.990311958500000E+00   7.990311958500000E+00   0.000000000000000E+00  -9.376654156499999E-01   0.000000000000000E+00   0.000000000000000E+00   0.000000000000000E+00
   5.555070895699999E-01   8.018054371500000E+00   8.018054371500000E+00   0.000000000000000E+00  -9.376654156499999E-01   0.000000000000000E+00   0.000000000000000E+00   0.000000000000000E+00
   5.574291402800000E-01   8.045796784500000E+00   8.045796784500000E+00   0.000000000000000E+00  -9.376654156499999E-01   0.000000000000000E+00   0.000000000000000E+00   0.000000000000000E+00
   5.597387433000000E-01   8.079133033400000E+00   8.079133033400000E+00   0.000000000000000E+00  -9.376654156499999E-01   0.000000000000000E+00   0.000000000000000E+00   0.000000000000000E+00
   5.620483463300000E-01   8.112469282299999E+00   8.112469282299999E+00   0.000000000000000E+00  -9.376654156499999E-01   0.000000000000000E+00   0.000000000000000E+00   0.000000000000000E+00
   5.643579493500001E-01   8.145805531300001E+00   8.145805531300001E+00   0.000000000000000E+00  -9.376654156499999E-01   0.000000000000000E+00   0.000000000000000E+00   0.000000000000000E+00
   5.666675523700000E-01   8.179141780200000E+00   8.179141780200000E+00   0.000000000000000E+00  -9.376654156499999E-01   0.000000000000000E+00   0.000000000000000E+00   0.000000000000000E+00
   5.682800726000000E-01   8.202416505400000E+00   8.202416505400000E+00   0.000000000000000E+00  -9.376654156499999E-01   0.000000000000000E+00   0.000000000000000E+00   0.000000000000000E+00
   5.698925928300000E-01   8.225691230600001E+00   8.225691230600001E+00   0.000000000000000E+00  -9.376654156499999E-01   0.000000000000000E+00   0.000000000000000E+00   0.000000000000000E+00
   5.715051130500000E-01   8.248965955799999E+00   8.248965955799999E+00   0.000000000000000E+00  -9.376654156499999E-01   0.000000000000000E+00   0.000000000000000E+00   0.000000000000000E+00
   5.731176332800000E-01   8.272240681000000E+00   8.272240681000000E+00   0.000000000000000E+00  -9.376654156499999E-01   0.000000000000000E+00   0.000000000000000E+00   0.000000000000000E+00
   5.747264910200000E-01   8.295462542699999E+00   8.295462542699999E+00   0.000000000000000E+00  -9.376654156499999E-01   0.000000000000000E+00   0.000000000000000E+00   0.000000000000000E+00
   5.763353487600000E-01   8.318684404400001E+00   8.318684404400001E+00   0.000000000000000E+00  -9.376654156499999E-01   0.000000000000000E+00   0.000000000000000E+00   0.000000000000000E+00
   5.779442064900000E-01   8.341906266100001E+00   8.341906266100001E+00   0.000000000000000E+00  -9.376654156499999E-01   0.000000000000000E+00   0.000000000000000E+00   0.000000000000000E+00
   5.795530642300000E-01   8.365128127800000E+00   8.365128127800000E+00   0.000000000000000E+00  -9.376654156499999E-01   0.000000000000000E+00   0.000000000000000E+00   0.000000000000000E+00
   5.809904972700000E-01   8.385875687100000E+00   8.385875687100000E+00   0.000000000000000E+00  -9.376654156499999E-01   0.000000000000000E+00   0.000000000000000E+00   0.000000000000000E+00
   5.824279303000000E-01   8.406623246300001E+00   8.406623246300001E+00   0.000000000000000E+00  -9.376654156499999E-01   0.000000000000000E+00   0.000000000000000E+00   0.000000000000000E+00
   5.838653633400001E-01   8.427370805500001E+00   8.427370805500001E+00   0.000000000000000E+00  -9.376654156499999E-01   0.000000000000000E+00   0.000000000000000E+00   0.000000000000000E+00
   5.853027963800000E-01   8.448118364799999E+00   8.448118364799999E+00   0.000000000000000E+00  -9.376654156499999E-01   0.000000000000000E+00   0.000000000000000E+00   0.000000000000000E+00
   5.867067485300000E-01   8.468382669000000E+00   8.468382669000000E+00   0.000000000000000E+00  -9.376654156499999E-01   0.000000000000000E+00   0.000000000000000E+00   0.000000000000000E+00
   5.881107006700000E-01   8.488646973200000E+00   8.488646973200000E+00   0.000000000000000E+00  -9.376654156499999E-01   0.000000000000000E+00   0.000000000000000E+00   0.000000000000000E+00
   5.895146528200000E-01   8.508911277399999E+00   8.508911277399999E+00   0.000000000000000E+00  -9.376654156499999E-01   0.000000000000000E+00   0.000000000000000E+00   0.000000000000000E+00
   5.909186049700000E-01   8.529175581600001E+00   8.529175581600001E+00   0.000000000000000E+00  -9.376654156499999E-01   0.000000000000000E+00   0.000000000000000E+00   0.000000000000000E+00
   5.931806339100000E-01   8.561825157800000E+00   8.561825157800000E+00   0.000000000000000E+00  -9.376654156499999E-01   0.000000000000000E+00   0.000000000000000E+00   0.000000000000000E+00
   5.954426628600000E-01   8.594474734100000E+00   8.594474734100000E+00   0.000000000000000E+00  -9.376654156499999E-01   0.000000000000000E+00   0.000000000000000E+00   0.000000000000000E+00
   5.977046918000000E-01   8.627124310299999E+00   8.627124310299999E+00   0.000000000000000E+00  -9.376654156499999E-01   0.000000000000000E+00   0.000000000000000E+00   0.000000000000000E+00
   5.999667207400000E-01   8.659773886500000E+00   8.659773886500000E+00   0.000000000000000E+00  -9.376654156499999E-01   0.000000000000000E+00   0.000000000000000E+00   0.000000000000000E+00
   6.018730266700000E-01   8.687289043100000E+00   8.687289043100000E+00   0.000000000000000E+00  -9.376654156499999E-01   0.000000000000000E+00   0.000000000000000E+00   0.000000000000000E+00
   6.037793325900001E-01   8.714804199700000E+00   8.714804199700000E+00   0.000000000000000E+00  -9.376654156499999E-01   0.000000000000000E+00   0.000000000000000E+00   0.000000000000000E+00
   6.056856385200000E-01   8.742319356299999E+00   8.742319356299999E+00   0.000000000000000E+00  -9.376654156499999E-01   0.000000000000000E+00   0.000000000000000E+00   0.000000000000000E+00
   6.075919444500000E-01   8.769834512899999E+00   8.769834512899999E+00   0.000000000000000E+00  -9.376654156499999E-01   0.000000000000000E+00   0.000000000000000E+00   0.000000000000000E+00
   6.095280900400000E-01   8.797780367900000E+00   8.797780367900000E+00   0.000000000000000E+00  -9.376654156499999E-01   0.000000000000000E+00   0.000000000000000E+00   0.000000000000000E+00
   6.114642356300000E-01   8.825726223000000E+00   8.825726223000000E+00   0.000000000000000E+00  -9.376654156499999E-01   0.000000000000000E+00   0.000000000000000E+00   0.000000000000000E+00
   6.134003812200000E-01   8.853672078100001E+00   8.853672078100001E+00   0.000000000000000E+00  -9.376654156499999E-01   0.000000000000000E+00   0.000000000000000E+00   0.000000000000000E+00
   6.153365268100000E-01   8.881617933099999E+00   8.881617933099999E+00   0.000000000000000E+00  -9.376654156499999E-01   0.000000000000000E+00   0.000000000000000E+00   0.000000000000000E+00
   6.167459279900001E-01   8.901960887400000E+00   8.901960887400000E+00   0.000000000000000E+00  -9.376654156499999E-01   0.000000000000000E+00   0.000000000000000E+00   0.000000000000000E+00
   6.181553291700000E-01   8.922303841600000E+00   8.922303841600000E+00   0.000000000000000E+00  -9.376654156499999E-01   0.000000000000000E+00   0.000000000000000E+00   0.000000000000000E+00
   6.195647303500000E-01   8.942646795900000E+00   8.942646795900000E+00   0.000000000000000E+00  -9.376654156499999E-01   0.000000000000000E+00   0.000000000000000E+00   0.000000000000000E+00
   6.209741315300000E-01   8.962989750100000E+00   8.962989750100000E+00   0.000000000000000E+00  -9.376654156499999E-01   0.000000000000000E+00   0.000000000000000E+00   0.000000000000000E+00
   6.220726661300000E-01   8.978845731600000E+00   8.978845731600000E+00   0.000000000000000E+00  -9.376654156499999E-01   0.000000000000000E+00   0.000000000000000E+00   0.000000000000000E+00
   6.231712007200000E-01   8.994701713100000E+00   8.994701713100000E+00   0.000000000000000E+00  -9.376654156499999E-01   0.000000000000000E+00   0.000000000000000E+00   0.000000000000000E+00
   6.242697353200000E-01   9.010557694599999E+00   9.010557694599999E+00   0.000000000000000E+00  -9.376654156499999E-01   0.000000000000000E+00   0.000000000000000E+00   0.000000000000000E+00
   6.253682699200001E-01   9.026413676000001E+00   9.026413676000001E+00   0.000000000000000E+00  -9.376654156499999E-01   0.000000000000000E+00   0.000000000000000E+00   0.000000000000000E+00
   6.263309432100000E-01   9.040308668500000E+00   9.040308668500000E+00   0.000000000000000E+00  -9.376654156499999E-01   0.000000000000000E+00   0.000000000000000E+00   0.000000000000000E+00
   6.272936165100000E-01   9.054203661000001E+00   9.054203661000001E+00   0.000000000000000E+00  -9.376654156499999E-01   0.000000000000000E+00   0.000000000000000E+00   0.000000000000000E+00
   6.282562898000000E-01   9.068098653400000E+00   9.068098653400000E+00   0.000000000000000E+00  -9.376654156499999E-01   0.000000000000000E+00   0.000000000000000E+00   0.000000000000000E+00
   6.292189631000000E-01   9.081993645900001E+00   9.081993645900001E+00   0.000000000000000E+00  -9.376654156499999E-01   0.000000000000000E+00   0.000000000000000E+00   0.000000000000000E+00
   6.301606907000000E-01   9.095586313200000E+00   9.095586313200000E+00   0.000000000000000E+00  -9.376654156499999E-01   0.000000000000000E+00   0.000000000000000E+00   0.000000000000000E+00
   6.311024182900000E-01   9.109178980599999E+00   9.109178980599999E+00   0.000000000000000E+00  -9.376654156499999E-01   0.000000000000000E+00   0.000000000000000E+00   0.000000000000000E+00
   6.320441458900000E-01   9.122771648000001E+00   9.122771648000001E+00   0.000000000000000E+00  -9.376654156499999E-01   0.000000000000000E+00   0.000000000000000E+00   0.000000000000000E+00
   6.329858734900000E-01   9.136364315300000E+00   9.136364315300000E+00   0.000000000000000E+00  -9.376654156499999E-01   0.000000000000000E+00   0.000000000000000E+00   0.000000000000000E+00
   6.339756131700000E-01   9.150649977400001E+00   9.150649977400001E+00   0.000000000000000E+00  -9.376654156499999E-01   0.000000000000000E+00   0.000000000000000E+00   0.000000000000000E+00
   6.349653528500000E-01   9.164935639399999E+00   9.164935639399999E+00   0.000000000000000E+00  -9.376654156499999E-01   0.000000000000000E+00   0.000000000000000E+00   0.000000000000000E+00
   6.359550925200000E-01   9.179221301500000E+00   9.179221301500000E+00   0.000000000000000E+00  -9.376654156499999E-01   0.000000000000000E+00   0.000000000000000E+00   0.000000000000000E+00
   6.369448322000000E-01   9.193506963500001E+00   9.193506963500001E+00   0.000000000000000E+00  -9.376654156499999E-01   0.000000000000000E+00   0.000000000000000E+00   0.000000000000000E+00
   6.378617905600000E-01   9.206742117699999E+00   9.206742117699999E+00   0.000000000000000E+00  -9.376654156499999E-01   0.000000000000000E+00   0.000000000000000E+00   0.000000000000000E+00
   6.387787489200000E-01   9.219977271899999E+00   9.219977271899999E+00   0.000000000000000E+00  -9.376654156499999E-01   0.000000000000000E+00   0.000000000000000E+00   0.000000000000000E+00
   6.396957072800000E-01   9.233212426100000E+00   9.233212426100000E+00   0.000000000000000E+00  -9.376654156499999E-01   0.000000000000000E+00   0.000000000000000E+00   0.000000000000000E+00
   6.406126656400000E-01   9.246447580200000E+00   9.246447580200000E+00   0.000000000000000E+00  -9.376654156499999E-01   0.000000000000000E+00   0.000000000000000E+00   0.000000000000000E+00
   6.416484990800000E-01   9.261398548400001E+00   9.261398548400001E+00   0.000000000000000E+00  -9.376654156499999E-01   0.000000000000000E+00   0.000000000000000E+00   0.000000000000000E+00
   6.426843325100000E-01   9.276349516600000E+00   9.276349516600000E+00   0.000000000000000E+00  -9.376654156499999E-01   0.000000000000000E+00   0.000000000000000E+00   0.000000000000000E+00
   6.437201659500000E-01   9.291300484800001E+00   9.291300484800001E+00   0.000000000000000E+00  -9.376654156499999E-01   0.000000000000000E+00   0.000000000000000E+00   0.000000000000000E+00
   6.447559993899999E-01   9.306251453000000E+00   9.306251453000000E+00   0.000000000000000E+00  -9.376654156499999E-01   0.000000000000000E+00   0.000000000000000E+00   0.000000000000000E+00
   6.457322481900000E-01   9.320342391100001E+00   9.320342391100001E+00   0.000000000000000E+00  -9.376654156499999E-01   0.000000000000000E+00   0.000000000000000E+00   0.000000000000000E+00
   6.467084970000000E-01   9.334433329099999E+00   9.334433329099999E+00   0.000000000000000E+00  -9.376654156499999E-01   0.000000000000000E+00   0.000000000000000E+00   0.000000000000000E+00
   6.476847458000000E-01   9.348524267100000E+00   9.348524267100000E+00   0.000000000000000E+00  -9.376654156499999E-01   0.000000000000000E+00   0.000000000000000E+00   0.000000000000000E+00
   6.486609946000000E-01   9.362615205199999E+00   9.362615205199999E+00   0.000000000000000E+00  -9.376654156499999E-01   0.000000000000000E+00   0.000000000000000E+00   0.000000000000000E+00
   6.502692477899999E-01   9.385828340900000E+00   9.385828340900000E+00   0.000000000000000E+00  -9.376654156499999E-01   0.000000000000000E+00   0.000000000000000E+00   0.000000000000000E+00
   6.518775009700000E-01   9.409041476700001E+00   9.409041476700001E+00   0.000000000000000E+00  -9.376654156499999E-01   0.000000000000000E+00   0.000000000000000E+00   0.000000000000000E+00
   6.534857541600000E-01   9.432254612400000E+00   9.432254612400000E+00   0.000000000000000E+00  -9.376654156499999E-01   0.000000000000000E+00   0.000000000000000E+00   0.000000000000000E+00
   6.550940073400000E-01   9.455467748200000E+00   9.455467748200000E+00   0.000000000000000E+00  -9.376654156499999E-01   0.000000000000000E+00   0.000000000000000E+00   0.000000000000000E+00
   6.567636777100000E-01   9.479567364599999E+00   9.479567364599999E+00   0.000000000000000E+00  -9.376654156499999E-01   0.000000000000000E+00   0.000000000000000E+00   0.000000000000000E+00
   6.584333480800000E-01   9.503666981100000E+00   9.503666981100000E+00   0.000000000000000E+00  -9.376654156499999E-01   0.000000000000000E+00   0.000000000000000E+00   0.000000000000000E+00
   6.601030184400000E-01   9.527766597499999E+00   9.527766597499999E+00   0.000000000000000E+00  -9.376654156499999E-01   0.000000000000000E+00   0.000000000000000E+00   0.000000000000000E+00
   6.617726888100000E-01   9.551866213900000E+00   9.551866213900000E+00   0.000000000000000E+00  -9.376654156499999E-01   0.000000000000000E+00   0.000000000000000E+00   0.000000000000000E+00
   6.630061030500000E-01   9.569669015400001E+00   9.569669015400001E+00   0.000000000000000E+00  -9.376654156499999E-01   0.000000000000000E+00   0.000000000000000E+00   0.000000000000000E+00
   6.642395172800000E-01   9.587471816800001E+00   9.587471816800001E+00   0.000000000000000E+00  -9.376654156499999E-01   0.000000000000000E+00   0.000000000000000E+00   0.000000000000000E+00
   6.654729315200000E-01   9.605274618199999E+00   9.605274618199999E+00   0.000000000000000E+00  -9.376654156499999E-01   0.000000000000000E+00   0.000000000000000E+00   0.000000000000000E+00
   6.667063457600000E-01   9.623077419700000E+00   9.623077419700000E+00   0.000000000000000E+00  -9.376654156499999E-01   0.000000000000000E+00   0.000000000000000E+00   0.000000000000000E+00
   6.679734671000001E-01   9.641366741300001E+00   9.641366741300001E+00   0.000000000000000E+00  -9.376654156499999E-01   0.000000000000000E+00   0.000000000000000E+00   0.000000000000000E+00
   6.692405884400000E-01   9.659656062900000E+00   9.659656062900000E+00   0.000000000000000E+00  -9.376654156499999E-01   0.000000000000000E+00   0.000000000000000E+00   0.000000000000000E+00
   6.705077097800000E-01   9.677945384499999E+00   9.677945384499999E+00   0.000000000000000E+00  -9.376654156499999E-01   0.000000000000000E+00   0.000000000000000E+00   0.000000000000000E+00
   6.717748311200000E-01   9.696234706100000E+00   9.696234706100000E+00   0.000000000000000E+00  -9.376654156499999E-01   0.000000000000000E+00   0.000000000000000E+00   0.000000000000000E+00
   6.727121717600000E-01   9.709764053100001E+00   9.709764053100001E+00   0.000000000000000E+00  -9.376654156499999E-01   0.000000000000000E+00   0.000000000000000E+00   0.000000000000000E+00
   6.736495123900000E-01   9.723293400099999E+00   9.723293400099999E+00   0.000000000000000E+00  -9.376654156499999E-01   0.000000000000000E+00   0.000000000000000E+00   0.000000000000000E+00
   6.745868530300000E-01   9.736822747100000E+00   9.736822747100000E+00   0.000000000000000E+00  -9.376654156499999E-01   0.000000000000000E+00   0.000000000000000E+00   0.000000000000000E+00
   6.755241936600000E-01   9.750352094000000E+00   9.750352094000000E+00   0.000000000000000E+00  -9.376654156499999E-01   0.000000000000000E+00   0.000000000000000E+00   0.000000000000000E+00
   6.763258537000000E-01   9.761923060299999E+00   9.761923060299999E+00   0.000000000000000E+00  -9.376654156499999E-01   0.000000000000000E+00   0.000000000000000E+00   0.000000000000000E+00
   6.771275137400000E-01   9.773494026500000E+00   9.773494026500000E+00   0.000000000000000E+00  -9.376654156499999E-01   0.000000000000000E+00   0.000000000000000E+00   0.000000000000000E+00
   6.779291737799999E-01   9.785064992800001E+00   9.785064992800001E+00   0.000000000000000E+00  -9.376654156499999E-01   0.000000000000000E+00   0.000000000000000E+00   0.000000000000000E+00
   6.787308338200000E-01   9.796635959000000E+00   9.796635959000000E+00   0.000000000000000E+00  -9.376654156499999E-01   0.000000000000000E+00   0.000000000000000E+00   0.000000000000000E+00
   6.795027467700000E-01   9.807777563000000E+00   9.807777563000000E+00   0.000000000000000E+00  -9.376654156499999E-01   0.000000000000000E+00   0.000000000000000E+00   0.000000000000000E+00
   6.802746597200000E-01   9.818919167000001E+00   9.818919167000001E+00   0.000000000000000E+00  -9.376654156499999E-01   0.000000000000000E+00   0.000000000000000E+00   0.000000000000000E+00
   6.810465726700000E-01   9.830060770999999E+00   9.830060770999999E+00   0.000000000000000E+00  -9.376654156499999E-01   0.000000000000000E+00   0.000000000000000E+00   0.000000000000000E+00
   6.818184856200000E-01   9.841202375000000E+00   9.841202375000000E+00   0.000000000000000E+00  -9.376654156499999E-01   0.000000000000000E+00   0.000000000000000E+00   0.000000000000000E+00
   6.825812575700000E-01   9.852212040000000E+00   9.852212040000000E+00   0.000000000000000E+00  -9.376654156499999E-01   0.000000000000000E+00   0.000000000000000E+00   0.000000000000000E+00
   6.833440295200000E-01   9.863221705000001E+00   9.863221705000001E+00   0.000000000000000E+00  -9.376654156499999E-01   0.000000000000000E+00   0.000000000000000E+00   0.000000000000000E+00
   6.841068014600000E-01   9.874231369900000E+00   9.874231369900000E+00   0.000000000000000E+00  -9.376654156499999E-01   0.000000000000000E+00   0.000000000000000E+00   0.000000000000000E+00
   6.848695734100000E-01   9.885241034900000E+00   9.885241034900000E+00   0.000000000000000E+00  -9.376654156499999E-01   0.000000000000000E+00   0.000000000000000E+00   0.000000000000000E+00
   6.857629091200000E-01   9.898135225500001E+00   9.898135225500001E+00   0.000000000000000E+00  -9.376654156499999E-01   0.000000000000000E+00   0.000000000000000E+00   0.000000000000000E+00
   6.866562448300000E-01   9.911029416100000E+00   9.911029416100000E+00   0.000000000000000E+00  -9.376654156499999E-01   0.000000000000000E+00   0.000000000000000E+00   0.000000000000000E+00
   6.875495805400000E-01   9.923923606700001E+00   9.923923606700001E+00   0.000000000000000E+00  -9.376654156499999E-01   0.000000000000000E+00   0.000000000000000E+00   0.000000000000000E+00
   6.884429162400000E-01   9.936817797200000E+00   9.936817797200000E+00   0.000000000000000E+00  -9.376654156499999E-01   0.000000000000000E+00   0.000000000000000E+00   0.000000000000000E+00
   6.896002301600000E-01   9.953522185100001E+00   9.953522185100001E+00   0.000000000000000E+00  -9.376654156499999E-01   0.000000000000000E+00   0.000000000000000E+00   0.000000000000000E+00
   6.907575440700000E-01   9.970226573000000E+00   9.970226573000000E+00   0.000000000000000E+00  -9.376654156499999E-01   0.000000000000000E+00   0.000000000000000E+00   0.000000000000000E+00
   6.919148579900000E-01   9.986930960900001E+00   9.986930960900001E+00   0.000000000000000E+00  -9.376654156499999E-01   0.000000000000000E+00   0.000000000000000E+00   0.000000000000000E+00
   6.930721719000000E-01   1.000363534900000E+01   1.000363534900000E+01   0.000000000000000E+00  -9.376654156499999E-01   0.000000000000000E+00   0.000000000000000E+00   0.000000000000000E+00
   6.942951083300000E-01   1.002128691600000E+01   1.002128691600000E+01   0.000000000000000E+00  -9.376654156499999E-01   0.000000000000000E+00   0.000000000000000E+00   0.000000000000000E+00
   6.955180447700000E-01   1.003893848300000E+01   1.003893848300000E+01   0.000000000000000E+00  -9.376654156499999E-01   0.000000000000000E+00   0.000000000000000E+00   0.000000000000000E+00
   6.967409812000001E-01   1.005659005100000E+01   1.005659005100000E+01   0.000000000000000E+00  -9.376654156499999E-01   0.000000000000000E+00   0.000000000000000E+00   0.000000000000000E+00
   6.979639176300000E-01   1.007424161800000E+01   1.007424161800000E+01   0.000000000000000E+00  -9.376654156499999E-01   0.000000000000000E+00   0.000000000000000E+00   0.000000000000000E+00
   6.993000803400000E-01   1.009352746600000E+01   1.009352746600000E+01   0.000000000000000E+00  -9.376654156499999E-01   0.000000000000000E+00   0.000000000000000E+00   0.000000000000000E+00
   7.006362430400001E-01   1.011281331400000E+01   1.011281331400000E+01   0.000000000000000E+00  -9.376654156499999E-01   0.000000000000000E+00   0.000000000000000E+00   0.000000000000000E+00
   7.019724057500000E-01   1.013209916200000E+01   1.013209916200000E+01   0.000000000000000E+00  -9.376654156499999E-01   0.000000000000000E+00   0.000000000000000E+00   0.000000000000000E+00
   7.033085684600000E-01   1.015138501000000E+01   1.015138501000000E+01   0.000000000000000E+00  -9.376654156499999E-01   0.000000000000000E+00   0.000000000000000E+00   0.000000000000000E+00
   7.046086661800000E-01   1.017015030400000E+01   1.017015030400000E+01   0.000000000000000E+00  -9.376654156499999E-01   0.000000000000000E+00   0.000000000000000E+00   0.000000000000000E+00
   7.059087639000000E-01   1.018891559900000E+01   1.018891559900000E+01   0.000000000000000E+00  -9.376654156499999E-01   0.000000000000000E+00   0.000000000000000E+00   0.000000000000000E+00
   7.072088616200000E-01   1.020768089400000E+01   1.020768089400000E+01   0.000000000000000E+00  -9.376654156499999E-01   0.000000000000000E+00   0.000000000000000E+00   0.000000000000000E+00
   7.085089593400000E-01   1.022644618800000E+01   1.022644618800000E+01   0.000000000000000E+00  -9.376654156499999E-01   0.000000000000000E+00   0.000000000000000E+00   0.000000000000000E+00
   7.100610969800000E-01   1.024884936600000E+01   1.024884936600000E+01   0.000000000000000E+00  -9.376654156499999E-01   0.000000000000000E+00   0.000000000000000E+00   0.000000000000000E+00
   7.116132346200000E-01   1.027125254300000E+01   1.027125254300000E+01   0.000000000000000E+00  -9.376654156499999E-01   0.000000000000000E+00   0.000000000000000E+00   0.000000000000000E+00
   7.131653722500000E-01   1.029365572100000E+01   1.029365572100000E+01   0.000000000000000E+00  -9.376654156499999E-01   0.000000000000000E+00   0.000000000000000E+00   0.000000000000000E+00
   7.147175098900000E-01   1.031605889900000E+01   1.031605889900000E+01   0.000000000000000E+00  -9.376654156499999E-01   0.000000000000000E+00   0.000000000000000E+00   0.000000000000000E+00
   7.167303918700000E-01   1.034511234800000E+01   1.034511234800000E+01   0.000000000000000E+00  -9.376654156499999E-01   0.000000000000000E+00   0.000000000000000E+00   0.000000000000000E+00
   7.187432738500000E-01   1.037416579800000E+01   1.037416579800000E+01   0.000000000000000E+00  -9.376654156499999E-01   0.000000000000000E+00   0.000000000000000E+00   0.000000000000000E+00
   7.207561558300000E-01   1.040321924700000E+01   1.040321924700000E+01   0.000000000000000E+00  -9.376654156499999E-01   0.000000000000000E+00   0.000000000000000E+00   0.000000000000000E+00
   7.227690378100000E-01   1.043227269600000E+01   1.043227269600000E+01   0.000000000000000E+00  -9.376654156499999E-01   0.000000000000000E+00   0.000000000000000E+00   0.000000000000000E+00
   7.252417176000000E-01   1.046796275600000E+01   1.046796275600000E+01   0.000000000000000E+00  -9.376654156499999E-01   0.000000000000000E+00   0.000000000000000E+00   0.000000000000000E+00
   7.277143973900000E-01   1.050365281500000E+01   1.050365281500000E+01   0.000000000000000E+00  -9.376654156499999E-01   0.000000000000000E+00   0.000000000000000E+00   0.000000000000000E+00
   7.301870771800000E-01   1.053934287500000E+01   1.053934287500000E+01   0.000000000000000E+00  -9.376654156499999E-01   0.000000000000000E+00   0.000000000000000E+00   0.000000000000000E+00
   7.326597569700000E-01   1.057503293400000E+01   1.057503293400000E+01   0.000000000000000E+00  -9.376654156499999E-01   0.000000000000000E+00   0.000000000000000E+00   0.000000000000000E+00
   7.346757251700000E-01   1.060413092900000E+01   1.060413092900000E+01   0.000000000000000E+00  -9.376654156499999E-01   0.000000000000000E+00   0.000000000000000E+00   0.000000000000000E+00
   7.366916933800000E-01   1.063322892400000E+01   1.063322892400000E+01   0.000000000000000E+00  -9.376654156499999E-01   0.000000000000000E+00   0.000000000000000E+00   0.000000000000000E+00
   7.387076615800000E-01   1.066232692000000E+01   1.066232692000000E+01   0.000000000000000E+00  -9.376654156499999E-01   0.000000000000000E+00   0.000000000000000E+00   0.000000000000000E+00
   7.407236297799999E-01   1.069142491500000E+01   1.069142491500000E+01   0.000000000000000E+00  -9.376654156499999E-01   0.000000000000000E+00   0.000000000000000E+00   0.000000000000000E+00
   7.426915036200000E-01   1.071982872800000E+01   1.071982872800000E+01   0.000000000000000E+00  -9.376654156499999E-01   0.000000000000000E+00   0.000000000000000E+00   0.000000000000000E+00
   7.446593774600000E-01   1.074823254100000E+01   1.074823254100000E+01   0.000000000000000E+00  -9.376654156499999E-01   0.000000000000000E+00   0.000000000000000E+00   0.000000000000000E+00
   7.466272513000000E-01   1.077663635400000E+01   1.077663635400000E+01   0.000000000000000E+00  -9.376654156499999E-01   0.000000000000000E+00   0.000000000000000E+00   0.000000000000000E+00
   7.485951251400000E-01   1.080504016700000E+01   1.080504016700000E+01   0.000000000000000E+00  -9.376654156499999E-01   0.000000000000000E+00   0.000000000000000E+00   0.000000000000000E+00
   7.509499804600001E-01   1.083902957600000E+01   1.083902957600000E+01   0.000000000000000E+00  -9.376654156499999E-01   0.000000000000000E+00   0.000000000000000E+00   0.000000000000000E+00
   7.533048357700000E-01   1.087301898600000E+01   1.087301898600000E+01   0.000000000000000E+00  -9.376654156499999E-01   0.000000000000000E+00   0.000000000000000E+00   0.000000000000000E+00
   7.556596910800000E-01   1.090700839500000E+01   1.090700839500000E+01   0.000000000000000E+00  -9.376654156499999E-01   0.000000000000000E+00   0.000000000000000E+00   0.000000000000000E+00
   7.580145463900000E-01   1.094099780500000E+01   1.094099780500000E+01   0.000000000000000E+00  -9.376654156499999E-01   0.000000000000000E+00   0.000000000000000E+00   0.000000000000000E+00
   7.602747635700000E-01   1.097362123000000E+01   1.097362123000000E+01   0.000000000000000E+00  -9.376654156499999E-01   0.000000000000000E+00   0.000000000000000E+00   0.000000000000000E+00
   7.625349807500000E-01   1.100624465600000E+01   1.100624465600000E+01   0.000000000000000E+00  -9.376654156499999E-01   0.000000000000000E+00   0.000000000000000E+00   0.000000000000000E+00
   7.647951979299999E-01   1.103886808100000E+01   1.103886808100000E+01   0.000000000000000E+00  -9.376654156499999E-01   0.000000000000000E+00   0.000000000000000E+00   0.000000000000000E+00
   7.670554151000000E-01   1.107149150700000E+01   1.107149150700000E+01   0.000000000000000E+00  -9.376654156499999E-01   0.000000000000000E+00   0.000000000000000E+00   0.000000000000000E+00
   7.692118342599999E-01   1.110261673700000E+01   1.110261673700000E+01   0.000000000000000E+00  -9.376654156499999E-01   0.000000000000000E+00   0.000000000000000E+00   0.000000000000000E+00
   7.713682534100000E-01   1.113374196700000E+01   1.113374196700000E+01   0.000000000000000E+00  -9.376654156499999E-01   0.000000000000000E+00   0.000000000000000E+00   0.000000000000000E+00
   7.735246725600000E-01   1.116486719800000E+01   1.116486719800000E+01   0.000000000000000E+00  -9.376654156499999E-01   0.000000000000000E+00   0.000000000000000E+00   0.000000000000000E+00
   7.756810917200000E-01   1.119599242800000E+01   1.119599242800000E+01   0.000000000000000E+00  -9.376654156499999E-01   0.000000000000000E+00   0.000000000000000E+00   0.000000000000000E+00
   7.781159320100000E-01   1.123113632100000E+01   1.123113632100000E+01   0.000000000000000E+00  -9.376654156499999E-01   0.000000000000000E+00   0.000000000000000E+00   0.000000000000000E+00
   7.805507723000000E-01   1.126628021400000E+01   1.126628021400000E+01   0.000000000000000E+00  -9.376654156499999E-01   0.000000000000000E+00   0.000000000000000E+00   0.000000000000000E+00
   7.829856125900000E-01   1.130142410700000E+01   1.130142410700000E+01   0.000000000000000E+00  -9.376654156499999E-01   0.000000000000000E+00   0.000000000000000E+00   0.000000000000000E+00
   7.854204528700000E-01   1.133656800000000E+01   1.133656800000000E+01   0.000000000000000E+00  -9.376654156499999E-01   0.000000000000000E+00   0.000000000000000E+00   0.000000000000000E+00
   7.877919368600000E-01   1.137079742400000E+01   1.137079742400000E+01   0.000000000000000E+00  -9.376654156499999E-01   0.000000000000000E+00   0.000000000000000E+00   0.000000000000000E+00
   7.901634208600000E-01   1.140502684800000E+01   1.140502684800000E+01   0.000000000000000E+00  -9.376654156499999E-01   0.000000000000000E+00   0.000000000000000E+00   0.000000000000000E+00
   7.925349048500000E-01   1.143925627200000E+01   1.143925627200000E+01   0.000000000000000E+00  -9.376654156499999E-01   0.000000000000000E+00   0.000000000000000E+00   0.000000000000000E+00
   7.949063888400000E-01   1.147348569600000E+01   1.147348569600000E+01   0.000000000000000E+00  -9.376654156499999E-01   0.000000000000000E+00   0.000000000000000E+00   0.000000000000000E+00
   7.983624602200000E-01   1.152336979000000E+01   1.152336979000000E+01   0.000000000000000E+00  -9.376654156499999E-01   0.000000000000000E+00   0.000000000000000E+00   0.000000000000000E+00
   8.018185316000001E-01   1.157325388500000E+01   1.157325388500000E+01   0.000000000000000E+00  -9.376654156499999E-01   0.000000000000000E+00   0.000000000000000E+00   0.000000000000000E+00
   8.052746029800000E-01   1.162313798000000E+01   1.162313798000000E+01   0.000000000000000E+00  -9.376654156499999E-01   0.000000000000000E+00   0.000000000000000E+00   0.000000000000000E+00
   8.087306743600000E-01   1.167302207400000E+01   1.167302207400000E+01   0.000000000000000E+00  -9.376654156499999E-01   0.000000000000000E+00   0.000000000000000E+00   0.000000000000000E+00
   8.116547853100000E-01   1.171522798100000E+01   1.171522798100000E+01   0.000000000000000E+00  -9.376654156499999E-01   0.000000000000000E+00   0.000000000000000E+00   0.000000000000000E+00
   8.145788962600000E-01   1.175743388800000E+01   1.175743388800000E+01   0.000000000000000E+00  -9.376654156499999E-01   0.000000000000000E+00   0.000000000000000E+00   0.000000000000000E+00
   8.175030072000000E-01   1.179963979500000E+01   1.179963979500000E+01   0.000000000000000E+00  -9.376654156499999E-01   0.000000000000000E+00   0.000000000000000E+00   0.000000000000000E+00
   8.204271181500000E-01   1.184184570200000E+01   1.184184570200000E+01   0.000000000000000E+00  -9.376654156499999E-01   0.000000000000000E+00   0.000000000000000E+00   0.000000000000000E+00
   8.233511387900000E-01   1.188405030600000E+01   1.188405030600000E+01   0.000000000000000E+00  -9.376654156499999E-01   0.000000000000000E+00   0.000000000000000E+00   0.000000000000000E+00
   8.262751594400000E-01   1.192625490900000E+01   1.192625490900000E+01   0.000000000000000E+00  -9.376654156499999E-01   0.000000000000000E+00   0.000000000000000E+00   0.000000000000000E+00
   8.291991800800000E-01   1.196845951300000E+01   1.196845951300000E+01   0.000000000000000E+00  -9.376654156499999E-01   0.000000000000000E+00   0.000000000000000E+00   0.000000000000000E+00
   8.321232007200000E-01   1.201066411700000E+01   1.201066411700000E+01   0.000000000000000E+00  -9.376654156499999E-01   0.000000000000000E+00   0.000000000000000E+00   0.000000000000000E+00
   8.347388347900000E-01   1.204841754300000E+01   1.204841754300000E+01   0.000000000000000E+00  -9.376654156499999E-01   0.000000000000000E+00   0.000000000000000E+00   0.000000000000000E+00
   8.373544688600000E-01   1.208617097000000E+01   1.208617097000000E+01   0.000000000000000E+00  -9.376654156499999E-01   0.000000000000000E+00   0.000000000000000E+00   0.000000000000000E+00
   8.399701029300000E-01   1.212392439700000E+01   1.212392439700000E+01   0.000000000000000E+00  -9.376654156499999E-01   0.000000000000000E+00   0.000000000000000E+00   0.000000000000000E+00
   8.425857369899999E-01   1.216167782300000E+01   1.216167782300000E+01   0.000000000000000E+00  -9.376654156499999E-01   0.000000000000000E+00   0.000000000000000E+00   0.000000000000000E+00
   8.450366285100001E-01   1.219705339600000E+01   1.219705339600000E+01   0.000000000000000E+00  -9.376654156499999E-01   0.000000000000000E+00   0.000000000000000E+00   0.000000000000000E+00
   8.474875200300001E-01   1.223242896900000E+01   1.223242896900000E+01   0.000000000000000E+00  -9.376654156499999E-01   0.000000000000000E+00   0.000000000000000E+00   0.000000000000000E+00
   8.499384115600001E-01   1.226780454200000E+01   1.226780454200000E+01   0.000000000000000E+00  -9.376654156499999E-01   0.000000000000000E+00   0.000000000000000E+00   0.000000000000000E+00
   8.523893030800000E-01   1.230318011400000E+01   1.230318011400000E+01   0.000000000000000E+00  -9.376654156499999E-01   0.000000000000000E+00   0.000000000000000E+00   0.000000000000000E+00
   8.546766445400000E-01   1.233619504500000E+01   1.233619504500000E+01   0.000000000000000E+00  -9.376654156499999E-01   0.000000000000000E+00   0.000000000000000E+00   0.000000000000000E+00
   8.569639860000000E-01   1.236920997600000E+01   1.236920997600000E+01   0.000000000000000E+00  -9.376654156499999E-01   0.000000000000000E+00   0.000000000000000E+00   0.000000000000000E+00
   8.592513274700000E-01   1.240222490700000E+01   1.240222490700000E+01   0.000000000000000E+00  -9.376654156499999E-01   0.000000000000000E+00   0.000000000000000E+00   0.000000000000000E+00
   8.615386689300000E-01   1.243523983800000E+01   1.243523983800000E+01   0.000000000000000E+00  -9.376654156499999E-01   0.000000000000000E+00   0.000000000000000E+00   0.000000000000000E+00
   8.640062561500000E-01   1.247085639300000E+01   1.247085639300000E+01   0.000000000000000E+00  -9.376654156499999E-01   0.000000000000000E+00   0.000000000000000E+00   0.000000000000000E+00
   8.664738433600000E-01   1.250647294700000E+01   1.250647294700000E+01   0.000000000000000E+00  -9.376654156499999E-01   0.000000000000000E+00   0.000000000000000E+00   0.000000000000000E+00
   8.689414305800000E-01   1.254208950100000E+01   1.254208950100000E+01   0.000000000000000E+00  -9.376654156499999E-01   0.000000000000000E+00   0.000000000000000E+00   0.000000000000000E+00
   8.714090177900000E-01   1.257770605600000E+01   1.257770605600000E+01   0.000000000000000E+00  -9.376654156499999E-01   0.000000000000000E+00   0.000000000000000E+00   0.000000000000000E+00
   8.738835192800000E-01   1.261342240900000E+01   1.261342240900000E+01   0.000000000000000E+00  -9.376654156499999E-01   0.000000000000000E+00   0.000000000000000E+00   0.000000000000000E+00
   8.763580207700000E-01   1.264913876200000E+01   1.264913876200000E+01   0.000000000000000E+00  -9.376654156499999E-01   0.000000000000000E+00   0.000000000000000E+00   0.000000000000000E+00
   8.788325222700000E-01   1.268485511600000E+01   1.268485511600000E+01   0.000000000000000E+00  -9.376654156499999E-01   0.000000000000000E+00   0.000000000000000E+00   0.000000000000000E+00
   8.813070237600000E-01   1.272057146900000E+01   1.272057146900000E+01   0.000000000000000E+00  -9.376654156499999E-01   0.000000000000000E+00   0.000000000000000E+00   0.000000000000000E+00
   8.836507766100000E-01   1.275440062800000E+01   1.275440062800000E+01   0.000000000000000E+00  -9.376654156499999E-01   0.000000000000000E+00   0.000000000000000E+00   0.000000000000000E+00
   8.859945294500000E-01   1.278822978800000E+01   1.278822978800000E+01   0.000000000000000E+00  -9.376654156499999E-01   0.000000000000000E+00   0.000000000000000E+00   0.000000000000000E+00
   8.883382823000000E-01   1.282205894700000E+01   1.282205894700000E+01   0.000000000000000E+00  -9.376654156499999E-01   0.000000000000000E+00   0.000000000000000E+00   0.000000000000000E+00
   8.906820351500000E-01   1.285588810600000E+01   1.285588810600000E+01   0.000000000000000E+00  -9.376654156499999E-01   0.000000000000000E+00   0.000000000000000E+00   0.000000000000000E+00
   8.930990181600000E-01   1.289077425200000E+01   1.289077425200000E+01   0.000000000000000E+00  -9.376654156499999E-01   0.000000000000000E+00   0.000000000000000E+00   0.000000000000000E+00
   8.955160011700000E-01   1.292566039700000E+01   1.292566039700000E+01   0.000000000000000E+00  -9.376654156499999E-01   0.000000000000000E+00   0.000000000000000E+00   0.000000000000000E+00
   8.979329841900000E-01   1.296054654300000E+01   1.296054654300000E+01   0.000000000000000E+00  -9.376654156499999E-01   0.000000000000000E+00   0.000000000000000E+00   0.000000000000000E+00
   9.003499672000000E-01   1.299543268800000E+01   1.299543268800000E+01   0.000000000000000E+00  -9.376654156499999E-01   0.000000000000000E+00   0.000000000000000E+00   0.000000000000000E+00
   9.041025213200000E-01   1.304959614300000E+01   1.304959614300000E+01   0.000000000000000E+00  -9.376654156499999E-01   0.000000000000000E+00   0.000000000000000E+00   0.000000000000000E+00
   9.078550754400000E-01   1.310375959700000E+01   1.310375959700000E+01   0.000000000000000E+00  -9.376654156499999E-01   0.000000000000000E+00   0.000000000000000E+00   0.000000000000000E+00
   9.116076295500000E-01   1.315792305200000E+01   1.315792305200000E+01   0.000000000000000E+00  -9.376654156499999E-01   0.000000000000000E+00   0.000000000000000E+00   0.000000000000000E+00
   9.153601836700000E-01   1.321208650600000E+01   1.321208650600000E+01   0.000000000000000E+00  -9.376654156499999E-01   0.000000000000000E+00   0.000000000000000E+00   0.000000000000000E+00
   9.183573634400000E-01   1.325534707100000E+01   1.325534707100000E+01   0.000000000000000E+00  -9.376654156499999E-01   0.000000000000000E+00   0.000000000000000E+00   0.000000000000000E+00
   9.213545432200000E-01   1.329860763600000E+01   1.329860763600000E+01   0.000000000000000E+00  -9.376654156499999E-01   0.000000000000000E+00   0.000000000000000E+00   0.000000000000000E+00
   9.243517229900000E-01   1.334186820000000E+01   1.334186820000000E+01   0.000000000000000E+00  -9.376654156499999E-01   0.000000000000000E+00   0.000000000000000E+00   0.000000000000000E+00
   9.273489027600000E-01   1.338512876500000E+01   1.338512876500000E+01   0.000000000000000E+00  -9.376654156499999E-01   0.000000000000000E+00   0.000000000000000E+00   0.000000000000000E+00
   9.306625385200000E-01   1.343295697800000E+01   1.343295697800000E+01   0.000000000000000E+00  -9.376654156499999E-01   0.000000000000000E+00   0.000000000000000E+00   0.000000000000000E+00
   9.339761742900000E-01   1.348078519200000E+01   1.348078519200000E+01   0.000000000000000E+00  -9.376654156499999E-01   0.000000000000000E+00   0.000000000000000E+00   0.000000000000000E+00
   9.372898100500000E-01   1.352861340600000E+01   1.352861340600000E+01   0.000000000000000E+00  -9.376654156499999E-01   0.000000000000000E+00   0.000000000000000E+00   0.000000000000000E+00
   9.406034458200000E-01   1.357644161900000E+01   1.357644161900000E+01   0.000000000000000E+00  -9.376654156499999E-01   0.000000000000000E+00   0.000000000000000E+00   0.000000000000000E+00
   9.439826687800000E-01   1.362521650200000E+01   1.362521650200000E+01   0.000000000000000E+00  -9.376654156499999E-01   0.000000000000000E+00   0.000000000000000E+00   0.000000000000000E+00
   9.473618917500000E-01   1.367399138600000E+01   1.367399138600000E+01   0.000000000000000E+00  -9.376654156499999E-01   0.000000000000000E+00   0.000000000000000E+00   0.000000000000000E+00
   9.507411147100000E-01   1.372276626900000E+01   1.372276626900000E+01   0.000000000000000E+00  -9.376654156499999E-01   0.000000000000000E+00   0.000000000000000E+00   0.000000000000000E+00
   9.541203376700000E-01   1.377154115200000E+01   1.377154115200000E+01   0.000000000000000E+00  -9.376654156499999E-01   0.000000000000000E+00   0.000000000000000E+00   0.000000000000000E+00
   9.565395776300000E-01   1.380645987400000E+01   1.380645987400000E+01   0.000000000000000E+00  -9.376654156499999E-01   0.000000000000000E+00   0.000000000000000E+00   0.000000000000000E+00
   9.589588175900000E-01   1.384137859600000E+01   1.384137859600000E+01   0.000000000000000E+00  -9.376654156499999E-01   0.000000000000000E+00   0.000000000000000E+00   0.000000000000000E+00
   9.613780575500001E-01   1.387629731800000E+01   1.387629731800000E+01   0.000000000000000E+00  -9.376654156499999E-01   0.000000000000000E+00   0.000000000000000E+00   0.000000000000000E+00
   9.637972975100000E-01   1.391121604000000E+01   1.391121604000000E+01   0.000000000000000E+00  -9.376654156499999E-01   0.000000000000000E+00   0.000000000000000E+00   0.000000000000000E+00
   9.662583147700000E-01   1.394673776500000E+01   1.394673776500000E+01   0.000000000000000E+00  -9.376654156499999E-01   0.000000000000000E+00   0.000000000000000E+00   0.000000000000000E+00
   9.687193320300000E-01   1.398225949000000E+01   1.398225949000000E+01   0.000000000000000E+00  -9.376654156499999E-01   0.000000000000000E+00   0.000000000000000E+00   0.000000000000000E+00
   9.711803492900000E-01   1.401778121500000E+01   1.401778121500000E+01   0.000000000000000E+00  -9.376654156499999E-01   0.000000000000000E+00   0.000000000000000E+00   0.000000000000000E+00
   9.736413665600000E-01   1.405330294100000E+01   1.405330294100000E+01   0.000000000000000E+00  -9.376654156499999E-01   0.000000000000000E+00   0.000000000000000E+00   0.000000000000000E+00
   9.768776074200000E-01   1.410001405500000E+01   1.410001405500000E+01   0.000000000000000E+00  -9.376654156499999E-01   0.000000000000000E+00   0.000000000000000E+00   0.000000000000000E+00
   9.801138482900000E-01   1.414672516900000E+01   1.414672516900000E+01   0.000000000000000E+00  -9.376654156499999E-01   0.000000000000000E+00   0.000000000000000E+00   0.000000000000000E+00
   9.833500891500000E-01   1.419343628400000E+01   1.419343628400000E+01   0.000000000000000E+00  -9.376654156499999E-01   0.000000000000000E+00   0.000000000000000E+00   0.000000000000000E+00
   9.865863300200000E-01   1.424014739800000E+01   1.424014739800000E+01   0.000000000000000E+00  -9.376654156499999E-01   0.000000000000000E+00   0.000000000000000E+00   0.000000000000000E+00
   9.899397475100000E-01   1.428854981200000E+01   1.428854981200000E+01   0.000000000000000E+00  -9.376654156499999E-01   0.000000000000000E+00   0.000000000000000E+00   0.000000000000000E+00
   9.932931650100000E-01   1.433695222500000E+01   1.433695222500000E+01   0.000000000000000E+00  -9.376654156499999E-01   0.000000000000000E+00   0.000000000000000E+00   0.000000000000000E+00
   9.966465825000000E-01   1.438535463900000E+01   1.438535463900000E+01   0.000000000000000E+00  -9.376654156499999E-01   0.000000000000000E+00   0.000000000000000E+00   0.000000000000000E+00
   1.000000000000000E+00   1.443375705200000E+01   1.443375705200000E+01   0.000000000000000E+00  -9.376654156499999E-01   0.000000000000000E+00   0.000000000000000E+00   0.000000000000000E+00
