   0.000000000000000E+00  -1.982313858700000E-31   0.000000000000000E+00   0.000000000000000E+00  -9.998768144200000E-01   0.000000000000000E+00   0.000000000000000E+00   0.000000000000000E+00
   6.641249580500000E-03   9.585818296600000E-02   9.585818296600000E-02   0.000000000000000E+00  -9.998768144200000E-01   0.000000000000000E+00   0.000000000000000E+00   0.000000000000000E+00
   1.328249916100000E-02   1.917163659300000E-01   1.917163659300000E-01   0.000000000000000E+00  -9.998768144200000E-01   0.000000000000000E+00   0.000000000000000E+00   0.000000000000000E+00
   1.992374874100000E-02   2.875745489000000E-01   2.875745489000000E-01   0.000000000000000E+00  -9.998768144200000E-01   0.000000000000000E+00   0.000000000000000E+00   0.000000000000000E+00
   2.656499832200000E-02   3.834327318700000E-01   3.834327318700000E-01   0.000000000000000E+00  -9.998768144200000E-01   0.000000000000000E+00   0.000000000000000E+00   0.000000000000000E+00
   3.460370833900000E-02   4.994615192700000E-01   4.994615192700000E-01   0.000000000000000E+00  -9.998768144200000E-01   0.000000000000000E+00   0.000000000000000E+00   0.000000000000000E+00
   4.264241835700000E-02   6.154903066700000E-01   6.154903066700000E-01   0.000000000000000E+00  -9.998768144200000E-01   0.000000000000000E+00   0.000000000000000E+00   0.000000000000000E+00
   5.068112837400000E-02   7.315190940700000E-01   7.315190940700000E-01   0.000000000000000E+00  -9.998768144200000E-01   0.000000000000000E+00   0.000000000000000E+00   0.000000000000000E+00
   5.871983839200000E-02   8.475478814800000E-01   8.475478814800000E-01   0.000000000000000E+00  -9.998768144200000E-01   0.000000000000000E+00   0.000000000000000E+00   0.000000000000000E+00
   6.381589455400000E-02   9.211031180500000E-01   9.211031180500000E-01   0.000000000000000E+00  -9.998768144200000E-01   0.000000000000000E+00   0.000000000000000E+00   0.000000000000000E+00
   6.891195071700000E-02   9.946583546200000E-01   9.946583546200000E-01   0.000000000000000E+00  -9.998768144200000E-01   0.000000000000000E+00   0.000000000000000E+00   0.000000000000000E+00
   7.400800687900000E-02   1.068213591200000E+00   1.068213591200000E+00   0.000000000000000E+00  -9.998768144200000E-01   0.000000000000000E+00   0.000000000000000E+00   0.000000000000000E+00
   7.910406304100000E-02   1.141768827800000E+00   1.141768827800000E+00   0.000000000000000E+00  -9.998768144200000E-01   0.000000000000000E+00   0.000000000000000E+00   0.000000000000000E+00
   8.386492027000000E-02   1.210485884400000E+00   1.210485884400000E+00   0.000000000000000E+00  -9.998768144200000E-01   0.000000000000000E+00   0.000000000000000E+00   0.000000000000000E+00
   8.862577749900000E-02   1.279202941000000E+00   1.279202941000000E+00   0.000000000000000E+00  -9.998768144200000E-01   0.000000000000000E+00   0.000000000000000E+00   0.000000000000000E+00
   9.338663472700000E-02   1.347919997600000E+00   1.347919997600000E+00   0.000000000000000E+00  -9.998768144200000E-01   0.000000000000000E+00   0.000000000000000E+00   0.000000000000000E+00
   9.814749195600000E-02   1.416637054200000E+00   1.416637054200000E+00   0.000000000000000E+00  -9.998768144200000E-01   0.000000000000000E+00   0.000000000000000E+00   0.000000000000000E+00
   1.028295505800000E-01   1.484216750800000E+00   1.484216750800000E+00   0.000000000000000E+00  -9.998768144200000E-01   0.000000000000000E+00   0.000000000000000E+00   0.000000000000000E+00
   1.075116092000000E-01   1.551796447400000E+00   1.551796447400000E+00   0.000000000000000E+00  -9.998768144200000E-01   0.000000000000000E+00   0.000000000000000E+00   0.000000000000000E+00
   1.121936678100000E-01   1.619376144000000E+00   1.619376144000000E+00   0.000000000000000E+00  -9.998768144200000E-01   0.000000000000000E+00   0.000000000000000E+00   0.000000000000000E+00
   1.168757264300000E-01   1.686955840600000E+00   1.686955840600000E+00   0.000000000000000E+00  -9.998768144200000E-01   0.000000000000000E+00   0.000000000000000E+00   0.000000000000000E+00
   1.216576766300000E-01   1.755977348000000E+00   1.755977348000000E+00   0.000000000000000E+00  -9.998768144200000E-01   0.000000000000000E+00   0.000000000000000E+00   0.000000000000000E+00
   1.264396268300000E-01   1.824998855400000E+00   1.824998855400000E+00   0.000000000000000E+00  -9.998768144200000E-01   0.000000000000000E+00   0.000000000000000E+00   0.000000000000000E+00
   1.312215770200000E-01   1.894020362700000E+00   1.894020362700000E+00   0.000000000000000E+00  -9.998768144200000E-01   0.000000000000000E+00   0.000000000000000E+00   0.000000000000000E+00
   1.360035272200000E-01   1.963041870100000E+00   1.963041870100000E+00   0.000000000000000E+00  -9.998768144200000E-01   0.000000000000000E+00   0.000000000000000E+00   0.000000000000000E+00
   1.410420801600000E-01   2.035767119200000E+00   2.035767119200000E+00   0.000000000000000E+00  -9.998768144200000E-01   0.000000000000000E+00   0.000000000000000E+00   0.000000000000000E+00
   1.460806331000000E-01   2.108492368200000E+00   2.108492368200000E+00   0.000000000000000E+00  -9.998768144200000E-01   0.000000000000000E+00   0.000000000000000E+00   0.000000000000000E+00
   1.511191860500000E-01   2.181217617300000E+00   2.181217617300000E+00   0.000000000000000E+00  -9.998768144200000E-01   0.000000000000000E+00   0.000000000000000E+00   0.000000000000000E+00
   1.561577389900000E-01   2.253942866400000E+00   2.253942866400000E+00   0.000000000000000E+00  -9.998768144200000E-01   0.000000000000000E+00   0.000000000000000E+00   0.000000000000000E+00
   1.620708449600000E-01   2.339291201300000E+00   2.339291201300000E+00   0.000000000000000E+00  -9.998768144200000E-01   0.000000000000000E+00   0.000000000000000E+00   0.000000000000000E+00
   1.679839509200000E-01   2.424639536200000E+00   2.424639536200000E+00   0.000000000000000E+00  -9.998768144200000E-01   0.000000000000000E+00   0.000000000000000E+00   0.000000000000000E+00
   1.738970568900000E-01   2.509987871200000E+00   2.509987871200000E+00   0.000000000000000E+00  -9.998768144200000E-01   0.000000000000000E+00   0.000000000000000E+00   0.000000000000000E+00
   1.798101628500000E-01   2.595336206100000E+00   2.595336206100000E+00   0.000000000000000E+00  -9.998768144200000E-01   0.000000000000000E+00   0.000000000000000E+00   0.000000000000000E+00
   1.837665094400000E-01   2.652441151500000E+00   2.652441151500000E+00   0.000000000000000E+00  -9.998768144200000E-01   0.000000000000000E+00   0.000000000000000E+00   0.000000000000000E+00
   1.877228560200000E-01   2.709546096900000E+00   2.709546096900000E+00   0.000000000000000E+00  -9.998768144200000E-01   0.000000000000000E+00   0.000000000000000E+00   0.000000000000000E+00
   1.916792026100000E-01   2.766651042300000E+00   2.766651042300000E+00   0.000000000000000E+00  -9.998768144200000E-01   0.000000000000000E+00   0.000000000000000E+00   0.000000000000000E+00
   1.956355491900000E-01   2.823755987800000E+00   2.823755987800000E+00   0.000000000000000E+00  -9.998768144200000E-01   0.000000000000000E+00   0.000000000000000E+00   0.000000000000000E+00
   1.993441648500000E-01   2.877285245200000E+00   2.877285245200000E+00   0.000000000000000E+00  -9.998768144200000E-01   0.000000000000000E+00   0.000000000000000E+00   0.000000000000000E+00
   2.030527805100000E-01   2.930814502600000E+00   2.930814502600000E+00   0.000000000000000E+00  -9.998768144200000E-01   0.000000000000000E+00   0.000000000000000E+00   0.000000000000000E+00
   2.067613961700000E-01   2.984343760100000E+00   2.984343760100000E+00   0.000000000000000E+00  -9.998768144200000E-01   0.000000000000000E+00   0.000000000000000E+00   0.000000000000000E+00
   2.104700118300000E-01   3.037873017500000E+00   3.037873017500000E+00   0.000000000000000E+00  -9.998768144200000E-01   0.000000000000000E+00   0.000000000000000E+00   0.000000000000000E+00
   2.141590899900000E-01   3.091120275500000E+00   3.091120275500000E+00   0.000000000000000E+00  -9.998768144200000E-01   0.000000000000000E+00   0.000000000000000E+00   0.000000000000000E+00
   2.178481681600000E-01   3.144367533400000E+00   3.144367533400000E+00   0.000000000000000E+00  -9.998768144200000E-01   0.000000000000000E+00   0.000000000000000E+00   0.000000000000000E+00
   2.215372463200000E-01   3.197614791300000E+00   3.197614791300000E+00   0.000000000000000E+00  -9.998768144200000E-01   0.000000000000000E+00   0.000000000000000E+00   0.000000000000000E+00
   2.252263244800000E-01   3.250862049200000E+00   3.250862049200000E+00   0.000000000000000E+00  -9.998768144200000E-01   0.000000000000000E+00   0.000000000000000E+00   0.000000000000000E+00
   2.285334827800000E-01   3.298596768700000E+00   3.298596768700000E+00   0.000000000000000E+00  -9.998768144200000E-01   0.000000000000000E+00   0.000000000000000E+00   0.000000000000000E+00
   2.318406410900000E-01   3.346331488300000E+00   3.346331488300000E+00   0.000000000000000E+00  -9.998768144200000E-01   0.000000000000000E+00   0.000000000000000E+00   0.000000000000000E+00
   2.351477994000000E-01   3.394066207800000E+00   3.394066207800000E+00   0.000000000000000E+00  -9.998768144200000E-01   0.000000000000000E+00   0.000000000000000E+00   0.000000000000000E+00
   2.384549577000000E-01   3.441800927300000E+00   3.441800927300000E+00   0.000000000000000E+00  -9.998768144200000E-01   0.000000000000000E+00   0.000000000000000E+00   0.000000000000000E+00
   2.415438956500000E-01   3.486385907200000E+00   3.486385907200000E+00   0.000000000000000E+00  -9.998768144200000E-01   0.000000000000000E+00   0.000000000000000E+00   0.000000000000000E+00
   2.446328335900000E-01   3.530970887100000E+00   3.530970887100000E+00   0.000000000000000E+00  -9.998768144200000E-01   0.000000000000000E+00   0.000000000000000E+00   0.000000000000000E+00
   2.477217715400000E-01   3.575555866900000E+00   3.575555866900000E+00   0.000000000000000E+00  -9.998768144200000E-01   0.000000000000000E+00   0.000000000000000E+00   0.000000000000000E+00
   2.508107094900000E-01   3.620140846800000E+00   3.620140846800000E+00   0.000000000000000E+00  -9.998768144200000E-01   0.000000000000000E+00   0.000000000000000E+00   0.000000000000000E+00
   2.541021840700000E-01   3.667649191300000E+00   3.667649191300000E+00   0.000000000000000E+00  -9.998768144200000E-01   0.000000000000000E+00   0.000000000000000E+00   0.000000000000000E+00
   2.573936586600000E-01   3.715157535800000E+00   3.715157535800000E+00   0.000000000000000E+00  -9.998768144200000E-01   0.000000000000000E+00   0.000000000000000E+00   0.000000000000000E+00
   2.606851332400000E-01   3.762665880200000E+00   3.762665880200000E+00   0.000000000000000E+00  -9.998768144200000E-01   0.000000000000000E+00   0.000000000000000E+00   0.000000000000000E+00
   2.639766078200000E-01   3.810174224700000E+00   3.810174224700000E+00   0.000000000000000E+00  -9.998768144200000E-01   0.000000000000000E+00   0.000000000000000E+00   0.000000000000000E+00
   2.682041061600000E-01   3.871192908600000E+00   3.871192908600000E+00   0.000000000000000E+00  -9.998768144200000E-01   0.000000000000000E+00   0.000000000000000E+00   0.000000000000000E+00
   2.724316044900000E-01   3.932211592500000E+00   3.932211592500000E+00   0.000000000000000E+00  -9.998768144200000E-01   0.000000000000000E+00   0.000000000000000E+00   0.000000000000000E+00
   2.766591028200000E-01   3.993230276400000E+00   3.993230276400000E+00   0.000000000000000E+00  -9.998768144200000E-01   0.000000000000000E+00   0.000000000000000E+00   0.000000000000000E+00
   2.808866011600000E-01   4.054248960300000E+00   4.054248960300000E+00   0.000000000000000E+00  -9.998768144200000E-01   0.000000000000000E+00   0.000000000000000E+00   0.000000000000000E+00
   2.841883666600000E-01   4.101905841400000E+00   4.101905841400000E+00   0.000000000000000E+00  -9.998768144200000E-01   0.000000000000000E+00   0.000000000000000E+00   0.000000000000000E+00
   2.874901321700000E-01   4.149562722500000E+00   4.149562722500000E+00   0.000000000000000E+00  -9.998768144200000E-01   0.000000000000000E+00   0.000000000000000E+00   0.000000000000000E+00
   2.907918976700000E-01   4.197219603700000E+00   4.197219603700000E+00   0.000000000000000E+00  -9.998768144200000E-01   0.000000000000000E+00   0.000000000000000E+00   0.000000000000000E+00
   2.940936631800000E-01   4.244876484800000E+00   4.244876484800000E+00   0.000000000000000E+00  -9.998768144200000E-01   0.000000000000000E+00   0.000000000000000E+00   0.000000000000000E+00
   2.971673477400000E-01   4.289241301100000E+00   4.289241301100000E+00   0.000000000000000E+00  -9.998768144200000E-01   0.000000000000000E+00   0.000000000000000E+00   0.000000000000000E+00
   3.002410323100000E-01   4.333606117300000E+00   4.333606117300000E+00   0.000000000000000E+00  -9.998768144200000E-01   0.000000000000000E+00   0.000000000000000E+00   0.000000000000000E+00
   3.033147168700000E-01   4.377970933600000E+00   4.377970933600000E+00   0.000000000000000E+00  -9.998768144200000E-01   0.000000000000000E+00   0.000000000000000E+00   0.000000000000000E+00
   3.063884014400000E-01   4.422335749900000E+00   4.422335749900000E+00   0.000000000000000E+00  -9.998768144200000E-01   0.000000000000000E+00   0.000000000000000E+00   0.000000000000000E+00
   3.093825277400000E-01   4.465552241600000E+00   4.465552241600000E+00   0.000000000000000E+00  -9.998768144200000E-01   0.000000000000000E+00   0.000000000000000E+00   0.000000000000000E+00
   3.123766540500000E-01   4.508768733300000E+00   4.508768733300000E+00   0.000000000000000E+00  -9.998768144200000E-01   0.000000000000000E+00   0.000000000000000E+00   0.000000000000000E+00
   3.153707803600000E-01   4.551985225000000E+00   4.551985225000000E+00   0.000000000000000E+00  -9.998768144200000E-01   0.000000000000000E+00   0.000000000000000E+00   0.000000000000000E+00
   3.183649066700000E-01   4.595201716700000E+00   4.595201716700000E+00   0.000000000000000E+00  -9.998768144200000E-01   0.000000000000000E+00   0.000000000000000E+00   0.000000000000000E+00
   3.214635600300000E-01   4.639926926500000E+00   4.639926926500000E+00   0.000000000000000E+00  -9.998768144200000E-01   0.000000000000000E+00   0.000000000000000E+00   0.000000000000000E+00
   3.245622133900000E-01   4.684652136300000E+00   4.684652136300000E+00   0.000000000000000E+00  -9.998768144200000E-01   0.000000000000000E+00   0.000000000000000E+00   0.000000000000000E+00
   3.276608667500000E-01   4.729377346100000E+00   4.729377346100000E+00   0.000000000000000E+00  -9.998768144200000E-01   0.000000000000000E+00   0.000000000000000E+00   0.000000000000000E+00
   3.307595201100000E-01   4.774102555900000E+00   4.774102555900000E+00   0.000000000000000E+00  -9.998768144200000E-01   0.000000000000000E+00   0.000000000000000E+00   0.000000000000000E+00
   3.339977098600000E-01   4.820841800100000E+00   4.820841800100000E+00   0.000000000000000E+00  -9.998768144200000E-01   0.000000000000000E+00   0.000000000000000E+00   0.000000000000000E+00
   3.372358996200000E-01   4.867581044300000E+00   4.867581044300000E+00   0.000000000000000E+00  -9.998768144200000E-01   0.000000000000000E+00   0.000000000000000E+00   0.000000000000000E+00
   3.404740893700000E-01   4.914320288500000E+00   4.914320288500000E+00   0.000000000000000E+00  -9.998768144200000E-01   0.000000000000000E+00   0.000000000000000E+00   0.000000000000000E+00
   3.437122791300000E-01   4.961059532700000E+00   4.961059532700000E+00   0.000000000000000E+00  -9.998768144200000E-01   0.000000000000000E+00   0.000000000000000E+00   0.000000000000000E+00
   3.469690202700000E-01   5.008066543200000E+00   5.008066543200000E+00   0.000000000000000E+00  -9.998768144200000E-01   0.000000000000000E+00   0.000000000000000E+00   0.000000000000000E+00
   3.502257614100000E-01   5.055073553600000E+00   5.055073553600000E+00   0.000000000000000E+00  -9.998768144200000E-01   0.000000000000000E+00   0.000000000000000E+00   0.000000000000000E+00
   3.534825025600000E-01   5.102080564000000E+00   5.102080564000000E+00   0.000000000000000E+00  -9.998768144200000E-01   0.000000000000000E+00   0.000000000000000E+00   0.000000000000000E+00
   3.567392437000000E-01   5.149087574500000E+00   5.149087574500000E+00   0.000000000000000E+00  -9.998768144200000E-01   0.000000000000000E+00   0.000000000000000E+00   0.000000000000000E+00
   3.601229614100000E-01   5.197927333900000E+00   5.197927333900000E+00   0.000000000000000E+00  -9.998768144200000E-01   0.000000000000000E+00   0.000000000000000E+00   0.000000000000000E+00
   3.635066791300000E-01   5.246767093300000E+00   5.246767093300000E+00   0.000000000000000E+00  -9.998768144200000E-01   0.000000000000000E+00   0.000000000000000E+00   0.000000000000000E+00
   3.668903968400000E-01   5.295606852700000E+00   5.295606852700000E+00   0.000000000000000E+00  -9.998768144200000E-01   0.000000000000000E+00   0.000000000000000E+00   0.000000000000000E+00
   3.702741145500000E-01   5.344446612100000E+00   5.344446612100000E+00   0.000000000000000E+00  -9.998768144200000E-01   0.000000000000000E+00   0.000000000000000E+00   0.000000000000000E+00
   3.739849135200000E-01   5.398007382800000E+00   5.398007382800000E+00   0.000000000000000E+00  -9.998768144200000E-01   0.000000000000000E+00   0.000000000000000E+00   0.000000000000000E+00
   3.776957124800000E-01   5.451568153600000E+00   5.451568153600000E+00   0.000000000000000E+00  -9.998768144200000E-01   0.000000000000000E+00   0.000000000000000E+00   0.000000000000000E+00
   3.814065114500000E-01   5.505128924300000E+00   5.505128924300000E+00   0.000000000000000E+00  -9.998768144200000E-01   0.000000000000000E+00   0.000000000000000E+00   0.000000000000000E+00
   3.851173104100000E-01   5.558689695000000E+00   5.558689695000000E+00   0.000000000000000E+00  -9.998768144200000E-01   0.000000000000000E+00   0.000000000000000E+00   0.000000000000000E+00
   3.889984974300000E-01   5.614709805500000E+00   5.614709805500000E+00   0.000000000000000E+00  -9.998768144200000E-01   0.000000000000000E+00   0.000000000000000E+00   0.000000000000000E+00
   3.928796844400000E-01   5.670729915900000E+00   5.670729915900000E+00   0.000000000000000E+00  -9.998768144200000E-01   0.000000000000000E+00   0.000000000000000E+00   0.000000000000000E+00
   3.967608714500000E-01   5.726750026300000E+00   5.726750026300000E+00   0.000000000000000E+00  -9.998768144200000E-01   0.000000000000000E+00   0.000000000000000E+00   0.000000000000000E+00
   4.006420584700000E-01   5.782770136700000E+00   5.782770136700000E+00   0.000000000000000E+00  -9.998768144200000E-01   0.000000000000000E+00   0.000000000000000E+00   0.000000000000000E+00
   4.055965643100000E-01   5.854282270400000E+00   5.854282270400000E+00   0.000000000000000E+00  -9.998768144200000E-01   0.000000000000000E+00   0.000000000000000E+00   0.000000000000000E+00
   4.105510701600000E-01   5.925794404100000E+00   5.925794404100000E+00   0.000000000000000E+00  -9.998768144200000E-01   0.000000000000000E+00   0.000000000000000E+00   0.000000000000000E+00
   4.155055760000000E-01   5.997306537800000E+00   5.997306537800000E+00   0.000000000000000E+00  -9.998768144200000E-01   0.000000000000000E+00   0.000000000000000E+00   0.000000000000000E+00
   4.204600818500000E-01   6.068818671400000E+00   6.068818671400000E+00   0.000000000000000E+00  -9.998768144200000E-01   0.000000000000000E+00   0.000000000000000E+00   0.000000000000000E+00
   4.262147575900000E-01   6.151880263000000E+00   6.151880263000000E+00   0.000000000000000E+00  -9.998768144200000E-01   0.000000000000000E+00   0.000000000000000E+00   0.000000000000000E+00
   4.319694333300000E-01   6.234941854500000E+00   6.234941854500000E+00   0.000000000000000E+00  -9.998768144200000E-01   0.000000000000000E+00   0.000000000000000E+00   0.000000000000000E+00
   4.377241090700000E-01   6.318003446100000E+00   6.318003446100000E+00   0.000000000000000E+00  -9.998768144200000E-01   0.000000000000000E+00   0.000000000000000E+00   0.000000000000000E+00
   4.434787848100000E-01   6.401065037600000E+00   6.401065037600000E+00   0.000000000000000E+00  -9.998768144200000E-01   0.000000000000000E+00   0.000000000000000E+00   0.000000000000000E+00
   4.472542418200000E-01   6.455559066900000E+00   6.455559066900000E+00   0.000000000000000E+00  -9.998768144200000E-01   0.000000000000000E+00   0.000000000000000E+00   0.000000000000000E+00
   4.510296988400000E-01   6.510053096200000E+00   6.510053096200000E+00   0.000000000000000E+00  -9.998768144200000E-01   0.000000000000000E+00   0.000000000000000E+00   0.000000000000000E+00
   4.548051558500000E-01   6.564547125500000E+00   6.564547125500000E+00   0.000000000000000E+00  -9.998768144200000E-01   0.000000000000000E+00   0.000000000000000E+00   0.000000000000000E+00
   4.585806128600000E-01   6.619041154800000E+00   6.619041154800000E+00   0.000000000000000E+00  -9.998768144200000E-01   0.000000000000000E+00   0.000000000000000E+00   0.000000000000000E+00
   4.620101522200000E-01   6.668542292700000E+00   6.668542292700000E+00   0.000000000000000E+00  -9.998768144200000E-01   0.000000000000000E+00   0.000000000000000E+00   0.000000000000000E+00
   4.654396915800000E-01   6.718043430600000E+00   6.718043430600000E+00   0.000000000000000E+00  -9.998768144200000E-01   0.000000000000000E+00   0.000000000000000E+00   0.000000000000000E+00
   4.688692309400000E-01   6.767544568500000E+00   6.767544568500000E+00   0.000000000000000E+00  -9.998768144200000E-01   0.000000000000000E+00   0.000000000000000E+00   0.000000000000000E+00
   4.722987703000000E-01   6.817045706400000E+00   6.817045706400000E+00   0.000000000000000E+00  -9.998768144200000E-01   0.000000000000000E+00   0.000000000000000E+00   0.000000000000000E+00
   4.757770114100000E-01   6.867249793600000E+00   6.867249793600000E+00   0.000000000000000E+00  -9.998768144200000E-01   0.000000000000000E+00   0.000000000000000E+00   0.000000000000000E+00
   4.792552525200000E-01   6.917453880700000E+00   6.917453880700000E+00   0.000000000000000E+00  -9.998768144200000E-01   0.000000000000000E+00   0.000000000000000E+00   0.000000000000000E+00
   4.827334936300000E-01   6.967657967900000E+00   6.967657967900000E+00   0.000000000000000E+00  -9.998768144200000E-01   0.000000000000000E+00   0.000000000000000E+00   0.000000000000000E+00
   4.862117347400000E-01   7.017862055000000E+00   7.017862055000000E+00   0.000000000000000E+00  -9.998768144200000E-01   0.000000000000000E+00   0.000000000000000E+00   0.000000000000000E+00
   4.889024975700000E-01   7.056699872100000E+00   7.056699872100000E+00   0.000000000000000E+00  -9.998768144200000E-01   0.000000000000000E+00   0.000000000000000E+00   0.000000000000000E+00
   4.915932604100000E-01   7.095537689100000E+00   7.095537689100000E+00   0.000000000000000E+00  -9.998768144200000E-01   0.000000000000000E+00   0.000000000000000E+00   0.000000000000000E+00
   4.942840232400000E-01   7.134375506100000E+00   7.134375506100000E+00   0.000000000000000E+00  -9.998768144200000E-01   0.000000000000000E+00   0.000000000000000E+00   0.000000000000000E+00
   4.969747860700000E-01   7.173213323100000E+00   7.173213323100000E+00   0.000000000000000E+00  -9.998768144200000E-01   0.000000000000000E+00   0.000000000000000E+00   0.000000000000000E+00
   4.998504305700000E-01   7.214719677200000E+00   7.214719677200000E+00   0.000000000000000E+00  -9.998768144200000E-01   0.000000000000000E+00   0.000000000000000E+00   0.000000000000000E+00
   5.027260750800000E-01   7.256226031400000E+00   7.256226031400000E+00   0.000000000000000E+00  -9.998768144200000E-01   0.000000000000000E+00   0.000000000000000E+00   0.000000000000000E+00
   5.056017195800000E-01   7.297732385500000E+00   7.297732385500000E+00   0.000000000000000E+00  -9.998768144200000E-01   0.000000000000000E+00   0.000000000000000E+00   0.000000000000000E+00
   5.084773640800000E-01   7.339238739600000E+00   7.339238739600000E+00   0.000000000000000E+00  -9.998768144200000E-01   0.000000000000000E+00   0.000000000000000E+00   0.000000000000000E+00
   5.121002130000000E-01   7.391530060700000E+00   7.391530060700000E+00   0.000000000000000E+00  -9.998768144200000E-01   0.000000000000000E+00   0.000000000000000E+00   0.000000000000000E+00
   5.157230619199999E-01   7.443821381800000E+00   7.443821381800000E+00   0.000000000000000E+00  -9.998768144200000E-01   0.000000000000000E+00   0.000000000000000E+00   0.000000000000000E+00
   5.193459108300000E-01   7.496112702900000E+00   7.496112702900000E+00   0.000000000000000E+00  -9.998768144200000E-01   0.000000000000000E+00   0.000000000000000E+00   0.000000000000000E+00
   5.229687597500000E-01   7.548404024000000E+00   7.548404024000000E+00   0.000000000000000E+00  -9.998768144200000E-01   0.000000000000000E+00   0.000000000000000E+00   0.000000000000000E+00
   5.263448046000000E-01   7.597133035200000E+00   7.597133035200000E+00   0.000000000000000E+00  -9.998768144200000E-01   0.000000000000000E+00   0.000000000000000E+00   0.000000000000000E+00
   5.297208494500000E-01   7.645862046400000E+00   7.645862046400000E+00   0.000000000000000E+00  -9.998768144200000E-01   0.000000000000000E+00   0.000000000000000E+00   0.000000000000000E+00
   5.330968943000000E-01   7.694591057600000E+00   7.694591057600000E+00   0.000000000000000E+00  -9.998768144200000E-01   0.000000000000000E+00   0.000000000000000E+00   0.000000000000000E+00
   5.364729391500000E-01   7.743320068700000E+00   7.743320068700000E+00   0.000000000000000E+00  -9.998768144200000E-01   0.000000000000000E+00   0.000000000000000E+00   0.000000000000000E+00
   5.395867398400001E-01   7.788263911300000E+00   7.788263911300000E+00   0.000000000000000E+00  -9.998768144200000E-01   0.000000000000000E+00   0.000000000000000E+00   0.000000000000000E+00
   5.427005405200001E-01   7.833207753900000E+00   7.833207753900000E+00   0.000000000000000E+00  -9.998768144200000E-01   0.000000000000000E+00   0.000000000000000E+00   0.000000000000000E+00
   5.458143412000001E-01   7.878151596400000E+00   7.878151596400000E+00   0.000000000000000E+00  -9.998768144200000E-01   0.000000000000000E+00   0.000000000000000E+00   0.000000000000000E+00
   5.489281418900001E-01   7.923095439000000E+00   7.923095439000000E+00   0.000000000000000E+00  -9.998768144200000E-01   0.000000000000000E+00   0.000000000000000E+00   0.000000000000000E+00
   5.527297445100000E-01   7.977966847600000E+00   7.977966847600000E+00   0.000000000000000E+00  -9.998768144200000E-01   0.000000000000000E+00   0.000000000000000E+00   0.000000000000000E+00
   5.565313471200000E-01   8.032838256200000E+00   8.032838256200000E+00   0.000000000000000E+00  -9.998768144200000E-01   0.000000000000000E+00   0.000000000000000E+00   0.000000000000000E+00
   5.603329497400000E-01   8.087709664800000E+00   8.087709664800000E+00   0.000000000000000E+00  -9.998768144200000E-01   0.000000000000000E+00   0.000000000000000E+00   0.000000000000000E+00
   5.641345523600000E-01   8.142581073400001E+00   8.142581073400001E+00   0.000000000000000E+00  -9.998768144200000E-01   0.000000000000000E+00   0.000000000000000E+00   0.000000000000000E+00
   5.670898530800000E-01   8.185237166000000E+00   8.185237166000000E+00   0.000000000000000E+00  -9.998768144200000E-01   0.000000000000000E+00   0.000000000000000E+00   0.000000000000000E+00
   5.700451537900000E-01   8.227893258500000E+00   8.227893258500000E+00   0.000000000000000E+00  -9.998768144200000E-01   0.000000000000000E+00   0.000000000000000E+00   0.000000000000000E+00
   5.730004545100000E-01   8.270549351100000E+00   8.270549351100000E+00   0.000000000000000E+00  -9.998768144200000E-01   0.000000000000000E+00   0.000000000000000E+00   0.000000000000000E+00
   5.759557552300000E-01   8.313205443599999E+00   8.313205443599999E+00   0.000000000000000E+00  -9.998768144200000E-01   0.000000000000000E+00   0.000000000000000E+00   0.000000000000000E+00
   5.789961469200000E-01   8.357089718599999E+00   8.357089718599999E+00   0.000000000000000E+00  -9.998768144200000E-01   0.000000000000000E+00   0.000000000000000E+00   0.000000000000000E+00
   5.820365386100000E-01   8.400973993699999E+00   8.400973993699999E+00   0.000000000000000E+00  -9.998768144200000E-01   0.000000000000000E+00   0.000000000000000E+00   0.000000000000000E+00
   5.850769303000000E-01   8.444858268699999E+00   8.444858268699999E+00   0.000000000000000E+00  -9.998768144200000E-01   0.000000000000000E+00   0.000000000000000E+00   0.000000000000000E+00
   5.881173219900000E-01   8.488742543700001E+00   8.488742543700001E+00   0.000000000000000E+00  -9.998768144200000E-01   0.000000000000000E+00   0.000000000000000E+00   0.000000000000000E+00
   5.909992617199999E-01   8.530339761500001E+00   8.530339761500001E+00   0.000000000000000E+00  -9.998768144200000E-01   0.000000000000000E+00   0.000000000000000E+00   0.000000000000000E+00
   5.938812014400000E-01   8.571936979300000E+00   8.571936979300000E+00   0.000000000000000E+00  -9.998768144200000E-01   0.000000000000000E+00   0.000000000000000E+00   0.000000000000000E+00
   5.967631411700000E-01   8.613534197200000E+00   8.613534197200000E+00   0.000000000000000E+00  -9.998768144200000E-01   0.000000000000000E+00   0.000000000000000E+00   0.000000000000000E+00
   5.996450808900000E-01   8.655131415000000E+00   8.655131415000000E+00   0.000000000000000E+00  -9.998768144200000E-01   0.000000000000000E+00   0.000000000000000E+00   0.000000000000000E+00
   6.024862199700000E-01   8.696139726300000E+00   8.696139726300000E+00   0.000000000000000E+00  -9.998768144200000E-01   0.000000000000000E+00   0.000000000000000E+00   0.000000000000000E+00
   6.053273590600000E-01   8.737148037600001E+00   8.737148037600001E+00   0.000000000000000E+00  -9.998768144200000E-01   0.000000000000000E+00   0.000000000000000E+00   0.000000000000000E+00
   6.081684981400000E-01   8.778156348800000E+00   8.778156348800000E+00   0.000000000000000E+00  -9.998768144200000E-01   0.000000000000000E+00   0.000000000000000E+00   0.000000000000000E+00
   6.110096372200000E-01   8.819164660100000E+00   8.819164660100000E+00   0.000000000000000E+00  -9.998768144200000E-01   0.000000000000000E+00   0.000000000000000E+00   0.000000000000000E+00
   6.142560214900000E-01   8.866022181900000E+00   8.866022181900000E+00   0.000000000000000E+00  -9.998768144200000E-01   0.000000000000000E+00   0.000000000000000E+00   0.000000000000000E+00
   6.175024057500000E-01   8.912879703700000E+00   8.912879703700000E+00   0.000000000000000E+00  -9.998768144200000E-01   0.000000000000000E+00   0.000000000000000E+00   0.000000000000000E+00
   6.207487900200001E-01   8.959737225400000E+00   8.959737225400000E+00   0.000000000000000E+00  -9.998768144200000E-01   0.000000000000000E+00   0.000000000000000E+00   0.000000000000000E+00
   6.239951742800000E-01   9.006594747199999E+00   9.006594747199999E+00   0.000000000000000E+00  -9.998768144200000E-01   0.000000000000000E+00   0.000000000000000E+00   0.000000000000000E+00
   6.267693227800000E-01   9.046636132700000E+00   9.046636132700000E+00   0.000000000000000E+00  -9.998768144200000E-01   0.000000000000000E+00   0.000000000000000E+00   0.000000000000000E+00
   6.295434712800000E-01   9.086677518200000E+00   9.086677518200000E+00   0.000000000000000E+00  -9.998768144200000E-01   0.000000000000000E+00   0.000000000000000E+00   0.000000000000000E+00
   6.323176197800000E-01   9.126718903600000E+00   9.126718903600000E+00   0.000000000000000E+00  -9.998768144200000E-01   0.000000000000000E+00   0.000000000000000E+00   0.000000000000000E+00
   6.350917682800000E-01   9.166760289100001E+00   9.166760289100001E+00   0.000000000000000E+00  -9.998768144200000E-01   0.000000000000000E+00   0.000000000000000E+00   0.000000000000000E+00
   6.383816378800000E-01   9.214245467600000E+00   9.214245467600000E+00   0.000000000000000E+00  -9.998768144200000E-01   0.000000000000000E+00   0.000000000000000E+00   0.000000000000000E+00
   6.416715074800000E-01   9.261730646100000E+00   9.261730646100000E+00   0.000000000000000E+00  -9.998768144200000E-01   0.000000000000000E+00   0.000000000000000E+00   0.000000000000000E+00
   6.449613770800000E-01   9.309215824600001E+00   9.309215824600001E+00   0.000000000000000E+00  -9.998768144200000E-01   0.000000000000000E+00   0.000000000000000E+00   0.000000000000000E+00
   6.482512466700000E-01   9.356701003100000E+00   9.356701003100000E+00   0.000000000000000E+00  -9.998768144200000E-01   0.000000000000000E+00   0.000000000000000E+00   0.000000000000000E+00
   6.506551162799999E-01   9.391397873000001E+00   9.391397873000001E+00   0.000000000000000E+00  -9.998768144200000E-01   0.000000000000000E+00   0.000000000000000E+00   0.000000000000000E+00
   6.530589858800000E-01   9.426094742900000E+00   9.426094742900000E+00   0.000000000000000E+00  -9.998768144200000E-01   0.000000000000000E+00   0.000000000000000E+00   0.000000000000000E+00
   6.554628554900001E-01   9.460791612700000E+00   9.460791612700000E+00   0.000000000000000E+00  -9.998768144200000E-01   0.000000000000000E+00   0.000000000000000E+00   0.000000000000000E+00
   6.578667250900000E-01   9.495488482600001E+00   9.495488482600001E+00   0.000000000000000E+00  -9.998768144200000E-01   0.000000000000000E+00   0.000000000000000E+00   0.000000000000000E+00
   6.604029532300000E-01   9.532095783300001E+00   9.532095783300001E+00   0.000000000000000E+00  -9.998768144200000E-01   0.000000000000000E+00   0.000000000000000E+00   0.000000000000000E+00
   6.629391813600000E-01   9.568703083999999E+00   9.568703083999999E+00   0.000000000000000E+00  -9.998768144200000E-01   0.000000000000000E+00   0.000000000000000E+00   0.000000000000000E+00
   6.654754094899999E-01   9.605310384699999E+00   9.605310384699999E+00   0.000000000000000E+00  -9.998768144200000E-01   0.000000000000000E+00   0.000000000000000E+00   0.000000000000000E+00
   6.680116376300000E-01   9.641917685399999E+00   9.641917685399999E+00   0.000000000000000E+00  -9.998768144200000E-01   0.000000000000000E+00   0.000000000000000E+00   0.000000000000000E+00
   6.710197519800000E-01   9.685336077100001E+00   9.685336077100001E+00   0.000000000000000E+00  -9.998768144200000E-01   0.000000000000000E+00   0.000000000000000E+00   0.000000000000000E+00
   6.740278663200000E-01   9.728754468800000E+00   9.728754468800000E+00   0.000000000000000E+00  -9.998768144200000E-01   0.000000000000000E+00   0.000000000000000E+00   0.000000000000000E+00
   6.770359806700000E-01   9.772172860500000E+00   9.772172860500000E+00   0.000000000000000E+00  -9.998768144200000E-01   0.000000000000000E+00   0.000000000000000E+00   0.000000000000000E+00
   6.800440950200000E-01   9.815591252200001E+00   9.815591252200001E+00   0.000000000000000E+00  -9.998768144200000E-01   0.000000000000000E+00   0.000000000000000E+00   0.000000000000000E+00
   6.826658264200000E-01   9.853432686300000E+00   9.853432686300000E+00   0.000000000000000E+00  -9.998768144200000E-01   0.000000000000000E+00   0.000000000000000E+00   0.000000000000000E+00
   6.852875578199999E-01   9.891274120300000E+00   9.891274120300000E+00   0.000000000000000E+00  -9.998768144200000E-01   0.000000000000000E+00   0.000000000000000E+00   0.000000000000000E+00
   6.879092892200001E-01   9.929115554399999E+00   9.929115554399999E+00   0.000000000000000E+00  -9.998768144200000E-01   0.000000000000000E+00   0.000000000000000E+00   0.000000000000000E+00
   6.905310206200000E-01   9.966956988500000E+00   9.966956988500000E+00   0.000000000000000E+00  -9.998768144200000E-01   0.000000000000000E+00   0.000000000000000E+00   0.000000000000000E+00
   6.931834675000000E-01   1.000524176200000E+01   1.000524176200000E+01   0.000000000000000E+00  -9.998768144200000E-01   0.000000000000000E+00   0.000000000000000E+00   0.000000000000000E+00
   6.958359143800000E-01   1.004352653600000E+01   1.004352653600000E+01   0.000000000000000E+00  -9.998768144200000E-01   0.000000000000000E+00   0.000000000000000E+00   0.000000000000000E+00
   6.984883612700000E-01   1.008181131000000E+01   1.008181131000000E+01   0.000000000000000E+00  -9.998768144200000E-01   0.000000000000000E+00   0.000000000000000E+00   0.000000000000000E+00
   7.011408081500000E-01   1.012009608400000E+01   1.012009608400000E+01   0.000000000000000E+00  -9.998768144200000E-01   0.000000000000000E+00   0.000000000000000E+00   0.000000000000000E+00
   7.035778264800000E-01   1.015527141500000E+01   1.015527141500000E+01   0.000000000000000E+00  -9.998768144200000E-01   0.000000000000000E+00   0.000000000000000E+00   0.000000000000000E+00
   7.060148448100000E-01   1.019044674500000E+01   1.019044674500000E+01   0.000000000000000E+00  -9.998768144200000E-01   0.000000000000000E+00   0.000000000000000E+00   0.000000000000000E+00
   7.084518631400000E-01   1.022562207600000E+01   1.022562207600000E+01   0.000000000000000E+00  -9.998768144200000E-01   0.000000000000000E+00   0.000000000000000E+00   0.000000000000000E+00
   7.108888814700000E-01   1.026079740600000E+01   1.026079740600000E+01   0.000000000000000E+00  -9.998768144200000E-01   0.000000000000000E+00   0.000000000000000E+00   0.000000000000000E+00
   7.136149146600000E-01   1.030014430700000E+01   1.030014430700000E+01   0.000000000000000E+00  -9.998768144200000E-01   0.000000000000000E+00   0.000000000000000E+00   0.000000000000000E+00
   7.163409478400000E-01   1.033949120700000E+01   1.033949120700000E+01   0.000000000000000E+00  -9.998768144200000E-01   0.000000000000000E+00   0.000000000000000E+00   0.000000000000000E+00
   7.190669810200000E-01   1.037883810800000E+01   1.037883810800000E+01   0.000000000000000E+00  -9.998768144200000E-01   0.000000000000000E+00   0.000000000000000E+00   0.000000000000000E+00
   7.217930142000000E-01   1.041818500900000E+01   1.041818500900000E+01   0.000000000000000E+00  -9.998768144200000E-01   0.000000000000000E+00   0.000000000000000E+00   0.000000000000000E+00
   7.246481375000000E-01   1.045939516500000E+01   1.045939516500000E+01   0.000000000000000E+00  -9.998768144200000E-01   0.000000000000000E+00   0.000000000000000E+00   0.000000000000000E+00
   7.275032608000001E-01   1.050060532100000E+01   1.050060532100000E+01   0.000000000000000E+00  -9.998768144200000E-01   0.000000000000000E+00   0.000000000000000E+00   0.000000000000000E+00
   7.303583841100000E-01   1.054181547700000E+01   1.054181547700000E+01   0.000000000000000E+00  -9.998768144200000E-01   0.000000000000000E+00   0.000000000000000E+00   0.000000000000000E+00
   7.332135074100000E-01   1.058302563300000E+01   1.058302563300000E+01   0.000000000000000E+00  -9.998768144200000E-01   0.000000000000000E+00   0.000000000000000E+00   0.000000000000000E+00
   7.364359442400000E-01   1.062953750300000E+01   1.062953750300000E+01   0.000000000000000E+00  -9.998768144200000E-01   0.000000000000000E+00   0.000000000000000E+00   0.000000000000000E+00
   7.396583810700000E-01   1.067604937400000E+01   1.067604937400000E+01   0.000000000000000E+00  -9.998768144200000E-01   0.000000000000000E+00   0.000000000000000E+00   0.000000000000000E+00
   7.428808179000000E-01   1.072256124400000E+01   1.072256124400000E+01   0.000000000000000E+00  -9.998768144200000E-01   0.000000000000000E+00   0.000000000000000E+00   0.000000000000000E+00
   7.461032547300001E-01   1.076907311400000E+01   1.076907311400000E+01   0.000000000000000E+00  -9.998768144200000E-01   0.000000000000000E+00   0.000000000000000E+00   0.000000000000000E+00
   7.495003915900000E-01   1.081810656300000E+01   1.081810656300000E+01   0.000000000000000E+00  -9.998768144200000E-01   0.000000000000000E+00   0.000000000000000E+00   0.000000000000000E+00
   7.528975284600000E-01   1.086714001100000E+01   1.086714001100000E+01   0.000000000000000E+00  -9.998768144200000E-01   0.000000000000000E+00   0.000000000000000E+00   0.000000000000000E+00
   7.562946653200000E-01   1.091617345900000E+01   1.091617345900000E+01   0.000000000000000E+00  -9.998768144200000E-01   0.000000000000000E+00   0.000000000000000E+00   0.000000000000000E+00
   7.596918021900000E-01   1.096520690700000E+01   1.096520690700000E+01   0.000000000000000E+00  -9.998768144200000E-01   0.000000000000000E+00   0.000000000000000E+00   0.000000000000000E+00
   7.622071737900000E-01   1.100151317000000E+01   1.100151317000000E+01   0.000000000000000E+00  -9.998768144200000E-01   0.000000000000000E+00   0.000000000000000E+00   0.000000000000000E+00
   7.647225454000000E-01   1.103781943200000E+01   1.103781943200000E+01   0.000000000000000E+00  -9.998768144200000E-01   0.000000000000000E+00   0.000000000000000E+00   0.000000000000000E+00
   7.672379170000000E-01   1.107412569500000E+01   1.107412569500000E+01   0.000000000000000E+00  -9.998768144200000E-01   0.000000000000000E+00   0.000000000000000E+00   0.000000000000000E+00
   7.697532886000000E-01   1.111043195800000E+01   1.111043195800000E+01   0.000000000000000E+00  -9.998768144200000E-01   0.000000000000000E+00   0.000000000000000E+00   0.000000000000000E+00
   7.721585344000000E-01   1.114514869100000E+01   1.114514869100000E+01   0.000000000000000E+00  -9.998768144200000E-01   0.000000000000000E+00   0.000000000000000E+00   0.000000000000000E+00
   7.745637802000001E-01   1.117986542500000E+01   1.117986542500000E+01   0.000000000000000E+00  -9.998768144200000E-01   0.000000000000000E+00   0.000000000000000E+00   0.000000000000000E+00
   7.769690259900000E-01   1.121458215800000E+01   1.121458215800000E+01   0.000000000000000E+00  -9.998768144200000E-01   0.000000000000000E+00   0.000000000000000E+00   0.000000000000000E+00
   7.793742717900000E-01   1.124929889200000E+01   1.124929889200000E+01   0.000000000000000E+00  -9.998768144200000E-01   0.000000000000000E+00   0.000000000000000E+00   0.000000000000000E+00
   7.817610821900000E-01   1.128374953300000E+01   1.128374953300000E+01   0.000000000000000E+00  -9.998768144200000E-01   0.000000000000000E+00   0.000000000000000E+00   0.000000000000000E+00
   7.841478925900000E-01   1.131820017400000E+01   1.131820017400000E+01   0.000000000000000E+00  -9.998768144200000E-01   0.000000000000000E+00   0.000000000000000E+00   0.000000000000000E+00
   7.865347029899999E-01   1.135265081600000E+01   1.135265081600000E+01   0.000000000000000E+00  -9.998768144200000E-01   0.000000000000000E+00   0.000000000000000E+00   0.000000000000000E+00
   7.889215133900001E-01   1.138710145700000E+01   1.138710145700000E+01   0.000000000000000E+00  -9.998768144200000E-01   0.000000000000000E+00   0.000000000000000E+00   0.000000000000000E+00
   7.925843591900000E-01   1.143997008400000E+01   1.143997008400000E+01   0.000000000000000E+00  -9.998768144200000E-01   0.000000000000000E+00   0.000000000000000E+00   0.000000000000000E+00
   7.962472049900000E-01   1.149283871000000E+01   1.149283871000000E+01   0.000000000000000E+00  -9.998768144200000E-01   0.000000000000000E+00   0.000000000000000E+00   0.000000000000000E+00
   7.999100507900000E-01   1.154570733700000E+01   1.154570733700000E+01   0.000000000000000E+00  -9.998768144200000E-01   0.000000000000000E+00   0.000000000000000E+00   0.000000000000000E+00
   8.035728966000000E-01   1.159857596300000E+01   1.159857596300000E+01   0.000000000000000E+00  -9.998768144200000E-01   0.000000000000000E+00   0.000000000000000E+00   0.000000000000000E+00
   8.058015468600001E-01   1.163074375900000E+01   1.163074375900000E+01   0.000000000000000E+00  -9.998768144200000E-01   0.000000000000000E+00   0.000000000000000E+00   0.000000000000000E+00
   8.080301971100000E-01   1.166291155600000E+01   1.166291155600000E+01   0.000000000000000E+00  -9.998768144200000E-01   0.000000000000000E+00   0.000000000000000E+00   0.000000000000000E+00
   8.102588473700000E-01   1.169507935200000E+01   1.169507935200000E+01   0.000000000000000E+00  -9.998768144200000E-01   0.000000000000000E+00   0.000000000000000E+00   0.000000000000000E+00
   8.124874976300001E-01   1.172724714900000E+01   1.172724714900000E+01   0.000000000000000E+00  -9.998768144200000E-01   0.000000000000000E+00   0.000000000000000E+00   0.000000000000000E+00
   8.145343623300000E-01   1.175679109600000E+01   1.175679109600000E+01   0.000000000000000E+00  -9.998768144200000E-01   0.000000000000000E+00   0.000000000000000E+00   0.000000000000000E+00
   8.165812270300000E-01   1.178633504400000E+01   1.178633504400000E+01   0.000000000000000E+00  -9.998768144200000E-01   0.000000000000000E+00   0.000000000000000E+00   0.000000000000000E+00
   8.186280917300000E-01   1.181587899200000E+01   1.181587899200000E+01   0.000000000000000E+00  -9.998768144200000E-01   0.000000000000000E+00   0.000000000000000E+00   0.000000000000000E+00
   8.206749564400000E-01   1.184542294000000E+01   1.184542294000000E+01   0.000000000000000E+00  -9.998768144200000E-01   0.000000000000000E+00   0.000000000000000E+00   0.000000000000000E+00
   8.227910222000000E-01   1.187596571900000E+01   1.187596571900000E+01   0.000000000000000E+00  -9.998768144200000E-01   0.000000000000000E+00   0.000000000000000E+00   0.000000000000000E+00
   8.249070879600000E-01   1.190650849800000E+01   1.190650849800000E+01   0.000000000000000E+00  -9.998768144200000E-01   0.000000000000000E+00   0.000000000000000E+00   0.000000000000000E+00
   8.270231537200000E-01   1.193705127700000E+01   1.193705127700000E+01   0.000000000000000E+00  -9.998768144200000E-01   0.000000000000000E+00   0.000000000000000E+00   0.000000000000000E+00
   8.291392194800000E-01   1.196759405600000E+01   1.196759405600000E+01   0.000000000000000E+00  -9.998768144200000E-01   0.000000000000000E+00   0.000000000000000E+00   0.000000000000000E+00
   8.311337900600000E-01   1.199638320300000E+01   1.199638320300000E+01   0.000000000000000E+00  -9.998768144200000E-01   0.000000000000000E+00   0.000000000000000E+00   0.000000000000000E+00
   8.331283606400000E-01   1.202517235100000E+01   1.202517235100000E+01   0.000000000000000E+00  -9.998768144200000E-01   0.000000000000000E+00   0.000000000000000E+00   0.000000000000000E+00
   8.351229312200000E-01   1.205396149800000E+01   1.205396149800000E+01   0.000000000000000E+00  -9.998768144200000E-01   0.000000000000000E+00   0.000000000000000E+00   0.000000000000000E+00
   8.371175018000000E-01   1.208275064500000E+01   1.208275064500000E+01   0.000000000000000E+00  -9.998768144200000E-01   0.000000000000000E+00   0.000000000000000E+00   0.000000000000000E+00
   8.395416832900000E-01   1.211774069200000E+01   1.211774069200000E+01   0.000000000000000E+00  -9.998768144200000E-01   0.000000000000000E+00   0.000000000000000E+00   0.000000000000000E+00
   8.419658647800000E-01   1.215273073800000E+01   1.215273073800000E+01   0.000000000000000E+00  -9.998768144200000E-01   0.000000000000000E+00   0.000000000000000E+00   0.000000000000000E+00
   8.443900462700000E-01   1.218772078500000E+01   1.218772078500000E+01   0.000000000000000E+00  -9.998768144200000E-01   0.000000000000000E+00   0.000000000000000E+00   0.000000000000000E+00
   8.468142277600000E-01   1.222271083200000E+01   1.222271083200000E+01   0.000000000000000E+00  -9.998768144200000E-01   0.000000000000000E+00   0.000000000000000E+00   0.000000000000000E+00
   8.497897631700000E-01   1.226565898700000E+01   1.226565898700000E+01   0.000000000000000E+00  -9.998768144200000E-01   0.000000000000000E+00   0.000000000000000E+00   0.000000000000000E+00
   8.527652985700001E-01   1.230860714200000E+01   1.230860714200000E+01   0.000000000000000E+00  -9.998768144200000E-01   0.000000000000000E+00   0.000000000000000E+00   0.000000000000000E+00
   8.557408339800000E-01   1.235155529700000E+01   1.235155529700000E+01   0.000000000000000E+00  -9.998768144200000E-01   0.000000000000000E+00   0.000000000000000E+00   0.000000000000000E+00
   8.587163693800000E-01   1.239450345200000E+01   1.239450345200000E+01   0.000000000000000E+00  -9.998768144200000E-01   0.000000000000000E+00   0.000000000000000E+00   0.000000000000000E+00
   8.615954534100000E-01   1.243605945200000E+01   1.243605945200000E+01   0.000000000000000E+00  -9.998768144200000E-01   0.000000000000000E+00   0.000000000000000E+00   0.000000000000000E+00
   8.644745374300000E-01   1.247761545100000E+01   1.247761545100000E+01   0.000000000000000E+00  -9.998768144200000E-01   0.000000000000000E+00   0.000000000000000E+00   0.000000000000000E+00
   8.673536214599999E-01   1.251917145000000E+01   1.251917145000000E+01   0.000000000000000E+00  -9.998768144200000E-01   0.000000000000000E+00   0.000000000000000E+00   0.000000000000000E+00
   8.702327054800000E-01   1.256072745000000E+01   1.256072745000000E+01   0.000000000000000E+00  -9.998768144200000E-01   0.000000000000000E+00   0.000000000000000E+00   0.000000000000000E+00
   8.727826499700000E-01   1.259753272900000E+01   1.259753272900000E+01   0.000000000000000E+00  -9.998768144200000E-01   0.000000000000000E+00   0.000000000000000E+00   0.000000000000000E+00
   8.753325944600000E-01   1.263433800800000E+01   1.263433800800000E+01   0.000000000000000E+00  -9.998768144200000E-01   0.000000000000000E+00   0.000000000000000E+00   0.000000000000000E+00
   8.778825389500000E-01   1.267114328700000E+01   1.267114328700000E+01   0.000000000000000E+00  -9.998768144200000E-01   0.000000000000000E+00   0.000000000000000E+00   0.000000000000000E+00
   8.804324834400000E-01   1.270794856700000E+01   1.270794856700000E+01   0.000000000000000E+00  -9.998768144200000E-01   0.000000000000000E+00   0.000000000000000E+00   0.000000000000000E+00
   8.832484620500000E-01   1.274859371800000E+01   1.274859371800000E+01   0.000000000000000E+00  -9.998768144200000E-01   0.000000000000000E+00   0.000000000000000E+00   0.000000000000000E+00
   8.860644406600000E-01   1.278923886900000E+01   1.278923886900000E+01   0.000000000000000E+00  -9.998768144200000E-01   0.000000000000000E+00   0.000000000000000E+00   0.000000000000000E+00
   8.888804192700001E-01   1.282988402000000E+01   1.282988402000000E+01   0.000000000000000E+00  -9.998768144200000E-01   0.000000000000000E+00   0.000000000000000E+00   0.000000000000000E+00
   8.916963978800000E-01   1.287052917100000E+01   1.287052917100000E+01   0.000000000000000E+00  -9.998768144200000E-01   0.000000000000000E+00   0.000000000000000E+00   0.000000000000000E+00
   8.942878592700000E-01   1.290793369500000E+01   1.290793369500000E+01   0.000000000000000E+00  -9.998768144200000E-01   0.000000000000000E+00   0.000000000000000E+00   0.000000000000000E+00
   8.968793206700000E-01   1.294533822000000E+01   1.294533822000000E+01   0.000000000000000E+00  -9.998768144200000E-01   0.000000000000000E+00   0.000000000000000E+00   0.000000000000000E+00
   8.994707820700000E-01   1.298274274400000E+01   1.298274274400000E+01   0.000000000000000E+00  -9.998768144200000E-01   0.000000000000000E+00   0.000000000000000E+00   0.000000000000000E+00
   9.020622434700000E-01   1.302014726800000E+01   1.302014726800000E+01   0.000000000000000E+00  -9.998768144200000E-01   0.000000000000000E+00   0.000000000000000E+00   0.000000000000000E+00
   9.046447039000000E-01   1.305742187400000E+01   1.305742187400000E+01   0.000000000000000E+00  -9.998768144200000E-01   0.000000000000000E+00   0.000000000000000E+00   0.000000000000000E+00
   9.072271643299999E-01   1.309469648100000E+01   1.309469648100000E+01   0.000000000000000E+00  -9.998768144200000E-01   0.000000000000000E+00   0.000000000000000E+00   0.000000000000000E+00
   9.098096247600000E-01   1.313197108700000E+01   1.313197108700000E+01   0.000000000000000E+00  -9.998768144200000E-01   0.000000000000000E+00   0.000000000000000E+00   0.000000000000000E+00
   9.123920851900000E-01   1.316924569400000E+01   1.316924569400000E+01   0.000000000000000E+00  -9.998768144200000E-01   0.000000000000000E+00   0.000000000000000E+00   0.000000000000000E+00
   9.156827784700000E-01   1.321674276100000E+01   1.321674276100000E+01   0.000000000000000E+00  -9.998768144200000E-01   0.000000000000000E+00   0.000000000000000E+00   0.000000000000000E+00
   9.189734717500000E-01   1.326423982800000E+01   1.326423982800000E+01   0.000000000000000E+00  -9.998768144200000E-01   0.000000000000000E+00   0.000000000000000E+00   0.000000000000000E+00
   9.222641650200000E-01   1.331173689600000E+01   1.331173689600000E+01   0.000000000000000E+00  -9.998768144200000E-01   0.000000000000000E+00   0.000000000000000E+00   0.000000000000000E+00
   9.255548582999999E-01   1.335923396300000E+01   1.335923396300000E+01   0.000000000000000E+00  -9.998768144200000E-01   0.000000000000000E+00   0.000000000000000E+00   0.000000000000000E+00
   9.284500014500000E-01   1.340102175600000E+01   1.340102175600000E+01   0.000000000000000E+00  -9.998768144200000E-01   0.000000000000000E+00   0.000000000000000E+00   0.000000000000000E+00
   9.313451446000000E-01   1.344280954900000E+01   1.344280954900000E+01   0.000000000000000E+00  -9.998768144200000E-01   0.000000000000000E+00   0.000000000000000E+00   0.000000000000000E+00
   9.342402877400000E-01   1.348459734100000E+01   1.348459734100000E+01   0.000000000000000E+00  -9.998768144200000E-01   0.000000000000000E+00   0.000000000000000E+00   0.000000000000000E+00
   9.371354308900000E-01   1.352638513400000E+01   1.352638513400000E+01   0.000000000000000E+00  -9.998768144200000E-01   0.000000000000000E+00   0.000000000000000E+00   0.000000000000000E+00
   9.398349537900000E-01   1.356534939200000E+01   1.356534939200000E+01   0.000000000000000E+00  -9.998768144200000E-01   0.000000000000000E+00   0.000000000000000E+00   0.000000000000000E+00
   9.425344766900000E-01   1.360431365000000E+01   1.360431365000000E+01   0.000000000000000E+00  -9.998768144200000E-01   0.000000000000000E+00   0.000000000000000E+00   0.000000000000000E+00
   9.452339996000000E-01   1.364327790700000E+01   1.364327790700000E+01   0.000000000000000E+00  -9.998768144200000E-01   0.000000000000000E+00   0.000000000000000E+00   0.000000000000000E+00
   9.479335225000000E-01   1.368224216500000E+01   1.368224216500000E+01   0.000000000000000E+00  -9.998768144200000E-01   0.000000000000000E+00   0.000000000000000E+00   0.000000000000000E+00
   9.505252760100000E-01   1.371965090600000E+01   1.371965090600000E+01   0.000000000000000E+00  -9.998768144200000E-01   0.000000000000000E+00   0.000000000000000E+00   0.000000000000000E+00
   9.531170295300000E-01   1.375705964600000E+01   1.375705964600000E+01   0.000000000000000E+00  -9.998768144200000E-01   0.000000000000000E+00   0.000000000000000E+00   0.000000000000000E+00
   9.557087830400000E-01   1.379446838700000E+01   1.379446838700000E+01   0.000000000000000E+00  -9.998768144200000E-01   0.000000000000000E+00   0.000000000000000E+00   0.000000000000000E+00
   9.583005365600000E-01   1.383187712700000E+01   1.383187712700000E+01   0.000000000000000E+00  -9.998768144200000E-01   0.000000000000000E+00   0.000000000000000E+00   0.000000000000000E+00
   9.605577032400000E-01   1.386445652300000E+01   1.386445652300000E+01   0.000000000000000E+00  -9.998768144200000E-01   0.000000000000000E+00   0.000000000000000E+00   0.000000000000000E+00
   9.628148699300000E-01   1.389703591900000E+01   1.389703591900000E+01   0.000000000000000E+00  -9.998768144200000E-01   0.000000000000000E+00   0.000000000000000E+00   0.000000000000000E+00
   9.650720366100000E-01   1.392961531400000E+01   1.392961531400000E+01   0.000000000000000E+00  -9.998768144200000E-01   0.000000000000000E+00   0.000000000000000E+00   0.000000000000000E+00
   9.673292033000001E-01   1.396219471000000E+01   1.396219471000000E+01   0.000000000000000E+00  -9.998768144200000E-01   0.000000000000000E+00   0.000000000000000E+00   0.000000000000000E+00
   9.696504808300000E-01   1.399569946600000E+01   1.399569946600000E+01   0.000000000000000E+00  -9.998768144200000E-01   0.000000000000000E+00   0.000000000000000E+00   0.000000000000000E+00
   9.719717583500000E-01   1.402920422100000E+01   1.402920422100000E+01   0.000000000000000E+00  -9.998768144200000E-01   0.000000000000000E+00   0.000000000000000E+00   0.000000000000000E+00
   9.742930358800000E-01   1.406270897700000E+01   1.406270897700000E+01   0.000000000000000E+00  -9.998768144200000E-01   0.000000000000000E+00   0.000000000000000E+00   0.000000000000000E+00
   9.766143134000000E-01   1.409621373300000E+01   1.409621373300000E+01   0.000000000000000E+00  -9.998768144200000E-01   0.000000000000000E+00   0.000000000000000E+00   0.000000000000000E+00
   9.795333489900000E-01   1.413834638400000E+01   1.413834638400000E+01   0.000000000000000E+00  -9.998768144200000E-01   0.000000000000000E+00   0.000000000000000E+00   0.000000000000000E+00
   9.824523845699999E-01   1.418047903400000E+01   1.418047903400000E+01   0.000000000000000E+00  -9.998768144200000E-01   0.000000000000000E+00   0.000000000000000E+00   0.000000000000000E+00
   9.853714201500000E-01   1.422261168400000E+01   1.422261168400000E+01   0.000000000000000E+00  -9.998768144200000E-01   0.000000000000000E+00   0.000000000000000E+00   0.000000000000000E+00
   9.882904557300000E-01   1.426474433500000E+01   1.426474433500000E+01   0.000000000000000E+00  -9.998768144200000E-01   0.000000000000000E+00   0.000000000000000E+00   0.000000000000000E+00
   9.912178418000001E-01   1.430699751400000E+01   1.430699751400000E+01   0.000000000000000E+00  -9.998768144200000E-01   0.000000000000000E+00   0.000000000000000E+00   0.000000000000000E+00
   9.941452278600000E-01   1.434925069300000E+01   1.434925069300000E+01   0.000000000000000E+00  -9.998768144200000E-01   0.000000000000000E+00   0.000000000000000E+00   0.000000000000000E+00
   9.970726139300000E-01   1.439150387300000E+01   1.439150387300000E+01   0.000000000000000E+00  -9.998768144200000E-01   0.000000000000000E+00   0.000000000000000E+00   0.000000000000000E+00
   1.000000000000000E+00   1.443375705200000E+01   1.443375705200000E+01   0.000000000000000E+00  -9.998768144200000E-01   0.000000000000000E+00   0.000000000000000E+00   0.000000000000000E+00
