   0.000000000000000E+00   2.700209237100000E-30   0.000000000000000E+00   0.000000000000000E+00  -9.987105183800000E-01   0.000000000000000E+00   0.000000000000000E+00   0.000000000000000E+00
   1.044999737600000E-02   1.508327233200000E-01   1.508327233200000E-01   0.000000000000000E+00  -9.987105183800000E-01   0.000000000000000E+00   0.000000000000000E+00   0.000000000000000E+00
   2.089999475200000E-02   3.016654466400000E-01   3.016654466400000E-01   0.000000000000000E+00  -9.987105183800000E-01   0.000000000000000E+00   0.000000000000000E+00   0.000000000000000E+00
   3.134999212800000E-02   4.524981699600000E-01   4.524981699600000E-01   0.000000000000000E+00  -9.987105183800000E-01   0.000000000000000E+00   0.000000000000000E+00   0.000000000000000E+00
   4.179998950400000E-02   6.033308932800000E-01   6.033308932800000E-01   0.000000000000000E+00  -9.987105183800000E-01   0.000000000000000E+00   0.000000000000000E+00   0.000000000000000E+00
   5.106206331500000E-02   7.370174164600000E-01   7.370174164600000E-01   0.000000000000000E+00  -9.987105183800000E-01   0.000000000000000E+00   0.000000000000000E+00   0.000000000000000E+00
   6.032413712500000E-02   8.707039396400000E-01   8.707039396400000E-01   0.000000000000000E+00  -9.987105183800000E-01   0.000000000000000E+00   0.000000000000000E+00   0.000000000000000E+00
   6.958621093600000E-02   1.004390462800000E+00   1.004390462800000E+00   0.000000000000000E+00  -9.987105183800000E-01   0.000000000000000E+00   0.000000000000000E+00   0.000000000000000E+00
   7.884828474699999E-02   1.138076986000000E+00   1.138076986000000E+00   0.000000000000000E+00  -9.987105183800000E-01   0.000000000000000E+00   0.000000000000000E+00   0.000000000000000E+00
   8.867395822800000E-02   1.279898369900000E+00   1.279898369900000E+00   0.000000000000000E+00  -9.987105183800000E-01   0.000000000000000E+00   0.000000000000000E+00   0.000000000000000E+00
   9.849963170900000E-02   1.421719753800000E+00   1.421719753800000E+00   0.000000000000000E+00  -9.987105183800000E-01   0.000000000000000E+00   0.000000000000000E+00   0.000000000000000E+00
   1.083253051900000E-01   1.563541137700000E+00   1.563541137700000E+00   0.000000000000000E+00  -9.987105183800000E-01   0.000000000000000E+00   0.000000000000000E+00   0.000000000000000E+00
   1.181509786700000E-01   1.705362521600000E+00   1.705362521600000E+00   0.000000000000000E+00  -9.987105183800000E-01   0.000000000000000E+00   0.000000000000000E+00   0.000000000000000E+00
   1.266849756000000E-01   1.828540159900000E+00   1.828540159900000E+00   0.000000000000000E+00  -9.987105183800000E-01   0.000000000000000E+00   0.000000000000000E+00   0.000000000000000E+00
   1.352189725300000E-01   1.951717798300000E+00   1.951717798300000E+00   0.000000000000000E+00  -9.987105183800000E-01   0.000000000000000E+00   0.000000000000000E+00   0.000000000000000E+00
   1.437529694600000E-01   2.074895436600000E+00   2.074895436600000E+00   0.000000000000000E+00  -9.987105183800000E-01   0.000000000000000E+00   0.000000000000000E+00   0.000000000000000E+00
   1.522869663800000E-01   2.198073075000000E+00   2.198073075000000E+00   0.000000000000000E+00  -9.987105183800000E-01   0.000000000000000E+00   0.000000000000000E+00   0.000000000000000E+00
   1.583952304300000E-01   2.286238274200000E+00   2.286238274200000E+00   0.000000000000000E+00  -9.987105183800000E-01   0.000000000000000E+00   0.000000000000000E+00   0.000000000000000E+00
   1.645034944800000E-01   2.374403473500000E+00   2.374403473500000E+00   0.000000000000000E+00  -9.987105183800000E-01   0.000000000000000E+00   0.000000000000000E+00   0.000000000000000E+00
   1.706117585200000E-01   2.462568672700000E+00   2.462568672700000E+00   0.000000000000000E+00  -9.987105183800000E-01   0.000000000000000E+00   0.000000000000000E+00   0.000000000000000E+00
   1.767200225700000E-01   2.550733871900000E+00   2.550733871900000E+00   0.000000000000000E+00  -9.987105183800000E-01   0.000000000000000E+00   0.000000000000000E+00   0.000000000000000E+00
   1.828396163700000E-01   2.639062602200000E+00   2.639062602200000E+00   0.000000000000000E+00  -9.987105183800000E-01   0.000000000000000E+00   0.000000000000000E+00   0.000000000000000E+00
   1.889592101800000E-01   2.727391332500000E+00   2.727391332500000E+00   0.000000000000000E+00  -9.987105183800000E-01   0.000000000000000E+00   0.000000000000000E+00   0.000000000000000E+00
   1.950788039900000E-01   2.815720062800000E+00   2.815720062800000E+00   0.000000000000000E+00  -9.987105183800000E-01   0.000000000000000E+00   0.000000000000000E+00   0.000000000000000E+00
   2.011983977900000E-01   2.904048793000000E+00   2.904048793000000E+00   0.000000000000000E+00  -9.987105183800000E-01   0.000000000000000E+00   0.000000000000000E+00   0.000000000000000E+00
   2.059751198900000E-01   2.972994839200000E+00   2.972994839200000E+00   0.000000000000000E+00  -9.987105183800000E-01   0.000000000000000E+00   0.000000000000000E+00   0.000000000000000E+00
   2.107518419800000E-01   3.041940885300000E+00   3.041940885300000E+00   0.000000000000000E+00  -9.987105183800000E-01   0.000000000000000E+00   0.000000000000000E+00   0.000000000000000E+00
   2.155285640700000E-01   3.110886931500000E+00   3.110886931500000E+00   0.000000000000000E+00  -9.987105183800000E-01   0.000000000000000E+00   0.000000000000000E+00   0.000000000000000E+00
   2.203052861600000E-01   3.179832977700000E+00   3.179832977700000E+00   0.000000000000000E+00  -9.987105183800000E-01   0.000000000000000E+00   0.000000000000000E+00   0.000000000000000E+00
   2.250485975200000E-01   3.248296781400000E+00   3.248296781400000E+00   0.000000000000000E+00  -9.987105183800000E-01   0.000000000000000E+00   0.000000000000000E+00   0.000000000000000E+00
   2.297919088700000E-01   3.316760585200000E+00   3.316760585200000E+00   0.000000000000000E+00  -9.987105183800000E-01   0.000000000000000E+00   0.000000000000000E+00   0.000000000000000E+00
   2.345352202300000E-01   3.385224389000000E+00   3.385224389000000E+00   0.000000000000000E+00  -9.987105183800000E-01   0.000000000000000E+00   0.000000000000000E+00   0.000000000000000E+00
   2.392785315900000E-01   3.453688192800000E+00   3.453688192800000E+00   0.000000000000000E+00  -9.987105183800000E-01   0.000000000000000E+00   0.000000000000000E+00   0.000000000000000E+00
   2.441871373700000E-01   3.524537816000000E+00   3.524537816000000E+00   0.000000000000000E+00  -9.987105183800000E-01   0.000000000000000E+00   0.000000000000000E+00   0.000000000000000E+00
   2.490957431400000E-01   3.595387439200000E+00   3.595387439200000E+00   0.000000000000000E+00  -9.987105183800000E-01   0.000000000000000E+00   0.000000000000000E+00   0.000000000000000E+00
   2.540043489200000E-01   3.666237062400000E+00   3.666237062400000E+00   0.000000000000000E+00  -9.987105183800000E-01   0.000000000000000E+00   0.000000000000000E+00   0.000000000000000E+00
   2.589129546900000E-01   3.737086685600000E+00   3.737086685600000E+00   0.000000000000000E+00  -9.987105183800000E-01   0.000000000000000E+00   0.000000000000000E+00   0.000000000000000E+00
   2.637489602100000E-01   3.806888414400000E+00   3.806888414400000E+00   0.000000000000000E+00  -9.987105183800000E-01   0.000000000000000E+00   0.000000000000000E+00   0.000000000000000E+00
   2.685849657300000E-01   3.876690143200000E+00   3.876690143200000E+00   0.000000000000000E+00  -9.987105183800000E-01   0.000000000000000E+00   0.000000000000000E+00   0.000000000000000E+00
   2.734209712600000E-01   3.946491872000000E+00   3.946491872000000E+00   0.000000000000000E+00  -9.987105183800000E-01   0.000000000000000E+00   0.000000000000000E+00   0.000000000000000E+00
   2.782569767800000E-01   4.016293600900000E+00   4.016293600900000E+00   0.000000000000000E+00  -9.987105183800000E-01   0.000000000000000E+00   0.000000000000000E+00   0.000000000000000E+00
   2.830132232100000E-01   4.084944106300000E+00   4.084944106300000E+00   0.000000000000000E+00  -9.987105183800000E-01   0.000000000000000E+00   0.000000000000000E+00   0.000000000000000E+00
   2.877694696400000E-01   4.153594611700000E+00   4.153594611700000E+00   0.000000000000000E+00  -9.987105183800000E-01   0.000000000000000E+00   0.000000000000000E+00   0.000000000000000E+00
   2.925257160600000E-01   4.222245117100000E+00   4.222245117100000E+00   0.000000000000000E+00  -9.987105183800000E-01   0.000000000000000E+00   0.000000000000000E+00   0.000000000000000E+00
   2.972819624900000E-01   4.290895622500000E+00   4.290895622500000E+00   0.000000000000000E+00  -9.987105183800000E-01   0.000000000000000E+00   0.000000000000000E+00   0.000000000000000E+00
   3.024717612400000E-01   4.365803916800000E+00   4.365803916800000E+00   0.000000000000000E+00  -9.987105183800000E-01   0.000000000000000E+00   0.000000000000000E+00   0.000000000000000E+00
   3.076615599800000E-01   4.440712211000000E+00   4.440712211000000E+00   0.000000000000000E+00  -9.987105183800000E-01   0.000000000000000E+00   0.000000000000000E+00   0.000000000000000E+00
   3.128513587300000E-01   4.515620505200000E+00   4.515620505200000E+00   0.000000000000000E+00  -9.987105183800000E-01   0.000000000000000E+00   0.000000000000000E+00   0.000000000000000E+00
   3.180411574700000E-01   4.590528799500000E+00   4.590528799500000E+00   0.000000000000000E+00  -9.987105183800000E-01   0.000000000000000E+00   0.000000000000000E+00   0.000000000000000E+00
   3.230916914500000E-01   4.663426979900000E+00   4.663426979900000E+00   0.000000000000000E+00  -9.987105183800000E-01   0.000000000000000E+00   0.000000000000000E+00   0.000000000000000E+00
   3.281422254300000E-01   4.736325160400000E+00   4.736325160400000E+00   0.000000000000000E+00  -9.987105183800000E-01   0.000000000000000E+00   0.000000000000000E+00   0.000000000000000E+00
   3.331927594100000E-01   4.809223340800000E+00   4.809223340800000E+00   0.000000000000000E+00  -9.987105183800000E-01   0.000000000000000E+00   0.000000000000000E+00   0.000000000000000E+00
   3.382432933900000E-01   4.882121521300000E+00   4.882121521300000E+00   0.000000000000000E+00  -9.987105183800000E-01   0.000000000000000E+00   0.000000000000000E+00   0.000000000000000E+00
   3.431743675400000E-01   4.953295447600000E+00   4.953295447600000E+00   0.000000000000000E+00  -9.987105183800000E-01   0.000000000000000E+00   0.000000000000000E+00   0.000000000000000E+00
   3.481054416900000E-01   5.024469373800000E+00   5.024469373800000E+00   0.000000000000000E+00  -9.987105183800000E-01   0.000000000000000E+00   0.000000000000000E+00   0.000000000000000E+00
   3.530365158400000E-01   5.095643300000000E+00   5.095643300000000E+00   0.000000000000000E+00  -9.987105183800000E-01   0.000000000000000E+00   0.000000000000000E+00   0.000000000000000E+00
   3.579675899800000E-01   5.166817226300000E+00   5.166817226300000E+00   0.000000000000000E+00  -9.987105183800000E-01   0.000000000000000E+00   0.000000000000000E+00   0.000000000000000E+00
   3.620345063900000E-01   5.225518109700000E+00   5.225518109700000E+00   0.000000000000000E+00  -9.987105183800000E-01   0.000000000000000E+00   0.000000000000000E+00   0.000000000000000E+00
   3.661014228000000E-01   5.284218993100000E+00   5.284218993100000E+00   0.000000000000000E+00  -9.987105183800000E-01   0.000000000000000E+00   0.000000000000000E+00   0.000000000000000E+00
   3.701683392100000E-01   5.342919876500000E+00   5.342919876500000E+00   0.000000000000000E+00  -9.987105183800000E-01   0.000000000000000E+00   0.000000000000000E+00   0.000000000000000E+00
   3.742352556200000E-01   5.401620759900000E+00   5.401620759900000E+00   0.000000000000000E+00  -9.987105183800000E-01   0.000000000000000E+00   0.000000000000000E+00   0.000000000000000E+00
   3.787453879800000E-01   5.466718914700000E+00   5.466718914700000E+00   0.000000000000000E+00  -9.987105183800000E-01   0.000000000000000E+00   0.000000000000000E+00   0.000000000000000E+00
   3.832555203400000E-01   5.531817069500000E+00   5.531817069500000E+00   0.000000000000000E+00  -9.987105183800000E-01   0.000000000000000E+00   0.000000000000000E+00   0.000000000000000E+00
   3.877656527100000E-01   5.596915224300000E+00   5.596915224300000E+00   0.000000000000000E+00  -9.987105183800000E-01   0.000000000000000E+00   0.000000000000000E+00   0.000000000000000E+00
   3.922757850700000E-01   5.662013379000000E+00   5.662013379000000E+00   0.000000000000000E+00  -9.987105183800000E-01   0.000000000000000E+00   0.000000000000000E+00   0.000000000000000E+00
   3.974709297000000E-01   5.736998834500000E+00   5.736998834500000E+00   0.000000000000000E+00  -9.987105183800000E-01   0.000000000000000E+00   0.000000000000000E+00   0.000000000000000E+00
   4.026660743200000E-01   5.811984289900000E+00   5.811984289900000E+00   0.000000000000000E+00  -9.987105183800000E-01   0.000000000000000E+00   0.000000000000000E+00   0.000000000000000E+00
   4.078612189500000E-01   5.886969745300000E+00   5.886969745300000E+00   0.000000000000000E+00  -9.987105183800000E-01   0.000000000000000E+00   0.000000000000000E+00   0.000000000000000E+00
   4.130563635800000E-01   5.961955200700000E+00   5.961955200700000E+00   0.000000000000000E+00  -9.987105183800000E-01   0.000000000000000E+00   0.000000000000000E+00   0.000000000000000E+00
   4.177387447700000E-01   6.029539553100000E+00   6.029539553100000E+00   0.000000000000000E+00  -9.987105183800000E-01   0.000000000000000E+00   0.000000000000000E+00   0.000000000000000E+00
   4.224211259500000E-01   6.097123905600000E+00   6.097123905600000E+00   0.000000000000000E+00  -9.987105183800000E-01   0.000000000000000E+00   0.000000000000000E+00   0.000000000000000E+00
   4.271035071400000E-01   6.164708258100000E+00   6.164708258100000E+00   0.000000000000000E+00  -9.987105183800000E-01   0.000000000000000E+00   0.000000000000000E+00   0.000000000000000E+00
   4.317858883200000E-01   6.232292610600000E+00   6.232292610600000E+00   0.000000000000000E+00  -9.987105183800000E-01   0.000000000000000E+00   0.000000000000000E+00   0.000000000000000E+00
   4.361947936500000E-01   6.295929678900000E+00   6.295929678900000E+00   0.000000000000000E+00  -9.987105183800000E-01   0.000000000000000E+00   0.000000000000000E+00   0.000000000000000E+00
   4.406036989700000E-01   6.359566747200000E+00   6.359566747200000E+00   0.000000000000000E+00  -9.987105183800000E-01   0.000000000000000E+00   0.000000000000000E+00   0.000000000000000E+00
   4.450126043000000E-01   6.423203815500000E+00   6.423203815500000E+00   0.000000000000000E+00  -9.987105183800000E-01   0.000000000000000E+00   0.000000000000000E+00   0.000000000000000E+00
   4.494215096200000E-01   6.486840883800000E+00   6.486840883800000E+00   0.000000000000000E+00  -9.987105183800000E-01   0.000000000000000E+00   0.000000000000000E+00   0.000000000000000E+00
   4.534330594900000E-01   6.544742620100000E+00   6.544742620100000E+00   0.000000000000000E+00  -9.987105183800000E-01   0.000000000000000E+00   0.000000000000000E+00   0.000000000000000E+00
   4.574446093600000E-01   6.602644356300000E+00   6.602644356300000E+00   0.000000000000000E+00  -9.987105183800000E-01   0.000000000000000E+00   0.000000000000000E+00   0.000000000000000E+00
   4.614561592300000E-01   6.660546092500000E+00   6.660546092500000E+00   0.000000000000000E+00  -9.987105183800000E-01   0.000000000000000E+00   0.000000000000000E+00   0.000000000000000E+00
   4.654677091000000E-01   6.718447828800000E+00   6.718447828800000E+00   0.000000000000000E+00  -9.987105183800000E-01   0.000000000000000E+00   0.000000000000000E+00   0.000000000000000E+00
   4.703013530700000E-01   6.788215471500000E+00   6.788215471500000E+00   0.000000000000000E+00  -9.987105183800000E-01   0.000000000000000E+00   0.000000000000000E+00   0.000000000000000E+00
   4.751349970400000E-01   6.857983114200000E+00   6.857983114200000E+00   0.000000000000000E+00  -9.987105183800000E-01   0.000000000000000E+00   0.000000000000000E+00   0.000000000000000E+00
   4.799686410100000E-01   6.927750756900000E+00   6.927750756900000E+00   0.000000000000000E+00  -9.987105183800000E-01   0.000000000000000E+00   0.000000000000000E+00   0.000000000000000E+00
   4.848022849800000E-01   6.997518399700000E+00   6.997518399700000E+00   0.000000000000000E+00  -9.987105183800000E-01   0.000000000000000E+00   0.000000000000000E+00   0.000000000000000E+00
   4.890812515600000E-01   7.059279963800000E+00   7.059279963800000E+00   0.000000000000000E+00  -9.987105183800000E-01   0.000000000000000E+00   0.000000000000000E+00   0.000000000000000E+00
   4.933602181500000E-01   7.121041527900000E+00   7.121041527900000E+00   0.000000000000000E+00  -9.987105183800000E-01   0.000000000000000E+00   0.000000000000000E+00   0.000000000000000E+00
   4.976391847300000E-01   7.182803092000000E+00   7.182803092000000E+00   0.000000000000000E+00  -9.987105183800000E-01   0.000000000000000E+00   0.000000000000000E+00   0.000000000000000E+00
   5.019181513200000E-01   7.244564656100000E+00   7.244564656100000E+00   0.000000000000000E+00  -9.987105183800000E-01   0.000000000000000E+00   0.000000000000000E+00   0.000000000000000E+00
   5.055101099200000E-01   7.296410114000000E+00   7.296410114000000E+00   0.000000000000000E+00  -9.987105183800000E-01   0.000000000000000E+00   0.000000000000000E+00   0.000000000000000E+00
   5.091020685300000E-01   7.348255571900000E+00   7.348255571900000E+00   0.000000000000000E+00  -9.987105183800000E-01   0.000000000000000E+00   0.000000000000000E+00   0.000000000000000E+00
   5.126940271400000E-01   7.400101029800000E+00   7.400101029800000E+00   0.000000000000000E+00  -9.987105183800000E-01   0.000000000000000E+00   0.000000000000000E+00   0.000000000000000E+00
   5.162859857500000E-01   7.451946487700000E+00   7.451946487700000E+00   0.000000000000000E+00  -9.987105183800000E-01   0.000000000000000E+00   0.000000000000000E+00   0.000000000000000E+00
   5.197640916700000E-01   7.502148623500000E+00   7.502148623500000E+00   0.000000000000000E+00  -9.987105183800000E-01   0.000000000000000E+00   0.000000000000000E+00   0.000000000000000E+00
   5.232421975900000E-01   7.552350759400000E+00   7.552350759400000E+00   0.000000000000000E+00  -9.987105183800000E-01   0.000000000000000E+00   0.000000000000000E+00   0.000000000000000E+00
   5.267203035100000E-01   7.602552895300000E+00   7.602552895300000E+00   0.000000000000000E+00  -9.987105183800000E-01   0.000000000000000E+00   0.000000000000000E+00   0.000000000000000E+00
   5.301984094300000E-01   7.652755031100000E+00   7.652755031100000E+00   0.000000000000000E+00  -9.987105183800000E-01   0.000000000000000E+00   0.000000000000000E+00   0.000000000000000E+00
   5.334190063000001E-01   7.699240343900000E+00   7.699240343900000E+00   0.000000000000000E+00  -9.987105183800000E-01   0.000000000000000E+00   0.000000000000000E+00   0.000000000000000E+00
   5.366396031800000E-01   7.745725656700000E+00   7.745725656700000E+00   0.000000000000000E+00  -9.987105183800000E-01   0.000000000000000E+00   0.000000000000000E+00   0.000000000000000E+00
   5.398602000500000E-01   7.792210969500000E+00   7.792210969500000E+00   0.000000000000000E+00  -9.987105183800000E-01   0.000000000000000E+00   0.000000000000000E+00   0.000000000000000E+00
   5.430807969200000E-01   7.838696282300000E+00   7.838696282300000E+00   0.000000000000000E+00  -9.987105183800000E-01   0.000000000000000E+00   0.000000000000000E+00   0.000000000000000E+00
   5.462869117900000E-01   7.884972565400000E+00   7.884972565400000E+00   0.000000000000000E+00  -9.987105183800000E-01   0.000000000000000E+00   0.000000000000000E+00   0.000000000000000E+00
   5.494930266600000E-01   7.931248848600000E+00   7.931248848600000E+00   0.000000000000000E+00  -9.987105183800000E-01   0.000000000000000E+00   0.000000000000000E+00   0.000000000000000E+00
   5.526991415300000E-01   7.977525131700000E+00   7.977525131700000E+00   0.000000000000000E+00  -9.987105183800000E-01   0.000000000000000E+00   0.000000000000000E+00   0.000000000000000E+00
   5.559052564000000E-01   8.023801414799999E+00   8.023801414799999E+00   0.000000000000000E+00  -9.987105183800000E-01   0.000000000000000E+00   0.000000000000000E+00   0.000000000000000E+00
   5.593435676300000E-01   8.073429163800000E+00   8.073429163800000E+00   0.000000000000000E+00  -9.987105183800000E-01   0.000000000000000E+00   0.000000000000000E+00   0.000000000000000E+00
   5.627818788600000E-01   8.123056912699999E+00   8.123056912699999E+00   0.000000000000000E+00  -9.987105183800000E-01   0.000000000000000E+00   0.000000000000000E+00   0.000000000000000E+00
   5.662201900900000E-01   8.172684661600000E+00   8.172684661600000E+00   0.000000000000000E+00  -9.987105183800000E-01   0.000000000000000E+00   0.000000000000000E+00   0.000000000000000E+00
   5.696585013100000E-01   8.222312410600001E+00   8.222312410600001E+00   0.000000000000000E+00  -9.987105183800000E-01   0.000000000000000E+00   0.000000000000000E+00   0.000000000000000E+00
   5.729966512200000E-01   8.270494455300000E+00   8.270494455300000E+00   0.000000000000000E+00  -9.987105183800000E-01   0.000000000000000E+00   0.000000000000000E+00   0.000000000000000E+00
   5.763348011200000E-01   8.318676499900000E+00   8.318676499900000E+00   0.000000000000000E+00  -9.987105183800000E-01   0.000000000000000E+00   0.000000000000000E+00   0.000000000000000E+00
   5.796729510200000E-01   8.366858544599999E+00   8.366858544599999E+00   0.000000000000000E+00  -9.987105183800000E-01   0.000000000000000E+00   0.000000000000000E+00   0.000000000000000E+00
   5.830111009200000E-01   8.415040589300000E+00   8.415040589300000E+00   0.000000000000000E+00  -9.987105183800000E-01   0.000000000000000E+00   0.000000000000000E+00   0.000000000000000E+00
   5.856573809800000E-01   8.453236352699999E+00   8.453236352699999E+00   0.000000000000000E+00  -9.987105183800000E-01   0.000000000000000E+00   0.000000000000000E+00   0.000000000000000E+00
   5.883036610300000E-01   8.491432116200000E+00   8.491432116200000E+00   0.000000000000000E+00  -9.987105183800000E-01   0.000000000000000E+00   0.000000000000000E+00   0.000000000000000E+00
   5.909499410900000E-01   8.529627879600000E+00   8.529627879600000E+00   0.000000000000000E+00  -9.987105183800000E-01   0.000000000000000E+00   0.000000000000000E+00   0.000000000000000E+00
   5.935962211500000E-01   8.567823643100001E+00   8.567823643100001E+00   0.000000000000000E+00  -9.987105183800000E-01   0.000000000000000E+00   0.000000000000000E+00   0.000000000000000E+00
   5.960554483400000E-01   8.603319530800000E+00   8.603319530800000E+00   0.000000000000000E+00  -9.987105183800000E-01   0.000000000000000E+00   0.000000000000000E+00   0.000000000000000E+00
   5.985146755300000E-01   8.638815418600000E+00   8.638815418600000E+00   0.000000000000000E+00  -9.987105183800000E-01   0.000000000000000E+00   0.000000000000000E+00   0.000000000000000E+00
   6.009739027200000E-01   8.674311306400000E+00   8.674311306400000E+00   0.000000000000000E+00  -9.987105183800000E-01   0.000000000000000E+00   0.000000000000000E+00   0.000000000000000E+00
   6.034331299000000E-01   8.709807194100000E+00   8.709807194100000E+00   0.000000000000000E+00  -9.987105183800000E-01   0.000000000000000E+00   0.000000000000000E+00   0.000000000000000E+00
   6.070333871000000E-01   8.761772431800001E+00   8.761772431800001E+00   0.000000000000000E+00  -9.987105183800000E-01   0.000000000000000E+00   0.000000000000000E+00   0.000000000000000E+00
   6.106336442900000E-01   8.813737669400000E+00   8.813737669400000E+00   0.000000000000000E+00  -9.987105183800000E-01   0.000000000000000E+00   0.000000000000000E+00   0.000000000000000E+00
   6.142339014800000E-01   8.865702906999999E+00   8.865702906999999E+00   0.000000000000000E+00  -9.987105183800000E-01   0.000000000000000E+00   0.000000000000000E+00   0.000000000000000E+00
   6.178341586700000E-01   8.917668144700000E+00   8.917668144700000E+00   0.000000000000000E+00  -9.987105183800000E-01   0.000000000000000E+00   0.000000000000000E+00   0.000000000000000E+00
   6.204413416700000E-01   8.955299590699999E+00   8.955299590699999E+00   0.000000000000000E+00  -9.987105183800000E-01   0.000000000000000E+00   0.000000000000000E+00   0.000000000000000E+00
   6.230485246800000E-01   8.992931036800000E+00   8.992931036800000E+00   0.000000000000000E+00  -9.987105183800000E-01   0.000000000000000E+00   0.000000000000000E+00   0.000000000000000E+00
   6.256557076800000E-01   9.030562482800001E+00   9.030562482800001E+00   0.000000000000000E+00  -9.987105183800000E-01   0.000000000000000E+00   0.000000000000000E+00   0.000000000000000E+00
   6.282628906800000E-01   9.068193928900000E+00   9.068193928900000E+00   0.000000000000000E+00  -9.987105183800000E-01   0.000000000000000E+00   0.000000000000000E+00   0.000000000000000E+00
   6.308925570900000E-01   9.106149894900000E+00   9.106149894900000E+00   0.000000000000000E+00  -9.987105183800000E-01   0.000000000000000E+00   0.000000000000000E+00   0.000000000000000E+00
   6.335222234900000E-01   9.144105860900000E+00   9.144105860900000E+00   0.000000000000000E+00  -9.987105183800000E-01   0.000000000000000E+00   0.000000000000000E+00   0.000000000000000E+00
   6.361518898900000E-01   9.182061826900000E+00   9.182061826900000E+00   0.000000000000000E+00  -9.987105183800000E-01   0.000000000000000E+00   0.000000000000000E+00   0.000000000000000E+00
   6.387815562900000E-01   9.220017792900000E+00   9.220017792900000E+00   0.000000000000000E+00  -9.987105183800000E-01   0.000000000000000E+00   0.000000000000000E+00   0.000000000000000E+00
   6.420644849800000E-01   9.267402787900000E+00   9.267402787900000E+00   0.000000000000000E+00  -9.987105183800000E-01   0.000000000000000E+00   0.000000000000000E+00   0.000000000000000E+00
   6.453474136600000E-01   9.314787782900000E+00   9.314787782900000E+00   0.000000000000000E+00  -9.987105183800000E-01   0.000000000000000E+00   0.000000000000000E+00   0.000000000000000E+00
   6.486303423500001E-01   9.362172778000000E+00   9.362172778000000E+00   0.000000000000000E+00  -9.987105183800000E-01   0.000000000000000E+00   0.000000000000000E+00   0.000000000000000E+00
   6.519132710300000E-01   9.409557773000000E+00   9.409557773000000E+00   0.000000000000000E+00  -9.987105183800000E-01   0.000000000000000E+00   0.000000000000000E+00   0.000000000000000E+00
   6.549740845699999E-01   9.453736812100001E+00   9.453736812100001E+00   0.000000000000000E+00  -9.987105183800000E-01   0.000000000000000E+00   0.000000000000000E+00   0.000000000000000E+00
   6.580348981100000E-01   9.497915851100000E+00   9.497915851100000E+00   0.000000000000000E+00  -9.987105183800000E-01   0.000000000000000E+00   0.000000000000000E+00   0.000000000000000E+00
   6.610957116600000E-01   9.542094890100000E+00   9.542094890100000E+00   0.000000000000000E+00  -9.987105183800000E-01   0.000000000000000E+00   0.000000000000000E+00   0.000000000000000E+00
   6.641565252000000E-01   9.586273929200001E+00   9.586273929200001E+00   0.000000000000000E+00  -9.987105183800000E-01   0.000000000000000E+00   0.000000000000000E+00   0.000000000000000E+00
   6.672431846400000E-01   9.630826021700001E+00   9.630826021700001E+00   0.000000000000000E+00  -9.987105183800000E-01   0.000000000000000E+00   0.000000000000000E+00   0.000000000000000E+00
   6.703298440900000E-01   9.675378114300001E+00   9.675378114300001E+00   0.000000000000000E+00  -9.987105183800000E-01   0.000000000000000E+00   0.000000000000000E+00   0.000000000000000E+00
   6.734165035400000E-01   9.719930206800001E+00   9.719930206800001E+00   0.000000000000000E+00  -9.987105183800000E-01   0.000000000000000E+00   0.000000000000000E+00   0.000000000000000E+00
   6.765031629800000E-01   9.764482299399999E+00   9.764482299399999E+00   0.000000000000000E+00  -9.987105183800000E-01   0.000000000000000E+00   0.000000000000000E+00   0.000000000000000E+00
   6.793931287200000E-01   9.806195362800000E+00   9.806195362800000E+00   0.000000000000000E+00  -9.987105183800000E-01   0.000000000000000E+00   0.000000000000000E+00   0.000000000000000E+00
   6.822830944700000E-01   9.847908426200000E+00   9.847908426200000E+00   0.000000000000000E+00  -9.987105183800000E-01   0.000000000000000E+00   0.000000000000000E+00   0.000000000000000E+00
   6.851730602100000E-01   9.889621489600000E+00   9.889621489600000E+00   0.000000000000000E+00  -9.987105183800000E-01   0.000000000000000E+00   0.000000000000000E+00   0.000000000000000E+00
   6.880630259500000E-01   9.931334552999999E+00   9.931334552999999E+00   0.000000000000000E+00  -9.987105183800000E-01   0.000000000000000E+00   0.000000000000000E+00   0.000000000000000E+00
   6.907360451700000E-01   9.969916263000000E+00   9.969916263000000E+00   0.000000000000000E+00  -9.987105183800000E-01   0.000000000000000E+00   0.000000000000000E+00   0.000000000000000E+00
   6.934090643800001E-01   1.000849797300000E+01   1.000849797300000E+01   0.000000000000000E+00  -9.987105183800000E-01   0.000000000000000E+00   0.000000000000000E+00   0.000000000000000E+00
   6.960820836000000E-01   1.004707968300000E+01   1.004707968300000E+01   0.000000000000000E+00  -9.987105183800000E-01   0.000000000000000E+00   0.000000000000000E+00   0.000000000000000E+00
   6.987551028200000E-01   1.008566139300000E+01   1.008566139300000E+01   0.000000000000000E+00  -9.987105183800000E-01   0.000000000000000E+00   0.000000000000000E+00   0.000000000000000E+00
   7.006327692100000E-01   1.011276317300000E+01   1.011276317300000E+01   0.000000000000000E+00  -9.987105183800000E-01   0.000000000000000E+00   0.000000000000000E+00   0.000000000000000E+00
   7.025104356100000E-01   1.013986495400000E+01   1.013986495400000E+01   0.000000000000000E+00  -9.987105183800000E-01   0.000000000000000E+00   0.000000000000000E+00   0.000000000000000E+00
   7.043881020000000E-01   1.016696673500000E+01   1.016696673500000E+01   0.000000000000000E+00  -9.987105183800000E-01   0.000000000000000E+00   0.000000000000000E+00   0.000000000000000E+00
   7.062657684000000E-01   1.019406851500000E+01   1.019406851500000E+01   0.000000000000000E+00  -9.987105183800000E-01   0.000000000000000E+00   0.000000000000000E+00   0.000000000000000E+00
   7.080386723900000E-01   1.021965818100000E+01   1.021965818100000E+01   0.000000000000000E+00  -9.987105183800000E-01   0.000000000000000E+00   0.000000000000000E+00   0.000000000000000E+00
   7.098115763900000E-01   1.024524784600000E+01   1.024524784600000E+01   0.000000000000000E+00  -9.987105183800000E-01   0.000000000000000E+00   0.000000000000000E+00   0.000000000000000E+00
   7.115844803900000E-01   1.027083751200000E+01   1.027083751200000E+01   0.000000000000000E+00  -9.987105183800000E-01   0.000000000000000E+00   0.000000000000000E+00   0.000000000000000E+00
   7.133573843900000E-01   1.029642717800000E+01   1.029642717800000E+01   0.000000000000000E+00  -9.987105183800000E-01   0.000000000000000E+00   0.000000000000000E+00   0.000000000000000E+00
   7.152057850800000E-01   1.032310654400000E+01   1.032310654400000E+01   0.000000000000000E+00  -9.987105183800000E-01   0.000000000000000E+00   0.000000000000000E+00   0.000000000000000E+00
   7.170541857600000E-01   1.034978591000000E+01   1.034978591000000E+01   0.000000000000000E+00  -9.987105183800000E-01   0.000000000000000E+00   0.000000000000000E+00   0.000000000000000E+00
   7.189025864400000E-01   1.037646527700000E+01   1.037646527700000E+01   0.000000000000000E+00  -9.987105183800000E-01   0.000000000000000E+00   0.000000000000000E+00   0.000000000000000E+00
   7.207509871300000E-01   1.040314464300000E+01   1.040314464300000E+01   0.000000000000000E+00  -9.987105183800000E-01   0.000000000000000E+00   0.000000000000000E+00   0.000000000000000E+00
   7.226813558400000E-01   1.043100711600000E+01   1.043100711600000E+01   0.000000000000000E+00  -9.987105183800000E-01   0.000000000000000E+00   0.000000000000000E+00   0.000000000000000E+00
   7.246117245600000E-01   1.045886958900000E+01   1.045886958900000E+01   0.000000000000000E+00  -9.987105183800000E-01   0.000000000000000E+00   0.000000000000000E+00   0.000000000000000E+00
   7.265420932700000E-01   1.048673206200000E+01   1.048673206200000E+01   0.000000000000000E+00  -9.987105183800000E-01   0.000000000000000E+00   0.000000000000000E+00   0.000000000000000E+00
   7.284724619900000E-01   1.051459453500000E+01   1.051459453500000E+01   0.000000000000000E+00  -9.987105183800000E-01   0.000000000000000E+00   0.000000000000000E+00   0.000000000000000E+00
   7.307454786499999E-01   1.054740270600000E+01   1.054740270600000E+01   0.000000000000000E+00  -9.987105183800000E-01   0.000000000000000E+00   0.000000000000000E+00   0.000000000000000E+00
   7.330184953100000E-01   1.058021087600000E+01   1.058021087600000E+01   0.000000000000000E+00  -9.987105183800000E-01   0.000000000000000E+00   0.000000000000000E+00   0.000000000000000E+00
   7.352915119700000E-01   1.061301904600000E+01   1.061301904600000E+01   0.000000000000000E+00  -9.987105183800000E-01   0.000000000000000E+00   0.000000000000000E+00   0.000000000000000E+00
   7.375645286400000E-01   1.064582721700000E+01   1.064582721700000E+01   0.000000000000000E+00  -9.987105183800000E-01   0.000000000000000E+00   0.000000000000000E+00   0.000000000000000E+00
   7.398827316700000E-01   1.067928759600000E+01   1.067928759600000E+01   0.000000000000000E+00  -9.987105183800000E-01   0.000000000000000E+00   0.000000000000000E+00   0.000000000000000E+00
   7.422009347100000E-01   1.071274797500000E+01   1.071274797500000E+01   0.000000000000000E+00  -9.987105183800000E-01   0.000000000000000E+00   0.000000000000000E+00   0.000000000000000E+00
   7.445191377500000E-01   1.074620835500000E+01   1.074620835500000E+01   0.000000000000000E+00  -9.987105183800000E-01   0.000000000000000E+00   0.000000000000000E+00   0.000000000000000E+00
   7.468373407900000E-01   1.077966873400000E+01   1.077966873400000E+01   0.000000000000000E+00  -9.987105183800000E-01   0.000000000000000E+00   0.000000000000000E+00   0.000000000000000E+00
   7.488534688000000E-01   1.080876903600000E+01   1.080876903600000E+01   0.000000000000000E+00  -9.987105183800000E-01   0.000000000000000E+00   0.000000000000000E+00   0.000000000000000E+00
   7.508695968100000E-01   1.083786933800000E+01   1.083786933800000E+01   0.000000000000000E+00  -9.987105183800000E-01   0.000000000000000E+00   0.000000000000000E+00   0.000000000000000E+00
   7.528857248200000E-01   1.086696964000000E+01   1.086696964000000E+01   0.000000000000000E+00  -9.987105183800000E-01   0.000000000000000E+00   0.000000000000000E+00   0.000000000000000E+00
   7.549018528200000E-01   1.089606994200000E+01   1.089606994200000E+01   0.000000000000000E+00  -9.987105183800000E-01   0.000000000000000E+00   0.000000000000000E+00   0.000000000000000E+00
   7.566493027600000E-01   1.092129221000000E+01   1.092129221000000E+01   0.000000000000000E+00  -9.987105183800000E-01   0.000000000000000E+00   0.000000000000000E+00   0.000000000000000E+00
   7.583967526900000E-01   1.094651447700000E+01   1.094651447700000E+01   0.000000000000000E+00  -9.987105183800000E-01   0.000000000000000E+00   0.000000000000000E+00   0.000000000000000E+00
   7.601442026200000E-01   1.097173674500000E+01   1.097173674500000E+01   0.000000000000000E+00  -9.987105183800000E-01   0.000000000000000E+00   0.000000000000000E+00   0.000000000000000E+00
   7.618916525500000E-01   1.099695901300000E+01   1.099695901300000E+01   0.000000000000000E+00  -9.987105183800000E-01   0.000000000000000E+00   0.000000000000000E+00   0.000000000000000E+00
   7.636260541100000E-01   1.102199294400000E+01   1.102199294400000E+01   0.000000000000000E+00  -9.987105183800000E-01   0.000000000000000E+00   0.000000000000000E+00   0.000000000000000E+00
   7.653604556600000E-01   1.104702687400000E+01   1.104702687400000E+01   0.000000000000000E+00  -9.987105183800000E-01   0.000000000000000E+00   0.000000000000000E+00   0.000000000000000E+00
   7.670948572100000E-01   1.107206080500000E+01   1.107206080500000E+01   0.000000000000000E+00  -9.987105183800000E-01   0.000000000000000E+00   0.000000000000000E+00   0.000000000000000E+00
   7.688292587600000E-01   1.109709473500000E+01   1.109709473500000E+01   0.000000000000000E+00  -9.987105183800000E-01   0.000000000000000E+00   0.000000000000000E+00   0.000000000000000E+00
   7.704228455700000E-01   1.112009618000000E+01   1.112009618000000E+01   0.000000000000000E+00  -9.987105183800000E-01   0.000000000000000E+00   0.000000000000000E+00   0.000000000000000E+00
   7.720164323800000E-01   1.114309762500000E+01   1.114309762500000E+01   0.000000000000000E+00  -9.987105183800000E-01   0.000000000000000E+00   0.000000000000000E+00   0.000000000000000E+00
   7.736100191900001E-01   1.116609907000000E+01   1.116609907000000E+01   0.000000000000000E+00  -9.987105183800000E-01   0.000000000000000E+00   0.000000000000000E+00   0.000000000000000E+00
   7.752036060000000E-01   1.118910051500000E+01   1.118910051500000E+01   0.000000000000000E+00  -9.987105183800000E-01   0.000000000000000E+00   0.000000000000000E+00   0.000000000000000E+00
   7.765937252100000E-01   1.120916515800000E+01   1.120916515800000E+01   0.000000000000000E+00  -9.987105183800000E-01   0.000000000000000E+00   0.000000000000000E+00   0.000000000000000E+00
   7.779838444100000E-01   1.122922980100000E+01   1.122922980100000E+01   0.000000000000000E+00  -9.987105183800000E-01   0.000000000000000E+00   0.000000000000000E+00   0.000000000000000E+00
   7.793739636200000E-01   1.124929444300000E+01   1.124929444300000E+01   0.000000000000000E+00  -9.987105183800000E-01   0.000000000000000E+00   0.000000000000000E+00   0.000000000000000E+00
   7.807640828200000E-01   1.126935908600000E+01   1.126935908600000E+01   0.000000000000000E+00  -9.987105183800000E-01   0.000000000000000E+00   0.000000000000000E+00   0.000000000000000E+00
   7.822283123400000E-01   1.129049342000000E+01   1.129049342000000E+01   0.000000000000000E+00  -9.987105183800000E-01   0.000000000000000E+00   0.000000000000000E+00   0.000000000000000E+00
   7.836925418600000E-01   1.131162775300000E+01   1.131162775300000E+01   0.000000000000000E+00  -9.987105183800000E-01   0.000000000000000E+00   0.000000000000000E+00   0.000000000000000E+00
   7.851567713800000E-01   1.133276208600000E+01   1.133276208600000E+01   0.000000000000000E+00  -9.987105183800000E-01   0.000000000000000E+00   0.000000000000000E+00   0.000000000000000E+00
   7.866210009000000E-01   1.135389641900000E+01   1.135389641900000E+01   0.000000000000000E+00  -9.987105183800000E-01   0.000000000000000E+00   0.000000000000000E+00   0.000000000000000E+00
   7.883908134700000E-01   1.137944146400000E+01   1.137944146400000E+01   0.000000000000000E+00  -9.987105183800000E-01   0.000000000000000E+00   0.000000000000000E+00   0.000000000000000E+00
   7.901606260500000E-01   1.140498650800000E+01   1.140498650800000E+01   0.000000000000000E+00  -9.987105183800000E-01   0.000000000000000E+00   0.000000000000000E+00   0.000000000000000E+00
   7.919304386200000E-01   1.143053155300000E+01   1.143053155300000E+01   0.000000000000000E+00  -9.987105183800000E-01   0.000000000000000E+00   0.000000000000000E+00   0.000000000000000E+00
   7.937002511900000E-01   1.145607659800000E+01   1.145607659800000E+01   0.000000000000000E+00  -9.987105183800000E-01   0.000000000000000E+00   0.000000000000000E+00   0.000000000000000E+00
   7.956852578000000E-01   1.148472770100000E+01   1.148472770100000E+01   0.000000000000000E+00  -9.987105183800000E-01   0.000000000000000E+00   0.000000000000000E+00   0.000000000000000E+00
   7.976702644100000E-01   1.151337880400000E+01   1.151337880400000E+01   0.000000000000000E+00  -9.987105183800000E-01   0.000000000000000E+00   0.000000000000000E+00   0.000000000000000E+00
   7.996552710200000E-01   1.154202990700000E+01   1.154202990700000E+01   0.000000000000000E+00  -9.987105183800000E-01   0.000000000000000E+00   0.000000000000000E+00   0.000000000000000E+00
   8.016402776300000E-01   1.157068101000000E+01   1.157068101000000E+01   0.000000000000000E+00  -9.987105183800000E-01   0.000000000000000E+00   0.000000000000000E+00   0.000000000000000E+00
   8.035608878900000E-01   1.159840263200000E+01   1.159840263200000E+01   0.000000000000000E+00  -9.987105183800000E-01   0.000000000000000E+00   0.000000000000000E+00   0.000000000000000E+00
   8.054814981500000E-01   1.162612425400000E+01   1.162612425400000E+01   0.000000000000000E+00  -9.987105183800000E-01   0.000000000000000E+00   0.000000000000000E+00   0.000000000000000E+00
   8.074021084100000E-01   1.165384587600000E+01   1.165384587600000E+01   0.000000000000000E+00  -9.987105183800000E-01   0.000000000000000E+00   0.000000000000000E+00   0.000000000000000E+00
   8.093227186700001E-01   1.168156749800000E+01   1.168156749800000E+01   0.000000000000000E+00  -9.987105183800000E-01   0.000000000000000E+00   0.000000000000000E+00   0.000000000000000E+00
   8.111135103900000E-01   1.170741535100000E+01   1.170741535100000E+01   0.000000000000000E+00  -9.987105183800000E-01   0.000000000000000E+00   0.000000000000000E+00   0.000000000000000E+00
   8.129043021000000E-01   1.173326320300000E+01   1.173326320300000E+01   0.000000000000000E+00  -9.987105183800000E-01   0.000000000000000E+00   0.000000000000000E+00   0.000000000000000E+00
   8.146950938200000E-01   1.175911105600000E+01   1.175911105600000E+01   0.000000000000000E+00  -9.987105183800000E-01   0.000000000000000E+00   0.000000000000000E+00   0.000000000000000E+00
   8.164858855400000E-01   1.178495890800000E+01   1.178495890800000E+01   0.000000000000000E+00  -9.987105183800000E-01   0.000000000000000E+00   0.000000000000000E+00   0.000000000000000E+00
   8.181850935600000E-01   1.180948486400000E+01   1.180948486400000E+01   0.000000000000000E+00  -9.987105183800000E-01   0.000000000000000E+00   0.000000000000000E+00   0.000000000000000E+00
   8.198843015900000E-01   1.183401082000000E+01   1.183401082000000E+01   0.000000000000000E+00  -9.987105183800000E-01   0.000000000000000E+00   0.000000000000000E+00   0.000000000000000E+00
   8.215835096200000E-01   1.185853677600000E+01   1.185853677600000E+01   0.000000000000000E+00  -9.987105183800000E-01   0.000000000000000E+00   0.000000000000000E+00   0.000000000000000E+00
   8.232827176400001E-01   1.188306273200000E+01   1.188306273200000E+01   0.000000000000000E+00  -9.987105183800000E-01   0.000000000000000E+00   0.000000000000000E+00   0.000000000000000E+00
   8.249364847100000E-01   1.190693280400000E+01   1.190693280400000E+01   0.000000000000000E+00  -9.987105183800000E-01   0.000000000000000E+00   0.000000000000000E+00   0.000000000000000E+00
   8.265902517800000E-01   1.193080287600000E+01   1.193080287600000E+01   0.000000000000000E+00  -9.987105183800000E-01   0.000000000000000E+00   0.000000000000000E+00   0.000000000000000E+00
   8.282440188500000E-01   1.195467294800000E+01   1.195467294800000E+01   0.000000000000000E+00  -9.987105183800000E-01   0.000000000000000E+00   0.000000000000000E+00   0.000000000000000E+00
   8.298977859200000E-01   1.197854302000000E+01   1.197854302000000E+01   0.000000000000000E+00  -9.987105183800000E-01   0.000000000000000E+00   0.000000000000000E+00   0.000000000000000E+00
   8.315291584100000E-01   1.200208985400000E+01   1.200208985400000E+01   0.000000000000000E+00  -9.987105183800000E-01   0.000000000000000E+00   0.000000000000000E+00   0.000000000000000E+00
   8.331605308900000E-01   1.202563668800000E+01   1.202563668800000E+01   0.000000000000000E+00  -9.987105183800000E-01   0.000000000000000E+00   0.000000000000000E+00   0.000000000000000E+00
   8.347919033700000E-01   1.204918352200000E+01   1.204918352200000E+01   0.000000000000000E+00  -9.987105183800000E-01   0.000000000000000E+00   0.000000000000000E+00   0.000000000000000E+00
   8.364232758500000E-01   1.207273035600000E+01   1.207273035600000E+01   0.000000000000000E+00  -9.987105183800000E-01   0.000000000000000E+00   0.000000000000000E+00   0.000000000000000E+00
   8.379572260300000E-01   1.209487102000000E+01   1.209487102000000E+01   0.000000000000000E+00  -9.987105183800000E-01   0.000000000000000E+00   0.000000000000000E+00   0.000000000000000E+00
   8.394911762000000E-01   1.211701168500000E+01   1.211701168500000E+01   0.000000000000000E+00  -9.987105183800000E-01   0.000000000000000E+00   0.000000000000000E+00   0.000000000000000E+00
   8.410251263700000E-01   1.213915234900000E+01   1.213915234900000E+01   0.000000000000000E+00  -9.987105183800000E-01   0.000000000000000E+00   0.000000000000000E+00   0.000000000000000E+00
   8.425590765500000E-01   1.216129301300000E+01   1.216129301300000E+01   0.000000000000000E+00  -9.987105183800000E-01   0.000000000000000E+00   0.000000000000000E+00   0.000000000000000E+00
   8.444420067100000E-01   1.218847076900000E+01   1.218847076900000E+01   0.000000000000000E+00  -9.987105183800000E-01   0.000000000000000E+00   0.000000000000000E+00   0.000000000000000E+00
   8.463249368600000E-01   1.221564852600000E+01   1.221564852600000E+01   0.000000000000000E+00  -9.987105183800000E-01   0.000000000000000E+00   0.000000000000000E+00   0.000000000000000E+00
   8.482078670200000E-01   1.224282628200000E+01   1.224282628200000E+01   0.000000000000000E+00  -9.987105183800000E-01   0.000000000000000E+00   0.000000000000000E+00   0.000000000000000E+00
   8.500907971800000E-01   1.227000403900000E+01   1.227000403900000E+01   0.000000000000000E+00  -9.987105183800000E-01   0.000000000000000E+00   0.000000000000000E+00   0.000000000000000E+00
   8.520281809800000E-01   1.229796776600000E+01   1.229796776600000E+01   0.000000000000000E+00  -9.987105183800000E-01   0.000000000000000E+00   0.000000000000000E+00   0.000000000000000E+00
   8.539655647900000E-01   1.232593149300000E+01   1.232593149300000E+01   0.000000000000000E+00  -9.987105183800000E-01   0.000000000000000E+00   0.000000000000000E+00   0.000000000000000E+00
   8.559029485900000E-01   1.235389522000000E+01   1.235389522000000E+01   0.000000000000000E+00  -9.987105183800000E-01   0.000000000000000E+00   0.000000000000000E+00   0.000000000000000E+00
   8.578403323900000E-01   1.238185894700000E+01   1.238185894700000E+01   0.000000000000000E+00  -9.987105183800000E-01   0.000000000000000E+00   0.000000000000000E+00   0.000000000000000E+00
   8.593409590000000E-01   1.240351862700000E+01   1.240351862700000E+01   0.000000000000000E+00  -9.987105183800000E-01   0.000000000000000E+00   0.000000000000000E+00   0.000000000000000E+00
   8.608415856100000E-01   1.242517830700000E+01   1.242517830700000E+01   0.000000000000000E+00  -9.987105183800000E-01   0.000000000000000E+00   0.000000000000000E+00   0.000000000000000E+00
   8.623422122200000E-01   1.244683798700000E+01   1.244683798700000E+01   0.000000000000000E+00  -9.987105183800000E-01   0.000000000000000E+00   0.000000000000000E+00   0.000000000000000E+00
   8.638428388300000E-01   1.246849766700000E+01   1.246849766700000E+01   0.000000000000000E+00  -9.987105183800000E-01   0.000000000000000E+00   0.000000000000000E+00   0.000000000000000E+00
   8.653581460400001E-01   1.249036924300000E+01   1.249036924300000E+01   0.000000000000000E+00  -9.987105183800000E-01   0.000000000000000E+00   0.000000000000000E+00   0.000000000000000E+00
   8.668734532600000E-01   1.251224081900000E+01   1.251224081900000E+01   0.000000000000000E+00  -9.987105183800000E-01   0.000000000000000E+00   0.000000000000000E+00   0.000000000000000E+00
   8.683887604700000E-01   1.253411239500000E+01   1.253411239500000E+01   0.000000000000000E+00  -9.987105183800000E-01   0.000000000000000E+00   0.000000000000000E+00   0.000000000000000E+00
   8.699040676899999E-01   1.255598397200000E+01   1.255598397200000E+01   0.000000000000000E+00  -9.987105183800000E-01   0.000000000000000E+00   0.000000000000000E+00   0.000000000000000E+00
   8.718383970400000E-01   1.258390361200000E+01   1.258390361200000E+01   0.000000000000000E+00  -9.987105183800000E-01   0.000000000000000E+00   0.000000000000000E+00   0.000000000000000E+00
   8.737727264000000E-01   1.261182325200000E+01   1.261182325200000E+01   0.000000000000000E+00  -9.987105183800000E-01   0.000000000000000E+00   0.000000000000000E+00   0.000000000000000E+00
   8.757070557600000E-01   1.263974289200000E+01   1.263974289200000E+01   0.000000000000000E+00  -9.987105183800000E-01   0.000000000000000E+00   0.000000000000000E+00   0.000000000000000E+00
   8.776413851100000E-01   1.266766253200000E+01   1.266766253200000E+01   0.000000000000000E+00  -9.987105183800000E-01   0.000000000000000E+00   0.000000000000000E+00   0.000000000000000E+00
   8.796816294599999E-01   1.269711092300000E+01   1.269711092300000E+01   0.000000000000000E+00  -9.987105183800000E-01   0.000000000000000E+00   0.000000000000000E+00   0.000000000000000E+00
   8.817218738000000E-01   1.272655931400000E+01   1.272655931400000E+01   0.000000000000000E+00  -9.987105183800000E-01   0.000000000000000E+00   0.000000000000000E+00   0.000000000000000E+00
   8.837621181400001E-01   1.275600770500000E+01   1.275600770500000E+01   0.000000000000000E+00  -9.987105183800000E-01   0.000000000000000E+00   0.000000000000000E+00   0.000000000000000E+00
   8.858023624800000E-01   1.278545609600000E+01   1.278545609600000E+01   0.000000000000000E+00  -9.987105183800000E-01   0.000000000000000E+00   0.000000000000000E+00   0.000000000000000E+00
   8.879512809900000E-01   1.281647306400000E+01   1.281647306400000E+01   0.000000000000000E+00  -9.987105183800000E-01   0.000000000000000E+00   0.000000000000000E+00   0.000000000000000E+00
   8.901001994900000E-01   1.284749003100000E+01   1.284749003100000E+01   0.000000000000000E+00  -9.987105183800000E-01   0.000000000000000E+00   0.000000000000000E+00   0.000000000000000E+00
   8.922491180000000E-01   1.287850699900000E+01   1.287850699900000E+01   0.000000000000000E+00  -9.987105183800000E-01   0.000000000000000E+00   0.000000000000000E+00   0.000000000000000E+00
   8.943980365100000E-01   1.290952396700000E+01   1.290952396700000E+01   0.000000000000000E+00  -9.987105183800000E-01   0.000000000000000E+00   0.000000000000000E+00   0.000000000000000E+00
   8.968550363900000E-01   1.294498770600000E+01   1.294498770600000E+01   0.000000000000000E+00  -9.987105183800000E-01   0.000000000000000E+00   0.000000000000000E+00   0.000000000000000E+00
   8.993120362700000E-01   1.298045144500000E+01   1.298045144500000E+01   0.000000000000000E+00  -9.987105183800000E-01   0.000000000000000E+00   0.000000000000000E+00   0.000000000000000E+00
   9.017690361500000E-01   1.301591518500000E+01   1.301591518500000E+01   0.000000000000000E+00  -9.987105183800000E-01   0.000000000000000E+00   0.000000000000000E+00   0.000000000000000E+00
   9.042260360300000E-01   1.305137892400000E+01   1.305137892400000E+01   0.000000000000000E+00  -9.987105183800000E-01   0.000000000000000E+00   0.000000000000000E+00   0.000000000000000E+00
   9.067120738500000E-01   1.308726179000000E+01   1.308726179000000E+01   0.000000000000000E+00  -9.987105183800000E-01   0.000000000000000E+00   0.000000000000000E+00   0.000000000000000E+00
   9.091981116700000E-01   1.312314465600000E+01   1.312314465600000E+01   0.000000000000000E+00  -9.987105183800000E-01   0.000000000000000E+00   0.000000000000000E+00   0.000000000000000E+00
   9.116841494800000E-01   1.315902752200000E+01   1.315902752200000E+01   0.000000000000000E+00  -9.987105183800000E-01   0.000000000000000E+00   0.000000000000000E+00   0.000000000000000E+00
   9.141701873000000E-01   1.319491038800000E+01   1.319491038800000E+01   0.000000000000000E+00  -9.987105183800000E-01   0.000000000000000E+00   0.000000000000000E+00   0.000000000000000E+00
   9.166926749600000E-01   1.323131936200000E+01   1.323131936200000E+01   0.000000000000000E+00  -9.987105183800000E-01   0.000000000000000E+00   0.000000000000000E+00   0.000000000000000E+00
   9.192151626300000E-01   1.326772833600000E+01   1.326772833600000E+01   0.000000000000000E+00  -9.987105183800000E-01   0.000000000000000E+00   0.000000000000000E+00   0.000000000000000E+00
   9.217376503000000E-01   1.330413731000000E+01   1.330413731000000E+01   0.000000000000000E+00  -9.987105183800000E-01   0.000000000000000E+00   0.000000000000000E+00   0.000000000000000E+00
   9.242601379600000E-01   1.334054628400000E+01   1.334054628400000E+01   0.000000000000000E+00  -9.987105183800000E-01   0.000000000000000E+00   0.000000000000000E+00   0.000000000000000E+00
   9.265586483400000E-01   1.337372242500000E+01   1.337372242500000E+01   0.000000000000000E+00  -9.987105183800000E-01   0.000000000000000E+00   0.000000000000000E+00   0.000000000000000E+00
   9.288571587200000E-01   1.340689856500000E+01   1.340689856500000E+01   0.000000000000000E+00  -9.987105183800000E-01   0.000000000000000E+00   0.000000000000000E+00   0.000000000000000E+00
   9.311556691000000E-01   1.344007470500000E+01   1.344007470500000E+01   0.000000000000000E+00  -9.987105183800000E-01   0.000000000000000E+00   0.000000000000000E+00   0.000000000000000E+00
   9.334541794800000E-01   1.347325084600000E+01   1.347325084600000E+01   0.000000000000000E+00  -9.987105183800000E-01   0.000000000000000E+00   0.000000000000000E+00   0.000000000000000E+00
   9.358257845700000E-01   1.350748201700000E+01   1.350748201700000E+01   0.000000000000000E+00  -9.987105183800000E-01   0.000000000000000E+00   0.000000000000000E+00   0.000000000000000E+00
   9.381973896600000E-01   1.354171318900000E+01   1.354171318900000E+01   0.000000000000000E+00  -9.987105183800000E-01   0.000000000000000E+00   0.000000000000000E+00   0.000000000000000E+00
   9.405689947400000E-01   1.357594436100000E+01   1.357594436100000E+01   0.000000000000000E+00  -9.987105183800000E-01   0.000000000000000E+00   0.000000000000000E+00   0.000000000000000E+00
   9.429405998300000E-01   1.361017553200000E+01   1.361017553200000E+01   0.000000000000000E+00  -9.987105183800000E-01   0.000000000000000E+00   0.000000000000000E+00   0.000000000000000E+00
   9.458689169600000E-01   1.365244215000000E+01   1.365244215000000E+01   0.000000000000000E+00  -9.987105183800000E-01   0.000000000000000E+00   0.000000000000000E+00   0.000000000000000E+00
   9.487972340800001E-01   1.369470876800000E+01   1.369470876800000E+01   0.000000000000000E+00  -9.987105183800000E-01   0.000000000000000E+00   0.000000000000000E+00   0.000000000000000E+00
   9.517255512100000E-01   1.373697538600000E+01   1.373697538600000E+01   0.000000000000000E+00  -9.987105183800000E-01   0.000000000000000E+00   0.000000000000000E+00   0.000000000000000E+00
   9.546538683300000E-01   1.377924200400000E+01   1.377924200400000E+01   0.000000000000000E+00  -9.987105183800000E-01   0.000000000000000E+00   0.000000000000000E+00   0.000000000000000E+00
   9.575208433700000E-01   1.382062322500000E+01   1.382062322500000E+01   0.000000000000000E+00  -9.987105183800000E-01   0.000000000000000E+00   0.000000000000000E+00   0.000000000000000E+00
   9.603878184100000E-01   1.386200444700000E+01   1.386200444700000E+01   0.000000000000000E+00  -9.987105183800000E-01   0.000000000000000E+00   0.000000000000000E+00   0.000000000000000E+00
   9.632547934500000E-01   1.390338566800000E+01   1.390338566800000E+01   0.000000000000000E+00  -9.987105183800000E-01   0.000000000000000E+00   0.000000000000000E+00   0.000000000000000E+00
   9.661217684900000E-01   1.394476688900000E+01   1.394476688900000E+01   0.000000000000000E+00  -9.987105183800000E-01   0.000000000000000E+00   0.000000000000000E+00   0.000000000000000E+00
   9.690494012500001E-01   1.398702362900000E+01   1.398702362900000E+01   0.000000000000000E+00  -9.987105183800000E-01   0.000000000000000E+00   0.000000000000000E+00   0.000000000000000E+00
   9.719770340100000E-01   1.402928036900000E+01   1.402928036900000E+01   0.000000000000000E+00  -9.987105183800000E-01   0.000000000000000E+00   0.000000000000000E+00   0.000000000000000E+00
   9.749046667700000E-01   1.407153710900000E+01   1.407153710900000E+01   0.000000000000000E+00  -9.987105183800000E-01   0.000000000000000E+00   0.000000000000000E+00   0.000000000000000E+00
   9.778322995299999E-01   1.411379384900000E+01   1.411379384900000E+01   0.000000000000000E+00  -9.987105183800000E-01   0.000000000000000E+00   0.000000000000000E+00   0.000000000000000E+00
   9.806041189200000E-01   1.415380161700000E+01   1.415380161700000E+01   0.000000000000000E+00  -9.987105183800000E-01   0.000000000000000E+00   0.000000000000000E+00   0.000000000000000E+00
   9.833759383000000E-01   1.419380938400000E+01   1.419380938400000E+01   0.000000000000000E+00  -9.987105183800000E-01   0.000000000000000E+00   0.000000000000000E+00   0.000000000000000E+00
   9.861477576900000E-01   1.423381715200000E+01   1.423381715200000E+01   0.000000000000000E+00  -9.987105183800000E-01   0.000000000000000E+00   0.000000000000000E+00   0.000000000000000E+00
   9.889195770700000E-01   1.427382491900000E+01   1.427382491900000E+01   0.000000000000000E+00  -9.987105183800000E-01   0.000000000000000E+00   0.000000000000000E+00   0.000000000000000E+00
   9.916896828000000E-01   1.431380795300000E+01   1.431380795300000E+01   0.000000000000000E+00  -9.987105183800000E-01   0.000000000000000E+00   0.000000000000000E+00   0.000000000000000E+00
   9.944597885399999E-01   1.435379098600000E+01   1.435379098600000E+01   0.000000000000000E+00  -9.987105183800000E-01   0.000000000000000E+00   0.000000000000000E+00   0.000000000000000E+00
   9.972298942700000E-01   1.439377401900000E+01   1.439377401900000E+01   0.000000000000000E+00  -9.987105183800000E-01   0.000000000000000E+00   0.000000000000000E+00   0.000000000000000E+00
   1.000000000000000E+00   1.443375705200000E+01   1.443375705200000E+01   0.000000000000000E+00  -9.987105183800000E-01   0.000000000000000E+00   0.000000000000000E+00   0.000000000000000E+00
