   0.000000000000000E+00   4.532757055700000E-32   0.000000000000000E+00   0.000000000000000E+00  -9.328762485900000E-01   0.000000000000000E+00   0.000000000000000E+00   0.000000000000000E+00
   2.910019286000000E-02   4.200251139000000E-01   4.200251139000000E-01   0.000000000000000E+00  -9.328762485900000E-01   0.000000000000000E+00   0.000000000000000E+00   0.000000000000000E+00
   5.820038572000000E-02   8.400502278100000E-01   8.400502278100000E-01   0.000000000000000E+00  -9.328762485900000E-01   0.000000000000000E+00   0.000000000000000E+00   0.000000000000000E+00
   8.730057857900000E-02   1.260075341700000E+00   1.260075341700000E+00   0.000000000000000E+00  -9.328762485900000E-01   0.000000000000000E+00   0.000000000000000E+00   0.000000000000000E+00
   1.164007714400000E-01   1.680100455600000E+00   1.680100455600000E+00   0.000000000000000E+00  -9.328762485900000E-01   0.000000000000000E+00   0.000000000000000E+00   0.000000000000000E+00
   1.395925496100000E-01   2.014844947300000E+00   2.014844947300000E+00   0.000000000000000E+00  -9.328762485900000E-01   0.000000000000000E+00   0.000000000000000E+00   0.000000000000000E+00
   1.627843277800000E-01   2.349589439000000E+00   2.349589439000000E+00   0.000000000000000E+00  -9.328762485900000E-01   0.000000000000000E+00   0.000000000000000E+00   0.000000000000000E+00
   1.859761059500000E-01   2.684333930700000E+00   2.684333930700000E+00   0.000000000000000E+00  -9.328762485900000E-01   0.000000000000000E+00   0.000000000000000E+00   0.000000000000000E+00
   2.091678841200000E-01   3.019078422400000E+00   3.019078422400000E+00   0.000000000000000E+00  -9.328762485900000E-01   0.000000000000000E+00   0.000000000000000E+00   0.000000000000000E+00
   2.259604970500000E-01   3.261458917800000E+00   3.261458917800000E+00   0.000000000000000E+00  -9.328762485900000E-01   0.000000000000000E+00   0.000000000000000E+00   0.000000000000000E+00
   2.427531099900000E-01   3.503839413200000E+00   3.503839413200000E+00   0.000000000000000E+00  -9.328762485900000E-01   0.000000000000000E+00   0.000000000000000E+00   0.000000000000000E+00
   2.595457229300000E-01   3.746219908600000E+00   3.746219908600000E+00   0.000000000000000E+00  -9.328762485900000E-01   0.000000000000000E+00   0.000000000000000E+00   0.000000000000000E+00
   2.763383358700000E-01   3.988600404000000E+00   3.988600404000000E+00   0.000000000000000E+00  -9.328762485900000E-01   0.000000000000000E+00   0.000000000000000E+00   0.000000000000000E+00
   2.894264145200000E-01   4.177510551600000E+00   4.177510551600000E+00   0.000000000000000E+00  -9.328762485900000E-01   0.000000000000000E+00   0.000000000000000E+00   0.000000000000000E+00
   3.025144931700000E-01   4.366420699100000E+00   4.366420699100000E+00   0.000000000000000E+00  -9.328762485900000E-01   0.000000000000000E+00   0.000000000000000E+00   0.000000000000000E+00
   3.156025718200000E-01   4.555330846700000E+00   4.555330846700000E+00   0.000000000000000E+00  -9.328762485900000E-01   0.000000000000000E+00   0.000000000000000E+00   0.000000000000000E+00
   3.286906504800000E-01   4.744240994200000E+00   4.744240994200000E+00   0.000000000000000E+00  -9.328762485900000E-01   0.000000000000000E+00   0.000000000000000E+00   0.000000000000000E+00
   3.394629979100000E-01   4.899726439900000E+00   4.899726439900000E+00   0.000000000000000E+00  -9.328762485900000E-01   0.000000000000000E+00   0.000000000000000E+00   0.000000000000000E+00
   3.502353453300000E-01   5.055211885600000E+00   5.055211885600000E+00   0.000000000000000E+00  -9.328762485900000E-01   0.000000000000000E+00   0.000000000000000E+00   0.000000000000000E+00
   3.610076927600000E-01   5.210697331200000E+00   5.210697331200000E+00   0.000000000000000E+00  -9.328762485900000E-01   0.000000000000000E+00   0.000000000000000E+00   0.000000000000000E+00
   3.717800401900000E-01   5.366182776900000E+00   5.366182776900000E+00   0.000000000000000E+00  -9.328762485900000E-01   0.000000000000000E+00   0.000000000000000E+00   0.000000000000000E+00
   3.816330421300000E-01   5.508398613200000E+00   5.508398613200000E+00   0.000000000000000E+00  -9.328762485900000E-01   0.000000000000000E+00   0.000000000000000E+00   0.000000000000000E+00
   3.914860440800000E-01   5.650614449500000E+00   5.650614449500000E+00   0.000000000000000E+00  -9.328762485900000E-01   0.000000000000000E+00   0.000000000000000E+00   0.000000000000000E+00
   4.013390460200000E-01   5.792830285700000E+00   5.792830285700000E+00   0.000000000000000E+00  -9.328762485900000E-01   0.000000000000000E+00   0.000000000000000E+00   0.000000000000000E+00
   4.111920479600000E-01   5.935046122000000E+00   5.935046122000000E+00   0.000000000000000E+00  -9.328762485900000E-01   0.000000000000000E+00   0.000000000000000E+00   0.000000000000000E+00
   4.184451806600000E-01   6.039736077200000E+00   6.039736077200000E+00   0.000000000000000E+00  -9.328762485900000E-01   0.000000000000000E+00   0.000000000000000E+00   0.000000000000000E+00
   4.256983133600000E-01   6.144426032400000E+00   6.144426032400000E+00   0.000000000000000E+00  -9.328762485900000E-01   0.000000000000000E+00   0.000000000000000E+00   0.000000000000000E+00
   4.329514460500000E-01   6.249115987700000E+00   6.249115987700000E+00   0.000000000000000E+00  -9.328762485900000E-01   0.000000000000000E+00   0.000000000000000E+00   0.000000000000000E+00
   4.402045787500000E-01   6.353805942900000E+00   6.353805942900000E+00   0.000000000000000E+00  -9.328762485900000E-01   0.000000000000000E+00   0.000000000000000E+00   0.000000000000000E+00
   4.469310702500000E-01   6.450894486900000E+00   6.450894486900000E+00   0.000000000000000E+00  -9.328762485900000E-01   0.000000000000000E+00   0.000000000000000E+00   0.000000000000000E+00
   4.536575617400000E-01   6.547983031000000E+00   6.547983031000000E+00   0.000000000000000E+00  -9.328762485900000E-01   0.000000000000000E+00   0.000000000000000E+00   0.000000000000000E+00
   4.603840532300000E-01   6.645071575000000E+00   6.645071575000000E+00   0.000000000000000E+00  -9.328762485900000E-01   0.000000000000000E+00   0.000000000000000E+00   0.000000000000000E+00
   4.671105447300000E-01   6.742160119000000E+00   6.742160119000000E+00   0.000000000000000E+00  -9.328762485900000E-01   0.000000000000000E+00   0.000000000000000E+00   0.000000000000000E+00
   4.721544029100000E-01   6.814961942700000E+00   6.814961942700000E+00   0.000000000000000E+00  -9.328762485900000E-01   0.000000000000000E+00   0.000000000000000E+00   0.000000000000000E+00
   4.771982610900000E-01   6.887763766300000E+00   6.887763766300000E+00   0.000000000000000E+00  -9.328762485900000E-01   0.000000000000000E+00   0.000000000000000E+00   0.000000000000000E+00
   4.822421192800000E-01   6.960565589900000E+00   6.960565589900000E+00   0.000000000000000E+00  -9.328762485900000E-01   0.000000000000000E+00   0.000000000000000E+00   0.000000000000000E+00
   4.872859774600000E-01   7.033367413500000E+00   7.033367413500000E+00   0.000000000000000E+00  -9.328762485900000E-01   0.000000000000000E+00   0.000000000000000E+00   0.000000000000000E+00
   4.912425653800000E-01   7.090475842300000E+00   7.090475842300000E+00   0.000000000000000E+00  -9.328762485900000E-01   0.000000000000000E+00   0.000000000000000E+00   0.000000000000000E+00
   4.951991533000000E-01   7.147584271100000E+00   7.147584271100000E+00   0.000000000000000E+00  -9.328762485900000E-01   0.000000000000000E+00   0.000000000000000E+00   0.000000000000000E+00
   4.991557412200000E-01   7.204692699800000E+00   7.204692699800000E+00   0.000000000000000E+00  -9.328762485900000E-01   0.000000000000000E+00   0.000000000000000E+00   0.000000000000000E+00
   5.031123291400000E-01   7.261801128600000E+00   7.261801128600000E+00   0.000000000000000E+00  -9.328762485900000E-01   0.000000000000000E+00   0.000000000000000E+00   0.000000000000000E+00
   5.065635498000000E-01   7.311615209300000E+00   7.311615209300000E+00   0.000000000000000E+00  -9.328762485900000E-01   0.000000000000000E+00   0.000000000000000E+00   0.000000000000000E+00
   5.100147704700000E-01   7.361429289900000E+00   7.361429289900000E+00   0.000000000000000E+00  -9.328762485900000E-01   0.000000000000000E+00   0.000000000000000E+00   0.000000000000000E+00
   5.134659911400000E-01   7.411243370500000E+00   7.411243370500000E+00   0.000000000000000E+00  -9.328762485900000E-01   0.000000000000000E+00   0.000000000000000E+00   0.000000000000000E+00
   5.169172118100001E-01   7.461057451200000E+00   7.461057451200000E+00   0.000000000000000E+00  -9.328762485900000E-01   0.000000000000000E+00   0.000000000000000E+00   0.000000000000000E+00
   5.198791531000000E-01   7.503809392200000E+00   7.503809392200000E+00   0.000000000000000E+00  -9.328762485900000E-01   0.000000000000000E+00   0.000000000000000E+00   0.000000000000000E+00
   5.228410943900000E-01   7.546561333300000E+00   7.546561333300000E+00   0.000000000000000E+00  -9.328762485900000E-01   0.000000000000000E+00   0.000000000000000E+00   0.000000000000000E+00
   5.258030356900000E-01   7.589313274400000E+00   7.589313274400000E+00   0.000000000000000E+00  -9.328762485900000E-01   0.000000000000000E+00   0.000000000000000E+00   0.000000000000000E+00
   5.287649769800000E-01   7.632065215400000E+00   7.632065215400000E+00   0.000000000000000E+00  -9.328762485900000E-01   0.000000000000000E+00   0.000000000000000E+00   0.000000000000000E+00
   5.317036539800000E-01   7.674481365200000E+00   7.674481365200000E+00   0.000000000000000E+00  -9.328762485900000E-01   0.000000000000000E+00   0.000000000000000E+00   0.000000000000000E+00
   5.346423309800000E-01   7.716897515100000E+00   7.716897515100000E+00   0.000000000000000E+00  -9.328762485900000E-01   0.000000000000000E+00   0.000000000000000E+00   0.000000000000000E+00
   5.375810079700000E-01   7.759313664900000E+00   7.759313664900000E+00   0.000000000000000E+00  -9.328762485900000E-01   0.000000000000000E+00   0.000000000000000E+00   0.000000000000000E+00
   5.405196849700000E-01   7.801729814700000E+00   7.801729814700000E+00   0.000000000000000E+00  -9.328762485900000E-01   0.000000000000000E+00   0.000000000000000E+00   0.000000000000000E+00
   5.431377999900000E-01   7.839519050900000E+00   7.839519050900000E+00   0.000000000000000E+00  -9.328762485900000E-01   0.000000000000000E+00   0.000000000000000E+00   0.000000000000000E+00
   5.457559150200000E-01   7.877308287000000E+00   7.877308287000000E+00   0.000000000000000E+00  -9.328762485900000E-01   0.000000000000000E+00   0.000000000000000E+00   0.000000000000000E+00
   5.483740300400000E-01   7.915097523200000E+00   7.915097523200000E+00   0.000000000000000E+00  -9.328762485900000E-01   0.000000000000000E+00   0.000000000000000E+00   0.000000000000000E+00
   5.509921450600000E-01   7.952886759400000E+00   7.952886759400000E+00   0.000000000000000E+00  -9.328762485900000E-01   0.000000000000000E+00   0.000000000000000E+00   0.000000000000000E+00
   5.531654926300000E-01   7.984256330100000E+00   7.984256330100000E+00   0.000000000000000E+00  -9.328762485900000E-01   0.000000000000000E+00   0.000000000000000E+00   0.000000000000000E+00
   5.553388401900000E-01   8.015625900800000E+00   8.015625900800000E+00   0.000000000000000E+00  -9.328762485900000E-01   0.000000000000000E+00   0.000000000000000E+00   0.000000000000000E+00
   5.575121877500000E-01   8.046995471500001E+00   8.046995471500001E+00   0.000000000000000E+00  -9.328762485900000E-01   0.000000000000000E+00   0.000000000000000E+00   0.000000000000000E+00
   5.596855353100000E-01   8.078365042300000E+00   8.078365042300000E+00   0.000000000000000E+00  -9.328762485900000E-01   0.000000000000000E+00   0.000000000000000E+00   0.000000000000000E+00
   5.617894426600000E-01   8.108732329800000E+00   8.108732329800000E+00   0.000000000000000E+00  -9.328762485900000E-01   0.000000000000000E+00   0.000000000000000E+00   0.000000000000000E+00
   5.638933500100000E-01   8.139099617299999E+00   8.139099617299999E+00   0.000000000000000E+00  -9.328762485900000E-01   0.000000000000000E+00   0.000000000000000E+00   0.000000000000000E+00
   5.659972573600000E-01   8.169466904900000E+00   8.169466904900000E+00   0.000000000000000E+00  -9.328762485900000E-01   0.000000000000000E+00   0.000000000000000E+00   0.000000000000000E+00
   5.681011647100001E-01   8.199834192400001E+00   8.199834192400001E+00   0.000000000000000E+00  -9.328762485900000E-01   0.000000000000000E+00   0.000000000000000E+00   0.000000000000000E+00
   5.707970784000000E-01   8.238746355600000E+00   8.238746355600000E+00   0.000000000000000E+00  -9.328762485900000E-01   0.000000000000000E+00   0.000000000000000E+00   0.000000000000000E+00
   5.734929920900000E-01   8.277658518899999E+00   8.277658518899999E+00   0.000000000000000E+00  -9.328762485900000E-01   0.000000000000000E+00   0.000000000000000E+00   0.000000000000000E+00
   5.761889057800000E-01   8.316570682100000E+00   8.316570682100000E+00   0.000000000000000E+00  -9.328762485900000E-01   0.000000000000000E+00   0.000000000000000E+00   0.000000000000000E+00
   5.788848194700000E-01   8.355482845399999E+00   8.355482845399999E+00   0.000000000000000E+00  -9.328762485900000E-01   0.000000000000000E+00   0.000000000000000E+00   0.000000000000000E+00
   5.811593480200000E-01   8.388312837799999E+00   8.388312837799999E+00   0.000000000000000E+00  -9.328762485900000E-01   0.000000000000000E+00   0.000000000000000E+00   0.000000000000000E+00
   5.834338765700000E-01   8.421142830300001E+00   8.421142830300001E+00   0.000000000000000E+00  -9.328762485900000E-01   0.000000000000000E+00   0.000000000000000E+00   0.000000000000000E+00
   5.857084051200000E-01   8.453972822800001E+00   8.453972822800001E+00   0.000000000000000E+00  -9.328762485900000E-01   0.000000000000000E+00   0.000000000000000E+00   0.000000000000000E+00
   5.879829336700000E-01   8.486802815300001E+00   8.486802815300001E+00   0.000000000000000E+00  -9.328762485900000E-01   0.000000000000000E+00   0.000000000000000E+00   0.000000000000000E+00
   5.898814208900000E-01   8.514205118600000E+00   8.514205118600000E+00   0.000000000000000E+00  -9.328762485900000E-01   0.000000000000000E+00   0.000000000000000E+00   0.000000000000000E+00
   5.917799081100000E-01   8.541607422000000E+00   8.541607422000000E+00   0.000000000000000E+00  -9.328762485900000E-01   0.000000000000000E+00   0.000000000000000E+00   0.000000000000000E+00
   5.936783953400000E-01   8.569009725300001E+00   8.569009725300001E+00   0.000000000000000E+00  -9.328762485900000E-01   0.000000000000000E+00   0.000000000000000E+00   0.000000000000000E+00
   5.955768825600000E-01   8.596412028600000E+00   8.596412028600000E+00   0.000000000000000E+00  -9.328762485900000E-01   0.000000000000000E+00   0.000000000000000E+00   0.000000000000000E+00
   5.972903014900000E-01   8.621143101199999E+00   8.621143101199999E+00   0.000000000000000E+00  -9.328762485900000E-01   0.000000000000000E+00   0.000000000000000E+00   0.000000000000000E+00
   5.990037204200001E-01   8.645874173899999E+00   8.645874173899999E+00   0.000000000000000E+00  -9.328762485900000E-01   0.000000000000000E+00   0.000000000000000E+00   0.000000000000000E+00
   6.007171393600000E-01   8.670605246499999E+00   8.670605246499999E+00   0.000000000000000E+00  -9.328762485900000E-01   0.000000000000000E+00   0.000000000000000E+00   0.000000000000000E+00
   6.024305582900000E-01   8.695336319100001E+00   8.695336319100001E+00   0.000000000000000E+00  -9.328762485900000E-01   0.000000000000000E+00   0.000000000000000E+00   0.000000000000000E+00
   6.040320007400000E-01   8.718451150300000E+00   8.718451150300000E+00   0.000000000000000E+00  -9.328762485900000E-01   0.000000000000000E+00   0.000000000000000E+00   0.000000000000000E+00
   6.056334431900000E-01   8.741565981600001E+00   8.741565981600001E+00   0.000000000000000E+00  -9.328762485900000E-01   0.000000000000000E+00   0.000000000000000E+00   0.000000000000000E+00
   6.072348856400001E-01   8.764680812800000E+00   8.764680812800000E+00   0.000000000000000E+00  -9.328762485900000E-01   0.000000000000000E+00   0.000000000000000E+00   0.000000000000000E+00
   6.088363280900000E-01   8.787795644099999E+00   8.787795644099999E+00   0.000000000000000E+00  -9.328762485900000E-01   0.000000000000000E+00   0.000000000000000E+00   0.000000000000000E+00
   6.102232159900000E-01   8.807813647000000E+00   8.807813647000000E+00   0.000000000000000E+00  -9.328762485900000E-01   0.000000000000000E+00   0.000000000000000E+00   0.000000000000000E+00
   6.116101038800000E-01   8.827831650000000E+00   8.827831650000000E+00   0.000000000000000E+00  -9.328762485900000E-01   0.000000000000000E+00   0.000000000000000E+00   0.000000000000000E+00
   6.129969917800000E-01   8.847849653000001E+00   8.847849653000001E+00   0.000000000000000E+00  -9.328762485900000E-01   0.000000000000000E+00   0.000000000000000E+00   0.000000000000000E+00
   6.143838796800000E-01   8.867867655900000E+00   8.867867655900000E+00   0.000000000000000E+00  -9.328762485900000E-01   0.000000000000000E+00   0.000000000000000E+00   0.000000000000000E+00
   6.156273038900000E-01   8.885814938999999E+00   8.885814938999999E+00   0.000000000000000E+00  -9.328762485900000E-01   0.000000000000000E+00   0.000000000000000E+00   0.000000000000000E+00
   6.168707281100000E-01   8.903762221999999E+00   8.903762221999999E+00   0.000000000000000E+00  -9.328762485900000E-01   0.000000000000000E+00   0.000000000000000E+00   0.000000000000000E+00
   6.181141523300000E-01   8.921709505100001E+00   8.921709505100001E+00   0.000000000000000E+00  -9.328762485900000E-01   0.000000000000000E+00   0.000000000000000E+00   0.000000000000000E+00
   6.193575765400000E-01   8.939656788100001E+00   8.939656788100001E+00   0.000000000000000E+00  -9.328762485900000E-01   0.000000000000000E+00   0.000000000000000E+00   0.000000000000000E+00
   6.206642089500000E-01   8.958516402900001E+00   8.958516402900001E+00   0.000000000000000E+00  -9.328762485900000E-01   0.000000000000000E+00   0.000000000000000E+00   0.000000000000000E+00
   6.219708413700000E-01   8.977376017699999E+00   8.977376017699999E+00   0.000000000000000E+00  -9.328762485900000E-01   0.000000000000000E+00   0.000000000000000E+00   0.000000000000000E+00
   6.232774737800000E-01   8.996235632499999E+00   8.996235632499999E+00   0.000000000000000E+00  -9.328762485900000E-01   0.000000000000000E+00   0.000000000000000E+00   0.000000000000000E+00
   6.245841061900000E-01   9.015095247300000E+00   9.015095247300000E+00   0.000000000000000E+00  -9.328762485900000E-01   0.000000000000000E+00   0.000000000000000E+00   0.000000000000000E+00
   6.260547910199999E-01   9.036322754800000E+00   9.036322754800000E+00   0.000000000000000E+00  -9.328762485900000E-01   0.000000000000000E+00   0.000000000000000E+00   0.000000000000000E+00
   6.275254758400000E-01   9.057550262199999E+00   9.057550262199999E+00   0.000000000000000E+00  -9.328762485900000E-01   0.000000000000000E+00   0.000000000000000E+00   0.000000000000000E+00
   6.289961606600000E-01   9.078777769600000E+00   9.078777769600000E+00   0.000000000000000E+00  -9.328762485900000E-01   0.000000000000000E+00   0.000000000000000E+00   0.000000000000000E+00
   6.304668454800000E-01   9.100005276999999E+00   9.100005276999999E+00   0.000000000000000E+00  -9.328762485900000E-01   0.000000000000000E+00   0.000000000000000E+00   0.000000000000000E+00
   6.323202929700000E-01   9.126757487800001E+00   9.126757487800001E+00   0.000000000000000E+00  -9.328762485900000E-01   0.000000000000000E+00   0.000000000000000E+00   0.000000000000000E+00
   6.341737404600000E-01   9.153509698500001E+00   9.153509698500001E+00   0.000000000000000E+00  -9.328762485900000E-01   0.000000000000000E+00   0.000000000000000E+00   0.000000000000000E+00
   6.360271879400000E-01   9.180261909200000E+00   9.180261909200000E+00   0.000000000000000E+00  -9.328762485900000E-01   0.000000000000000E+00   0.000000000000000E+00   0.000000000000000E+00
   6.378806354300000E-01   9.207014120000000E+00   9.207014120000000E+00   0.000000000000000E+00  -9.328762485900000E-01   0.000000000000000E+00   0.000000000000000E+00   0.000000000000000E+00
   6.394836030800000E-01   9.230150965600000E+00   9.230150965600000E+00   0.000000000000000E+00  -9.328762485900000E-01   0.000000000000000E+00   0.000000000000000E+00   0.000000000000000E+00
   6.410865707400000E-01   9.253287811300000E+00   9.253287811300000E+00   0.000000000000000E+00  -9.328762485900000E-01   0.000000000000000E+00   0.000000000000000E+00   0.000000000000000E+00
   6.426895383900000E-01   9.276424656900000E+00   9.276424656900000E+00   0.000000000000000E+00  -9.328762485900000E-01   0.000000000000000E+00   0.000000000000000E+00   0.000000000000000E+00
   6.442925060400000E-01   9.299561502600000E+00   9.299561502600000E+00   0.000000000000000E+00  -9.328762485900000E-01   0.000000000000000E+00   0.000000000000000E+00   0.000000000000000E+00
   6.455506914900000E-01   9.317721845700000E+00   9.317721845700000E+00   0.000000000000000E+00  -9.328762485900000E-01   0.000000000000000E+00   0.000000000000000E+00   0.000000000000000E+00
   6.468088769300000E-01   9.335882188699999E+00   9.335882188699999E+00   0.000000000000000E+00  -9.328762485900000E-01   0.000000000000000E+00   0.000000000000000E+00   0.000000000000000E+00
   6.480670623800000E-01   9.354042531799999E+00   9.354042531799999E+00   0.000000000000000E+00  -9.328762485900000E-01   0.000000000000000E+00   0.000000000000000E+00   0.000000000000000E+00
   6.493252478200000E-01   9.372202874799999E+00   9.372202874799999E+00   0.000000000000000E+00  -9.328762485900000E-01   0.000000000000000E+00   0.000000000000000E+00   0.000000000000000E+00
   6.506230985800000E-01   9.390935737300000E+00   9.390935737300000E+00   0.000000000000000E+00  -9.328762485900000E-01   0.000000000000000E+00   0.000000000000000E+00   0.000000000000000E+00
   6.519209493300000E-01   9.409668599800000E+00   9.409668599800000E+00   0.000000000000000E+00  -9.328762485900000E-01   0.000000000000000E+00   0.000000000000000E+00   0.000000000000000E+00
   6.532188000900000E-01   9.428401462300000E+00   9.428401462300000E+00   0.000000000000000E+00  -9.328762485900000E-01   0.000000000000000E+00   0.000000000000000E+00   0.000000000000000E+00
   6.545166508400000E-01   9.447134324800000E+00   9.447134324800000E+00   0.000000000000000E+00  -9.328762485900000E-01   0.000000000000000E+00   0.000000000000000E+00   0.000000000000000E+00
   6.554537219500000E-01   9.460659781400000E+00   9.460659781400000E+00   0.000000000000000E+00  -9.328762485900000E-01   0.000000000000000E+00   0.000000000000000E+00   0.000000000000000E+00
   6.563907930500000E-01   9.474185238100000E+00   9.474185238100000E+00   0.000000000000000E+00  -9.328762485900000E-01   0.000000000000000E+00   0.000000000000000E+00   0.000000000000000E+00
   6.573278641500000E-01   9.487710694700001E+00   9.487710694700001E+00   0.000000000000000E+00  -9.328762485900000E-01   0.000000000000000E+00   0.000000000000000E+00   0.000000000000000E+00
   6.582649352600000E-01   9.501236151400001E+00   9.501236151400001E+00   0.000000000000000E+00  -9.328762485900000E-01   0.000000000000000E+00   0.000000000000000E+00   0.000000000000000E+00
   6.591747618500000E-01   9.514368367399999E+00   9.514368367399999E+00   0.000000000000000E+00  -9.328762485900000E-01   0.000000000000000E+00   0.000000000000000E+00   0.000000000000000E+00
   6.600845884400000E-01   9.527500583400000E+00   9.527500583400000E+00   0.000000000000000E+00  -9.328762485900000E-01   0.000000000000000E+00   0.000000000000000E+00   0.000000000000000E+00
   6.609944150400000E-01   9.540632799400001E+00   9.540632799400001E+00   0.000000000000000E+00  -9.328762485900000E-01   0.000000000000000E+00   0.000000000000000E+00   0.000000000000000E+00
   6.619042416299999E-01   9.553765015400000E+00   9.553765015400000E+00   0.000000000000000E+00  -9.328762485900000E-01   0.000000000000000E+00   0.000000000000000E+00   0.000000000000000E+00
   6.630694371000000E-01   9.570583163700000E+00   9.570583163700000E+00   0.000000000000000E+00  -9.328762485900000E-01   0.000000000000000E+00   0.000000000000000E+00   0.000000000000000E+00
   6.642346325600000E-01   9.587401311900001E+00   9.587401311900001E+00   0.000000000000000E+00  -9.328762485900000E-01   0.000000000000000E+00   0.000000000000000E+00   0.000000000000000E+00
   6.653998280300000E-01   9.604219460200000E+00   9.604219460200000E+00   0.000000000000000E+00  -9.328762485900000E-01   0.000000000000000E+00   0.000000000000000E+00   0.000000000000000E+00
   6.665650234900000E-01   9.621037608500000E+00   9.621037608500000E+00   0.000000000000000E+00  -9.328762485900000E-01   0.000000000000000E+00   0.000000000000000E+00   0.000000000000000E+00
   6.676137440900000E-01   9.636174586799999E+00   9.636174586799999E+00   0.000000000000000E+00  -9.328762485900000E-01   0.000000000000000E+00   0.000000000000000E+00   0.000000000000000E+00
   6.686624646800000E-01   9.651311565000000E+00   9.651311565000000E+00   0.000000000000000E+00  -9.328762485900000E-01   0.000000000000000E+00   0.000000000000000E+00   0.000000000000000E+00
   6.697111852800000E-01   9.666448543300000E+00   9.666448543300000E+00   0.000000000000000E+00  -9.328762485900000E-01   0.000000000000000E+00   0.000000000000000E+00   0.000000000000000E+00
   6.707599058700000E-01   9.681585521600001E+00   9.681585521600001E+00   0.000000000000000E+00  -9.328762485900000E-01   0.000000000000000E+00   0.000000000000000E+00   0.000000000000000E+00
   6.715101969300000E-01   9.692415040400000E+00   9.692415040400000E+00   0.000000000000000E+00  -9.328762485900000E-01   0.000000000000000E+00   0.000000000000000E+00   0.000000000000000E+00
   6.722604879900000E-01   9.703244559300000E+00   9.703244559300000E+00   0.000000000000000E+00  -9.328762485900000E-01   0.000000000000000E+00   0.000000000000000E+00   0.000000000000000E+00
   6.730107790400000E-01   9.714074078099999E+00   9.714074078099999E+00   0.000000000000000E+00  -9.328762485900000E-01   0.000000000000000E+00   0.000000000000000E+00   0.000000000000000E+00
   6.737610701000000E-01   9.724903596900001E+00   9.724903596900001E+00   0.000000000000000E+00  -9.328762485900000E-01   0.000000000000000E+00   0.000000000000000E+00   0.000000000000000E+00
   6.745015317900001E-01   9.735591241100000E+00   9.735591241100000E+00   0.000000000000000E+00  -9.328762485900000E-01   0.000000000000000E+00   0.000000000000000E+00   0.000000000000000E+00
   6.752419934900000E-01   9.746278885300001E+00   9.746278885300001E+00   0.000000000000000E+00  -9.328762485900000E-01   0.000000000000000E+00   0.000000000000000E+00   0.000000000000000E+00
   6.759824551800000E-01   9.756966529500000E+00   9.756966529500000E+00   0.000000000000000E+00  -9.328762485900000E-01   0.000000000000000E+00   0.000000000000000E+00   0.000000000000000E+00
   6.767229168800000E-01   9.767654173700000E+00   9.767654173700000E+00   0.000000000000000E+00  -9.328762485900000E-01   0.000000000000000E+00   0.000000000000000E+00   0.000000000000000E+00
   6.773623451400000E-01   9.776883525900001E+00   9.776883525900001E+00   0.000000000000000E+00  -9.328762485900000E-01   0.000000000000000E+00   0.000000000000000E+00   0.000000000000000E+00
   6.780017734000000E-01   9.786112878100001E+00   9.786112878100001E+00   0.000000000000000E+00  -9.328762485900000E-01   0.000000000000000E+00   0.000000000000000E+00   0.000000000000000E+00
   6.786412016600000E-01   9.795342230299999E+00   9.795342230299999E+00   0.000000000000000E+00  -9.328762485900000E-01   0.000000000000000E+00   0.000000000000000E+00   0.000000000000000E+00
   6.792806299200000E-01   9.804571582399999E+00   9.804571582399999E+00   0.000000000000000E+00  -9.328762485900000E-01   0.000000000000000E+00   0.000000000000000E+00   0.000000000000000E+00
   6.798938591100000E-01   9.813422783500000E+00   9.813422783500000E+00   0.000000000000000E+00  -9.328762485900000E-01   0.000000000000000E+00   0.000000000000000E+00   0.000000000000000E+00
   6.805070882900000E-01   9.822273984600001E+00   9.822273984600001E+00   0.000000000000000E+00  -9.328762485900000E-01   0.000000000000000E+00   0.000000000000000E+00   0.000000000000000E+00
   6.811203174800000E-01   9.831125185699999E+00   9.831125185699999E+00   0.000000000000000E+00  -9.328762485900000E-01   0.000000000000000E+00   0.000000000000000E+00   0.000000000000000E+00
   6.817335466600000E-01   9.839976386700000E+00   9.839976386700000E+00   0.000000000000000E+00  -9.328762485900000E-01   0.000000000000000E+00   0.000000000000000E+00   0.000000000000000E+00
   6.823859644600000E-01   9.849393226700000E+00   9.849393226700000E+00   0.000000000000000E+00  -9.328762485900000E-01   0.000000000000000E+00   0.000000000000000E+00   0.000000000000000E+00
   6.830383822500000E-01   9.858810066600000E+00   9.858810066600000E+00   0.000000000000000E+00  -9.328762485900000E-01   0.000000000000000E+00   0.000000000000000E+00   0.000000000000000E+00
   6.836908000400000E-01   9.868226906500000E+00   9.868226906500000E+00   0.000000000000000E+00  -9.328762485900000E-01   0.000000000000000E+00   0.000000000000000E+00   0.000000000000000E+00
   6.843432178400000E-01   9.877643746400000E+00   9.877643746400000E+00   0.000000000000000E+00  -9.328762485900000E-01   0.000000000000000E+00   0.000000000000000E+00   0.000000000000000E+00
   6.849581061700000E-01   9.886518895200000E+00   9.886518895200000E+00   0.000000000000000E+00  -9.328762485900000E-01   0.000000000000000E+00   0.000000000000000E+00   0.000000000000000E+00
   6.855729945000000E-01   9.895394044000000E+00   9.895394044000000E+00   0.000000000000000E+00  -9.328762485900000E-01   0.000000000000000E+00   0.000000000000000E+00   0.000000000000000E+00
   6.861878828300000E-01   9.904269192799999E+00   9.904269192799999E+00   0.000000000000000E+00  -9.328762485900000E-01   0.000000000000000E+00   0.000000000000000E+00   0.000000000000000E+00
   6.868027711700000E-01   9.913144341700001E+00   9.913144341700001E+00   0.000000000000000E+00  -9.328762485900000E-01   0.000000000000000E+00   0.000000000000000E+00   0.000000000000000E+00
   6.874423620600000E-01   9.922376041300000E+00   9.922376041300000E+00   0.000000000000000E+00  -9.328762485900000E-01   0.000000000000000E+00   0.000000000000000E+00   0.000000000000000E+00
   6.880819529600000E-01   9.931607740900001E+00   9.931607740900001E+00   0.000000000000000E+00  -9.328762485900000E-01   0.000000000000000E+00   0.000000000000000E+00   0.000000000000000E+00
   6.887215438600000E-01   9.940839440500000E+00   9.940839440500000E+00   0.000000000000000E+00  -9.328762485900000E-01   0.000000000000000E+00   0.000000000000000E+00   0.000000000000000E+00
   6.893611347500000E-01   9.950071140100000E+00   9.950071140100000E+00   0.000000000000000E+00  -9.328762485900000E-01   0.000000000000000E+00   0.000000000000000E+00   0.000000000000000E+00
   6.900974001300000E-01   9.960698215800001E+00   9.960698215800001E+00   0.000000000000000E+00  -9.328762485900000E-01   0.000000000000000E+00   0.000000000000000E+00   0.000000000000000E+00
   6.908336655200000E-01   9.971325291399999E+00   9.971325291399999E+00   0.000000000000000E+00  -9.328762485900000E-01   0.000000000000000E+00   0.000000000000000E+00   0.000000000000000E+00
   6.915699309000000E-01   9.981952367100000E+00   9.981952367100000E+00   0.000000000000000E+00  -9.328762485900000E-01   0.000000000000000E+00   0.000000000000000E+00   0.000000000000000E+00
   6.923061962800000E-01   9.992579442700000E+00   9.992579442700000E+00   0.000000000000000E+00  -9.328762485900000E-01   0.000000000000000E+00   0.000000000000000E+00   0.000000000000000E+00
   6.932187805200000E-01   1.000575146200000E+01   1.000575146200000E+01   0.000000000000000E+00  -9.328762485900000E-01   0.000000000000000E+00   0.000000000000000E+00   0.000000000000000E+00
   6.941313647500000E-01   1.001892348100000E+01   1.001892348100000E+01   0.000000000000000E+00  -9.328762485900000E-01   0.000000000000000E+00   0.000000000000000E+00   0.000000000000000E+00
   6.950439489900000E-01   1.003209550000000E+01   1.003209550000000E+01   0.000000000000000E+00  -9.328762485900000E-01   0.000000000000000E+00   0.000000000000000E+00   0.000000000000000E+00
   6.959565332200000E-01   1.004526751900000E+01   1.004526751900000E+01   0.000000000000000E+00  -9.328762485900000E-01   0.000000000000000E+00   0.000000000000000E+00   0.000000000000000E+00
   6.973143627000000E-01   1.006486610000000E+01   1.006486610000000E+01   0.000000000000000E+00  -9.328762485900000E-01   0.000000000000000E+00   0.000000000000000E+00   0.000000000000000E+00
   6.986721921800000E-01   1.008446468100000E+01   1.008446468100000E+01   0.000000000000000E+00  -9.328762485900000E-01   0.000000000000000E+00   0.000000000000000E+00   0.000000000000000E+00
   7.000300216599999E-01   1.010406326200000E+01   1.010406326200000E+01   0.000000000000000E+00  -9.328762485900000E-01   0.000000000000000E+00   0.000000000000000E+00   0.000000000000000E+00
   7.013878511400000E-01   1.012366184300000E+01   1.012366184300000E+01   0.000000000000000E+00  -9.328762485900000E-01   0.000000000000000E+00   0.000000000000000E+00   0.000000000000000E+00
   7.026613714400000E-01   1.014204352500000E+01   1.014204352500000E+01   0.000000000000000E+00  -9.328762485900000E-01   0.000000000000000E+00   0.000000000000000E+00   0.000000000000000E+00
   7.039348917400000E-01   1.016042520800000E+01   1.016042520800000E+01   0.000000000000000E+00  -9.328762485900000E-01   0.000000000000000E+00   0.000000000000000E+00   0.000000000000000E+00
   7.052084120400000E-01   1.017880689000000E+01   1.017880689000000E+01   0.000000000000000E+00  -9.328762485900000E-01   0.000000000000000E+00   0.000000000000000E+00   0.000000000000000E+00
   7.064819323400000E-01   1.019718857300000E+01   1.019718857300000E+01   0.000000000000000E+00  -9.328762485900000E-01   0.000000000000000E+00   0.000000000000000E+00   0.000000000000000E+00
   7.075449854100000E-01   1.021253242300000E+01   1.021253242300000E+01   0.000000000000000E+00  -9.328762485900000E-01   0.000000000000000E+00   0.000000000000000E+00   0.000000000000000E+00
   7.086080384800000E-01   1.022787627300000E+01   1.022787627300000E+01   0.000000000000000E+00  -9.328762485900000E-01   0.000000000000000E+00   0.000000000000000E+00   0.000000000000000E+00
   7.096710915500000E-01   1.024322012200000E+01   1.024322012200000E+01   0.000000000000000E+00  -9.328762485900000E-01   0.000000000000000E+00   0.000000000000000E+00   0.000000000000000E+00
   7.107341446200000E-01   1.025856397200000E+01   1.025856397200000E+01   0.000000000000000E+00  -9.328762485900000E-01   0.000000000000000E+00   0.000000000000000E+00   0.000000000000000E+00
   7.117310602300000E-01   1.027295321000000E+01   1.027295321000000E+01   0.000000000000000E+00  -9.328762485900000E-01   0.000000000000000E+00   0.000000000000000E+00   0.000000000000000E+00
   7.127279758300000E-01   1.028734244700000E+01   1.028734244700000E+01   0.000000000000000E+00  -9.328762485900000E-01   0.000000000000000E+00   0.000000000000000E+00   0.000000000000000E+00
   7.137248914400000E-01   1.030173168500000E+01   1.030173168500000E+01   0.000000000000000E+00  -9.328762485900000E-01   0.000000000000000E+00   0.000000000000000E+00   0.000000000000000E+00
   7.147218070500000E-01   1.031612092300000E+01   1.031612092300000E+01   0.000000000000000E+00  -9.328762485900000E-01   0.000000000000000E+00   0.000000000000000E+00   0.000000000000000E+00
   7.155312055900001E-01   1.032780358500000E+01   1.032780358500000E+01   0.000000000000000E+00  -9.328762485900000E-01   0.000000000000000E+00   0.000000000000000E+00   0.000000000000000E+00
   7.163406041400000E-01   1.033948624700000E+01   1.033948624700000E+01   0.000000000000000E+00  -9.328762485900000E-01   0.000000000000000E+00   0.000000000000000E+00   0.000000000000000E+00
   7.171500026900000E-01   1.035116890900000E+01   1.035116890900000E+01   0.000000000000000E+00  -9.328762485900000E-01   0.000000000000000E+00   0.000000000000000E+00   0.000000000000000E+00
   7.179594012300000E-01   1.036285157100000E+01   1.036285157100000E+01   0.000000000000000E+00  -9.328762485900000E-01   0.000000000000000E+00   0.000000000000000E+00   0.000000000000000E+00
   7.186639915200000E-01   1.037302145600000E+01   1.037302145600000E+01   0.000000000000000E+00  -9.328762485900000E-01   0.000000000000000E+00   0.000000000000000E+00   0.000000000000000E+00
   7.193685818100000E-01   1.038319134100000E+01   1.038319134100000E+01   0.000000000000000E+00  -9.328762485900000E-01   0.000000000000000E+00   0.000000000000000E+00   0.000000000000000E+00
   7.200731721000000E-01   1.039336122600000E+01   1.039336122600000E+01   0.000000000000000E+00  -9.328762485900000E-01   0.000000000000000E+00   0.000000000000000E+00   0.000000000000000E+00
   7.207777623900000E-01   1.040353111100000E+01   1.040353111100000E+01   0.000000000000000E+00  -9.328762485900000E-01   0.000000000000000E+00   0.000000000000000E+00   0.000000000000000E+00
   7.216122170100000E-01   1.041557542600000E+01   1.041557542600000E+01   0.000000000000000E+00  -9.328762485900000E-01   0.000000000000000E+00   0.000000000000000E+00   0.000000000000000E+00
   7.224466716300000E-01   1.042761974100000E+01   1.042761974100000E+01   0.000000000000000E+00  -9.328762485900000E-01   0.000000000000000E+00   0.000000000000000E+00   0.000000000000000E+00
   7.232811262600000E-01   1.043966405700000E+01   1.043966405700000E+01   0.000000000000000E+00  -9.328762485900000E-01   0.000000000000000E+00   0.000000000000000E+00   0.000000000000000E+00
   7.241155808800001E-01   1.045170837200000E+01   1.045170837200000E+01   0.000000000000000E+00  -9.328762485900000E-01   0.000000000000000E+00   0.000000000000000E+00   0.000000000000000E+00
   7.251730316100000E-01   1.046697135900000E+01   1.046697135900000E+01   0.000000000000000E+00  -9.328762485900000E-01   0.000000000000000E+00   0.000000000000000E+00   0.000000000000000E+00
   7.262304823500000E-01   1.048223434600000E+01   1.048223434600000E+01   0.000000000000000E+00  -9.328762485900000E-01   0.000000000000000E+00   0.000000000000000E+00   0.000000000000000E+00
   7.272879330799999E-01   1.049749733300000E+01   1.049749733300000E+01   0.000000000000000E+00  -9.328762485900000E-01   0.000000000000000E+00   0.000000000000000E+00   0.000000000000000E+00
   7.283453838200000E-01   1.051276032000000E+01   1.051276032000000E+01   0.000000000000000E+00  -9.328762485900000E-01   0.000000000000000E+00   0.000000000000000E+00   0.000000000000000E+00
   7.294139026699999E-01   1.052818306200000E+01   1.052818306200000E+01   0.000000000000000E+00  -9.328762485900000E-01   0.000000000000000E+00   0.000000000000000E+00   0.000000000000000E+00
   7.304824215300000E-01   1.054360580300000E+01   1.054360580300000E+01   0.000000000000000E+00  -9.328762485900000E-01   0.000000000000000E+00   0.000000000000000E+00   0.000000000000000E+00
   7.315509403800000E-01   1.055902854500000E+01   1.055902854500000E+01   0.000000000000000E+00  -9.328762485900000E-01   0.000000000000000E+00   0.000000000000000E+00   0.000000000000000E+00
   7.326194592300000E-01   1.057445128600000E+01   1.057445128600000E+01   0.000000000000000E+00  -9.328762485900000E-01   0.000000000000000E+00   0.000000000000000E+00   0.000000000000000E+00
   7.334440958000000E-01   1.058635389000000E+01   1.058635389000000E+01   0.000000000000000E+00  -9.328762485900000E-01   0.000000000000000E+00   0.000000000000000E+00   0.000000000000000E+00
   7.342687323700000E-01   1.059825649400000E+01   1.059825649400000E+01   0.000000000000000E+00  -9.328762485900000E-01   0.000000000000000E+00   0.000000000000000E+00   0.000000000000000E+00
   7.350933689400000E-01   1.061015909800000E+01   1.061015909800000E+01   0.000000000000000E+00  -9.328762485900000E-01   0.000000000000000E+00   0.000000000000000E+00   0.000000000000000E+00
   7.359180055100000E-01   1.062206170200000E+01   1.062206170200000E+01   0.000000000000000E+00  -9.328762485900000E-01   0.000000000000000E+00   0.000000000000000E+00   0.000000000000000E+00
   7.367198699400000E-01   1.063363561800000E+01   1.063363561800000E+01   0.000000000000000E+00  -9.328762485900000E-01   0.000000000000000E+00   0.000000000000000E+00   0.000000000000000E+00
   7.375217343600000E-01   1.064520953400000E+01   1.064520953400000E+01   0.000000000000000E+00  -9.328762485900000E-01   0.000000000000000E+00   0.000000000000000E+00   0.000000000000000E+00
   7.383235987800000E-01   1.065678345100000E+01   1.065678345100000E+01   0.000000000000000E+00  -9.328762485900000E-01   0.000000000000000E+00   0.000000000000000E+00   0.000000000000000E+00
   7.391254632100001E-01   1.066835736700000E+01   1.066835736700000E+01   0.000000000000000E+00  -9.328762485900000E-01   0.000000000000000E+00   0.000000000000000E+00   0.000000000000000E+00
   7.399080760700000E-01   1.067965341100000E+01   1.067965341100000E+01   0.000000000000000E+00  -9.328762485900000E-01   0.000000000000000E+00   0.000000000000000E+00   0.000000000000000E+00
   7.406906889300000E-01   1.069094945500000E+01   1.069094945500000E+01   0.000000000000000E+00  -9.328762485900000E-01   0.000000000000000E+00   0.000000000000000E+00   0.000000000000000E+00
   7.414733018000000E-01   1.070224549900000E+01   1.070224549900000E+01   0.000000000000000E+00  -9.328762485900000E-01   0.000000000000000E+00   0.000000000000000E+00   0.000000000000000E+00
   7.422559146600000E-01   1.071354154300000E+01   1.071354154300000E+01   0.000000000000000E+00  -9.328762485900000E-01   0.000000000000000E+00   0.000000000000000E+00   0.000000000000000E+00
   7.430205940000000E-01   1.072457873800000E+01   1.072457873800000E+01   0.000000000000000E+00  -9.328762485900000E-01   0.000000000000000E+00   0.000000000000000E+00   0.000000000000000E+00
   7.437852733500000E-01   1.073561593400000E+01   1.073561593400000E+01   0.000000000000000E+00  -9.328762485900000E-01   0.000000000000000E+00   0.000000000000000E+00   0.000000000000000E+00
   7.445499526900000E-01   1.074665313000000E+01   1.074665313000000E+01   0.000000000000000E+00  -9.328762485900000E-01   0.000000000000000E+00   0.000000000000000E+00   0.000000000000000E+00
   7.453146320400000E-01   1.075769032600000E+01   1.075769032600000E+01   0.000000000000000E+00  -9.328762485900000E-01   0.000000000000000E+00   0.000000000000000E+00   0.000000000000000E+00
   7.461955138000000E-01   1.077040475900000E+01   1.077040475900000E+01   0.000000000000000E+00  -9.328762485900000E-01   0.000000000000000E+00   0.000000000000000E+00   0.000000000000000E+00
   7.470763955600001E-01   1.078311919300000E+01   1.078311919300000E+01   0.000000000000000E+00  -9.328762485900000E-01   0.000000000000000E+00   0.000000000000000E+00   0.000000000000000E+00
   7.479572773199999E-01   1.079583362600000E+01   1.079583362600000E+01   0.000000000000000E+00  -9.328762485900000E-01   0.000000000000000E+00   0.000000000000000E+00   0.000000000000000E+00
   7.488381590800000E-01   1.080854805900000E+01   1.080854805900000E+01   0.000000000000000E+00  -9.328762485900000E-01   0.000000000000000E+00   0.000000000000000E+00   0.000000000000000E+00
   7.500863977700000E-01   1.082656483300000E+01   1.082656483300000E+01   0.000000000000000E+00  -9.328762485900000E-01   0.000000000000000E+00   0.000000000000000E+00   0.000000000000000E+00
   7.513346364500000E-01   1.084458160700000E+01   1.084458160700000E+01   0.000000000000000E+00  -9.328762485900000E-01   0.000000000000000E+00   0.000000000000000E+00   0.000000000000000E+00
   7.525828751400000E-01   1.086259838100000E+01   1.086259838100000E+01   0.000000000000000E+00  -9.328762485900000E-01   0.000000000000000E+00   0.000000000000000E+00   0.000000000000000E+00
   7.538311138200000E-01   1.088061515500000E+01   1.088061515500000E+01   0.000000000000000E+00  -9.328762485900000E-01   0.000000000000000E+00   0.000000000000000E+00   0.000000000000000E+00
   7.560051111600000E-01   1.091199410500000E+01   1.091199410500000E+01   0.000000000000000E+00  -9.328762485900000E-01   0.000000000000000E+00   0.000000000000000E+00   0.000000000000000E+00
   7.581791085100000E-01   1.094337305400000E+01   1.094337305400000E+01   0.000000000000000E+00  -9.328762485900000E-01   0.000000000000000E+00   0.000000000000000E+00   0.000000000000000E+00
   7.603531058500000E-01   1.097475200400000E+01   1.097475200400000E+01   0.000000000000000E+00  -9.328762485900000E-01   0.000000000000000E+00   0.000000000000000E+00   0.000000000000000E+00
   7.625271031900001E-01   1.100613095300000E+01   1.100613095300000E+01   0.000000000000000E+00  -9.328762485900000E-01   0.000000000000000E+00   0.000000000000000E+00   0.000000000000000E+00
   7.649656464300000E-01   1.104132829400000E+01   1.104132829400000E+01   0.000000000000000E+00  -9.328762485900000E-01   0.000000000000000E+00   0.000000000000000E+00   0.000000000000000E+00
   7.674041896800000E-01   1.107652563400000E+01   1.107652563400000E+01   0.000000000000000E+00  -9.328762485900000E-01   0.000000000000000E+00   0.000000000000000E+00   0.000000000000000E+00
   7.698427329200001E-01   1.111172297500000E+01   1.111172297500000E+01   0.000000000000000E+00  -9.328762485900000E-01   0.000000000000000E+00   0.000000000000000E+00   0.000000000000000E+00
   7.722812761600000E-01   1.114692031600000E+01   1.114692031600000E+01   0.000000000000000E+00  -9.328762485900000E-01   0.000000000000000E+00   0.000000000000000E+00   0.000000000000000E+00
   7.754221937200000E-01   1.119225555700000E+01   1.119225555700000E+01   0.000000000000000E+00  -9.328762485900000E-01   0.000000000000000E+00   0.000000000000000E+00   0.000000000000000E+00
   7.785631112800000E-01   1.123759079800000E+01   1.123759079800000E+01   0.000000000000000E+00  -9.328762485900000E-01   0.000000000000000E+00   0.000000000000000E+00   0.000000000000000E+00
   7.817040288400000E-01   1.128292603900000E+01   1.128292603900000E+01   0.000000000000000E+00  -9.328762485900000E-01   0.000000000000000E+00   0.000000000000000E+00   0.000000000000000E+00
   7.848449464000000E-01   1.132826128000000E+01   1.132826128000000E+01   0.000000000000000E+00  -9.328762485900000E-01   0.000000000000000E+00   0.000000000000000E+00   0.000000000000000E+00
   7.891798147400000E-01   1.139082971600000E+01   1.139082971600000E+01   0.000000000000000E+00  -9.328762485900000E-01   0.000000000000000E+00   0.000000000000000E+00   0.000000000000000E+00
   7.935146830799999E-01   1.145339815300000E+01   1.145339815300000E+01   0.000000000000000E+00  -9.328762485900000E-01   0.000000000000000E+00   0.000000000000000E+00   0.000000000000000E+00
   7.978495514200000E-01   1.151596658900000E+01   1.151596658900000E+01   0.000000000000000E+00  -9.328762485900000E-01   0.000000000000000E+00   0.000000000000000E+00   0.000000000000000E+00
   8.021844197600000E-01   1.157853502600000E+01   1.157853502600000E+01   0.000000000000000E+00  -9.328762485900000E-01   0.000000000000000E+00   0.000000000000000E+00   0.000000000000000E+00
   8.055525240200000E-01   1.162714942400000E+01   1.162714942400000E+01   0.000000000000000E+00  -9.328762485900000E-01   0.000000000000000E+00   0.000000000000000E+00   0.000000000000000E+00
   8.089206282800000E-01   1.167576382300000E+01   1.167576382300000E+01   0.000000000000000E+00  -9.328762485900000E-01   0.000000000000000E+00   0.000000000000000E+00   0.000000000000000E+00
   8.122887325300000E-01   1.172437822100000E+01   1.172437822100000E+01   0.000000000000000E+00  -9.328762485900000E-01   0.000000000000000E+00   0.000000000000000E+00   0.000000000000000E+00
   8.156568367900000E-01   1.177299262000000E+01   1.177299262000000E+01   0.000000000000000E+00  -9.328762485900000E-01   0.000000000000000E+00   0.000000000000000E+00   0.000000000000000E+00
   8.195172229200000E-01   1.182871249600000E+01   1.182871249600000E+01   0.000000000000000E+00  -9.328762485900000E-01   0.000000000000000E+00   0.000000000000000E+00   0.000000000000000E+00
   8.233776090600000E-01   1.188443237100000E+01   1.188443237100000E+01   0.000000000000000E+00  -9.328762485900000E-01   0.000000000000000E+00   0.000000000000000E+00   0.000000000000000E+00
   8.272379951900000E-01   1.194015224700000E+01   1.194015224700000E+01   0.000000000000000E+00  -9.328762485900000E-01   0.000000000000000E+00   0.000000000000000E+00   0.000000000000000E+00
   8.310983813300000E-01   1.199587212200000E+01   1.199587212200000E+01   0.000000000000000E+00  -9.328762485900000E-01   0.000000000000000E+00   0.000000000000000E+00   0.000000000000000E+00
   8.338529769500000E-01   1.203563128600000E+01   1.203563128600000E+01   0.000000000000000E+00  -9.328762485900000E-01   0.000000000000000E+00   0.000000000000000E+00   0.000000000000000E+00
   8.366075725700000E-01   1.207539045000000E+01   1.207539045000000E+01   0.000000000000000E+00  -9.328762485900000E-01   0.000000000000000E+00   0.000000000000000E+00   0.000000000000000E+00
   8.393621681900000E-01   1.211514961400000E+01   1.211514961400000E+01   0.000000000000000E+00  -9.328762485900000E-01   0.000000000000000E+00   0.000000000000000E+00   0.000000000000000E+00
   8.421167638100000E-01   1.215490877800000E+01   1.215490877800000E+01   0.000000000000000E+00  -9.328762485900000E-01   0.000000000000000E+00   0.000000000000000E+00   0.000000000000000E+00
   8.444611138300000E-01   1.218874655700000E+01   1.218874655700000E+01   0.000000000000000E+00  -9.328762485900000E-01   0.000000000000000E+00   0.000000000000000E+00   0.000000000000000E+00
   8.468054638600000E-01   1.222258433600000E+01   1.222258433600000E+01   0.000000000000000E+00  -9.328762485900000E-01   0.000000000000000E+00   0.000000000000000E+00   0.000000000000000E+00
   8.491498138800000E-01   1.225642211400000E+01   1.225642211400000E+01   0.000000000000000E+00  -9.328762485900000E-01   0.000000000000000E+00   0.000000000000000E+00   0.000000000000000E+00
   8.514941639000000E-01   1.229025989300000E+01   1.229025989300000E+01   0.000000000000000E+00  -9.328762485900000E-01   0.000000000000000E+00   0.000000000000000E+00   0.000000000000000E+00
   8.540615847700000E-01   1.232731742200000E+01   1.232731742200000E+01   0.000000000000000E+00  -9.328762485900000E-01   0.000000000000000E+00   0.000000000000000E+00   0.000000000000000E+00
   8.566290056400000E-01   1.236437495100000E+01   1.236437495100000E+01   0.000000000000000E+00  -9.328762485900000E-01   0.000000000000000E+00   0.000000000000000E+00   0.000000000000000E+00
   8.591964265100001E-01   1.240143248000000E+01   1.240143248000000E+01   0.000000000000000E+00  -9.328762485900000E-01   0.000000000000000E+00   0.000000000000000E+00   0.000000000000000E+00
   8.617638473900000E-01   1.243849000900000E+01   1.243849000900000E+01   0.000000000000000E+00  -9.328762485900000E-01   0.000000000000000E+00   0.000000000000000E+00   0.000000000000000E+00
   8.649967596500000E-01   1.248515308000000E+01   1.248515308000000E+01   0.000000000000000E+00  -9.328762485900000E-01   0.000000000000000E+00   0.000000000000000E+00   0.000000000000000E+00
   8.682296719200000E-01   1.253181615000000E+01   1.253181615000000E+01   0.000000000000000E+00  -9.328762485900000E-01   0.000000000000000E+00   0.000000000000000E+00   0.000000000000000E+00
   8.714625841900000E-01   1.257847922000000E+01   1.257847922000000E+01   0.000000000000000E+00  -9.328762485900000E-01   0.000000000000000E+00   0.000000000000000E+00   0.000000000000000E+00
   8.746954964600000E-01   1.262514229000000E+01   1.262514229000000E+01   0.000000000000000E+00  -9.328762485900000E-01   0.000000000000000E+00   0.000000000000000E+00   0.000000000000000E+00
   8.773868531200000E-01   1.266398867900000E+01   1.266398867900000E+01   0.000000000000000E+00  -9.328762485900000E-01   0.000000000000000E+00   0.000000000000000E+00   0.000000000000000E+00
   8.800782097700000E-01   1.270283506700000E+01   1.270283506700000E+01   0.000000000000000E+00  -9.328762485900000E-01   0.000000000000000E+00   0.000000000000000E+00   0.000000000000000E+00
   8.827695664300000E-01   1.274168145500000E+01   1.274168145500000E+01   0.000000000000000E+00  -9.328762485900000E-01   0.000000000000000E+00   0.000000000000000E+00   0.000000000000000E+00
   8.854609230800000E-01   1.278052784300000E+01   1.278052784300000E+01   0.000000000000000E+00  -9.328762485900000E-01   0.000000000000000E+00   0.000000000000000E+00   0.000000000000000E+00
   8.885642052600000E-01   1.282531986400000E+01   1.282531986400000E+01   0.000000000000000E+00  -9.328762485900000E-01   0.000000000000000E+00   0.000000000000000E+00   0.000000000000000E+00
   8.916674874300000E-01   1.287011188500000E+01   1.287011188500000E+01   0.000000000000000E+00  -9.328762485900000E-01   0.000000000000000E+00   0.000000000000000E+00   0.000000000000000E+00
   8.947707696100000E-01   1.291490390600000E+01   1.291490390600000E+01   0.000000000000000E+00  -9.328762485900000E-01   0.000000000000000E+00   0.000000000000000E+00   0.000000000000000E+00
   8.978740517800000E-01   1.295969592700000E+01   1.295969592700000E+01   0.000000000000000E+00  -9.328762485900000E-01   0.000000000000000E+00   0.000000000000000E+00   0.000000000000000E+00
   9.022743258700000E-01   1.302320841400000E+01   1.302320841400000E+01   0.000000000000000E+00  -9.328762485900000E-01   0.000000000000000E+00   0.000000000000000E+00   0.000000000000000E+00
   9.066745999600000E-01   1.308672090100000E+01   1.308672090100000E+01   0.000000000000000E+00  -9.328762485900000E-01   0.000000000000000E+00   0.000000000000000E+00   0.000000000000000E+00
   9.110748740400000E-01   1.315023338800000E+01   1.315023338800000E+01   0.000000000000000E+00  -9.328762485900000E-01   0.000000000000000E+00   0.000000000000000E+00   0.000000000000000E+00
   9.154751481300000E-01   1.321374587500000E+01   1.321374587500000E+01   0.000000000000000E+00  -9.328762485900000E-01   0.000000000000000E+00   0.000000000000000E+00   0.000000000000000E+00
   9.198356579600000E-01   1.327668441500000E+01   1.327668441500000E+01   0.000000000000000E+00  -9.328762485900000E-01   0.000000000000000E+00   0.000000000000000E+00   0.000000000000000E+00
   9.241961678000000E-01   1.333962295400000E+01   1.333962295400000E+01   0.000000000000000E+00  -9.328762485900000E-01   0.000000000000000E+00   0.000000000000000E+00   0.000000000000000E+00
   9.285566776300000E-01   1.340256149400000E+01   1.340256149400000E+01   0.000000000000000E+00  -9.328762485900000E-01   0.000000000000000E+00   0.000000000000000E+00   0.000000000000000E+00
   9.329171874600000E-01   1.346550003300000E+01   1.346550003300000E+01   0.000000000000000E+00  -9.328762485900000E-01   0.000000000000000E+00   0.000000000000000E+00   0.000000000000000E+00
   9.370923686900000E-01   1.352576358500000E+01   1.352576358500000E+01   0.000000000000000E+00  -9.328762485900000E-01   0.000000000000000E+00   0.000000000000000E+00   0.000000000000000E+00
   9.412675499199999E-01   1.358602713600000E+01   1.358602713600000E+01   0.000000000000000E+00  -9.328762485900000E-01   0.000000000000000E+00   0.000000000000000E+00   0.000000000000000E+00
   9.454427311400000E-01   1.364629068800000E+01   1.364629068800000E+01   0.000000000000000E+00  -9.328762485900000E-01   0.000000000000000E+00   0.000000000000000E+00   0.000000000000000E+00
   9.496179123700000E-01   1.370655423900000E+01   1.370655423900000E+01   0.000000000000000E+00  -9.328762485900000E-01   0.000000000000000E+00   0.000000000000000E+00   0.000000000000000E+00
   9.537323120900000E-01   1.376594048500000E+01   1.376594048500000E+01   0.000000000000000E+00  -9.328762485900000E-01   0.000000000000000E+00   0.000000000000000E+00   0.000000000000000E+00
   9.578467118100000E-01   1.382532673100000E+01   1.382532673100000E+01   0.000000000000000E+00  -9.328762485900000E-01   0.000000000000000E+00   0.000000000000000E+00   0.000000000000000E+00
   9.619611115300000E-01   1.388471297700000E+01   1.388471297700000E+01   0.000000000000000E+00  -9.328762485900000E-01   0.000000000000000E+00   0.000000000000000E+00   0.000000000000000E+00
   9.660755112500000E-01   1.394409922300000E+01   1.394409922300000E+01   0.000000000000000E+00  -9.328762485900000E-01   0.000000000000000E+00   0.000000000000000E+00   0.000000000000000E+00
   9.703160691000000E-01   1.400530640500000E+01   1.400530640500000E+01   0.000000000000000E+00  -9.328762485900000E-01   0.000000000000000E+00   0.000000000000000E+00   0.000000000000000E+00
   9.745566269500000E-01   1.406651358700000E+01   1.406651358700000E+01   0.000000000000000E+00  -9.328762485900000E-01   0.000000000000000E+00   0.000000000000000E+00   0.000000000000000E+00
   9.787971848000000E-01   1.412772076900000E+01   1.412772076900000E+01   0.000000000000000E+00  -9.328762485900000E-01   0.000000000000000E+00   0.000000000000000E+00   0.000000000000000E+00
   9.830377426400000E-01   1.418892795000000E+01   1.418892795000000E+01   0.000000000000000E+00  -9.328762485900000E-01   0.000000000000000E+00   0.000000000000000E+00   0.000000000000000E+00
   9.872783069800000E-01   1.425013522600000E+01   1.425013522600000E+01   0.000000000000000E+00  -9.328762485900000E-01   0.000000000000000E+00   0.000000000000000E+00   0.000000000000000E+00
   9.915188713200001E-01   1.431134250100000E+01   1.431134250100000E+01   0.000000000000000E+00  -9.328762485900000E-01   0.000000000000000E+00   0.000000000000000E+00   0.000000000000000E+00
   9.957594356600000E-01   1.437254977700000E+01   1.437254977700000E+01   0.000000000000000E+00  -9.328762485900000E-01   0.000000000000000E+00   0.000000000000000E+00   0.000000000000000E+00
   1.000000000000000E+00   1.443375705200000E+01   1.443375705200000E+01   0.000000000000000E+00  -9.328762485900000E-01   0.000000000000000E+00   0.000000000000000E+00   0.000000000000000E+00
