   0.000000000000000E+00  -1.496978181700000E-31   0.000000000000000E+00   0.000000000000000E+00  -2.685060384500000E-01  -5.360673827300000E-02   0.000000000000000E+00   2.997420101800000E-01
   3.557838305500000E-03   5.135297373200000E-02   8.150167819699999E-02   1.368738796100000E-03  -2.684905366300000E-01  -5.360627014000000E-02   3.367177299500000E-02   3.037435358000000E-01
   7.115676611000000E-03   1.027059474600000E-01   1.627455482300000E-01   5.489265075200000E-03  -2.684441976900000E-01  -5.360298456400000E-02   6.774807184700000E-02   3.069923851700000E-01
   1.067351491600000E-02   1.540589212000000E-01   2.436732123100000E-01   1.237815101500000E-02  -2.683673163900000E-01  -5.359404647100000E-02   1.021444922300000E-01   3.094810194600000E-01
   1.423135322200000E-02   2.054118949300000E-01   3.242259726800000E-01   2.204552632300000E-02  -2.682602476200000E-01  -5.357660707200000E-02   1.367758859800000E-01   3.112036433400000E-01
   1.776975033900000E-02   2.564842592600000E-01   4.039086967500000E-01   3.441959804100000E-02  -2.681242343600000E-01  -5.354800335100000E-02   1.713662382800000E-01   3.121530897600000E-01
   2.130814745500000E-02   3.075566235900000E-01   4.831054597300000E-01   4.954327558400000E-02  -2.679592405200000E-01  -5.350535520400000E-02   2.060195614500000E-01   3.123385580500000E-01
   2.484654457200000E-02   3.586289879300000E-01   5.617600040800000E-01   6.740821196500001E-02  -2.677657912800000E-01  -5.344585803100000E-02   2.406510428900000E-01   3.117594353100000E-01
   2.838494168800000E-02   4.097013522600000E-01   6.398173327800000E-01   8.800014749500000E-02  -2.675444686400000E-01  -5.336671877400000E-02   2.751758954900000E-01   3.104167940900000E-01
   3.192326115800000E-02   4.607725958600000E-01   7.172223795600000E-01   1.112984207300000E-01  -2.672959158200000E-01  -5.326516400800000E-02   3.095087808100000E-01   3.083134510700000E-01
   3.546158062800000E-02   5.118438394700000E-01   7.939255339200000E-01   1.372775302900000E-01  -2.670208192800000E-01  -5.313844000700000E-02   3.435662760600000E-01   3.054538424100000E-01
   3.899990009800000E-02   5.629150830700000E-01   8.698779548100000E-01   1.659057848200000E-01  -2.667199210500000E-01  -5.298382440500000E-02   3.772648020000000E-01   3.018441314600000E-01
   4.253821956800000E-02   6.139863266700000E-01   9.450336856400000E-01   1.971457612000000E-01  -2.663940115600000E-01  -5.279863013300000E-02   4.105215584000000E-01   2.974921957100000E-01
   4.571549144900000E-02   6.598462970800000E-01   1.011806488500000E+00   2.273882267000000E-01  -2.660807316100000E-01  -5.260409605600000E-02   4.399409705000000E-01   2.929597096500000E-01
   4.889276332900000E-02   7.057062675000000E-01   1.077874151600000E+00   2.596668087300000E-01  -2.657485918300000E-01  -5.238088690400000E-02   4.688796921800000E-01   2.878446001300000E-01
   5.207003521000000E-02   7.515662379100000E-01   1.143211139800000E+00   2.939427719100000E-01  -2.653982508200000E-01  -5.212715276000000E-02   4.972801304500000E-01   2.821561292700000E-01
   5.524730709100000E-02   7.974262083200000E-01   1.207794939900000E+00   3.301737978900000E-01  -2.650303892100000E-01  -5.184108087900000E-02   5.250856708900000E-01   2.759046785100000E-01
   5.831209443700000E-02   8.416626043000000E-01   1.269360589400000E+00   3.669317126400000E-01  -2.646596051000000E-01  -5.153283596100000E-02   5.512911289600000E-01   2.693518624400000E-01
   6.137688178400000E-02   8.858990002800000E-01   1.330193420600000E+00   4.054218969500000E-01  -2.642738126800000E-01  -5.119130054200000E-02   5.768426047600000E-01   2.622971917900000E-01
   6.444166913100000E-02   9.301353962600000E-01   1.390282671600000E+00   4.455972848800000E-01  -2.638736652000000E-01  -5.081496273600000E-02   6.016924493100000E-01   2.547528769000000E-01
   6.750645647700000E-02   9.743717922400000E-01   1.449621123500000E+00   4.874080141600000E-01  -2.634598238600000E-01  -5.040235353700000E-02   6.257942307300000E-01   2.467320350500000E-01
   7.068746254000000E-02   1.020285660900000E+00   1.510411985700000E+00   5.324774604300000E-01  -2.630165202600000E-01  -4.993421287500000E-02   6.499704918300000E-01   2.379180612100000E-01
   7.386846860400000E-02   1.066199529600000E+00   1.570390881800000E+00   5.791903136800000E-01  -2.625599286400000E-01  -4.942392649000000E-02   6.732433813499999E-01   2.286224294300000E-01
   7.704947466700000E-02   1.112113398300000E+00   1.629563162900000E+00   6.274821064200000E-01  -2.620907923700000E-01  -4.887001476400000E-02   6.955657237400000E-01   2.188626733300000E-01
   8.023048073000000E-02   1.158027267000000E+00   1.687939099100000E+00   6.772857497300000E-01  -2.616098476500000E-01  -4.827105848100000E-02   7.168921358900000E-01   2.086571972300000E-01
   8.342967652500000E-02   1.204203681900000E+00   1.745861126200000E+00   7.288287554900000E-01  -2.611149752200000E-01  -4.762187475800000E-02   7.372920413900000E-01   1.979632330900000E-01
   8.662887231999999E-02   1.250380096800000E+00   1.803013976100000E+00   7.817576010800000E-01  -2.606096125500000E-01  -4.692444391200000E-02   7.565983169500000E-01   1.868581781800000E-01
   8.982806811600000E-02   1.296556511600000E+00   1.859423758800000E+00   8.359972000100000E-01  -2.600944581700000E-01  -4.617752067000000E-02   7.747707707900000E-01   1.753630122000000E-01
   9.302726391100000E-02   1.342732926500000E+00   1.915121880700000E+00   8.914705824600000E-01  -2.595701840500000E-01  -4.537992997400000E-02   7.917713461500000E-01   1.634993185100000E-01
   9.637619265000000E-02   1.391070550300000E+00   1.972704400400000E+00   9.507764365700000E-01  -2.590122990200000E-01  -4.448952987900000E-02   8.082731742100000E-01   1.507096250500000E-01
   9.972512139000000E-02   1.439408174100000E+00   2.029595394200000E+00   1.011256034300000E+00  -2.584458150500000E-01  -4.354122081100000E-02   8.234130658400000E-01   1.375662162900000E-01
   1.030740501300000E-01   1.487745797900000E+00   2.085848937000000E+00   1.072815778100000E+00  -2.578713748100000E-01  -4.253391323000000E-02   8.371552545099999E-01   1.240953959500000E-01
   1.064229788700000E-01   1.536083421700000E+00   2.141524852400000E+00   1.135360654500000E+00  -2.572895659000000E-01  -4.146660876300000E-02   8.494667532700000E-01   1.103237970700000E-01
   1.099559424600000E-01   1.587077359800000E+00   2.199706364400000E+00   1.202304105500000E+00  -2.566683786900000E-01  -4.027462072400000E-02   8.608707599300000E-01   9.549904197500000E-02
   1.134889060400000E-01   1.638071297900000E+00   2.257400496400000E+00   1.270122353300000E+00  -2.560401170500000E-01  -3.901390256300000E-02   8.706169409900000E-01   8.040117175399999E-02
   1.170218696300000E-01   1.689065236000000E+00   2.314695702500000E+00   1.338699697400000E+00  -2.554052331900000E-01  -3.768362103500000E-02   8.786767991400000E-01   6.506196456700000E-02
   1.205548332200000E-01   1.740059174100000E+00   2.371685549800000E+00   1.407919214000000E+00  -2.547640865000000E-01  -3.628306151800000E-02   8.850253556600000E-01   4.951316280300000E-02
   1.239997029700000E-01   1.789781587200000E+00   2.427053933400000E+00   1.475918312400000E+00  -2.541331469300000E-01  -3.484918468600000E-02   8.895472650200000E-01   3.418044570100000E-02
   1.274445727300000E-01   1.839504000300000E+00   2.482319491600000E+00   1.544305032600000E+00  -2.534966518800000E-01  -3.334748427800000E-02   8.924050250900000E-01   1.870764776600000E-02
   1.308894424800000E-01   1.889226413400000E+00   2.537579114200000E+00   1.612967593100000E+00  -2.528546555200000E-01  -3.177763034800000E-02   8.935850647200000E-01   3.123643596700000E-03
   1.343343122400000E-01   1.938948826500000E+00   2.592931616500000E+00   1.681792977600000E+00  -2.522071147100000E-01  -3.013940472300000E-02   8.930769157900000E-01  -1.254299124300000E-02
   1.377729541200000E-01   1.988581348100000E+00   2.648376382700000E+00   1.750542348800000E+00  -2.515550737000000E-01  -2.843584947400000E-02   8.908786987100000E-01  -2.823556552600000E-02
   1.412115960000000E-01   2.038213869600000E+00   2.704113258500000E+00   1.819224847600000E+00  -2.508971264200000E-01  -2.666407367500000E-02   8.869866758400000E-01  -4.395462792000000E-02
   1.446502378900000E-01   2.087846391200000E+00   2.760241672300000E+00   1.887723719900000E+00  -2.502329334900000E-01  -2.482420157700000E-02   8.813994653700000E-01  -5.967287159200000E-02
   1.480888797700000E-01   2.137478912700000E+00   2.816859848300000E+00   1.955920514900000E+00  -2.495620574500000E-01  -2.291647416500000E-02   8.741186072700000E-01  -7.536341120200001E-02
   1.515561890400000E-01   2.187525212300000E+00   2.874543683700000E+00   2.024257886000000E+00  -2.488782789400000E-01  -2.092450122900000E-02   8.650666566800000E-01  -9.112985413400000E-02
   1.550234983100000E-01   2.237571511900000E+00   2.932919139200000E+00   2.092040588400000E+00  -2.481865173900000E-01  -1.886439462700000E-02   8.543046401400000E-01  -1.068145837500000E-01
   1.584908075800000E-01   2.287617811600000E+00   2.992078175800000E+00   2.159141301100000E+00  -2.474860342900000E-01  -1.673677316000000E-02   8.418428680300000E-01  -1.223914194300000E-01
   1.619581168500000E-01   2.337664111200000E+00   3.052108160600000E+00   2.225430601100000E+00  -2.467760014000000E-01  -1.454238412200000E-02   8.276944712800000E-01  -1.378346600200000E-01
   1.651932817700000E-01   2.384359695600000E+00   3.108976838700000E+00   2.286434006000000E+00  -2.461040905200000E-01  -1.243547456200000E-02   8.129863038700000E-01  -1.521012223300000E-01
   1.684284466800000E-01   2.431055280100000E+00   3.166736970300000E+00   2.346508068200000E+00  -2.454222670200000E-01  -1.027201862300000E-02   7.968386679000000E-01  -1.662094250600000E-01
   1.716636116000000E-01   2.477750864500000E+00   3.225445041400000E+00   2.405542844300000E+00  -2.447296717400000E-01  -8.052935506700000E-03   7.792686310100000E-01  -1.801395480600000E-01
   1.748987765200000E-01   2.524446449000000E+00   3.285151775900000E+00   2.463427007500000E+00  -2.440253954400000E-01  -5.779247738000000E-03   7.602952420400000E-01  -1.938722534300000E-01
   1.781295536000000E-01   2.571078700500000E+00   3.345818563900000E+00   2.519972102500000E+00  -2.433094653300000E-01  -3.455274304500000E-03   7.399680292000000E-01  -2.073704148900000E-01
   1.813603306800000E-01   2.617710951900000E+00   3.407563334900000E+00   2.575144283100000E+00  -2.425799457100000E-01  -1.079195739000000E-03   7.182850068200000E-01  -2.206343189300000E-01
   1.845911077600000E-01   2.664343203400000E+00   3.470416603400000E+00   2.628829611900000E+00  -2.418358166300000E-01   1.347654408700000E-03   6.952708253400000E-01  -2.336458944500000E-01
   1.878218848500000E-01   2.710975454900000E+00   3.534401402600000E+00   2.680913624600000E+00  -2.410760331900000E-01   3.823836079700000E-03   6.709519449600000E-01  -2.463874868200000E-01
   1.910980075900000E-01   2.758262214700000E+00   3.600455334700000E+00   2.731975811700000E+00  -2.402885094200000E-01   6.383559834300000E-03   6.449884090000000E-01  -2.590145497100000E-01
   1.943741303400000E-01   2.805548974500000E+00   3.667695795700000E+00   2.781154040700000E+00  -2.394826757300000E-01   8.990693403200000E-03   6.177435698900000E-01  -2.713287911600000E-01
   1.976502530800000E-01   2.852835734300000E+00   3.736121300500000E+00   2.828329487200000E+00  -2.386574102900000E-01   1.164339882600000E-02   5.892504409700000E-01  -2.833132050900000E-01
   2.009263758300000E-01   2.900122494100000E+00   3.805721329900000E+00   2.873384366500000E+00  -2.378115969200000E-01   1.433972625700000E-02   5.595437567400000E-01  -2.949512911100000E-01
   2.039571481200000E-01   2.943867924900000E+00   3.871137923100000E+00   2.913075767500000E+00  -2.370098720000000E-01   1.687118104600000E-02   5.310127715400000E-01  -3.053955207600000E-01
   2.069879204000000E-01   2.987613355800000E+00   3.937520326500000E+00   2.950762266000000E+00  -2.361887622000000E-01   1.943649160300000E-02   5.015043890799999E-01  -3.155174408500000E-01
   2.100186926900000E-01   3.031358786700000E+00   4.004839130500000E+00   2.986355235600000E+00  -2.353474350900000E-01   2.203386495800000E-02   4.710498052600000E-01  -3.253052317300000E-01
   2.130494649800000E-01   3.075104217500000E+00   4.073058180300000E+00   3.019768291500000E+00  -2.344850869400000E-01   2.466143158200000E-02   4.396813190400000E-01  -3.347475007400000E-01
   2.159968927500000E-01   3.117646674000000E+00   4.140224042300000E+00   3.050092041300000E+00  -2.336255593500000E-01   2.724385373400000E-02   4.083305983100000E-01  -3.435883005800000E-01
   2.189443205300000E-01   3.160189130500000E+00   4.208155505200000E+00   3.078200521500000E+00  -2.327447516600000E-01   2.985113946400000E-02   3.761787092800000E-01  -3.520822968800000E-01
   2.218917483100000E-01   3.202731586900000E+00   4.276801526400000E+00   3.104022431100000E+00  -2.318420339600000E-01   3.248137344400000E-02   3.432581349300000E-01  -3.602202440100000E-01
   2.248391760900000E-01   3.245274043400000E+00   4.346105518400000E+00   3.127489813600000E+00  -2.309168221000000E-01   3.513258109900000E-02   3.096021930600000E-01  -3.679933227700000E-01
   2.278208798100000E-01   3.288311230600000E+00   4.416821665000000E+00   3.148768657200000E+00  -2.299574174700000E-01   3.783388606900000E-02   2.748414678700000E-01  -3.754769751000000E-01
   2.308025835400000E-01   3.331348417800000E+00   4.488078336300000E+00   3.167509630100000E+00  -2.289739504200000E-01   4.055241862400000E-02   2.393991930700000E-01  -3.825704269300000E-01
   2.337842872700000E-01   3.374385605000000E+00   4.559801059600000E+00   3.183654770700000E+00  -2.279659875300000E-01   4.328596916700000E-02   2.033122170700000E-01  -3.892659345600000E-01
   2.367659909900000E-01   3.417422792100000E+00   4.631910620200000E+00   3.197150876500000E+00  -2.269331615600000E-01   4.603228026000000E-02   1.666180898700000E-01  -3.955562342900000E-01
   2.399171753700000E-01   3.462906221900000E+00   4.708446660100000E+00   3.208481644300000E+00  -2.258142782300000E-01   4.894601204500000E-02   1.272206886800000E-01  -4.017561662700000E-01
   2.430683597500000E-01   3.508389651600000E+00   4.785217690200000E+00   3.216749445400000E+00  -2.246670322700000E-01   5.186866127200000E-02   8.723368001600000E-02  -4.074885465500000E-01
   2.462195441200000E-01   3.553873081300000E+00   4.862115623300000E+00   3.221910715800000E+00  -2.234912589000000E-01   5.479742153300000E-02   4.670360371400000E-02  -4.127465876500000E-01
   2.493707285000000E-01   3.599356511000000E+00   4.939028400800000E+00   3.223929029900000E+00  -2.222868934800000E-01   5.772945003800000E-02   5.677639623300000E-03  -4.175241232300000E-01
   2.529224184200000E-01   3.650620740400000E+00   5.025589914000000E+00   3.222400288200000E+00  -2.208952356300000E-01   6.103445699200000E-02  -4.109732601900000E-02  -4.223259754300000E-01
   2.564741083300000E-01   3.701884969800000E+00   5.111853848300000E+00   3.216812018700000E+00  -2.194675258100000E-01   6.433581705700001E-02  -8.837238248500000E-02  -4.265034140200000E-01
   2.600257982500000E-01   3.753149199200000E+00   5.197647201600000E+00   3.207146479000000E+00  -2.180041576900000E-01   6.762935835500000E-02  -1.360776478800000E-01  -4.300504702500000E-01
   2.635774881600000E-01   3.804413428500000E+00   5.282794631600000E+00   3.193398477200000E+00  -2.165057035200000E-01   7.091089724800000E-02  -1.841426320100000E-01  -4.329621897700000E-01
   2.666940477200000E-01   3.849397092000000E+00   5.356838715300000E+00   3.177977481300000E+00  -2.151625190900000E-01   7.377721049500000E-02  -2.265592314400000E-01  -4.349906988000000E-01
   2.698106072800000E-01   3.894380755500000E+00   5.430130016700000E+00   3.159431598900000E+00  -2.137935194800000E-01   7.662824270500000E-02  -2.691499370600000E-01  -4.365249457400000E-01
   2.729271668400000E-01   3.939364419000000E+00   5.502549692400000E+00   3.137781247200000E+00  -2.123994354700000E-01   7.946119137100000E-02  -3.118663727100000E-01  -4.375635179800000E-01
   2.760437263900000E-01   3.984348082500000E+00   5.573980026500000E+00   3.113054162200000E+00  -2.109811042400000E-01   8.227327564900000E-02  -3.546600537400000E-01  -4.381056074500000E-01
   2.790582722100000E-01   4.027859304400000E+00   5.642021720400000E+00   3.086241963100000E+00  -2.095870153900000E-01   8.497087026800000E-02  -3.960807942200000E-01  -4.381573860400000E-01
   2.820728180200000E-01   4.071370526300000E+00   5.708926185200000E+00   3.056621661900000E+00  -2.081720670500000E-01   8.764390727000000E-02  -4.374844750600000E-01  -4.377448180900000E-01
   2.850873638400000E-01   4.114881748200000E+00   5.774592908000000E+00   3.024237066900000E+00  -2.067372927000000E-01   9.028996180000000E-02  -4.788272407700000E-01  -4.368687952400000E-01
   2.881019096500000E-01   4.158392970100000E+00   5.838924293500000E+00   2.989137741800000E+00  -2.052838120600000E-01   9.290664962799999E-02  -5.200653454700001E-01  -4.355307446800000E-01
   2.912500349300000E-01   4.203832245600000E+00   5.904578838100000E+00   2.949645015700000E+00  -2.037472617900000E-01   9.560540666000000E-02  -5.629718440200000E-01  -4.336423465800000E-01
   2.943981602200000E-01   4.249271521100000E+00   5.968571369500000E+00   2.907320641700000E+00  -2.021930879400000E-01   9.826698096700000E-02  -6.056672673000000E-01  -4.312550806700000E-01
   2.975462855000000E-01   4.294710796700000E+00   6.030803994600000E+00   2.862239344600000E+00  -2.006228456400000E-01   1.008888329000000E-01  -6.481025373600000E-01  -4.283724580800000E-01
   3.006944107900000E-01   4.340150072200000E+00   6.091184311900000E+00   2.814481338600000E+00  -1.990381765000000E-01   1.034684932300000E-01  -6.902289547900000E-01  -4.249986366800000E-01
   3.037032975000000E-01   4.383579612000000E+00   6.147083120100000E+00   2.766412385100000E+00  -1.975116980600000E-01   1.058924182500000E-01  -7.301590495900000E-01  -4.213193638800000E-01
   3.067121842100000E-01   4.427009151800000E+00   6.201140706900000E+00   2.716054580900000E+00  -1.959751838800000E-01   1.082735910800000E-01  -7.697212124300000E-01  -4.172005183600000E-01
   3.097210709300000E-01   4.470438691600000E+00   6.253292616600000E+00   2.663489774800000E+00  -1.944302614400000E-01   1.106100590500000E-01  -8.088742152000000E-01  -4.126473914100000E-01
   3.127299576400000E-01   4.513868231400000E+00   6.303480285300000E+00   2.608802867400000E+00  -1.928786116900000E-01   1.128999419400000E-01  -8.475773544700000E-01  -4.076658136500000E-01
   3.159215633800000E-01   4.559935093400000E+00   6.354510516800000E+00   2.548573374000000E+00  -1.912273124700000E-01   1.152759549900000E-01  -8.880943891200000E-01  -4.019205627200000E-01
   3.191131691300000E-01   4.606001955300000E+00   6.403217008100000E+00   2.486161955300000E+00  -1.895725071700000E-01   1.175954628300000E-01  -9.280129934800000E-01  -3.957086677700000E-01
   3.223047748700000E-01   4.652068817200000E+00   6.449553298700000E+00   2.421677943300000E+00  -1.879163585200000E-01   1.198565054800000E-01  -9.672869072900000E-01  -3.890390457600000E-01
   3.254963806200000E-01   4.698135679100000E+00   6.493481410600000E+00   2.355232244800000E+00  -1.862610681400000E-01   1.220572243900000E-01  -1.005870795500000E+00  -3.819212669700000E-01
   3.285418503000000E-01   4.742093248700000E+00   6.533125798700000E+00   2.290102673400000E+00  -1.846844199600000E-01   1.240993204900000E-01  -1.042003931600000E+00  -3.747209158800000E-01
   3.315873199900000E-01   4.786050818300000E+00   6.570532589700000E+00   2.223386376100000E+00  -1.831125464900000E-01   1.260834532200000E-01  -1.077430757000000E+00  -3.671312013400000E-01
   3.346327896800000E-01   4.830008387900000E+00   6.605690939500000E+00   2.155180659300000E+00  -1.815474199700000E-01   1.280082704100000E-01  -1.112114557800000E+00  -3.591620221800000E-01
   3.376782593700000E-01   4.873965957400000E+00   6.638597258700000E+00   2.085582158700000E+00  -1.799910190200000E-01   1.298725051400000E-01  -1.146019588000000E+00  -3.508237591200000E-01
   3.406424151200000E-01   4.916749861400000E+00   6.668465741900000E+00   2.016595375000000E+00  -1.784864367400000E-01   1.316276612900000E-01  -1.178238430400000E+00  -3.423640115400000E-01
   3.436065708700000E-01   4.959533765400000E+00   6.696214080400000E+00   1.946466347900000E+00  -1.769938141000000E-01   1.333232922000000E-01  -1.209655558400000E+00  -3.335752949300000E-01
   3.465707266200000E-01   5.002317669300000E+00   6.721858387700000E+00   1.875279911100000E+00  -1.755149586200000E-01   1.349584568700000E-01  -1.240240893000000E+00  -3.244683790100000E-01
   3.495348823700000E-01   5.045101573300000E+00   6.745420937600000E+00   1.803118753600000E+00  -1.740516614000000E-01   1.365322859600000E-01  -1.269965372600000E+00  -3.150543838800000E-01
   3.525757458800000E-01   5.088992658400000E+00   6.767459670100000E+00   1.728161375600000E+00  -1.725685185100000E-01   1.380822688000000E-01  -1.299535160400000E+00  -3.050896681100000E-01
   3.556166093900000E-01   5.132883743500000E+00   6.787374199700000E+00   1.652346191100000E+00  -1.711054935400000E-01   1.395660700500000E-01  -1.328140416300000E+00  -2.948265138200000E-01
   3.586574729000000E-01   5.176774828700000E+00   6.805207610800000E+00   1.575753374300000E+00  -1.696644325100000E-01   1.409829720400000E-01  -1.355753300400000E+00  -2.842779135200000E-01
   3.616983364100000E-01   5.220665913800000E+00   6.821008931400000E+00   1.498459431900000E+00  -1.682471409900000E-01   1.423323258900000E-01  -1.382347225000000E+00  -2.734571345700000E-01
   3.652210379600000E-01   5.271511732200000E+00   6.836845738200000E+00   1.408136729000000E+00  -1.666373054500000E-01   1.438102752000000E-01  -1.411847883000000E+00  -2.605992679900000E-01
   3.687437395200000E-01   5.322357550700000E+00   6.850123102700000E+00   1.317076376000000E+00  -1.650643811900000E-01   1.451959904500000E-01  -1.439909990900000E+00  -2.474156438700000E-01
   3.722664410800000E-01   5.373203369100000E+00   6.860944018100000E+00   1.225376617600000E+00  -1.635309189900000E-01   1.464887718300000E-01  -1.466498759800000E+00  -2.339279479700000E-01
   3.757891426400000E-01   5.424049187600000E+00   6.869419818800000E+00   1.133127755600000E+00  -1.620393606400000E-01   1.476880154300000E-01  -1.491581810900000E+00  -2.201581290900000E-01
   3.791393716300000E-01   5.472405578900000E+00   6.875413503300000E+00   1.044961147500000E+00  -1.606618295100000E-01   1.487412918400000E-01  -1.514012491600000E+00  -2.068209627500000E-01
   3.824896006200000E-01   5.520761970300000E+00   6.879501960500000E+00   9.564362840500000E-01  -1.593261989400000E-01   1.497091219700000E-01  -1.535030489000000E+00  -1.932678474800000E-01
   3.858398296100000E-01   5.569118361600000E+00   6.881798575400000E+00   8.676105586000000E-01  -1.580342569200000E-01   1.505911873900000E-01  -1.554614127700000E+00  -1.795180461800000E-01
   3.891900586100000E-01   5.617474753000000E+00   6.882421375500000E+00   7.785349243500000E-01  -1.567876795200000E-01   1.513872220700000E-01  -1.572743758200000E+00  -1.655908643700000E-01
   3.924619008300000E-01   5.664699728800000E+00   6.881531076900000E+00   6.913450618900000E-01  -1.556155485400000E-01   1.520813863400000E-01  -1.589028940000000E+00  -1.518368371100000E-01
   3.957337430600000E-01   5.711924704700000E+00   6.879278070500000E+00   6.039955951100000E-01  -1.544895153800000E-01   1.526931219900000E-01  -1.603895999700000E+00  -1.379500236200000E-01
   3.990055852900000E-01   5.759149680500000E+00   6.875782379500000E+00   5.165174688900001E-01  -1.534108105600000E-01   1.532222931200000E-01  -1.617332233000000E+00  -1.239483425700000E-01
   4.022774275200000E-01   5.806374656400000E+00   6.871166509600000E+00   4.289367713400000E-01  -1.523805500400000E-01   1.536687907300000E-01  -1.629326770300000E+00  -1.098496412800000E-01
   4.056595235700000E-01   5.855191009000000E+00   6.865350150000000E+00   3.383198771900000E-01  -1.513675537400000E-01   1.540433435600000E-01  -1.640200514800000E+00  -9.519273870800000E-02
   4.090416196200000E-01   5.904007361700000E+00   6.858609632700000E+00   2.476356319900000E-01  -1.504083594600000E-01   1.543293905300000E-01  -1.649516164200000E+00  -8.047062771300000E-02
   4.124237156600000E-01   5.952823714400000E+00   6.851086117000000E+00   1.568991368400000E-01  -1.495038006100000E-01   1.545268734400000E-01  -1.657267829200000E+00  -6.570264900700000E-02
   4.158058117100000E-01   6.001640067100000E+00   6.842921966900000E+00   6.612186884100001E-02  -1.486545722300000E-01   1.546357470400000E-01  -1.663451663100000E+00  -5.090797988000000E-02
   4.193840225700000E-01   6.053287093200000E+00   6.833745939100000E+00  -2.995435048100000E-02  -1.478169507800000E-01   1.546544292300000E-01  -1.668285249400000E+00  -3.524744794700000E-02
   4.229622334200000E-01   6.104934119400000E+00   6.824183416700000E+00  -1.260599234500000E-01  -1.470423702000000E-01   1.545738548300000E-01  -1.671362178100000E+00  -1.960056717000000E-02
   4.265404442700000E-01   6.156581145500000E+00   6.814404857700000E+00  -2.221901572700000E-01  -1.463311417000000E-01   1.543939960100000E-01  -1.672685216700000E+00  -3.989336920200000E-03
   4.301186551300000E-01   6.208228171600000E+00   6.804580564200000E+00  -3.183418484100000E-01  -1.456834004400000E-01   1.541148290300000E-01  -1.672259585400000E+00   1.156452349900000E-02
   4.334096136100000E-01   6.255729066900000E+00   6.795650478400000E+00  -4.067914822900000E-01  -1.451436737600000E-01   1.537703854300000E-01  -1.670330914300000E+00   2.580069086300000E-02
   4.367005721000000E-01   6.303229962200000E+00   6.786956794800000E+00  -4.952551919200000E-01  -1.446574555700000E-01   1.533419062000000E-01  -1.666937232400000E+00   3.995377751300000E-02
   4.399915305900000E-01   6.350730857400000E+00   6.778630078700000E+00  -5.837303431100000E-01  -1.442244592200000E-01   1.528293791700000E-01  -1.662087950000000E+00   5.400759816700000E-02
   4.432824890700000E-01   6.398231752700000E+00   6.770799804100000E+00  -6.722131866700000E-01  -1.438442745300000E-01   1.522327952200000E-01  -1.655794134500000E+00   6.794622473100000E-02
   4.464913430300000E-01   6.444547571100000E+00   6.763765300300000E+00  -7.584908561500000E-01  -1.435239187100000E-01   1.515701529300000E-01  -1.648278532600000E+00   8.141123355000000E-02
   4.497001969800000E-01   6.490863389500000E+00   6.757442046500000E+00  -8.447639590600000E-01  -1.432526616900000E-01   1.508275916400000E-01  -1.639414881500000E+00   9.473759376300001E-02
   4.529090509400000E-01   6.537179207900000E+00   6.751945837500000E+00  -9.310233668600000E-01  -1.430297909300000E-01   1.500051197100000E-01  -1.629217836500000E+00   1.079113427600000E-01
   4.561179048900000E-01   6.583495026300000E+00   6.747390665400000E+00  -1.017257306900000E+00  -1.428544874300000E-01   1.491027551500000E-01  -1.617703442900000E+00   1.209188184100000E-01
   4.593115921500000E-01   6.629591932300000E+00   6.743902426000000E+00  -1.103043768200000E+00  -1.427263273800000E-01   1.481253583400000E-01  -1.604952702800000E+00   1.336864901200000E-01
   4.625052794100000E-01   6.675688838300000E+00   6.741565506600000E+00  -1.188772614000000E+00  -1.426433591900000E-01   1.470688966700000E-01  -1.590932743500000E+00   1.462634221300000E-01
   4.656989666700000E-01   6.721785744200000E+00   6.740485703400000E+00  -1.274422502300000E+00  -1.426044725200000E-01   1.459334329200000E-01  -1.575663292800000E+00   1.586371574000000E-01
   4.688926539300000E-01   6.767882650200000E+00   6.740766182300000E+00  -1.359968302100000E+00  -1.426084607200000E-01   1.447190513000000E-01  -1.559165307200000E+00   1.707956209100000E-01
   4.722435690900000E-01   6.816248945500000E+00   6.742632428600000E+00  -1.449581810900000E+00  -1.426573158000000E-01   1.433601628100000E-01  -1.540558582300000E+00   1.833084796700000E-01
   4.755944842500000E-01   6.864615240900000E+00   6.746218807100000E+00  -1.539009996400000E+00  -1.427503283500000E-01   1.419146749800000E-01  -1.520650715400000E+00   1.955585352200000E-01
   4.789453994100000E-01   6.912981536200000E+00   6.751633435500000E+00  -1.628208923700000E+00  -1.428857819600000E-01   1.403827880700000E-01  -1.499469976800000E+00   2.075333740100000E-01
   4.822963145700000E-01   6.961347831500000E+00   6.758980051800000E+00  -1.717129206800000E+00  -1.430618577400000E-01   1.387647474900000E-01  -1.477045910300000E+00   2.192211678600000E-01
   4.855140514300000E-01   7.007791863600000E+00   6.767945064300000E+00  -1.802202235300000E+00  -1.432673883500000E-01   1.371302023700000E-01  -1.454371430800000E+00   2.301638640200000E-01
   4.887317882900000E-01   7.054235895700000E+00   6.778866270800000E+00  -1.886914171800000E+00  -1.435068300900000E-01   1.354167977800000E-01  -1.430607075300000E+00   2.408221658000000E-01
   4.919495251500000E-01   7.100679927800000E+00   6.791822461400000E+00  -1.971206687900000E+00  -1.437783290700000E-01   1.336248960100000E-01  -1.405781986700000E+00   2.511872792100000E-01
   4.951672620100000E-01   7.147123960000000E+00   6.806887614600000E+00  -2.055016675800000E+00  -1.440799604800000E-01   1.317549157500000E-01  -1.379926164900000E+00   2.612510048500000E-01
   4.983734744800000E-01   7.193401651700000E+00   6.824064928500000E+00  -2.137979174800000E+00  -1.444085038800000E-01   1.298144493200000E-01  -1.353168342500000E+00   2.709713793000000E-01
   5.015796869400000E-01   7.239679343500000E+00   6.843467452800000E+00  -2.220323563400000E+00  -1.447629559300000E-01   1.277974768400000E-01  -1.325448933500000E+00   2.803781085600000E-01
   5.047858994100000E-01   7.285957035300000E+00   6.865152540700000E+00  -2.301973724800000E+00  -1.451412302700000E-01   1.257046054300000E-01  -1.296799789100000E+00   2.894649519100000E-01
   5.079921118700000E-01   7.332234727100000E+00   6.889171765000000E+00  -2.382849256000000E+00  -1.455411901600000E-01   1.235365146600000E-01  -1.267253355100000E+00   2.982263196400000E-01
   5.111697615200000E-01   7.378100150100000E+00   6.915324887700000E+00  -2.462156862800000E+00  -1.459568370200000E-01   1.213142644600000E-01  -1.237117245900000E+00   3.065836455600000E-01
   5.143474111700000E-01   7.423965573200000E+00   6.943853794200000E+00  -2.540534537100000E+00  -1.463894789600000E-01   1.190196844300000E-01  -1.206164711300000E+00   3.146122741700000E-01
   5.175250608200000E-01   7.469830996200000E+00   6.974790494800000E+00  -2.617892764800000E+00  -1.468369216800000E-01   1.166536685000000E-01  -1.174428682100000E+00   3.223087012600000E-01
   5.207027104600001E-01   7.515696419200000E+00   7.008160533900000E+00  -2.694138801600000E+00  -1.472969445100000E-01   1.142171942100000E-01  -1.141942406300000E+00   3.296700704700000E-01
   5.239033876400000E-01   7.561894216000000E+00   7.044251390100000E+00  -2.769716084700000E+00  -1.477707467300000E-01   1.116929155400000E-01  -1.108496242200000E+00   3.367438372000000E-01
   5.271040648200001E-01   7.608092012800000E+00   7.082842447800000E+00  -2.843967431300000E+00  -1.482527327100000E-01   1.090994114400000E-01  -1.074357342500000E+00   3.434738268200000E-01
   5.303047420000000E-01   7.654289809600000E+00   7.123938797000000E+00  -2.916790069000000E+00  -1.487405897000000E-01   1.064379544200000E-01  -1.039560262400000E+00   3.498590839600000E-01
   5.335054191800001E-01   7.700487606400000E+00   7.167538182000000E+00  -2.988079284000000E+00  -1.492320036500000E-01   1.037099128200000E-01  -1.004139621000000E+00   3.558992893400000E-01
   5.367668466200000E-01   7.747562257700000E+00   7.214529759000000E+00  -3.059034229700000E+00  -1.497340135600000E-01   1.008631172700000E-01  -9.674410949300000E-01   3.616995181400000E-01
   5.400282740600000E-01   7.794636908900000E+00   7.264091809100000E+00  -3.128173025500000E+00  -1.502348896000000E-01   9.795036412400000E-02  -9.301676309600000E-01   3.671427501500000E-01
   5.432897015000000E-01   7.841711560200000E+00   7.316197723200000E+00  -3.195381403500000E+00  -1.507322238500000E-01   9.497341704800000E-02  -8.923556621299999E-01   3.722305694300000E-01
   5.465511289300000E-01   7.888786211500000E+00   7.370812607800000E+00  -3.260544920300000E+00  -1.512236373300000E-01   9.193414738500000E-02  -8.540414289600000E-01   3.769651564300000E-01
   5.495708586600000E-01   7.932372256700000E+00   7.423579634100000E+00  -3.318956884800000E+00  -1.516713163700000E-01   8.906626507300000E-02  -8.181500770300000E-01   3.810363178700000E-01
   5.525905883800000E-01   7.975958301900000E+00   7.478419994400000E+00  -3.375428086400000E+00  -1.521100851200000E-01   8.614830327299999E-02  -7.818873383600000E-01   3.848096019800000E-01
   5.556103180999999E-01   8.019544347100000E+00   7.535287052000000E+00  -3.429869688300000E+00  -1.525381562900000E-01   8.318199256700000E-02  -7.452812817100000E-01   3.882879630600000E-01
   5.586300478300000E-01   8.063130392300000E+00   7.594128204700000E+00  -3.482194280300000E+00  -1.529537858400000E-01   8.016914035900000E-02  -7.083596799800000E-01   3.914746958800000E-01
   5.616005207600000E-01   8.106005476900000E+00   7.653878897100000E+00  -3.531516782900000E+00  -1.533488510000000E-01   7.716185066400000E-02  -6.717591001700000E-01   3.943284176500000E-01
   5.645709936900000E-01   8.148880561500000E+00   7.715422146600000E+00  -3.578628488400000E+00  -1.537286720200000E-01   7.411320920700000E-02  -6.349055369700000E-01   3.969071440800000E-01
   5.675414666200000E-01   8.191755646100001E+00   7.778691636000000E+00  -3.623452404400000E+00  -1.540917400100000E-01   7.102514487100001E-02  -5.978244233500000E-01   3.992148162500000E-01
   5.705119395500000E-01   8.234630730699999E+00   7.843615976200000E+00  -3.665914296900000E+00  -1.544366051200000E-01   6.789965138200001E-02  -5.605408153300000E-01   4.012555856700000E-01
   5.735816746000000E-01   8.278938540600000E+00   7.912367489200000E+00  -3.707237800600000E+00  -1.547723961200000E-01   6.463257446600000E-02  -5.218247677200000E-01   4.030887266700000E-01
   5.766514096499999E-01   8.323246350600000E+00   7.982715388600000E+00  -3.745888127500000E+00  -1.550858119200000E-01   6.133005767800000E-02  -4.829455572400000E-01   4.046464144700000E-01
   5.797211447000000E-01   8.367554160499999E+00   8.054565253700000E+00  -3.781794904000000E+00  -1.553754795000000E-01   5.799450124400000E-02  -4.439294549400000E-01   4.059337404700000E-01
   5.827908797500000E-01   8.411861970400000E+00   8.127817953799999E+00  -3.814892393000000E+00  -1.556401116100000E-01   5.462836570300000E-02  -4.048022367300000E-01   4.069559005100000E-01
   5.859056977800000E-01   8.456820497200001E+00   8.203474012699999E+00  -3.845542059500000E+00  -1.558818106000000E-01   5.118412354200000E-02  -3.650127662400000E-01   4.077274478600000E-01
   5.890205158200000E-01   8.501779023899999E+00   8.280355476200000E+00  -3.873178788200000E+00  -1.560953476700000E-01   4.771367274600000E-02  -3.251607773100000E-01   4.082369497100000E-01
   5.921353338499999E-01   8.546737550700000E+00   8.358346228100000E+00  -3.897750540300000E+00  -1.562796730300000E-01   4.421974611800000E-02  -2.852715945200000E-01   4.084899487000000E-01
   5.952501518800000E-01   8.591696077400000E+00   8.437326801899999E+00  -3.919211439000000E+00  -1.564338428100000E-01   4.070512048400000E-02  -2.453700026200000E-01   4.084919565800000E-01
   5.988478532800000E-01   8.643624425400001E+00   8.529623159800000E+00  -3.940076365400000E+00  -1.565732951300000E-01   3.662355595800000E-02  -1.992988229700000E-01   4.081890319000000E-01
   6.024455546900001E-01   8.695552773399999E+00   8.622884193999999E+00  -3.956688785400000E+00  -1.566703047100000E-01   3.252252671500000E-02  -1.532799076800000E-01   4.075667693500000E-01
   6.060432560900000E-01   8.747481121400000E+00   8.716914290800000E+00  -3.969010847900000E+00  -1.567239711500000E-01   2.840646952700000E-02  -1.073488305100000E-01   4.066331776800000E-01
   6.096409574900000E-01   8.799409469400000E+00   8.811515692100000E+00  -3.977016952400000E+00  -1.567335983100000E-01   2.427985411800000E-02  -6.154027745200000E-02   4.053959867400000E-01
   6.128299780000001E-01   8.845439016600000E+00   8.895688490900000E+00  -3.980494264100000E+00  -1.567049133800000E-01   2.061678658000000E-02  -2.106501532500000E-02   4.040514747700000E-01
   6.160189985000000E-01   8.891468563800000E+00   8.980015334599999E+00  -3.980568807600000E+00  -1.566410326300000E-01   1.695208459700000E-02   1.926436311600000E-02   4.024791650600000E-01
   6.192080190100000E-01   8.937498111000000E+00   9.064358299400000E+00  -3.977247100400000E+00  -1.565418777800000E-01   1.328887805800000E-02   5.942531247700000E-02   4.006837313500000E-01
   6.223970395200000E-01   8.983527658200000E+00   9.148580629700000E+00  -3.970543176600000E+00  -1.564074969800000E-01   9.630287389100000E-03   9.939574179800000E-02   3.986695884000000E-01
   6.255012017700000E-01   9.028332382000000E+00   9.230317395900000E+00  -3.960789570500000E+00  -1.562430238900000E-01   6.076438744700000E-03   1.380989727600000E-01   3.965029317100000E-01
   6.286053640200000E-01   9.073137105800001E+00   9.311689382699999E+00  -3.947877939400000E+00  -1.560456106700000E-01   2.532747597400000E-03   1.765815505100000E-01   3.941365491900000E-01
   6.317095262700000E-01   9.117941829599999E+00   9.392576627600000E+00  -3.931840860800000E+00  -1.558156380600000E-01  -9.979705022000001E-04   2.148241960900000E-01   3.915737580600000E-01
   6.348136885200000E-01   9.162746553400000E+00   9.472862110099999E+00  -3.912716962100000E+00  -1.555535930100000E-01  -4.512931906600000E-03   2.528079411100000E-01   3.888176225000000E-01
   6.378882895900000E-01   9.207124598300000E+00   9.551678104700001E+00  -3.890775968600000E+00  -1.552630077000000E-01  -7.976188542200001E-03   2.901563932700000E-01   3.858999078000000E-01
   6.409628906700000E-01   9.251502643200000E+00   9.629685348300001E+00  -3.865898771300000E+00  -1.549422078900000E-01  -1.141866424800000E-02   3.272146268800000E-01   3.827977705700000E-01
   6.440374917400000E-01   9.295880688100000E+00   9.706780961500000E+00  -3.838138874000000E+00  -1.545919572400000E-01  -1.483777651000000E-02   3.639649713400000E-01   3.795134798300000E-01
   6.471120928100000E-01   9.340258733100001E+00   9.782866331599999E+00  -3.807554477500000E+00  -1.542131088000000E-01  -1.823099238600000E-02   4.003899643100000E-01   3.760490867100000E-01
   6.503314376100000E-01   9.386725973700001E+00   9.861348539600000E+00  -3.772571349200000E+00  -1.537867993500000E-01  -2.175349929700000E-02   4.381622578900000E-01   3.722305851800000E-01
   6.535507824000000E-01   9.433193214399999E+00   9.938517707300001E+00  -3.734636745300000E+00  -1.533313396100000E-01  -2.524211710600000E-02   4.755392772700000E-01   3.682185384000000E-01
   6.567701272000001E-01   9.479660454999999E+00   1.001427758600000E+01  -3.693831578200000E+00  -1.528479948300000E-01  -2.869414030000000E-02   5.125015693600000E-01   3.640146316100000E-01
   6.599894720000000E-01   9.526127695700000E+00   1.008853824200000E+01  -3.650240677000000E+00  -1.523381168100000E-01  -3.210694037800000E-02   5.490298418000000E-01   3.596203632600000E-01
   6.637965984800001E-01   9.581078834400000E+00   1.017430866400000E+01  -3.595217030700000E+00  -1.517028703500000E-01  -3.608874053300000E-02   5.916410500400000E-01   3.541799482000000E-01
   6.676037249700000E-01   9.636029973199999E+00   1.025774020400000E+01  -3.536572546800000E+00  -1.510350276400000E-01  -4.000806449400000E-02   6.335870726000000E-01   3.484771364400000E-01
   6.714108514500000E-01   9.690981111999999E+00   1.033872035900000E+01  -3.474463219400000E+00  -1.503372217100000E-01  -4.386101840900000E-02   6.748366891599999E-01   3.425136899900000E-01
   6.752179779400000E-01   9.745932250699999E+00   1.041715017300000E+01  -3.409048683800000E+00  -1.496122017700000E-01  -4.764388186600000E-02   7.153588813800000E-01   3.362912297900000E-01
   6.785959413100000E-01   9.794688953400000E+00   1.048453450100000E+01  -3.348371497000000E+00  -1.489484211500000E-01  -5.093877349000000E-02   7.506792657100000E-01   3.305545824900000E-01
   6.819739046900000E-01   9.843445656100000E+00   1.054979307600000E+01  -3.285334431100000E+00  -1.482675090800000E-01  -5.417333679600000E-02   7.853812935500000E-01   3.246163049300000E-01
   6.853518680600000E-01   9.892202358800001E+00   1.061288367600000E+01  -3.220052283200000E+00  -1.475715594100000E-01  -5.734532656100000E-02   8.194436645800000E-01   3.184774952100000E-01
   6.887298314400000E-01   9.940959061399999E+00   1.067377239400000E+01  -3.152639744800000E+00  -1.468627031200000E-01  -6.045260945500000E-02   8.528451981800000E-01   3.121393150800000E-01
   6.920325193900000E-01   9.988629256899999E+00   1.073115071100000E+01  -3.084779263800000E+00  -1.461592380900000E-01  -6.342614811500000E-02   8.848432866300000E-01   3.057508258900000E-01
   6.953352073300000E-01   1.003629945200000E+01   1.078638299800000E+01  -3.015097055300000E+00  -1.454475395300000E-01  -6.633411161300000E-02   9.161699873200000E-01   2.991742474700000E-01
   6.986378952800000E-01   1.008396964800000E+01   1.083945983800000E+01  -2.943697394000000E+00  -1.447296582700000E-01  -6.917481289400000E-02   9.468058942399999E-01   2.924110211200000E-01
   7.019405832300000E-01   1.013163984300000E+01   1.089037881800000E+01  -2.870682815400000E+00  -1.440076508000000E-01  -7.194666349000001E-02   9.767317595200000E-01   2.854627594600000E-01
   7.053175549400000E-01   1.018038223200000E+01   1.094021647100000E+01  -2.794460855700000E+00  -1.432672793100000E-01  -7.470811408000000E-02   1.006576670800000E+00   2.781687759100000E-01
   7.086945266500000E-01   1.022912462200000E+01   1.098781453200000E+01  -2.716760392800000E+00  -1.425269332100000E-01  -7.739453090900000E-02   1.035639127200000E+00   2.706853949000000E-01
   7.120714983500001E-01   1.027786701100000E+01   1.103319171500000E+01  -2.637683321500000E+00  -1.417887869600000E-01  -8.000452247600000E-02   1.063899199300000E+00   2.630150432800000E-01
   7.154484700600000E-01   1.032660940000000E+01   1.107637338100000E+01  -2.557328341900000E+00  -1.410549935200000E-01  -8.253679505500000E-02   1.091337229500000E+00   2.551604272300000E-01
   7.191568179700000E-01   1.038013479300000E+01   1.112130107900000E+01  -2.467729364300000E+00  -1.402567364500000E-01  -8.522659849800000E-02   1.120497686900000E+00   2.463263576000000E-01
   7.228651658700000E-01   1.043366018600000E+01   1.116367009200000E+01  -2.376825293200000E+00  -1.394690580200000E-01  -8.781977663600000E-02   1.148618351700000E+00   2.372781203900000E-01
   7.265735137800000E-01   1.048718557800000E+01   1.120353917900000E+01  -2.284731636900000E+00  -1.386946662700000E-01  -9.031499447800000E-02   1.175674599900000E+00   2.280205968200000E-01
   7.302818616800000E-01   1.054071097100000E+01   1.124097496200000E+01  -2.191558116200000E+00  -1.379362021300000E-01  -9.271103758599999E-02   1.201642403500000E+00   2.185591547700000E-01
   7.338999246500000E-01   1.059293321300000E+01   1.127522488700000E+01  -2.099711542900000E+00  -1.372140081700000E-01  -9.495211148200000E-02   1.225906613300000E+00   2.091371357400000E-01
   7.375179876200000E-01   1.064515545500000E+01   1.130730407500000E+01  -2.007026702300000E+00  -1.365117259200000E-01  -9.709681147900000E-02   1.249091414600000E+00   1.995324957700000E-01
   7.411360506000000E-01   1.069737769700000E+01   1.133729340300000E+01  -1.913588909700000E+00  -1.358315806300000E-01  -9.914430688100000E-02   1.271176446400000E+00   1.897516018100000E-01
   7.447541135700000E-01   1.074959993900000E+01   1.136527915600000E+01  -1.819477960200000E+00  -1.351757102400000E-01  -1.010938532200000E-01   1.292142096400000E+00   1.798012777600000E-01
   7.482560018700000E-01   1.080014534400000E+01   1.139054419100000E+01  -1.727817860000000E+00  -1.345659458300000E-01  -1.028868926800000E-01   1.311350768100000E+00   1.700159503200000E-01
   7.517578901800001E-01   1.085069074900000E+01   1.141410468800000E+01  -1.635659362800000E+00  -1.339826067300000E-01  -1.045870153800000E-01   1.329476855600000E+00   1.600857090800000E-01
   7.552597784800000E-01   1.090123615400000E+01   1.143605125500000E+01  -1.543060433400000E+00  -1.334273704400000E-01  -1.061937470000000E-01   1.346504848500000E+00   1.500179308700000E-01
   7.587616667800000E-01   1.095178155900000E+01   1.145647789800000E+01  -1.450074553800000E+00  -1.329018211300000E-01  -1.077066695600000E-01   1.362420066900000E+00   1.398203637200000E-01
   7.622900163400000E-01   1.100270889900000E+01   1.147562017600000E+01  -1.356044532200000E+00  -1.324038332300000E-01  -1.091357783500000E-01   1.377316123600000E+00   1.294226980100000E-01
   7.658183658900000E-01   1.105363623900000E+01   1.149342028900000E+01  -1.261717628000000E+00  -1.319389123200000E-01  -1.104689583900000E-01   1.391055311400000E+00   1.189101516100000E-01
   7.693467154400000E-01   1.110456357900000E+01   1.150998302500000E+01  -1.167135882400000E+00  -1.315083722000000E-01  -1.117059288700000E-01   1.403625414700000E+00   1.082917072800000E-01
   7.728750649900000E-01   1.115549092000000E+01   1.152541548700000E+01  -1.072337568600000E+00  -1.311134187500000E-01  -1.128464499000000E-01   1.415015229600000E+00   9.757666737900000E-02
   7.765139907100000E-01   1.120801428900000E+01   1.154026318600000E+01  -9.743782497900000E-01  -1.307445237800000E-01  -1.139214692900000E-01   1.425514896500000E+00   8.643480856300000E-02
   7.801529164400000E-01   1.126053765900000E+01   1.155414651100000E+01  -8.762601028800000E-01  -1.304157232000000E-01  -1.148934994400000E-01   1.434738392100000E+00   7.521126786300000E-02
   7.837918421600000E-01   1.131306102900000E+01   1.156718890300000E+01  -7.780144745699999E-01  -1.301279652700000E-01  -1.157623900900000E-01   1.442677029700000E+00   6.391717982099999E-02
   7.874307678900000E-01   1.136558439900000E+01   1.157951525300000E+01  -6.796698438700000E-01  -1.298820678600000E-01  -1.165280224500000E-01   1.449323407800000E+00   5.256394231600000E-02
   7.914205137000000E-01   1.142317142100000E+01   1.159235663400000E+01  -5.717610310900000E-01  -1.296613826600000E-01  -1.172486910300000E-01   1.455118222700000E+00   4.006199592500000E-02
   7.954102595100000E-01   1.148075844200000E+01   1.160465629700000E+01  -4.637958362300000E-01  -1.294925609500000E-01  -1.178450413900000E-01   1.459346135400000E+00   2.751855610100000E-02
   7.994000053200000E-01   1.153834546400000E+01   1.161658260200000E+01  -3.558034542800000E-01  -1.293761297000000E-01  -1.183170254900000E-01   1.462002946000000E+00   1.494949057000000E-02
   8.033897511300000E-01   1.159593248600000E+01   1.162830445500000E+01  -2.478114785100000E-01  -1.293124217000000E-01  -1.186646280000000E-01   1.463086452500000E+00   2.370870421400000E-03
   8.071509732600000E-01   1.165022105200000E+01   1.163931958500000E+01  -1.460293412600000E-01  -1.293007692400000E-01  -1.188784353600000E-01   1.462666996200000E+00  -9.481448081400000E-03
   8.109121953900000E-01   1.170450961900000E+01   1.165044481800000E+01  -4.429337519900000E-02  -1.293360548400000E-01  -1.189817536400000E-01   1.460850631700000E+00  -2.131415385100000E-02
   8.146734175200000E-01   1.175879818500000E+01   1.166182121100000E+01   5.737389547300000E-02  -1.294180823300000E-01  -1.189746451300000E-01   1.457640481400000E+00  -3.311352361400000E-02
   8.184346396500000E-01   1.181308675200000E+01   1.167358909200000E+01   1.589490820100000E-01  -1.295465027800000E-01  -1.188571970900000E-01   1.453041287000000E+00  -4.486582885700000E-02
   8.220058202300000E-01   1.186463230400000E+01   1.168525150600000E+01   2.552843337900000E-01  -1.297109166700000E-01  -1.186436682400000E-01   1.447394699700000E+00  -5.596830885500000E-02
   8.255770008000000E-01   1.191617785700000E+01   1.169751067000000E+01   3.514916021300000E-01  -1.299161489800000E-01  -1.183308901800000E-01   1.440508399000000E+00  -6.700434705500000E-02
   8.291481813700000E-01   1.196772341000000E+01   1.171048348200000E+01   4.475462909000000E-01  -1.301615241900000E-01  -1.179190074200000E-01   1.432390474000000E+00  -7.796237117400000E-02
   8.327193619400000E-01   1.201926896300000E+01   1.172428532300000E+01   5.434215815600000E-01  -1.304462470400000E-01  -1.174081909800000E-01   1.423050303000000E+00  -8.883092918900000E-02
   8.362459566400000E-01   1.207017097400000E+01   1.173883948100000E+01   6.378951532000000E-01  -1.307651366500000E-01  -1.168068585300000E-01   1.412637699300000E+00  -9.946494948900000E-02
   8.397725513400000E-01   1.212107298500000E+01   1.175442044300000E+01   7.321341519800000E-01  -1.311205161300000E-01  -1.161094647300000E-01   1.401055027800000E+00  -1.099899879500000E-01
   8.432991460400000E-01   1.217197499600000E+01   1.177113356500000E+01   8.261045466300000E-01  -1.315112864000000E-01  -1.153162655300000E-01   1.388314923100000E+00  -1.203955343800000E-01
   8.468257407400001E-01   1.222287700700000E+01   1.178908180600000E+01   9.197690501000000E-01  -1.319362423500000E-01  -1.144275532200000E-01   1.374431169100000E+00  -1.306713063900000E-01
   8.504638029200000E-01   1.227538791300000E+01   1.180899785800000E+01   1.016030338400000E+00  -1.324090669500000E-01  -1.134110131800000E-01   1.358925936800000E+00  -1.411252614400000E-01
   8.541018651100000E-01   1.232789881900000E+01   1.183044197500000E+01   1.111873836900000E+00  -1.329153299100000E-01  -1.122935925400000E-01   1.342237077700000E+00  -1.514197404100000E-01
   8.577399273000000E-01   1.238040972400000E+01   1.185351739800000E+01   1.207246288500000E+00  -1.334533720300000E-01  -1.110757578100000E-01   1.324383377900000E+00  -1.615443971700000E-01
   8.613779894900000E-01   1.243292063000000E+01   1.187832341700000E+01   1.302089881800000E+00  -1.340214277400000E-01  -1.097580338400000E-01   1.305384781800000E+00  -1.714892622700000E-01
   8.649944798800000E-01   1.248512017400000E+01   1.190479159300000E+01   1.395785135200000E+00  -1.346140147900000E-01  -1.083497018700000E-01   1.285384936800000E+00  -1.811874989700000E-01
   8.686109702800000E-01   1.253731971800000E+01   1.193315264300000E+01   1.488829958200000E+00  -1.352324844200000E-01  -1.068438863100000E-01   1.264296280900000E+00  -1.906896362200000E-01
   8.722274606700000E-01   1.258951926100000E+01   1.196349051700000E+01   1.581153541000000E+00  -1.358748164100000E-01  -1.052413029200000E-01   1.242141539900000E+00  -1.999871379000000E-01
   8.758439510600000E-01   1.264171880500000E+01   1.199588397600000E+01   1.672680324200000E+00  -1.365389055900000E-01  -1.035427438700000E-01   1.218944381200000E+00  -2.090719290100000E-01
   8.794699957800000E-01   1.269405625400000E+01   1.203050036000000E+01   1.763568273000000E+00  -1.372243971300000E-01  -1.017442185800000E-01   1.194664065900000E+00  -2.179595327900000E-01
   8.830960405100000E-01   1.274639370200000E+01   1.206732475500000E+01   1.853488852900000E+00  -1.379272879700000E-01  -9.985105488200000E-02   1.169386105300000E+00  -2.266185048600000E-01
   8.867220852300000E-01   1.279873115100000E+01   1.210641876700000E+01   1.942351826200000E+00  -1.386452343100000E-01  -9.786431236699999E-02   1.143136876900000E+00  -2.350421993800000E-01
   8.903481299500000E-01   1.285106859900000E+01   1.214783738500000E+01   2.030062492100000E+00  -1.393758313200000E-01  -9.578514742700001E-02   1.115943484300000E+00  -2.432244919800000E-01
   8.938001439600000E-01   1.290089413100000E+01   1.218947208700000E+01   2.112402381700000E+00  -1.400808700600000E-01  -9.372104457600000E-02   1.089203337000000E+00  -2.507846541300000E-01
   8.972521579600000E-01   1.295071966200000E+01   1.223329257500000E+01   2.193519412900000E+00  -1.407929844200000E-01  -9.157549083100000E-02   1.061657124100000E+00  -2.581165722300000E-01
   9.007041719700000E-01   1.300054519400000E+01   1.227932796700000E+01   2.273321674400000E+00  -1.415099814400000E-01  -8.934975044300000E-02   1.033329768800000E+00  -2.652163002500000E-01
   9.041561859700000E-01   1.305037072500000E+01   1.232760093500000E+01   2.351714389600000E+00  -1.422296423300000E-01  -8.704518068200000E-02   1.004246597800000E+00  -2.720803252500000E-01
   9.076686605800000E-01   1.310106893000000E+01   1.237903260000000E+01   2.429932774300000E+00  -1.429623308900000E-01  -8.462083525500000E-02   9.739047802200000E-01  -2.788194559900000E-01
   9.111811351800000E-01   1.315176713600000E+01   1.243280705800000E+01   2.506485940600000E+00  -1.436930882100000E-01  -8.211801439100000E-02   9.428344262000000E-01  -2.853085584500000E-01
   9.146936097900000E-01   1.320246534100000E+01   1.248892632100000E+01   2.581266795200000E+00  -1.444195373900000E-01  -7.953846077700000E-02   9.110632078100001E-01  -2.915452658400000E-01
   9.182060843900000E-01   1.325316354600000E+01   1.254738467200000E+01   2.654166541900000E+00  -1.451393034100000E-01  -7.688402654600000E-02   8.786190344200000E-01  -2.975276349000000E-01
   9.217933477200000E-01   1.330494123300000E+01   1.260948789200000E+01   2.726562419200000E+00  -1.458650376500000E-01  -7.409782527600001E-02   8.448186634900000E-01  -3.033732687900000E-01
   9.253806110500000E-01   1.335671892000000E+01   1.267399356800000E+01   2.796763181900000E+00  -1.465788326100000E-01  -7.123778053400000E-02   8.103757851600000E-01  -3.089507978100000E-01
   9.289678743699999E-01   1.340849660800000E+01   1.274086979500000E+01   2.864650280200000E+00  -1.472782165100000E-01  -6.830622686800000E-02   7.753206071500000E-01  -3.142593955500000E-01
   9.325551377000000E-01   1.346027429500000E+01   1.281007580200000E+01   2.930105315600000E+00  -1.479607551700000E-01  -6.530562151500000E-02   7.396834094700000E-01  -3.192986034900000E-01
   9.358965563900000E-01   1.350850352100000E+01   1.287659118100000E+01   2.988783285800000E+00  -1.485792646300000E-01  -6.245080579200000E-02   7.059916147999999E-01  -3.237500230700000E-01
   9.392379750700000E-01   1.355673274600000E+01   1.294503790200000E+01   3.045154827500000E+00  -1.491791998000000E-01  -5.954049511900000E-02   6.718456406100000E-01  -3.279677501500000E-01
   9.425793937600000E-01   1.360496197200000E+01   1.301536229400000E+01   3.099127221600000E+00  -1.497587233300000E-01  -5.657695904200000E-02   6.372699561200000E-01  -3.319521339100000E-01
   9.459208124500000E-01   1.365319119700000E+01   1.308750414100000E+01   3.150609563500000E+00  -1.503160527800000E-01  -5.356255566600000E-02   6.022889844500000E-01  -3.357037056700000E-01
   9.492900499100000E-01   1.370182195200000E+01   1.316201912300000E+01   3.199909234100000E+00  -1.508538022900000E-01  -5.047403431700000E-02   5.666311518200000E-01  -3.392514842300000E-01
   9.526592873800001E-01   1.375045270700000E+01   1.323823934800000E+01   3.246498859200000E+00  -1.513655406100000E-01  -4.733887437300000E-02   5.306109143600000E-01  -3.425641018100000E-01
   9.560285248400000E-01   1.379908346200000E+01   1.331608369500000E+01   3.290293478000000E+00  -1.518496483400000E-01  -4.415975315000000E-02   4.942530680200000E-01  -3.456425065500000E-01
   9.593977623100000E-01   1.384771421700000E+01   1.339546494400000E+01   3.331211754800000E+00  -1.523045879800000E-01  -4.093942883700000E-02   4.575823042800000E-01  -3.484877274700000E-01
   9.627225088700000E-01   1.389570280100000E+01   1.347521372800000E+01   3.368694609400000E+00  -1.527235115700000E-01  -3.772400572400000E-02   4.211130225200000E-01  -3.510678504500000E-01
   9.660472554300000E-01   1.394369138600000E+01   1.355627371100000E+01   3.403231243800000E+00  -1.531113154400000E-01  -3.447401621700000E-02   3.843864762200000E-01  -3.534230321300000E-01
   9.693720019900000E-01   1.399167997000000E+01   1.363854520000000E+01   3.434756232500000E+00  -1.534667887800000E-01  -3.119231963800000E-02   3.474260616000000E-01  -3.555543414100000E-01
   9.726967485500000E-01   1.403966855400000E+01   1.372192386700000E+01   3.463209089300000E+00  -1.537888186700000E-01  -2.788183573100000E-02   3.102550645600000E-01  -3.574628262700000E-01
   9.761096448100000E-01   1.408892946900000E+01   1.380855076500000E+01   3.489163001200000E+00  -1.540835412300000E-01  -2.445676069400000E-02   2.719038344000000E-01  -3.591912029400000E-01
   9.795225410800000E-01   1.413819038500000E+01   1.389610809700000E+01   3.511767883100000E+00  -1.543409815200000E-01  -2.100776124000000E-02   2.333800899000000E-01  -3.606868633600000E-01
   9.829354373500000E-01   1.418745130000000E+01   1.398447030700000E+01   3.530976597900000E+00  -1.545602845500000E-01  -1.753816043500000E-02   1.947086867900000E-01  -3.619507350500000E-01
   9.863483336200000E-01   1.423671221600000E+01   1.407350849000000E+01   3.546748776700000E+00  -1.547407206700000E-01  -1.405132444600000E-02   1.559143874100000E-01  -3.629836360700000E-01
   9.897612502100001E-01   1.428597342500000E+01   1.416309141800000E+01   3.559051099400000E+00  -1.548816891900000E-01  -1.055063539300000E-02   1.170216402900000E-01  -3.637862640300000E-01
   9.931741668100000E-01   1.433523463400000E+01   1.425308450800000E+01   3.567857295700000E+00  -1.549827186000000E-01  -7.039546441200000E-03   7.805528994300000E-02  -3.643591654000000E-01
   9.965870834000000E-01   1.438449584300000E+01   1.434335201900000E+01   3.573148565800000E+00  -1.550434716000000E-01  -3.521511670400000E-03   3.903990013700000E-02  -3.647027428400000E-01
   1.000000000000000E+00   1.443375705200000E+01   1.443375705200000E+01   3.574913585800000E+00  -1.550637452000000E-01   3.484361699300000E-31   0.000000000000000E+00  -3.648172411400000E-01
