   0.000000000000000E+00   3.825946144300000E-31   0.000000000000000E+00   0.000000000000000E+00  -9.534486264299999E-01   0.000000000000000E+00   0.000000000000000E+00   0.000000000000000E+00
   3.116784009500000E-02   4.498690317700000E-01   4.498690317700000E-01   0.000000000000000E+00  -9.534486264299999E-01   0.000000000000000E+00   0.000000000000000E+00   0.000000000000000E+00
   6.233568019000000E-02   8.997380635400000E-01   8.997380635400000E-01   0.000000000000000E+00  -9.534486264299999E-01   0.000000000000000E+00   0.000000000000000E+00   0.000000000000000E+00
   9.350352028599999E-02   1.349607095300000E+00   1.349607095300000E+00   0.000000000000000E+00  -9.534486264299999E-01   0.000000000000000E+00   0.000000000000000E+00   0.000000000000000E+00
   1.246713603800000E-01   1.799476127100000E+00   1.799476127100000E+00   0.000000000000000E+00  -9.534486264299999E-01   0.000000000000000E+00   0.000000000000000E+00   0.000000000000000E+00
   1.503059516900000E-01   2.169479590100000E+00   2.169479590100000E+00   0.000000000000000E+00  -9.534486264299999E-01   0.000000000000000E+00   0.000000000000000E+00   0.000000000000000E+00
   1.759405429900000E-01   2.539483053100000E+00   2.539483053100000E+00   0.000000000000000E+00  -9.534486264299999E-01   0.000000000000000E+00   0.000000000000000E+00   0.000000000000000E+00
   2.015751343000000E-01   2.909486516200000E+00   2.909486516200000E+00   0.000000000000000E+00  -9.534486264299999E-01   0.000000000000000E+00   0.000000000000000E+00   0.000000000000000E+00
   2.272097256000000E-01   3.279489979200000E+00   3.279489979200000E+00   0.000000000000000E+00  -9.534486264299999E-01   0.000000000000000E+00   0.000000000000000E+00   0.000000000000000E+00
   2.480956265000000E-01   3.580951998500000E+00   3.580951998500000E+00   0.000000000000000E+00  -9.534486264299999E-01   0.000000000000000E+00   0.000000000000000E+00   0.000000000000000E+00
   2.689815274000000E-01   3.882414017900000E+00   3.882414017900000E+00   0.000000000000000E+00  -9.534486264299999E-01   0.000000000000000E+00   0.000000000000000E+00   0.000000000000000E+00
   2.898674282900000E-01   4.183876037300000E+00   4.183876037300000E+00   0.000000000000000E+00  -9.534486264299999E-01   0.000000000000000E+00   0.000000000000000E+00   0.000000000000000E+00
   3.107533291900000E-01   4.485338056600000E+00   4.485338056600000E+00   0.000000000000000E+00  -9.534486264299999E-01   0.000000000000000E+00   0.000000000000000E+00   0.000000000000000E+00
   3.312280463200000E-01   4.780865149400000E+00   4.780865149400000E+00   0.000000000000000E+00  -9.534486264299999E-01   0.000000000000000E+00   0.000000000000000E+00   0.000000000000000E+00
   3.517027634500000E-01   5.076392242200000E+00   5.076392242200000E+00   0.000000000000000E+00  -9.534486264299999E-01   0.000000000000000E+00   0.000000000000000E+00   0.000000000000000E+00
   3.721774805800000E-01   5.371919334900000E+00   5.371919334900000E+00   0.000000000000000E+00  -9.534486264299999E-01   0.000000000000000E+00   0.000000000000000E+00   0.000000000000000E+00
   3.926521977100000E-01   5.667446427700000E+00   5.667446427700000E+00   0.000000000000000E+00  -9.534486264299999E-01   0.000000000000000E+00   0.000000000000000E+00   0.000000000000000E+00
   4.071587008700000E-01   5.876829770000000E+00   5.876829770000000E+00   0.000000000000000E+00  -9.534486264299999E-01   0.000000000000000E+00   0.000000000000000E+00   0.000000000000000E+00
   4.216652040300000E-01   6.086213112300000E+00   6.086213112300000E+00   0.000000000000000E+00  -9.534486264299999E-01   0.000000000000000E+00   0.000000000000000E+00   0.000000000000000E+00
   4.361717072000000E-01   6.295596454600000E+00   6.295596454600000E+00   0.000000000000000E+00  -9.534486264299999E-01   0.000000000000000E+00   0.000000000000000E+00   0.000000000000000E+00
   4.506782103600000E-01   6.504979796900000E+00   6.504979796900000E+00   0.000000000000000E+00  -9.534486264299999E-01   0.000000000000000E+00   0.000000000000000E+00   0.000000000000000E+00
   4.631721599600000E-01   6.685314430100000E+00   6.685314430100000E+00   0.000000000000000E+00  -9.534486264299999E-01   0.000000000000000E+00   0.000000000000000E+00   0.000000000000000E+00
   4.756661095600000E-01   6.865649063200000E+00   6.865649063200000E+00   0.000000000000000E+00  -9.534486264299999E-01   0.000000000000000E+00   0.000000000000000E+00   0.000000000000000E+00
   4.881600591600000E-01   7.045983696300000E+00   7.045983696300000E+00   0.000000000000000E+00  -9.534486264299999E-01   0.000000000000000E+00   0.000000000000000E+00   0.000000000000000E+00
   5.006540087600000E-01   7.226318329500000E+00   7.226318329500000E+00   0.000000000000000E+00  -9.534486264299999E-01   0.000000000000000E+00   0.000000000000000E+00   0.000000000000000E+00
   5.107778819100000E-01   7.372443855000000E+00   7.372443855000000E+00   0.000000000000000E+00  -9.534486264299999E-01   0.000000000000000E+00   0.000000000000000E+00   0.000000000000000E+00
   5.209017550500000E-01   7.518569380400000E+00   7.518569380400000E+00   0.000000000000000E+00  -9.534486264299999E-01   0.000000000000000E+00   0.000000000000000E+00   0.000000000000000E+00
   5.310256282000000E-01   7.664694905900000E+00   7.664694905900000E+00   0.000000000000000E+00  -9.534486264299999E-01   0.000000000000000E+00   0.000000000000000E+00   0.000000000000000E+00
   5.411495013500000E-01   7.810820431400000E+00   7.810820431400000E+00   0.000000000000000E+00  -9.534486264299999E-01   0.000000000000000E+00   0.000000000000000E+00   0.000000000000000E+00
   5.503328747700000E-01   7.943371012200000E+00   7.943371012200000E+00   0.000000000000000E+00  -9.534486264299999E-01   0.000000000000000E+00   0.000000000000000E+00   0.000000000000000E+00
   5.595162481900000E-01   8.075921593100000E+00   8.075921593100000E+00   0.000000000000000E+00  -9.534486264299999E-01   0.000000000000000E+00   0.000000000000000E+00   0.000000000000000E+00
   5.686996216100000E-01   8.208472173900001E+00   8.208472173900001E+00   0.000000000000000E+00  -9.534486264299999E-01   0.000000000000000E+00   0.000000000000000E+00   0.000000000000000E+00
   5.778829950300000E-01   8.341022754800001E+00   8.341022754800001E+00   0.000000000000000E+00  -9.534486264299999E-01   0.000000000000000E+00   0.000000000000000E+00   0.000000000000000E+00
   5.848156181500000E-01   8.441086552600000E+00   8.441086552600000E+00   0.000000000000000E+00  -9.534486264299999E-01   0.000000000000000E+00   0.000000000000000E+00   0.000000000000000E+00
   5.917482412600000E-01   8.541150350300001E+00   8.541150350300001E+00   0.000000000000000E+00  -9.534486264299999E-01   0.000000000000000E+00   0.000000000000000E+00   0.000000000000000E+00
   5.986808643800000E-01   8.641214148100000E+00   8.641214148100000E+00   0.000000000000000E+00  -9.534486264299999E-01   0.000000000000000E+00   0.000000000000000E+00   0.000000000000000E+00
   6.056134874900000E-01   8.741277945900000E+00   8.741277945900000E+00   0.000000000000000E+00  -9.534486264299999E-01   0.000000000000000E+00   0.000000000000000E+00   0.000000000000000E+00
   6.115777176800000E-01   8.827364195400000E+00   8.827364195400000E+00   0.000000000000000E+00  -9.534486264299999E-01   0.000000000000000E+00   0.000000000000000E+00   0.000000000000000E+00
   6.175419478700001E-01   8.913450445000000E+00   8.913450445000000E+00   0.000000000000000E+00  -9.534486264299999E-01   0.000000000000000E+00   0.000000000000000E+00   0.000000000000000E+00
   6.235061780600000E-01   8.999536694500000E+00   8.999536694500000E+00   0.000000000000000E+00  -9.534486264299999E-01   0.000000000000000E+00   0.000000000000000E+00   0.000000000000000E+00
   6.294704082500000E-01   9.085622944000001E+00   9.085622944000001E+00   0.000000000000000E+00  -9.534486264299999E-01   0.000000000000000E+00   0.000000000000000E+00   0.000000000000000E+00
   6.356041757100001E-01   9.174156253400000E+00   9.174156253400000E+00   0.000000000000000E+00  -9.534486264299999E-01   0.000000000000000E+00   0.000000000000000E+00   0.000000000000000E+00
   6.417379431600000E-01   9.262689562700000E+00   9.262689562700000E+00   0.000000000000000E+00  -9.534486264299999E-01   0.000000000000000E+00   0.000000000000000E+00   0.000000000000000E+00
   6.478717106200000E-01   9.351222871999999E+00   9.351222871999999E+00   0.000000000000000E+00  -9.534486264299999E-01   0.000000000000000E+00   0.000000000000000E+00   0.000000000000000E+00
   6.540054780800000E-01   9.439756181300000E+00   9.439756181300000E+00   0.000000000000000E+00  -9.534486264299999E-01   0.000000000000000E+00   0.000000000000000E+00   0.000000000000000E+00
   6.590753776200000E-01   9.512933879500000E+00   9.512933879500000E+00   0.000000000000000E+00  -9.534486264299999E-01   0.000000000000000E+00   0.000000000000000E+00   0.000000000000000E+00
   6.641452771500000E-01   9.586111577700001E+00   9.586111577700001E+00   0.000000000000000E+00  -9.534486264299999E-01   0.000000000000000E+00   0.000000000000000E+00   0.000000000000000E+00
   6.692151766900000E-01   9.659289275800001E+00   9.659289275800001E+00   0.000000000000000E+00  -9.534486264299999E-01   0.000000000000000E+00   0.000000000000000E+00   0.000000000000000E+00
   6.742850762200000E-01   9.732466973999999E+00   9.732466973999999E+00   0.000000000000000E+00  -9.534486264299999E-01   0.000000000000000E+00   0.000000000000000E+00   0.000000000000000E+00
   6.780682219000000E-01   9.787071979500000E+00   9.787071979500000E+00   0.000000000000000E+00  -9.534486264299999E-01   0.000000000000000E+00   0.000000000000000E+00   0.000000000000000E+00
   6.818513675700000E-01   9.841676985099999E+00   9.841676985099999E+00   0.000000000000000E+00  -9.534486264299999E-01   0.000000000000000E+00   0.000000000000000E+00   0.000000000000000E+00
   6.856345132400000E-01   9.896281990600000E+00   9.896281990600000E+00   0.000000000000000E+00  -9.534486264299999E-01   0.000000000000000E+00   0.000000000000000E+00   0.000000000000000E+00
   6.894176589100000E-01   9.950886996099999E+00   9.950886996099999E+00   0.000000000000000E+00  -9.534486264299999E-01   0.000000000000000E+00   0.000000000000000E+00   0.000000000000000E+00
   6.918301497400000E-01   9.985708302600001E+00   9.985708302600001E+00   0.000000000000000E+00  -9.534486264299999E-01   0.000000000000000E+00   0.000000000000000E+00   0.000000000000000E+00
   6.942426405700000E-01   1.002052960900000E+01   1.002052960900000E+01   0.000000000000000E+00  -9.534486264299999E-01   0.000000000000000E+00   0.000000000000000E+00   0.000000000000000E+00
   6.966551313900000E-01   1.005535091600000E+01   1.005535091600000E+01   0.000000000000000E+00  -9.534486264299999E-01   0.000000000000000E+00   0.000000000000000E+00   0.000000000000000E+00
   6.990676222200000E-01   1.009017222200000E+01   1.009017222200000E+01   0.000000000000000E+00  -9.534486264299999E-01   0.000000000000000E+00   0.000000000000000E+00   0.000000000000000E+00
   7.014203359500000E-01   1.012413072000000E+01   1.012413072000000E+01   0.000000000000000E+00  -9.534486264299999E-01   0.000000000000000E+00   0.000000000000000E+00   0.000000000000000E+00
   7.037730496700000E-01   1.015808921900000E+01   1.015808921900000E+01   0.000000000000000E+00  -9.534486264299999E-01   0.000000000000000E+00   0.000000000000000E+00   0.000000000000000E+00
   7.061257634000000E-01   1.019204771700000E+01   1.019204771700000E+01   0.000000000000000E+00  -9.534486264299999E-01   0.000000000000000E+00   0.000000000000000E+00   0.000000000000000E+00
   7.084784771300000E-01   1.022600621500000E+01   1.022600621500000E+01   0.000000000000000E+00  -9.534486264299999E-01   0.000000000000000E+00   0.000000000000000E+00   0.000000000000000E+00
   7.108083663100000E-01   1.025963527000000E+01   1.025963527000000E+01   0.000000000000000E+00  -9.534486264299999E-01   0.000000000000000E+00   0.000000000000000E+00   0.000000000000000E+00
   7.131382554900000E-01   1.029326432400000E+01   1.029326432400000E+01   0.000000000000000E+00  -9.534486264299999E-01   0.000000000000000E+00   0.000000000000000E+00   0.000000000000000E+00
   7.154681446700000E-01   1.032689337900000E+01   1.032689337900000E+01   0.000000000000000E+00  -9.534486264299999E-01   0.000000000000000E+00   0.000000000000000E+00   0.000000000000000E+00
   7.177980338500000E-01   1.036052243300000E+01   1.036052243300000E+01   0.000000000000000E+00  -9.534486264299999E-01   0.000000000000000E+00   0.000000000000000E+00   0.000000000000000E+00
   7.202151596000000E-01   1.039541063900000E+01   1.039541063900000E+01   0.000000000000000E+00  -9.534486264299999E-01   0.000000000000000E+00   0.000000000000000E+00   0.000000000000000E+00
   7.226322853600000E-01   1.043029884500000E+01   1.043029884500000E+01   0.000000000000000E+00  -9.534486264299999E-01   0.000000000000000E+00   0.000000000000000E+00   0.000000000000000E+00
   7.250494111100000E-01   1.046518705100000E+01   1.046518705100000E+01   0.000000000000000E+00  -9.534486264299999E-01   0.000000000000000E+00   0.000000000000000E+00   0.000000000000000E+00
   7.274665368600000E-01   1.050007525700000E+01   1.050007525700000E+01   0.000000000000000E+00  -9.534486264299999E-01   0.000000000000000E+00   0.000000000000000E+00   0.000000000000000E+00
   7.298646018300000E-01   1.053468834400000E+01   1.053468834400000E+01   0.000000000000000E+00  -9.534486264299999E-01   0.000000000000000E+00   0.000000000000000E+00   0.000000000000000E+00
   7.322626668100000E-01   1.056930143100000E+01   1.056930143100000E+01   0.000000000000000E+00  -9.534486264299999E-01   0.000000000000000E+00   0.000000000000000E+00   0.000000000000000E+00
   7.346607317800000E-01   1.060391451800000E+01   1.060391451800000E+01   0.000000000000000E+00  -9.534486264299999E-01   0.000000000000000E+00   0.000000000000000E+00   0.000000000000000E+00
   7.370587967500000E-01   1.063852760500000E+01   1.063852760500000E+01   0.000000000000000E+00  -9.534486264299999E-01   0.000000000000000E+00   0.000000000000000E+00   0.000000000000000E+00
   7.390153602200000E-01   1.066676816700000E+01   1.066676816700000E+01   0.000000000000000E+00  -9.534486264299999E-01   0.000000000000000E+00   0.000000000000000E+00   0.000000000000000E+00
   7.409719236900000E-01   1.069500872900000E+01   1.069500872900000E+01   0.000000000000000E+00  -9.534486264299999E-01   0.000000000000000E+00   0.000000000000000E+00   0.000000000000000E+00
   7.429284871600000E-01   1.072324929100000E+01   1.072324929100000E+01   0.000000000000000E+00  -9.534486264299999E-01   0.000000000000000E+00   0.000000000000000E+00   0.000000000000000E+00
   7.448850506300000E-01   1.075148985200000E+01   1.075148985200000E+01   0.000000000000000E+00  -9.534486264299999E-01   0.000000000000000E+00   0.000000000000000E+00   0.000000000000000E+00
   7.467877769000000E-01   1.077895334100000E+01   1.077895334100000E+01   0.000000000000000E+00  -9.534486264299999E-01   0.000000000000000E+00   0.000000000000000E+00   0.000000000000000E+00
   7.486905031600000E-01   1.080641683000000E+01   1.080641683000000E+01   0.000000000000000E+00  -9.534486264299999E-01   0.000000000000000E+00   0.000000000000000E+00   0.000000000000000E+00
   7.505932294300000E-01   1.083388031900000E+01   1.083388031900000E+01   0.000000000000000E+00  -9.534486264299999E-01   0.000000000000000E+00   0.000000000000000E+00   0.000000000000000E+00
   7.524959557000001E-01   1.086134380700000E+01   1.086134380700000E+01   0.000000000000000E+00  -9.534486264299999E-01   0.000000000000000E+00   0.000000000000000E+00   0.000000000000000E+00
   7.546822152000000E-01   1.089289974600000E+01   1.089289974600000E+01   0.000000000000000E+00  -9.534486264299999E-01   0.000000000000000E+00   0.000000000000000E+00   0.000000000000000E+00
   7.568684747000000E-01   1.092445568400000E+01   1.092445568400000E+01   0.000000000000000E+00  -9.534486264299999E-01   0.000000000000000E+00   0.000000000000000E+00   0.000000000000000E+00
   7.590547342000000E-01   1.095601162300000E+01   1.095601162300000E+01   0.000000000000000E+00  -9.534486264299999E-01   0.000000000000000E+00   0.000000000000000E+00   0.000000000000000E+00
   7.612409937100000E-01   1.098756756100000E+01   1.098756756100000E+01   0.000000000000000E+00  -9.534486264299999E-01   0.000000000000000E+00   0.000000000000000E+00   0.000000000000000E+00
   7.628344214100000E-01   1.101056671000000E+01   1.101056671000000E+01   0.000000000000000E+00  -9.534486264299999E-01   0.000000000000000E+00   0.000000000000000E+00   0.000000000000000E+00
   7.644278491199999E-01   1.103356585800000E+01   1.103356585800000E+01   0.000000000000000E+00  -9.534486264299999E-01   0.000000000000000E+00   0.000000000000000E+00   0.000000000000000E+00
   7.660212768300000E-01   1.105656500600000E+01   1.105656500600000E+01   0.000000000000000E+00  -9.534486264299999E-01   0.000000000000000E+00   0.000000000000000E+00   0.000000000000000E+00
   7.676147045300000E-01   1.107956415500000E+01   1.107956415500000E+01   0.000000000000000E+00  -9.534486264299999E-01   0.000000000000000E+00   0.000000000000000E+00   0.000000000000000E+00
   7.691588811900000E-01   1.110185242600000E+01   1.110185242600000E+01   0.000000000000000E+00  -9.534486264299999E-01   0.000000000000000E+00   0.000000000000000E+00   0.000000000000000E+00
   7.707030578500000E-01   1.112414069600000E+01   1.112414069600000E+01   0.000000000000000E+00  -9.534486264299999E-01   0.000000000000000E+00   0.000000000000000E+00   0.000000000000000E+00
   7.722472345100000E-01   1.114642896700000E+01   1.114642896700000E+01   0.000000000000000E+00  -9.534486264299999E-01   0.000000000000000E+00   0.000000000000000E+00   0.000000000000000E+00
   7.737914111700001E-01   1.116871723800000E+01   1.116871723800000E+01   0.000000000000000E+00  -9.534486264299999E-01   0.000000000000000E+00   0.000000000000000E+00   0.000000000000000E+00
   7.754945785100000E-01   1.119330034100000E+01   1.119330034100000E+01   0.000000000000000E+00  -9.534486264299999E-01   0.000000000000000E+00   0.000000000000000E+00   0.000000000000000E+00
   7.771977458400000E-01   1.121788344500000E+01   1.121788344500000E+01   0.000000000000000E+00  -9.534486264299999E-01   0.000000000000000E+00   0.000000000000000E+00   0.000000000000000E+00
   7.789009131800000E-01   1.124246654800000E+01   1.124246654800000E+01   0.000000000000000E+00  -9.534486264299999E-01   0.000000000000000E+00   0.000000000000000E+00   0.000000000000000E+00
   7.806040805100000E-01   1.126704965200000E+01   1.126704965200000E+01   0.000000000000000E+00  -9.534486264299999E-01   0.000000000000000E+00   0.000000000000000E+00   0.000000000000000E+00
   7.823229913400001E-01   1.129185999300000E+01   1.129185999300000E+01   0.000000000000000E+00  -9.534486264299999E-01   0.000000000000000E+00   0.000000000000000E+00   0.000000000000000E+00
   7.840419021700000E-01   1.131667033500000E+01   1.131667033500000E+01   0.000000000000000E+00  -9.534486264299999E-01   0.000000000000000E+00   0.000000000000000E+00   0.000000000000000E+00
   7.857608130000000E-01   1.134148067600000E+01   1.134148067600000E+01   0.000000000000000E+00  -9.534486264299999E-01   0.000000000000000E+00   0.000000000000000E+00   0.000000000000000E+00
   7.874797238300000E-01   1.136629101700000E+01   1.136629101700000E+01   0.000000000000000E+00  -9.534486264299999E-01   0.000000000000000E+00   0.000000000000000E+00   0.000000000000000E+00
   7.894964190300000E-01   1.139539950600000E+01   1.139539950600000E+01   0.000000000000000E+00  -9.534486264299999E-01   0.000000000000000E+00   0.000000000000000E+00   0.000000000000000E+00
   7.915131142200000E-01   1.142450799400000E+01   1.142450799400000E+01   0.000000000000000E+00  -9.534486264299999E-01   0.000000000000000E+00   0.000000000000000E+00   0.000000000000000E+00
   7.935298094200000E-01   1.145361648300000E+01   1.145361648300000E+01   0.000000000000000E+00  -9.534486264299999E-01   0.000000000000000E+00   0.000000000000000E+00   0.000000000000000E+00
   7.955465046100000E-01   1.148272497100000E+01   1.148272497100000E+01   0.000000000000000E+00  -9.534486264299999E-01   0.000000000000000E+00   0.000000000000000E+00   0.000000000000000E+00
   7.971019679700000E-01   1.150517615100000E+01   1.150517615100000E+01   0.000000000000000E+00  -9.534486264299999E-01   0.000000000000000E+00   0.000000000000000E+00   0.000000000000000E+00
   7.986574313300000E-01   1.152762733200000E+01   1.152762733200000E+01   0.000000000000000E+00  -9.534486264299999E-01   0.000000000000000E+00   0.000000000000000E+00   0.000000000000000E+00
   8.002128946900000E-01   1.155007851200000E+01   1.155007851200000E+01   0.000000000000000E+00  -9.534486264299999E-01   0.000000000000000E+00   0.000000000000000E+00   0.000000000000000E+00
   8.017683580500000E-01   1.157252969200000E+01   1.157252969200000E+01   0.000000000000000E+00  -9.534486264299999E-01   0.000000000000000E+00   0.000000000000000E+00   0.000000000000000E+00
   8.031826050000000E-01   1.159294258900000E+01   1.159294258900000E+01   0.000000000000000E+00  -9.534486264299999E-01   0.000000000000000E+00   0.000000000000000E+00   0.000000000000000E+00
   8.045968519600000E-01   1.161335548600000E+01   1.161335548600000E+01   0.000000000000000E+00  -9.534486264299999E-01   0.000000000000000E+00   0.000000000000000E+00   0.000000000000000E+00
   8.060110989100000E-01   1.163376838300000E+01   1.163376838300000E+01   0.000000000000000E+00  -9.534486264299999E-01   0.000000000000000E+00   0.000000000000000E+00   0.000000000000000E+00
   8.074253458700000E-01   1.165418128000000E+01   1.165418128000000E+01   0.000000000000000E+00  -9.534486264299999E-01   0.000000000000000E+00   0.000000000000000E+00   0.000000000000000E+00
   8.087601707600000E-01   1.167344781800000E+01   1.167344781800000E+01   0.000000000000000E+00  -9.534486264299999E-01   0.000000000000000E+00   0.000000000000000E+00   0.000000000000000E+00
   8.100949956500000E-01   1.169271435600000E+01   1.169271435600000E+01   0.000000000000000E+00  -9.534486264299999E-01   0.000000000000000E+00   0.000000000000000E+00   0.000000000000000E+00
   8.114298205400000E-01   1.171198089400000E+01   1.171198089400000E+01   0.000000000000000E+00  -9.534486264299999E-01   0.000000000000000E+00   0.000000000000000E+00   0.000000000000000E+00
   8.127646454300000E-01   1.173124743300000E+01   1.173124743300000E+01   0.000000000000000E+00  -9.534486264299999E-01   0.000000000000000E+00   0.000000000000000E+00   0.000000000000000E+00
   8.146950175200000E-01   1.175910995400000E+01   1.175910995400000E+01   0.000000000000000E+00  -9.534486264299999E-01   0.000000000000000E+00   0.000000000000000E+00   0.000000000000000E+00
   8.166253896000000E-01   1.178697247600000E+01   1.178697247600000E+01   0.000000000000000E+00  -9.534486264299999E-01   0.000000000000000E+00   0.000000000000000E+00   0.000000000000000E+00
   8.185557616800000E-01   1.181483499800000E+01   1.181483499800000E+01   0.000000000000000E+00  -9.534486264299999E-01   0.000000000000000E+00   0.000000000000000E+00   0.000000000000000E+00
   8.204861337600000E-01   1.184269751900000E+01   1.184269751900000E+01   0.000000000000000E+00  -9.534486264299999E-01   0.000000000000000E+00   0.000000000000000E+00   0.000000000000000E+00
   8.224728624800000E-01   1.187137347900000E+01   1.187137347900000E+01   0.000000000000000E+00  -9.534486264299999E-01   0.000000000000000E+00   0.000000000000000E+00   0.000000000000000E+00
   8.244595912100000E-01   1.190004943900000E+01   1.190004943900000E+01   0.000000000000000E+00  -9.534486264299999E-01   0.000000000000000E+00   0.000000000000000E+00   0.000000000000000E+00
   8.264463199300000E-01   1.192872539800000E+01   1.192872539800000E+01   0.000000000000000E+00  -9.534486264299999E-01   0.000000000000000E+00   0.000000000000000E+00   0.000000000000000E+00
   8.284330486600000E-01   1.195740135800000E+01   1.195740135800000E+01   0.000000000000000E+00  -9.534486264299999E-01   0.000000000000000E+00   0.000000000000000E+00   0.000000000000000E+00
   8.301093801600000E-01   1.198159712000000E+01   1.198159712000000E+01   0.000000000000000E+00  -9.534486264299999E-01   0.000000000000000E+00   0.000000000000000E+00   0.000000000000000E+00
   8.317857116500000E-01   1.200579288100000E+01   1.200579288100000E+01   0.000000000000000E+00  -9.534486264299999E-01   0.000000000000000E+00   0.000000000000000E+00   0.000000000000000E+00
   8.334620431500001E-01   1.202998864300000E+01   1.202998864300000E+01   0.000000000000000E+00  -9.534486264299999E-01   0.000000000000000E+00   0.000000000000000E+00   0.000000000000000E+00
   8.351383746500000E-01   1.205418440400000E+01   1.205418440400000E+01   0.000000000000000E+00  -9.534486264299999E-01   0.000000000000000E+00   0.000000000000000E+00   0.000000000000000E+00
   8.364699255400000E-01   1.207340368700000E+01   1.207340368700000E+01   0.000000000000000E+00  -9.534486264299999E-01   0.000000000000000E+00   0.000000000000000E+00   0.000000000000000E+00
   8.378014764300000E-01   1.209262296900000E+01   1.209262296900000E+01   0.000000000000000E+00  -9.534486264299999E-01   0.000000000000000E+00   0.000000000000000E+00   0.000000000000000E+00
   8.391330273199999E-01   1.211184225100000E+01   1.211184225100000E+01   0.000000000000000E+00  -9.534486264299999E-01   0.000000000000000E+00   0.000000000000000E+00   0.000000000000000E+00
   8.404645782100000E-01   1.213106153300000E+01   1.213106153300000E+01   0.000000000000000E+00  -9.534486264299999E-01   0.000000000000000E+00   0.000000000000000E+00   0.000000000000000E+00
   8.414445829600000E-01   1.214520668300000E+01   1.214520668300000E+01   0.000000000000000E+00  -9.534486264299999E-01   0.000000000000000E+00   0.000000000000000E+00   0.000000000000000E+00
   8.424245877200000E-01   1.215935183400000E+01   1.215935183400000E+01   0.000000000000000E+00  -9.534486264299999E-01   0.000000000000000E+00   0.000000000000000E+00   0.000000000000000E+00
   8.434045924700000E-01   1.217349698400000E+01   1.217349698400000E+01   0.000000000000000E+00  -9.534486264299999E-01   0.000000000000000E+00   0.000000000000000E+00   0.000000000000000E+00
   8.443845972200000E-01   1.218764213500000E+01   1.218764213500000E+01   0.000000000000000E+00  -9.534486264299999E-01   0.000000000000000E+00   0.000000000000000E+00   0.000000000000000E+00
   8.453619088000000E-01   1.220174841300000E+01   1.220174841300000E+01   0.000000000000000E+00  -9.534486264299999E-01   0.000000000000000E+00   0.000000000000000E+00   0.000000000000000E+00
   8.463392203700000E-01   1.221585469000000E+01   1.221585469000000E+01   0.000000000000000E+00  -9.534486264299999E-01   0.000000000000000E+00   0.000000000000000E+00   0.000000000000000E+00
   8.473165319400000E-01   1.222996096800000E+01   1.222996096800000E+01   0.000000000000000E+00  -9.534486264299999E-01   0.000000000000000E+00   0.000000000000000E+00   0.000000000000000E+00
   8.482938435100000E-01   1.224406724600000E+01   1.224406724600000E+01   0.000000000000000E+00  -9.534486264299999E-01   0.000000000000000E+00   0.000000000000000E+00   0.000000000000000E+00
   8.495280026699999E-01   1.226188079900000E+01   1.226188079900000E+01   0.000000000000000E+00  -9.534486264299999E-01   0.000000000000000E+00   0.000000000000000E+00   0.000000000000000E+00
   8.507621618300000E-01   1.227969435300000E+01   1.227969435300000E+01   0.000000000000000E+00  -9.534486264299999E-01   0.000000000000000E+00   0.000000000000000E+00   0.000000000000000E+00
   8.519963209900000E-01   1.229750790600000E+01   1.229750790600000E+01   0.000000000000000E+00  -9.534486264299999E-01   0.000000000000000E+00   0.000000000000000E+00   0.000000000000000E+00
   8.532304801500000E-01   1.231532146000000E+01   1.231532146000000E+01   0.000000000000000E+00  -9.534486264299999E-01   0.000000000000000E+00   0.000000000000000E+00   0.000000000000000E+00
   8.542392364700000E-01   1.232988160400000E+01   1.232988160400000E+01   0.000000000000000E+00  -9.534486264299999E-01   0.000000000000000E+00   0.000000000000000E+00   0.000000000000000E+00
   8.552479927900000E-01   1.234444174700000E+01   1.234444174700000E+01   0.000000000000000E+00  -9.534486264299999E-01   0.000000000000000E+00   0.000000000000000E+00   0.000000000000000E+00
   8.562567491100000E-01   1.235900189100000E+01   1.235900189100000E+01   0.000000000000000E+00  -9.534486264299999E-01   0.000000000000000E+00   0.000000000000000E+00   0.000000000000000E+00
   8.572655054300000E-01   1.237356203400000E+01   1.237356203400000E+01   0.000000000000000E+00  -9.534486264299999E-01   0.000000000000000E+00   0.000000000000000E+00   0.000000000000000E+00
   8.581884782300000E-01   1.238688400000000E+01   1.238688400000000E+01   0.000000000000000E+00  -9.534486264299999E-01   0.000000000000000E+00   0.000000000000000E+00   0.000000000000000E+00
   8.591114510400000E-01   1.240020596500000E+01   1.240020596500000E+01   0.000000000000000E+00  -9.534486264299999E-01   0.000000000000000E+00   0.000000000000000E+00   0.000000000000000E+00
   8.600344238400000E-01   1.241352793000000E+01   1.241352793000000E+01   0.000000000000000E+00  -9.534486264299999E-01   0.000000000000000E+00   0.000000000000000E+00   0.000000000000000E+00
   8.609573966500000E-01   1.242684989500000E+01   1.242684989500000E+01   0.000000000000000E+00  -9.534486264299999E-01   0.000000000000000E+00   0.000000000000000E+00   0.000000000000000E+00
   8.619670139000000E-01   1.244142246500000E+01   1.244142246500000E+01   0.000000000000000E+00  -9.534486264299999E-01   0.000000000000000E+00   0.000000000000000E+00   0.000000000000000E+00
   8.629766311600000E-01   1.245599503600000E+01   1.245599503600000E+01   0.000000000000000E+00  -9.534486264299999E-01   0.000000000000000E+00   0.000000000000000E+00   0.000000000000000E+00
   8.639862484100000E-01   1.247056760600000E+01   1.247056760600000E+01   0.000000000000000E+00  -9.534486264299999E-01   0.000000000000000E+00   0.000000000000000E+00   0.000000000000000E+00
   8.649958656700000E-01   1.248514017600000E+01   1.248514017600000E+01   0.000000000000000E+00  -9.534486264299999E-01   0.000000000000000E+00   0.000000000000000E+00   0.000000000000000E+00
   8.661234356000000E-01   1.250141524700000E+01   1.250141524700000E+01   0.000000000000000E+00  -9.534486264299999E-01   0.000000000000000E+00   0.000000000000000E+00   0.000000000000000E+00
   8.672510055300000E-01   1.251769031700000E+01   1.251769031700000E+01   0.000000000000000E+00  -9.534486264299999E-01   0.000000000000000E+00   0.000000000000000E+00   0.000000000000000E+00
   8.683785754700000E-01   1.253396538700000E+01   1.253396538700000E+01   0.000000000000000E+00  -9.534486264299999E-01   0.000000000000000E+00   0.000000000000000E+00   0.000000000000000E+00
   8.695061454000000E-01   1.255024045800000E+01   1.255024045800000E+01   0.000000000000000E+00  -9.534486264299999E-01   0.000000000000000E+00   0.000000000000000E+00   0.000000000000000E+00
   8.704689494400000E-01   1.256413733800000E+01   1.256413733800000E+01   0.000000000000000E+00  -9.534486264299999E-01   0.000000000000000E+00   0.000000000000000E+00   0.000000000000000E+00
   8.714317534800000E-01   1.257803421700000E+01   1.257803421700000E+01   0.000000000000000E+00  -9.534486264299999E-01   0.000000000000000E+00   0.000000000000000E+00   0.000000000000000E+00
   8.723945575299999E-01   1.259193109700000E+01   1.259193109700000E+01   0.000000000000000E+00  -9.534486264299999E-01   0.000000000000000E+00   0.000000000000000E+00   0.000000000000000E+00
   8.733573615700000E-01   1.260582797600000E+01   1.260582797600000E+01   0.000000000000000E+00  -9.534486264299999E-01   0.000000000000000E+00   0.000000000000000E+00   0.000000000000000E+00
   8.741475116900000E-01   1.261723281100000E+01   1.261723281100000E+01   0.000000000000000E+00  -9.534486264299999E-01   0.000000000000000E+00   0.000000000000000E+00   0.000000000000000E+00
   8.749376618100000E-01   1.262863764600000E+01   1.262863764600000E+01   0.000000000000000E+00  -9.534486264299999E-01   0.000000000000000E+00   0.000000000000000E+00   0.000000000000000E+00
   8.757278119200000E-01   1.264004248100000E+01   1.264004248100000E+01   0.000000000000000E+00  -9.534486264299999E-01   0.000000000000000E+00   0.000000000000000E+00   0.000000000000000E+00
   8.765179620400000E-01   1.265144731600000E+01   1.265144731600000E+01   0.000000000000000E+00  -9.534486264299999E-01   0.000000000000000E+00   0.000000000000000E+00   0.000000000000000E+00
   8.770896323900000E-01   1.265969866700000E+01   1.265969866700000E+01   0.000000000000000E+00  -9.534486264299999E-01   0.000000000000000E+00   0.000000000000000E+00   0.000000000000000E+00
   8.776613027500000E-01   1.266795001800000E+01   1.266795001800000E+01   0.000000000000000E+00  -9.534486264299999E-01   0.000000000000000E+00   0.000000000000000E+00   0.000000000000000E+00
   8.782329731000000E-01   1.267620136900000E+01   1.267620136900000E+01   0.000000000000000E+00  -9.534486264299999E-01   0.000000000000000E+00   0.000000000000000E+00   0.000000000000000E+00
   8.788046434500000E-01   1.268445272000000E+01   1.268445272000000E+01   0.000000000000000E+00  -9.534486264299999E-01   0.000000000000000E+00   0.000000000000000E+00   0.000000000000000E+00
   8.793768068700000E-01   1.269271118800000E+01   1.269271118800000E+01   0.000000000000000E+00  -9.534486264299999E-01   0.000000000000000E+00   0.000000000000000E+00   0.000000000000000E+00
   8.799489702900000E-01   1.270096965500000E+01   1.270096965500000E+01   0.000000000000000E+00  -9.534486264299999E-01   0.000000000000000E+00   0.000000000000000E+00   0.000000000000000E+00
   8.805211337000000E-01   1.270922812300000E+01   1.270922812300000E+01   0.000000000000000E+00  -9.534486264299999E-01   0.000000000000000E+00   0.000000000000000E+00   0.000000000000000E+00
   8.810932971200000E-01   1.271748659100000E+01   1.271748659100000E+01   0.000000000000000E+00  -9.534486264299999E-01   0.000000000000000E+00   0.000000000000000E+00   0.000000000000000E+00
   8.815401517300000E-01   1.272393638200000E+01   1.272393638200000E+01   0.000000000000000E+00  -9.534486264299999E-01   0.000000000000000E+00   0.000000000000000E+00   0.000000000000000E+00
   8.819870063400000E-01   1.273038617300000E+01   1.273038617300000E+01   0.000000000000000E+00  -9.534486264299999E-01   0.000000000000000E+00   0.000000000000000E+00   0.000000000000000E+00
   8.824338609500000E-01   1.273683596300000E+01   1.273683596300000E+01   0.000000000000000E+00  -9.534486264299999E-01   0.000000000000000E+00   0.000000000000000E+00   0.000000000000000E+00
   8.828807155600000E-01   1.274328575400000E+01   1.274328575400000E+01   0.000000000000000E+00  -9.534486264299999E-01   0.000000000000000E+00   0.000000000000000E+00   0.000000000000000E+00
   8.832809057600000E-01   1.274906200200000E+01   1.274906200200000E+01   0.000000000000000E+00  -9.534486264299999E-01   0.000000000000000E+00   0.000000000000000E+00   0.000000000000000E+00
   8.836810959600000E-01   1.275483825100000E+01   1.275483825100000E+01   0.000000000000000E+00  -9.534486264299999E-01   0.000000000000000E+00   0.000000000000000E+00   0.000000000000000E+00
   8.840812861700000E-01   1.276061449900000E+01   1.276061449900000E+01   0.000000000000000E+00  -9.534486264299999E-01   0.000000000000000E+00   0.000000000000000E+00   0.000000000000000E+00
   8.844814763700000E-01   1.276639074700000E+01   1.276639074700000E+01   0.000000000000000E+00  -9.534486264299999E-01   0.000000000000000E+00   0.000000000000000E+00   0.000000000000000E+00
   8.848773407200000E-01   1.277210455700000E+01   1.277210455700000E+01   0.000000000000000E+00  -9.534486264299999E-01   0.000000000000000E+00   0.000000000000000E+00   0.000000000000000E+00
   8.852732050600000E-01   1.277781836700000E+01   1.277781836700000E+01   0.000000000000000E+00  -9.534486264299999E-01   0.000000000000000E+00   0.000000000000000E+00   0.000000000000000E+00
   8.856690694100000E-01   1.278353217600000E+01   1.278353217600000E+01   0.000000000000000E+00  -9.534486264299999E-01   0.000000000000000E+00   0.000000000000000E+00   0.000000000000000E+00
   8.860649337500000E-01   1.278924598600000E+01   1.278924598600000E+01   0.000000000000000E+00  -9.534486264299999E-01   0.000000000000000E+00   0.000000000000000E+00   0.000000000000000E+00
   8.865727592100000E-01   1.279657581500000E+01   1.279657581500000E+01   0.000000000000000E+00  -9.534486264299999E-01   0.000000000000000E+00   0.000000000000000E+00   0.000000000000000E+00
   8.870805846699999E-01   1.280390564500000E+01   1.280390564500000E+01   0.000000000000000E+00  -9.534486264299999E-01   0.000000000000000E+00   0.000000000000000E+00   0.000000000000000E+00
   8.875884101200000E-01   1.281123547400000E+01   1.281123547400000E+01   0.000000000000000E+00  -9.534486264299999E-01   0.000000000000000E+00   0.000000000000000E+00   0.000000000000000E+00
   8.880962355799999E-01   1.281856530300000E+01   1.281856530300000E+01   0.000000000000000E+00  -9.534486264299999E-01   0.000000000000000E+00   0.000000000000000E+00   0.000000000000000E+00
   8.886302845400000E-01   1.282627363600000E+01   1.282627363600000E+01   0.000000000000000E+00  -9.534486264299999E-01   0.000000000000000E+00   0.000000000000000E+00   0.000000000000000E+00
   8.891643335000000E-01   1.283398196900000E+01   1.283398196900000E+01   0.000000000000000E+00  -9.534486264299999E-01   0.000000000000000E+00   0.000000000000000E+00   0.000000000000000E+00
   8.896983824600000E-01   1.284169030200000E+01   1.284169030200000E+01   0.000000000000000E+00  -9.534486264299999E-01   0.000000000000000E+00   0.000000000000000E+00   0.000000000000000E+00
   8.902324314200000E-01   1.284939863500000E+01   1.284939863500000E+01   0.000000000000000E+00  -9.534486264299999E-01   0.000000000000000E+00   0.000000000000000E+00   0.000000000000000E+00
   8.906262273100000E-01   1.285508258900000E+01   1.285508258900000E+01   0.000000000000000E+00  -9.534486264299999E-01   0.000000000000000E+00   0.000000000000000E+00   0.000000000000000E+00
   8.910200231900000E-01   1.286076654300000E+01   1.286076654300000E+01   0.000000000000000E+00  -9.534486264299999E-01   0.000000000000000E+00   0.000000000000000E+00   0.000000000000000E+00
   8.914138190799999E-01   1.286645049700000E+01   1.286645049700000E+01   0.000000000000000E+00  -9.534486264299999E-01   0.000000000000000E+00   0.000000000000000E+00   0.000000000000000E+00
   8.918076149600001E-01   1.287213445200000E+01   1.287213445200000E+01   0.000000000000000E+00  -9.534486264299999E-01   0.000000000000000E+00   0.000000000000000E+00   0.000000000000000E+00
   8.922008087100000E-01   1.287780971400000E+01   1.287780971400000E+01   0.000000000000000E+00  -9.534486264299999E-01   0.000000000000000E+00   0.000000000000000E+00   0.000000000000000E+00
   8.925940024500000E-01   1.288348497700000E+01   1.288348497700000E+01   0.000000000000000E+00  -9.534486264299999E-01   0.000000000000000E+00   0.000000000000000E+00   0.000000000000000E+00
   8.929871962000000E-01   1.288916024000000E+01   1.288916024000000E+01   0.000000000000000E+00  -9.534486264299999E-01   0.000000000000000E+00   0.000000000000000E+00   0.000000000000000E+00
   8.933803899400000E-01   1.289483550300000E+01   1.289483550300000E+01   0.000000000000000E+00  -9.534486264299999E-01   0.000000000000000E+00   0.000000000000000E+00   0.000000000000000E+00
   8.938109405300000E-01   1.290104996600000E+01   1.290104996600000E+01   0.000000000000000E+00  -9.534486264299999E-01   0.000000000000000E+00   0.000000000000000E+00   0.000000000000000E+00
   8.942414911200000E-01   1.290726442900000E+01   1.290726442900000E+01   0.000000000000000E+00  -9.534486264299999E-01   0.000000000000000E+00   0.000000000000000E+00   0.000000000000000E+00
   8.946720417200000E-01   1.291347889100000E+01   1.291347889100000E+01   0.000000000000000E+00  -9.534486264299999E-01   0.000000000000000E+00   0.000000000000000E+00   0.000000000000000E+00
   8.951025923100000E-01   1.291969335400000E+01   1.291969335400000E+01   0.000000000000000E+00  -9.534486264299999E-01   0.000000000000000E+00   0.000000000000000E+00   0.000000000000000E+00
   8.955470931800000E-01   1.292610917200000E+01   1.292610917200000E+01   0.000000000000000E+00  -9.534486264299999E-01   0.000000000000000E+00   0.000000000000000E+00   0.000000000000000E+00
   8.959915940500000E-01   1.293252498900000E+01   1.293252498900000E+01   0.000000000000000E+00  -9.534486264299999E-01   0.000000000000000E+00   0.000000000000000E+00   0.000000000000000E+00
   8.964360949200000E-01   1.293894080700000E+01   1.293894080700000E+01   0.000000000000000E+00  -9.534486264299999E-01   0.000000000000000E+00   0.000000000000000E+00   0.000000000000000E+00
   8.968805958000000E-01   1.294535662400000E+01   1.294535662400000E+01   0.000000000000000E+00  -9.534486264299999E-01   0.000000000000000E+00   0.000000000000000E+00   0.000000000000000E+00
   8.973099516200000E-01   1.295155384200000E+01   1.295155384200000E+01   0.000000000000000E+00  -9.534486264299999E-01   0.000000000000000E+00   0.000000000000000E+00   0.000000000000000E+00
   8.977393074500000E-01   1.295775106000000E+01   1.295775106000000E+01   0.000000000000000E+00  -9.534486264299999E-01   0.000000000000000E+00   0.000000000000000E+00   0.000000000000000E+00
   8.981686632700000E-01   1.296394827700000E+01   1.296394827700000E+01   0.000000000000000E+00  -9.534486264299999E-01   0.000000000000000E+00   0.000000000000000E+00   0.000000000000000E+00
   8.985980190900000E-01   1.297014549500000E+01   1.297014549500000E+01   0.000000000000000E+00  -9.534486264299999E-01   0.000000000000000E+00   0.000000000000000E+00   0.000000000000000E+00
   8.990513036300000E-01   1.297668809400000E+01   1.297668809400000E+01   0.000000000000000E+00  -9.534486264299999E-01   0.000000000000000E+00   0.000000000000000E+00   0.000000000000000E+00
   8.995045881700000E-01   1.298323069300000E+01   1.298323069300000E+01   0.000000000000000E+00  -9.534486264299999E-01   0.000000000000000E+00   0.000000000000000E+00   0.000000000000000E+00
   8.999578727000000E-01   1.298977329200000E+01   1.298977329200000E+01   0.000000000000000E+00  -9.534486264299999E-01   0.000000000000000E+00   0.000000000000000E+00   0.000000000000000E+00
   9.004111572400000E-01   1.299631589000000E+01   1.299631589000000E+01   0.000000000000000E+00  -9.534486264299999E-01   0.000000000000000E+00   0.000000000000000E+00   0.000000000000000E+00
   9.009795214000000E-01   1.300451952100000E+01   1.300451952100000E+01   0.000000000000000E+00  -9.534486264299999E-01   0.000000000000000E+00   0.000000000000000E+00   0.000000000000000E+00
   9.015478855700000E-01   1.301272315100000E+01   1.301272315100000E+01   0.000000000000000E+00  -9.534486264299999E-01   0.000000000000000E+00   0.000000000000000E+00   0.000000000000000E+00
   9.021162497400000E-01   1.302092678100000E+01   1.302092678100000E+01   0.000000000000000E+00  -9.534486264299999E-01   0.000000000000000E+00   0.000000000000000E+00   0.000000000000000E+00
   9.026846139100000E-01   1.302913041200000E+01   1.302913041200000E+01   0.000000000000000E+00  -9.534486264299999E-01   0.000000000000000E+00   0.000000000000000E+00   0.000000000000000E+00
   9.032514580600000E-01   1.303731210300000E+01   1.303731210300000E+01   0.000000000000000E+00  -9.534486264299999E-01   0.000000000000000E+00   0.000000000000000E+00   0.000000000000000E+00
   9.038183022200000E-01   1.304549379300000E+01   1.304549379300000E+01   0.000000000000000E+00  -9.534486264299999E-01   0.000000000000000E+00   0.000000000000000E+00   0.000000000000000E+00
   9.043851463700000E-01   1.305367548400000E+01   1.305367548400000E+01   0.000000000000000E+00  -9.534486264299999E-01   0.000000000000000E+00   0.000000000000000E+00   0.000000000000000E+00
   9.049519905300000E-01   1.306185717500000E+01   1.306185717500000E+01   0.000000000000000E+00  -9.534486264299999E-01   0.000000000000000E+00   0.000000000000000E+00   0.000000000000000E+00
   9.053387294200000E-01   1.306743927000000E+01   1.306743927000000E+01   0.000000000000000E+00  -9.534486264299999E-01   0.000000000000000E+00   0.000000000000000E+00   0.000000000000000E+00
   9.057254683100000E-01   1.307302136500000E+01   1.307302136500000E+01   0.000000000000000E+00  -9.534486264299999E-01   0.000000000000000E+00   0.000000000000000E+00   0.000000000000000E+00
   9.061122072000000E-01   1.307860346100000E+01   1.307860346100000E+01   0.000000000000000E+00  -9.534486264299999E-01   0.000000000000000E+00   0.000000000000000E+00   0.000000000000000E+00
   9.064989460900000E-01   1.308418555600000E+01   1.308418555600000E+01   0.000000000000000E+00  -9.534486264299999E-01   0.000000000000000E+00   0.000000000000000E+00   0.000000000000000E+00
   9.068750599199999E-01   1.308961429100000E+01   1.308961429100000E+01   0.000000000000000E+00  -9.534486264299999E-01   0.000000000000000E+00   0.000000000000000E+00   0.000000000000000E+00
   9.072511737400000E-01   1.309504302700000E+01   1.309504302700000E+01   0.000000000000000E+00  -9.534486264299999E-01   0.000000000000000E+00   0.000000000000000E+00   0.000000000000000E+00
   9.076272875600000E-01   1.310047176200000E+01   1.310047176200000E+01   0.000000000000000E+00  -9.534486264299999E-01   0.000000000000000E+00   0.000000000000000E+00   0.000000000000000E+00
   9.080034013800000E-01   1.310590049800000E+01   1.310590049800000E+01   0.000000000000000E+00  -9.534486264299999E-01   0.000000000000000E+00   0.000000000000000E+00   0.000000000000000E+00
   9.083816342600000E-01   1.311135981900000E+01   1.311135981900000E+01   0.000000000000000E+00  -9.534486264299999E-01   0.000000000000000E+00   0.000000000000000E+00   0.000000000000000E+00
   9.087598671500000E-01   1.311681914100000E+01   1.311681914100000E+01   0.000000000000000E+00  -9.534486264299999E-01   0.000000000000000E+00   0.000000000000000E+00   0.000000000000000E+00
   9.091381000300000E-01   1.312227846200000E+01   1.312227846200000E+01   0.000000000000000E+00  -9.534486264299999E-01   0.000000000000000E+00   0.000000000000000E+00   0.000000000000000E+00
   9.095163329100000E-01   1.312773778400000E+01   1.312773778400000E+01   0.000000000000000E+00  -9.534486264299999E-01   0.000000000000000E+00   0.000000000000000E+00   0.000000000000000E+00
   9.098536706700000E-01   1.313260683500000E+01   1.313260683500000E+01   0.000000000000000E+00  -9.534486264299999E-01   0.000000000000000E+00   0.000000000000000E+00   0.000000000000000E+00
   9.101910084300000E-01   1.313747588700000E+01   1.313747588700000E+01   0.000000000000000E+00  -9.534486264299999E-01   0.000000000000000E+00   0.000000000000000E+00   0.000000000000000E+00
   9.105283461900000E-01   1.314234493800000E+01   1.314234493800000E+01   0.000000000000000E+00  -9.534486264299999E-01   0.000000000000000E+00   0.000000000000000E+00   0.000000000000000E+00
   9.108656839600000E-01   1.314721398900000E+01   1.314721398900000E+01   0.000000000000000E+00  -9.534486264299999E-01   0.000000000000000E+00   0.000000000000000E+00   0.000000000000000E+00
   9.114080548300000E-01   1.315504243900000E+01   1.315504243900000E+01   0.000000000000000E+00  -9.534486264299999E-01   0.000000000000000E+00   0.000000000000000E+00   0.000000000000000E+00
   9.119504257000000E-01   1.316287088800000E+01   1.316287088800000E+01   0.000000000000000E+00  -9.534486264299999E-01   0.000000000000000E+00   0.000000000000000E+00   0.000000000000000E+00
   9.124927965700000E-01   1.317069933700000E+01   1.317069933700000E+01   0.000000000000000E+00  -9.534486264299999E-01   0.000000000000000E+00   0.000000000000000E+00   0.000000000000000E+00
   9.130351674400000E-01   1.317852778700000E+01   1.317852778700000E+01   0.000000000000000E+00  -9.534486264299999E-01   0.000000000000000E+00   0.000000000000000E+00   0.000000000000000E+00
   9.142856262400000E-01   1.319657660500000E+01   1.319657660500000E+01   0.000000000000000E+00  -9.534486264299999E-01   0.000000000000000E+00   0.000000000000000E+00   0.000000000000000E+00
   9.155360850399999E-01   1.321462542400000E+01   1.321462542400000E+01   0.000000000000000E+00  -9.534486264299999E-01   0.000000000000000E+00   0.000000000000000E+00   0.000000000000000E+00
   9.167865438300000E-01   1.323267424200000E+01   1.323267424200000E+01   0.000000000000000E+00  -9.534486264299999E-01   0.000000000000000E+00   0.000000000000000E+00   0.000000000000000E+00
   9.180370026300000E-01   1.325072306100000E+01   1.325072306100000E+01   0.000000000000000E+00  -9.534486264299999E-01   0.000000000000000E+00   0.000000000000000E+00   0.000000000000000E+00
   9.200893246900000E-01   1.328034577900000E+01   1.328034577900000E+01   0.000000000000000E+00  -9.534486264299999E-01   0.000000000000000E+00   0.000000000000000E+00   0.000000000000000E+00
   9.221416467400000E-01   1.330996849700000E+01   1.330996849700000E+01   0.000000000000000E+00  -9.534486264299999E-01   0.000000000000000E+00   0.000000000000000E+00   0.000000000000000E+00
   9.241939688000000E-01   1.333959121500000E+01   1.333959121500000E+01   0.000000000000000E+00  -9.534486264299999E-01   0.000000000000000E+00   0.000000000000000E+00   0.000000000000000E+00
   9.262462908600000E-01   1.336921393300000E+01   1.336921393300000E+01   0.000000000000000E+00  -9.534486264299999E-01   0.000000000000000E+00   0.000000000000000E+00   0.000000000000000E+00
   9.283413408300000E-01   1.339945337500000E+01   1.339945337500000E+01   0.000000000000000E+00  -9.534486264299999E-01   0.000000000000000E+00   0.000000000000000E+00   0.000000000000000E+00
   9.304363908000000E-01   1.342969281700000E+01   1.342969281700000E+01   0.000000000000000E+00  -9.534486264299999E-01   0.000000000000000E+00   0.000000000000000E+00   0.000000000000000E+00
   9.325314407700001E-01   1.345993225900000E+01   1.345993225900000E+01   0.000000000000000E+00  -9.534486264299999E-01   0.000000000000000E+00   0.000000000000000E+00   0.000000000000000E+00
   9.346264907400000E-01   1.349017170200000E+01   1.349017170200000E+01   0.000000000000000E+00  -9.534486264299999E-01   0.000000000000000E+00   0.000000000000000E+00   0.000000000000000E+00
   9.366080744800001E-01   1.351877340000000E+01   1.351877340000000E+01   0.000000000000000E+00  -9.534486264299999E-01   0.000000000000000E+00   0.000000000000000E+00   0.000000000000000E+00
   9.385896582300000E-01   1.354737509800000E+01   1.354737509800000E+01   0.000000000000000E+00  -9.534486264299999E-01   0.000000000000000E+00   0.000000000000000E+00   0.000000000000000E+00
   9.405712419800000E-01   1.357597679700000E+01   1.357597679700000E+01   0.000000000000000E+00  -9.534486264299999E-01   0.000000000000000E+00   0.000000000000000E+00   0.000000000000000E+00
   9.425528257200000E-01   1.360457849500000E+01   1.360457849500000E+01   0.000000000000000E+00  -9.534486264299999E-01   0.000000000000000E+00   0.000000000000000E+00   0.000000000000000E+00
   9.443326311900000E-01   1.363026777500000E+01   1.363026777500000E+01   0.000000000000000E+00  -9.534486264299999E-01   0.000000000000000E+00   0.000000000000000E+00   0.000000000000000E+00
   9.461124366500000E-01   1.365595705500000E+01   1.365595705500000E+01   0.000000000000000E+00  -9.534486264299999E-01   0.000000000000000E+00   0.000000000000000E+00   0.000000000000000E+00
   9.478922421200000E-01   1.368164633400000E+01   1.368164633400000E+01   0.000000000000000E+00  -9.534486264299999E-01   0.000000000000000E+00   0.000000000000000E+00   0.000000000000000E+00
   9.496720475900000E-01   1.370733561400000E+01   1.370733561400000E+01   0.000000000000000E+00  -9.534486264299999E-01   0.000000000000000E+00   0.000000000000000E+00   0.000000000000000E+00
   9.516895388900000E-01   1.373645559300000E+01   1.373645559300000E+01   0.000000000000000E+00  -9.534486264299999E-01   0.000000000000000E+00   0.000000000000000E+00   0.000000000000000E+00
   9.537070301900000E-01   1.376557557300000E+01   1.376557557300000E+01   0.000000000000000E+00  -9.534486264299999E-01   0.000000000000000E+00   0.000000000000000E+00   0.000000000000000E+00
   9.557245215000000E-01   1.379469555200000E+01   1.379469555200000E+01   0.000000000000000E+00  -9.534486264299999E-01   0.000000000000000E+00   0.000000000000000E+00   0.000000000000000E+00
   9.577420128000000E-01   1.382381553100000E+01   1.382381553100000E+01   0.000000000000000E+00  -9.534486264299999E-01   0.000000000000000E+00   0.000000000000000E+00   0.000000000000000E+00
   9.598416638900000E-01   1.385412138500000E+01   1.385412138500000E+01   0.000000000000000E+00  -9.534486264299999E-01   0.000000000000000E+00   0.000000000000000E+00   0.000000000000000E+00
   9.619413149800000E-01   1.388442723900000E+01   1.388442723900000E+01   0.000000000000000E+00  -9.534486264299999E-01   0.000000000000000E+00   0.000000000000000E+00   0.000000000000000E+00
   9.640409660800000E-01   1.391473309300000E+01   1.391473309300000E+01   0.000000000000000E+00  -9.534486264299999E-01   0.000000000000000E+00   0.000000000000000E+00   0.000000000000000E+00
   9.661406171700000E-01   1.394503894600000E+01   1.394503894600000E+01   0.000000000000000E+00  -9.534486264299999E-01   0.000000000000000E+00   0.000000000000000E+00   0.000000000000000E+00
   9.676137569600000E-01   1.396630188800000E+01   1.396630188800000E+01   0.000000000000000E+00  -9.534486264299999E-01   0.000000000000000E+00   0.000000000000000E+00   0.000000000000000E+00
   9.690868967500000E-01   1.398756483000000E+01   1.398756483000000E+01   0.000000000000000E+00  -9.534486264299999E-01   0.000000000000000E+00   0.000000000000000E+00   0.000000000000000E+00
   9.705600365400000E-01   1.400882777200000E+01   1.400882777200000E+01   0.000000000000000E+00  -9.534486264299999E-01   0.000000000000000E+00   0.000000000000000E+00   0.000000000000000E+00
   9.720331763300000E-01   1.403009071400000E+01   1.403009071400000E+01   0.000000000000000E+00  -9.534486264299999E-01   0.000000000000000E+00   0.000000000000000E+00   0.000000000000000E+00
   9.732676362100000E-01   1.404790860800000E+01   1.404790860800000E+01   0.000000000000000E+00  -9.534486264299999E-01   0.000000000000000E+00   0.000000000000000E+00   0.000000000000000E+00
   9.745020960900000E-01   1.406572650200000E+01   1.406572650200000E+01   0.000000000000000E+00  -9.534486264299999E-01   0.000000000000000E+00   0.000000000000000E+00   0.000000000000000E+00
   9.757365559700000E-01   1.408354439600000E+01   1.408354439600000E+01   0.000000000000000E+00  -9.534486264299999E-01   0.000000000000000E+00   0.000000000000000E+00   0.000000000000000E+00
   9.769710158500000E-01   1.410136229000000E+01   1.410136229000000E+01   0.000000000000000E+00  -9.534486264299999E-01   0.000000000000000E+00   0.000000000000000E+00   0.000000000000000E+00
   9.781491619900000E-01   1.411836736500000E+01   1.411836736500000E+01   0.000000000000000E+00  -9.534486264299999E-01   0.000000000000000E+00   0.000000000000000E+00   0.000000000000000E+00
   9.793273081300000E-01   1.413537244000000E+01   1.413537244000000E+01   0.000000000000000E+00  -9.534486264299999E-01   0.000000000000000E+00   0.000000000000000E+00   0.000000000000000E+00
   9.805054542700000E-01   1.415237751500000E+01   1.415237751500000E+01   0.000000000000000E+00  -9.534486264299999E-01   0.000000000000000E+00   0.000000000000000E+00   0.000000000000000E+00
   9.816836004100000E-01   1.416938259000000E+01   1.416938259000000E+01   0.000000000000000E+00  -9.534486264299999E-01   0.000000000000000E+00   0.000000000000000E+00   0.000000000000000E+00
   9.830593211999999E-01   1.418923941000000E+01   1.418923941000000E+01   0.000000000000000E+00  -9.534486264299999E-01   0.000000000000000E+00   0.000000000000000E+00   0.000000000000000E+00
   9.844350420000000E-01   1.420909623000000E+01   1.420909623000000E+01   0.000000000000000E+00  -9.534486264299999E-01   0.000000000000000E+00   0.000000000000000E+00   0.000000000000000E+00
   9.858107628000000E-01   1.422895304900000E+01   1.422895304900000E+01   0.000000000000000E+00  -9.534486264299999E-01   0.000000000000000E+00   0.000000000000000E+00   0.000000000000000E+00
   9.871864836000001E-01   1.424880986900000E+01   1.424880986900000E+01   0.000000000000000E+00  -9.534486264299999E-01   0.000000000000000E+00   0.000000000000000E+00   0.000000000000000E+00
   9.886304698600000E-01   1.426965201600000E+01   1.426965201600000E+01   0.000000000000000E+00  -9.534486264299999E-01   0.000000000000000E+00   0.000000000000000E+00   0.000000000000000E+00
   9.900744561300000E-01   1.429049416300000E+01   1.429049416300000E+01   0.000000000000000E+00  -9.534486264299999E-01   0.000000000000000E+00   0.000000000000000E+00   0.000000000000000E+00
   9.915184424000000E-01   1.431133631000000E+01   1.431133631000000E+01   0.000000000000000E+00  -9.534486264299999E-01   0.000000000000000E+00   0.000000000000000E+00   0.000000000000000E+00
   9.929624286700000E-01   1.433217845700000E+01   1.433217845700000E+01   0.000000000000000E+00  -9.534486264299999E-01   0.000000000000000E+00   0.000000000000000E+00   0.000000000000000E+00
   9.947218215000000E-01   1.435757310600000E+01   1.435757310600000E+01   0.000000000000000E+00  -9.534486264299999E-01   0.000000000000000E+00   0.000000000000000E+00   0.000000000000000E+00
   9.964812143400000E-01   1.438296775500000E+01   1.438296775500000E+01   0.000000000000000E+00  -9.534486264299999E-01   0.000000000000000E+00   0.000000000000000E+00   0.000000000000000E+00
   9.982406071700000E-01   1.440836240300000E+01   1.440836240300000E+01   0.000000000000000E+00  -9.534486264299999E-01   0.000000000000000E+00   0.000000000000000E+00   0.000000000000000E+00
   1.000000000000000E+00   1.443375705200000E+01   1.443375705200000E+01   0.000000000000000E+00  -9.534486264299999E-01   0.000000000000000E+00   0.000000000000000E+00   0.000000000000000E+00
