   0.000000000000000E+00   4.606307372500000E-30   0.000000000000000E+00   0.000000000000000E+00  -9.353026610700000E-01   0.000000000000000E+00   0.000000000000000E+00   0.000000000000000E+00
   3.007029639200000E-02   4.340273526100000E-01   4.340273526100000E-01   0.000000000000000E+00  -9.353026610700000E-01   0.000000000000000E+00   0.000000000000000E+00   0.000000000000000E+00
   6.014059278400000E-02   8.680547052100001E-01   8.680547052100001E-01   0.000000000000000E+00  -9.353026610700000E-01   0.000000000000000E+00   0.000000000000000E+00   0.000000000000000E+00
   9.021088917700000E-02   1.302082057800000E+00   1.302082057800000E+00   0.000000000000000E+00  -9.353026610700000E-01   0.000000000000000E+00   0.000000000000000E+00   0.000000000000000E+00
   1.202811855700000E-01   1.736109410400000E+00   1.736109410400000E+00   0.000000000000000E+00  -9.353026610700000E-01   0.000000000000000E+00   0.000000000000000E+00   0.000000000000000E+00
   1.425344223000000E-01   2.057307223100000E+00   2.057307223100000E+00   0.000000000000000E+00  -9.353026610700000E-01   0.000000000000000E+00   0.000000000000000E+00   0.000000000000000E+00
   1.647876590400000E-01   2.378505035800000E+00   2.378505035800000E+00   0.000000000000000E+00  -9.353026610700000E-01   0.000000000000000E+00   0.000000000000000E+00   0.000000000000000E+00
   1.870408957800000E-01   2.699702848400000E+00   2.699702848400000E+00   0.000000000000000E+00  -9.353026610700000E-01   0.000000000000000E+00   0.000000000000000E+00   0.000000000000000E+00
   2.092941325100000E-01   3.020900661100000E+00   3.020900661100000E+00   0.000000000000000E+00  -9.353026610700000E-01   0.000000000000000E+00   0.000000000000000E+00   0.000000000000000E+00
   2.273618095200000E-01   3.281685121400000E+00   3.281685121400000E+00   0.000000000000000E+00  -9.353026610700000E-01   0.000000000000000E+00   0.000000000000000E+00   0.000000000000000E+00
   2.454294865200000E-01   3.542469581800000E+00   3.542469581800000E+00   0.000000000000000E+00  -9.353026610700000E-01   0.000000000000000E+00   0.000000000000000E+00   0.000000000000000E+00
   2.634971635200000E-01   3.803254042200000E+00   3.803254042200000E+00   0.000000000000000E+00  -9.353026610700000E-01   0.000000000000000E+00   0.000000000000000E+00   0.000000000000000E+00
   2.815648405300000E-01   4.064038502600000E+00   4.064038502600000E+00   0.000000000000000E+00  -9.353026610700000E-01   0.000000000000000E+00   0.000000000000000E+00   0.000000000000000E+00
   2.950623894600000E-01   4.258858844700000E+00   4.258858844700000E+00   0.000000000000000E+00  -9.353026610700000E-01   0.000000000000000E+00   0.000000000000000E+00   0.000000000000000E+00
   3.085599383900000E-01   4.453679186800000E+00   4.453679186800000E+00   0.000000000000000E+00  -9.353026610700000E-01   0.000000000000000E+00   0.000000000000000E+00   0.000000000000000E+00
   3.220574873300000E-01   4.648499528900000E+00   4.648499528900000E+00   0.000000000000000E+00  -9.353026610700000E-01   0.000000000000000E+00   0.000000000000000E+00   0.000000000000000E+00
   3.355550362600000E-01   4.843319871000000E+00   4.843319871000000E+00   0.000000000000000E+00  -9.353026610700000E-01   0.000000000000000E+00   0.000000000000000E+00   0.000000000000000E+00
   3.460037541200000E-01   4.994134126000000E+00   4.994134126000000E+00   0.000000000000000E+00  -9.353026610700000E-01   0.000000000000000E+00   0.000000000000000E+00   0.000000000000000E+00
   3.564524719700000E-01   5.144948381100000E+00   5.144948381100000E+00   0.000000000000000E+00  -9.353026610700000E-01   0.000000000000000E+00   0.000000000000000E+00   0.000000000000000E+00
   3.669011898300000E-01   5.295762636100000E+00   5.295762636100000E+00   0.000000000000000E+00  -9.353026610700000E-01   0.000000000000000E+00   0.000000000000000E+00   0.000000000000000E+00
   3.773499076900000E-01   5.446576891100000E+00   5.446576891100000E+00   0.000000000000000E+00  -9.353026610700000E-01   0.000000000000000E+00   0.000000000000000E+00   0.000000000000000E+00
   3.849315566500000E-01   5.556008570300000E+00   5.556008570300000E+00   0.000000000000000E+00  -9.353026610700000E-01   0.000000000000000E+00   0.000000000000000E+00   0.000000000000000E+00
   3.925132056200000E-01   5.665440249500000E+00   5.665440249500000E+00   0.000000000000000E+00  -9.353026610700000E-01   0.000000000000000E+00   0.000000000000000E+00   0.000000000000000E+00
   4.000948545800000E-01   5.774871928800000E+00   5.774871928800000E+00   0.000000000000000E+00  -9.353026610700000E-01   0.000000000000000E+00   0.000000000000000E+00   0.000000000000000E+00
   4.076765035400000E-01   5.884303608000000E+00   5.884303608000000E+00   0.000000000000000E+00  -9.353026610700000E-01   0.000000000000000E+00   0.000000000000000E+00   0.000000000000000E+00
   4.138750469000000E-01   5.973771876800000E+00   5.973771876800000E+00   0.000000000000000E+00  -9.353026610700000E-01   0.000000000000000E+00   0.000000000000000E+00   0.000000000000000E+00
   4.200735902500000E-01   6.063240145600000E+00   6.063240145600000E+00   0.000000000000000E+00  -9.353026610700000E-01   0.000000000000000E+00   0.000000000000000E+00   0.000000000000000E+00
   4.262721336000000E-01   6.152708414500000E+00   6.152708414500000E+00   0.000000000000000E+00  -9.353026610700000E-01   0.000000000000000E+00   0.000000000000000E+00   0.000000000000000E+00
   4.324706769600000E-01   6.242176683300000E+00   6.242176683300000E+00   0.000000000000000E+00  -9.353026610700000E-01   0.000000000000000E+00   0.000000000000000E+00   0.000000000000000E+00
   4.381893225300000E-01   6.324718224200000E+00   6.324718224200000E+00   0.000000000000000E+00  -9.353026610700000E-01   0.000000000000000E+00   0.000000000000000E+00   0.000000000000000E+00
   4.439079681100000E-01   6.407259765100000E+00   6.407259765100000E+00   0.000000000000000E+00  -9.353026610700000E-01   0.000000000000000E+00   0.000000000000000E+00   0.000000000000000E+00
   4.496266136800000E-01   6.489801306000000E+00   6.489801306000000E+00   0.000000000000000E+00  -9.353026610700000E-01   0.000000000000000E+00   0.000000000000000E+00   0.000000000000000E+00
   4.553452592600000E-01   6.572342847000000E+00   6.572342847000000E+00   0.000000000000000E+00  -9.353026610700000E-01   0.000000000000000E+00   0.000000000000000E+00   0.000000000000000E+00
   4.594600245300000E-01   6.631734369200000E+00   6.631734369200000E+00   0.000000000000000E+00  -9.353026610700000E-01   0.000000000000000E+00   0.000000000000000E+00   0.000000000000000E+00
   4.635747898100000E-01   6.691125891500000E+00   6.691125891500000E+00   0.000000000000000E+00  -9.353026610700000E-01   0.000000000000000E+00   0.000000000000000E+00   0.000000000000000E+00
   4.676895550800000E-01   6.750517413800000E+00   6.750517413800000E+00   0.000000000000000E+00  -9.353026610700000E-01   0.000000000000000E+00   0.000000000000000E+00   0.000000000000000E+00
   4.718043203600000E-01   6.809908936100000E+00   6.809908936100000E+00   0.000000000000000E+00  -9.353026610700000E-01   0.000000000000000E+00   0.000000000000000E+00   0.000000000000000E+00
   4.757206700800000E-01   6.866436576600000E+00   6.866436576600000E+00   0.000000000000000E+00  -9.353026610700000E-01   0.000000000000000E+00   0.000000000000000E+00   0.000000000000000E+00
   4.796370198100000E-01   6.922964217000000E+00   6.922964217000000E+00   0.000000000000000E+00  -9.353026610700000E-01   0.000000000000000E+00   0.000000000000000E+00   0.000000000000000E+00
   4.835533695300000E-01   6.979491857500000E+00   6.979491857500000E+00   0.000000000000000E+00  -9.353026610700000E-01   0.000000000000000E+00   0.000000000000000E+00   0.000000000000000E+00
   4.874697192600000E-01   7.036019498000000E+00   7.036019498000000E+00   0.000000000000000E+00  -9.353026610700000E-01   0.000000000000000E+00   0.000000000000000E+00   0.000000000000000E+00
   4.906520773600000E-01   7.081952881600000E+00   7.081952881600000E+00   0.000000000000000E+00  -9.353026610700000E-01   0.000000000000000E+00   0.000000000000000E+00   0.000000000000000E+00
   4.938344354600000E-01   7.127886265300000E+00   7.127886265300000E+00   0.000000000000000E+00  -9.353026610700000E-01   0.000000000000000E+00   0.000000000000000E+00   0.000000000000000E+00
   4.970167935600000E-01   7.173819648900000E+00   7.173819648900000E+00   0.000000000000000E+00  -9.353026610700000E-01   0.000000000000000E+00   0.000000000000000E+00   0.000000000000000E+00
   5.001991516500000E-01   7.219753032600000E+00   7.219753032600000E+00   0.000000000000000E+00  -9.353026610700000E-01   0.000000000000000E+00   0.000000000000000E+00   0.000000000000000E+00
   5.031424393200000E-01   7.262235731700000E+00   7.262235731700000E+00   0.000000000000000E+00  -9.353026610700000E-01   0.000000000000000E+00   0.000000000000000E+00   0.000000000000000E+00
   5.060857269900000E-01   7.304718430900000E+00   7.304718430900000E+00   0.000000000000000E+00  -9.353026610700000E-01   0.000000000000000E+00   0.000000000000000E+00   0.000000000000000E+00
   5.090290146599999E-01   7.347201130000000E+00   7.347201130000000E+00   0.000000000000000E+00  -9.353026610700000E-01   0.000000000000000E+00   0.000000000000000E+00   0.000000000000000E+00
   5.119723023300000E-01   7.389683829200000E+00   7.389683829200000E+00   0.000000000000000E+00  -9.353026610700000E-01   0.000000000000000E+00   0.000000000000000E+00   0.000000000000000E+00
   5.146123886600000E-01   7.427790193900000E+00   7.427790193900000E+00   0.000000000000000E+00  -9.353026610700000E-01   0.000000000000000E+00   0.000000000000000E+00   0.000000000000000E+00
   5.172524750000000E-01   7.465896558700000E+00   7.465896558700000E+00   0.000000000000000E+00  -9.353026610700000E-01   0.000000000000000E+00   0.000000000000000E+00   0.000000000000000E+00
   5.198925613299999E-01   7.504002923400000E+00   7.504002923400000E+00   0.000000000000000E+00  -9.353026610700000E-01   0.000000000000000E+00   0.000000000000000E+00   0.000000000000000E+00
   5.225326476700000E-01   7.542109288100000E+00   7.542109288100000E+00   0.000000000000000E+00  -9.353026610700000E-01   0.000000000000000E+00   0.000000000000000E+00   0.000000000000000E+00
   5.249298999999999E-01   7.576710646000000E+00   7.576710646000000E+00   0.000000000000000E+00  -9.353026610700000E-01   0.000000000000000E+00   0.000000000000000E+00   0.000000000000000E+00
   5.273271523400000E-01   7.611312003800000E+00   7.611312003800000E+00   0.000000000000000E+00  -9.353026610700000E-01   0.000000000000000E+00   0.000000000000000E+00   0.000000000000000E+00
   5.297244046800000E-01   7.645913361600000E+00   7.645913361600000E+00   0.000000000000000E+00  -9.353026610700000E-01   0.000000000000000E+00   0.000000000000000E+00   0.000000000000000E+00
   5.321216570200000E-01   7.680514719500000E+00   7.680514719500000E+00   0.000000000000000E+00  -9.353026610700000E-01   0.000000000000000E+00   0.000000000000000E+00   0.000000000000000E+00
   5.351226715500000E-01   7.723830634200000E+00   7.723830634200000E+00   0.000000000000000E+00  -9.353026610700000E-01   0.000000000000000E+00   0.000000000000000E+00   0.000000000000000E+00
   5.381236860900001E-01   7.767146548900000E+00   7.767146548900000E+00   0.000000000000000E+00  -9.353026610700000E-01   0.000000000000000E+00   0.000000000000000E+00   0.000000000000000E+00
   5.411247006200000E-01   7.810462463600000E+00   7.810462463600000E+00   0.000000000000000E+00  -9.353026610700000E-01   0.000000000000000E+00   0.000000000000000E+00   0.000000000000000E+00
   5.441257151600000E-01   7.853778378400000E+00   7.853778378400000E+00   0.000000000000000E+00  -9.353026610700000E-01   0.000000000000000E+00   0.000000000000000E+00   0.000000000000000E+00
   5.460801649200000E-01   7.881988431400000E+00   7.881988431400000E+00   0.000000000000000E+00  -9.353026610700000E-01   0.000000000000000E+00   0.000000000000000E+00   0.000000000000000E+00
   5.480346146800000E-01   7.910198484400000E+00   7.910198484400000E+00   0.000000000000000E+00  -9.353026610700000E-01   0.000000000000000E+00   0.000000000000000E+00   0.000000000000000E+00
   5.499890644400000E-01   7.938408537400000E+00   7.938408537400000E+00   0.000000000000000E+00  -9.353026610700000E-01   0.000000000000000E+00   0.000000000000000E+00   0.000000000000000E+00
   5.519435142000000E-01   7.966618590500000E+00   7.966618590500000E+00   0.000000000000000E+00  -9.353026610700000E-01   0.000000000000000E+00   0.000000000000000E+00   0.000000000000000E+00
   5.538936296100000E-01   7.994766082500000E+00   7.994766082500000E+00   0.000000000000000E+00  -9.353026610700000E-01   0.000000000000000E+00   0.000000000000000E+00   0.000000000000000E+00
   5.558437450200000E-01   8.022913574500000E+00   8.022913574500000E+00   0.000000000000000E+00  -9.353026610700000E-01   0.000000000000000E+00   0.000000000000000E+00   0.000000000000000E+00
   5.577938604300000E-01   8.051061066500001E+00   8.051061066500001E+00   0.000000000000000E+00  -9.353026610700000E-01   0.000000000000000E+00   0.000000000000000E+00   0.000000000000000E+00
   5.597439758400000E-01   8.079208558600000E+00   8.079208558600000E+00   0.000000000000000E+00  -9.353026610700000E-01   0.000000000000000E+00   0.000000000000000E+00   0.000000000000000E+00
   5.617107599400000E-01   8.107596642400001E+00   8.107596642400001E+00   0.000000000000000E+00  -9.353026610700000E-01   0.000000000000000E+00   0.000000000000000E+00   0.000000000000000E+00
   5.636775440300000E-01   8.135984726200000E+00   8.135984726200000E+00   0.000000000000000E+00  -9.353026610700000E-01   0.000000000000000E+00   0.000000000000000E+00   0.000000000000000E+00
   5.656443281300000E-01   8.164372810100000E+00   8.164372810100000E+00   0.000000000000000E+00  -9.353026610700000E-01   0.000000000000000E+00   0.000000000000000E+00   0.000000000000000E+00
   5.676111122300000E-01   8.192760893899999E+00   8.192760893899999E+00   0.000000000000000E+00  -9.353026610700000E-01   0.000000000000000E+00   0.000000000000000E+00   0.000000000000000E+00
   5.693409276700000E-01   8.217728629800000E+00   8.217728629800000E+00   0.000000000000000E+00  -9.353026610700000E-01   0.000000000000000E+00   0.000000000000000E+00   0.000000000000000E+00
   5.710707431199999E-01   8.242696365700001E+00   8.242696365700001E+00   0.000000000000000E+00  -9.353026610700000E-01   0.000000000000000E+00   0.000000000000000E+00   0.000000000000000E+00
   5.728005585700000E-01   8.267664101599999E+00   8.267664101599999E+00   0.000000000000000E+00  -9.353026610700000E-01   0.000000000000000E+00   0.000000000000000E+00   0.000000000000000E+00
   5.745303740100000E-01   8.292631837500000E+00   8.292631837500000E+00   0.000000000000000E+00  -9.353026610700000E-01   0.000000000000000E+00   0.000000000000000E+00   0.000000000000000E+00
   5.763971677800001E-01   8.319576685199999E+00   8.319576685199999E+00   0.000000000000000E+00  -9.353026610700000E-01   0.000000000000000E+00   0.000000000000000E+00   0.000000000000000E+00
   5.782639615500000E-01   8.346521533000001E+00   8.346521533000001E+00   0.000000000000000E+00  -9.353026610700000E-01   0.000000000000000E+00   0.000000000000000E+00   0.000000000000000E+00
   5.801307553200000E-01   8.373466380700000E+00   8.373466380700000E+00   0.000000000000000E+00  -9.353026610700000E-01   0.000000000000000E+00   0.000000000000000E+00   0.000000000000000E+00
   5.819975490900000E-01   8.400411228499999E+00   8.400411228499999E+00   0.000000000000000E+00  -9.353026610700000E-01   0.000000000000000E+00   0.000000000000000E+00   0.000000000000000E+00
   5.842008183900000E-01   8.432212682299999E+00   8.432212682299999E+00   0.000000000000000E+00  -9.353026610700000E-01   0.000000000000000E+00   0.000000000000000E+00   0.000000000000000E+00
   5.864040876900000E-01   8.464014136099999E+00   8.464014136099999E+00   0.000000000000000E+00  -9.353026610700000E-01   0.000000000000000E+00   0.000000000000000E+00   0.000000000000000E+00
   5.886073569900000E-01   8.495815589799999E+00   8.495815589799999E+00   0.000000000000000E+00  -9.353026610700000E-01   0.000000000000000E+00   0.000000000000000E+00   0.000000000000000E+00
   5.908106262900000E-01   8.527617043599999E+00   8.527617043599999E+00   0.000000000000000E+00  -9.353026610700000E-01   0.000000000000000E+00   0.000000000000000E+00   0.000000000000000E+00
   5.934131136300000E-01   8.565180713500000E+00   8.565180713500000E+00   0.000000000000000E+00  -9.353026610700000E-01   0.000000000000000E+00   0.000000000000000E+00   0.000000000000000E+00
   5.960156009599999E-01   8.602744383499999E+00   8.602744383499999E+00   0.000000000000000E+00  -9.353026610700000E-01   0.000000000000000E+00   0.000000000000000E+00   0.000000000000000E+00
   5.986180882900000E-01   8.640308053400000E+00   8.640308053400000E+00   0.000000000000000E+00  -9.353026610700000E-01   0.000000000000000E+00   0.000000000000000E+00   0.000000000000000E+00
   6.012205756300000E-01   8.677871723299999E+00   8.677871723299999E+00   0.000000000000000E+00  -9.353026610700000E-01   0.000000000000000E+00   0.000000000000000E+00   0.000000000000000E+00
   6.033054124100000E-01   8.707963750999999E+00   8.707963750999999E+00   0.000000000000000E+00  -9.353026610700000E-01   0.000000000000000E+00   0.000000000000000E+00   0.000000000000000E+00
   6.053902492000000E-01   8.738055778600000E+00   8.738055778600000E+00   0.000000000000000E+00  -9.353026610700000E-01   0.000000000000000E+00   0.000000000000000E+00   0.000000000000000E+00
   6.074750859900000E-01   8.768147806300000E+00   8.768147806300000E+00   0.000000000000000E+00  -9.353026610700000E-01   0.000000000000000E+00   0.000000000000000E+00   0.000000000000000E+00
   6.095599227800000E-01   8.798239834000000E+00   8.798239834000000E+00   0.000000000000000E+00  -9.353026610700000E-01   0.000000000000000E+00   0.000000000000000E+00   0.000000000000000E+00
   6.114567465100000E-01   8.825618126900000E+00   8.825618126900000E+00   0.000000000000000E+00  -9.353026610700000E-01   0.000000000000000E+00   0.000000000000000E+00   0.000000000000000E+00
   6.133535702400000E-01   8.852996419800000E+00   8.852996419800000E+00   0.000000000000000E+00  -9.353026610700000E-01   0.000000000000000E+00   0.000000000000000E+00   0.000000000000000E+00
   6.152503939700000E-01   8.880374712700000E+00   8.880374712700000E+00   0.000000000000000E+00  -9.353026610700000E-01   0.000000000000000E+00   0.000000000000000E+00   0.000000000000000E+00
   6.171472177000000E-01   8.907753005600000E+00   8.907753005600000E+00   0.000000000000000E+00  -9.353026610700000E-01   0.000000000000000E+00   0.000000000000000E+00   0.000000000000000E+00
   6.189122173400000E-01   8.933228581600000E+00   8.933228581600000E+00   0.000000000000000E+00  -9.353026610700000E-01   0.000000000000000E+00   0.000000000000000E+00   0.000000000000000E+00
   6.206772169800000E-01   8.958704157600000E+00   8.958704157600000E+00   0.000000000000000E+00  -9.353026610700000E-01   0.000000000000000E+00   0.000000000000000E+00   0.000000000000000E+00
   6.224422166200000E-01   8.984179733600000E+00   8.984179733600000E+00   0.000000000000000E+00  -9.353026610700000E-01   0.000000000000000E+00   0.000000000000000E+00   0.000000000000000E+00
   6.242072162600000E-01   9.009655309599999E+00   9.009655309599999E+00   0.000000000000000E+00  -9.353026610700000E-01   0.000000000000000E+00   0.000000000000000E+00   0.000000000000000E+00
   6.261564368800000E-01   9.037789886500001E+00   9.037789886500001E+00   0.000000000000000E+00  -9.353026610700000E-01   0.000000000000000E+00   0.000000000000000E+00   0.000000000000000E+00
   6.281056575000000E-01   9.065924463300000E+00   9.065924463300000E+00   0.000000000000000E+00  -9.353026610700000E-01   0.000000000000000E+00   0.000000000000000E+00   0.000000000000000E+00
   6.300548781200001E-01   9.094059040199999E+00   9.094059040199999E+00   0.000000000000000E+00  -9.353026610700000E-01   0.000000000000000E+00   0.000000000000000E+00   0.000000000000000E+00
   6.320040987400000E-01   9.122193617100001E+00   9.122193617100001E+00   0.000000000000000E+00  -9.353026610700000E-01   0.000000000000000E+00   0.000000000000000E+00   0.000000000000000E+00
   6.335525499300000E-01   9.144543585399999E+00   9.144543585399999E+00   0.000000000000000E+00  -9.353026610700000E-01   0.000000000000000E+00   0.000000000000000E+00   0.000000000000000E+00
   6.351010011200000E-01   9.166893553600000E+00   9.166893553600000E+00   0.000000000000000E+00  -9.353026610700000E-01   0.000000000000000E+00   0.000000000000000E+00   0.000000000000000E+00
   6.366494523100000E-01   9.189243521900000E+00   9.189243521900000E+00   0.000000000000000E+00  -9.353026610700000E-01   0.000000000000000E+00   0.000000000000000E+00   0.000000000000000E+00
   6.381979035000001E-01   9.211593490200000E+00   9.211593490200000E+00   0.000000000000000E+00  -9.353026610700000E-01   0.000000000000000E+00   0.000000000000000E+00   0.000000000000000E+00
   6.396122553400000E-01   9.232007901099999E+00   9.232007901099999E+00   0.000000000000000E+00  -9.353026610700000E-01   0.000000000000000E+00   0.000000000000000E+00   0.000000000000000E+00
   6.410266071800000E-01   9.252422311900000E+00   9.252422311900000E+00   0.000000000000000E+00  -9.353026610700000E-01   0.000000000000000E+00   0.000000000000000E+00   0.000000000000000E+00
   6.424409590200000E-01   9.272836722799999E+00   9.272836722799999E+00   0.000000000000000E+00  -9.353026610700000E-01   0.000000000000000E+00   0.000000000000000E+00   0.000000000000000E+00
   6.438553108600000E-01   9.293251133600000E+00   9.293251133600000E+00   0.000000000000000E+00  -9.353026610700000E-01   0.000000000000000E+00   0.000000000000000E+00   0.000000000000000E+00
   6.450354475000000E-01   9.310284939200001E+00   9.310284939200001E+00   0.000000000000000E+00  -9.353026610700000E-01   0.000000000000000E+00   0.000000000000000E+00   0.000000000000000E+00
   6.462155841500000E-01   9.327318744799999E+00   9.327318744799999E+00   0.000000000000000E+00  -9.353026610700000E-01   0.000000000000000E+00   0.000000000000000E+00   0.000000000000000E+00
   6.473957207900000E-01   9.344352550400000E+00   9.344352550400000E+00   0.000000000000000E+00  -9.353026610700000E-01   0.000000000000000E+00   0.000000000000000E+00   0.000000000000000E+00
   6.485758574300000E-01   9.361386356000001E+00   9.361386356000001E+00   0.000000000000000E+00  -9.353026610700000E-01   0.000000000000000E+00   0.000000000000000E+00   0.000000000000000E+00
   6.497206105700000E-01   9.377909444600000E+00   9.377909444600000E+00   0.000000000000000E+00  -9.353026610700000E-01   0.000000000000000E+00   0.000000000000000E+00   0.000000000000000E+00
   6.508653637100000E-01   9.394432533300000E+00   9.394432533300000E+00   0.000000000000000E+00  -9.353026610700000E-01   0.000000000000000E+00   0.000000000000000E+00   0.000000000000000E+00
   6.520101168500000E-01   9.410955621999999E+00   9.410955621999999E+00   0.000000000000000E+00  -9.353026610700000E-01   0.000000000000000E+00   0.000000000000000E+00   0.000000000000000E+00
   6.531548699800001E-01   9.427478710700001E+00   9.427478710700001E+00   0.000000000000000E+00  -9.353026610700000E-01   0.000000000000000E+00   0.000000000000000E+00   0.000000000000000E+00
   6.541619035800000E-01   9.442013988999999E+00   9.442013988999999E+00   0.000000000000000E+00  -9.353026610700000E-01   0.000000000000000E+00   0.000000000000000E+00   0.000000000000000E+00
   6.551689371800000E-01   9.456549267200000E+00   9.456549267200000E+00   0.000000000000000E+00  -9.353026610700000E-01   0.000000000000000E+00   0.000000000000000E+00   0.000000000000000E+00
   6.561759707700000E-01   9.471084545500000E+00   9.471084545500000E+00   0.000000000000000E+00  -9.353026610700000E-01   0.000000000000000E+00   0.000000000000000E+00   0.000000000000000E+00
   6.571830043700000E-01   9.485619823800000E+00   9.485619823800000E+00   0.000000000000000E+00  -9.353026610700000E-01   0.000000000000000E+00   0.000000000000000E+00   0.000000000000000E+00
   6.581555857000000E-01   9.499657826400000E+00   9.499657826400000E+00   0.000000000000000E+00  -9.353026610700000E-01   0.000000000000000E+00   0.000000000000000E+00   0.000000000000000E+00
   6.591281670300000E-01   9.513695829000000E+00   9.513695829000000E+00   0.000000000000000E+00  -9.353026610700000E-01   0.000000000000000E+00   0.000000000000000E+00   0.000000000000000E+00
   6.601007483600000E-01   9.527733831700001E+00   9.527733831700001E+00   0.000000000000000E+00  -9.353026610700000E-01   0.000000000000000E+00   0.000000000000000E+00   0.000000000000000E+00
   6.610733296900000E-01   9.541771834300000E+00   9.541771834300000E+00   0.000000000000000E+00  -9.353026610700000E-01   0.000000000000000E+00   0.000000000000000E+00   0.000000000000000E+00
   6.620704416099999E-01   9.556163905500000E+00   9.556163905500000E+00   0.000000000000000E+00  -9.353026610700000E-01   0.000000000000000E+00   0.000000000000000E+00   0.000000000000000E+00
   6.630675535400000E-01   9.570555976800000E+00   9.570555976800000E+00   0.000000000000000E+00  -9.353026610700000E-01   0.000000000000000E+00   0.000000000000000E+00   0.000000000000000E+00
   6.640646654600000E-01   9.584948048099999E+00   9.584948048099999E+00   0.000000000000000E+00  -9.353026610700000E-01   0.000000000000000E+00   0.000000000000000E+00   0.000000000000000E+00
   6.650617773800001E-01   9.599340119300001E+00   9.599340119300001E+00   0.000000000000000E+00  -9.353026610700000E-01   0.000000000000000E+00   0.000000000000000E+00   0.000000000000000E+00
   6.662070626700000E-01   9.615870889000000E+00   9.615870889000000E+00   0.000000000000000E+00  -9.353026610700000E-01   0.000000000000000E+00   0.000000000000000E+00   0.000000000000000E+00
   6.673523479600000E-01   9.632401658599999E+00   9.632401658599999E+00   0.000000000000000E+00  -9.353026610700000E-01   0.000000000000000E+00   0.000000000000000E+00   0.000000000000000E+00
   6.684976332600000E-01   9.648932428300000E+00   9.648932428300000E+00   0.000000000000000E+00  -9.353026610700000E-01   0.000000000000000E+00   0.000000000000000E+00   0.000000000000000E+00
   6.696429185500000E-01   9.665463197899999E+00   9.665463197899999E+00   0.000000000000000E+00  -9.353026610700000E-01   0.000000000000000E+00   0.000000000000000E+00   0.000000000000000E+00
   6.707116839100000E-01   9.680889497400001E+00   9.680889497400001E+00   0.000000000000000E+00  -9.353026610700000E-01   0.000000000000000E+00   0.000000000000000E+00   0.000000000000000E+00
   6.717804492700000E-01   9.696315797000000E+00   9.696315797000000E+00   0.000000000000000E+00  -9.353026610700000E-01   0.000000000000000E+00   0.000000000000000E+00   0.000000000000000E+00
   6.728492146300000E-01   9.711742096500000E+00   9.711742096500000E+00   0.000000000000000E+00  -9.353026610700000E-01   0.000000000000000E+00   0.000000000000000E+00   0.000000000000000E+00
   6.739179799900000E-01   9.727168396100000E+00   9.727168396100000E+00   0.000000000000000E+00  -9.353026610700000E-01   0.000000000000000E+00   0.000000000000000E+00   0.000000000000000E+00
   6.748170284100000E-01   9.740145042700000E+00   9.740145042700000E+00   0.000000000000000E+00  -9.353026610700000E-01   0.000000000000000E+00   0.000000000000000E+00   0.000000000000000E+00
   6.757160768400000E-01   9.753121689200000E+00   9.753121689200000E+00   0.000000000000000E+00  -9.353026610700000E-01   0.000000000000000E+00   0.000000000000000E+00   0.000000000000000E+00
   6.766151252700000E-01   9.766098335800001E+00   9.766098335800001E+00   0.000000000000000E+00  -9.353026610700000E-01   0.000000000000000E+00   0.000000000000000E+00   0.000000000000000E+00
   6.775141736900000E-01   9.779074982399999E+00   9.779074982399999E+00   0.000000000000000E+00  -9.353026610700000E-01   0.000000000000000E+00   0.000000000000000E+00   0.000000000000000E+00
   6.784134833400000E-01   9.792055399400001E+00   9.792055399400001E+00   0.000000000000000E+00  -9.353026610700000E-01   0.000000000000000E+00   0.000000000000000E+00   0.000000000000000E+00
   6.793127929900000E-01   9.805035816400000E+00   9.805035816400000E+00   0.000000000000000E+00  -9.353026610700000E-01   0.000000000000000E+00   0.000000000000000E+00   0.000000000000000E+00
   6.802121026400000E-01   9.818016233300000E+00   9.818016233300000E+00   0.000000000000000E+00  -9.353026610700000E-01   0.000000000000000E+00   0.000000000000000E+00   0.000000000000000E+00
   6.811114122900001E-01   9.830996650299999E+00   9.830996650299999E+00   0.000000000000000E+00  -9.353026610700000E-01   0.000000000000000E+00   0.000000000000000E+00   0.000000000000000E+00
   6.820404680200000E-01   9.844406415000000E+00   9.844406415000000E+00   0.000000000000000E+00  -9.353026610700000E-01   0.000000000000000E+00   0.000000000000000E+00   0.000000000000000E+00
   6.829695237400000E-01   9.857816179600000E+00   9.857816179600000E+00   0.000000000000000E+00  -9.353026610700000E-01   0.000000000000000E+00   0.000000000000000E+00   0.000000000000000E+00
   6.838985794700000E-01   9.871225944300001E+00   9.871225944300001E+00   0.000000000000000E+00  -9.353026610700000E-01   0.000000000000000E+00   0.000000000000000E+00   0.000000000000000E+00
   6.848276352000000E-01   9.884635708999999E+00   9.884635708999999E+00   0.000000000000000E+00  -9.353026610700000E-01   0.000000000000000E+00   0.000000000000000E+00   0.000000000000000E+00
   6.857449775000000E-01   9.897876404900000E+00   9.897876404900000E+00   0.000000000000000E+00  -9.353026610700000E-01   0.000000000000000E+00   0.000000000000000E+00   0.000000000000000E+00
   6.866623198100000E-01   9.911117100800000E+00   9.911117100800000E+00   0.000000000000000E+00  -9.353026610700000E-01   0.000000000000000E+00   0.000000000000000E+00   0.000000000000000E+00
   6.875796621100000E-01   9.924357796800001E+00   9.924357796800001E+00   0.000000000000000E+00  -9.353026610700000E-01   0.000000000000000E+00   0.000000000000000E+00   0.000000000000000E+00
   6.884970044099999E-01   9.937598492699999E+00   9.937598492699999E+00   0.000000000000000E+00  -9.353026610700000E-01   0.000000000000000E+00   0.000000000000000E+00   0.000000000000000E+00
   6.893863042400000E-01   9.950434430400000E+00   9.950434430400000E+00   0.000000000000000E+00  -9.353026610700000E-01   0.000000000000000E+00   0.000000000000000E+00   0.000000000000000E+00
   6.902756040700000E-01   9.963270368100000E+00   9.963270368100000E+00   0.000000000000000E+00  -9.353026610700000E-01   0.000000000000000E+00   0.000000000000000E+00   0.000000000000000E+00
   6.911649039000000E-01   9.976106305700000E+00   9.976106305700000E+00   0.000000000000000E+00  -9.353026610700000E-01   0.000000000000000E+00   0.000000000000000E+00   0.000000000000000E+00
   6.920542037300000E-01   9.988942243400000E+00   9.988942243400000E+00   0.000000000000000E+00  -9.353026610700000E-01   0.000000000000000E+00   0.000000000000000E+00   0.000000000000000E+00
   6.930090756900000E-01   1.000272463300000E+01   1.000272463300000E+01   0.000000000000000E+00  -9.353026610700000E-01   0.000000000000000E+00   0.000000000000000E+00   0.000000000000000E+00
   6.939639476400000E-01   1.001650702300000E+01   1.001650702300000E+01   0.000000000000000E+00  -9.353026610700000E-01   0.000000000000000E+00   0.000000000000000E+00   0.000000000000000E+00
   6.949188196000000E-01   1.003028941300000E+01   1.003028941300000E+01   0.000000000000000E+00  -9.353026610700000E-01   0.000000000000000E+00   0.000000000000000E+00   0.000000000000000E+00
   6.958736915600000E-01   1.004407180300000E+01   1.004407180300000E+01   0.000000000000000E+00  -9.353026610700000E-01   0.000000000000000E+00   0.000000000000000E+00   0.000000000000000E+00
   6.968124988800000E-01   1.005762232000000E+01   1.005762232000000E+01   0.000000000000000E+00  -9.353026610700000E-01   0.000000000000000E+00   0.000000000000000E+00   0.000000000000000E+00
   6.977513061900000E-01   1.007117283600000E+01   1.007117283600000E+01   0.000000000000000E+00  -9.353026610700000E-01   0.000000000000000E+00   0.000000000000000E+00   0.000000000000000E+00
   6.986901135100000E-01   1.008472335300000E+01   1.008472335300000E+01   0.000000000000000E+00  -9.353026610700000E-01   0.000000000000000E+00   0.000000000000000E+00   0.000000000000000E+00
   6.996289208299999E-01   1.009827387000000E+01   1.009827387000000E+01   0.000000000000000E+00  -9.353026610700000E-01   0.000000000000000E+00   0.000000000000000E+00   0.000000000000000E+00
   7.003730026700000E-01   1.010901376600000E+01   1.010901376600000E+01   0.000000000000000E+00  -9.353026610700000E-01   0.000000000000000E+00   0.000000000000000E+00   0.000000000000000E+00
   7.011170845000000E-01   1.011975366300000E+01   1.011975366300000E+01   0.000000000000000E+00  -9.353026610700000E-01   0.000000000000000E+00   0.000000000000000E+00   0.000000000000000E+00
   7.018611663400000E-01   1.013049355900000E+01   1.013049355900000E+01   0.000000000000000E+00  -9.353026610700000E-01   0.000000000000000E+00   0.000000000000000E+00   0.000000000000000E+00
   7.026052481700000E-01   1.014123345600000E+01   1.014123345600000E+01   0.000000000000000E+00  -9.353026610700000E-01   0.000000000000000E+00   0.000000000000000E+00   0.000000000000000E+00
   7.032732154000000E-01   1.015087473200000E+01   1.015087473200000E+01   0.000000000000000E+00  -9.353026610700000E-01   0.000000000000000E+00   0.000000000000000E+00   0.000000000000000E+00
   7.039411826200000E-01   1.016051600900000E+01   1.016051600900000E+01   0.000000000000000E+00  -9.353026610700000E-01   0.000000000000000E+00   0.000000000000000E+00   0.000000000000000E+00
   7.046091498400000E-01   1.017015728500000E+01   1.017015728500000E+01   0.000000000000000E+00  -9.353026610700000E-01   0.000000000000000E+00   0.000000000000000E+00   0.000000000000000E+00
   7.052771170700000E-01   1.017979856200000E+01   1.017979856200000E+01   0.000000000000000E+00  -9.353026610700000E-01   0.000000000000000E+00   0.000000000000000E+00   0.000000000000000E+00
   7.060274644900000E-01   1.019062889500000E+01   1.019062889500000E+01   0.000000000000000E+00  -9.353026610700000E-01   0.000000000000000E+00   0.000000000000000E+00   0.000000000000000E+00
   7.067778119200000E-01   1.020145922700000E+01   1.020145922700000E+01   0.000000000000000E+00  -9.353026610700000E-01   0.000000000000000E+00   0.000000000000000E+00   0.000000000000000E+00
   7.075281593400000E-01   1.021228955900000E+01   1.021228955900000E+01   0.000000000000000E+00  -9.353026610700000E-01   0.000000000000000E+00   0.000000000000000E+00   0.000000000000000E+00
   7.082785067700000E-01   1.022311989200000E+01   1.022311989200000E+01   0.000000000000000E+00  -9.353026610700000E-01   0.000000000000000E+00   0.000000000000000E+00   0.000000000000000E+00
   7.092627689900000E-01   1.023732649400000E+01   1.023732649400000E+01   0.000000000000000E+00  -9.353026610700000E-01   0.000000000000000E+00   0.000000000000000E+00   0.000000000000000E+00
   7.102470312100000E-01   1.025153309500000E+01   1.025153309500000E+01   0.000000000000000E+00  -9.353026610700000E-01   0.000000000000000E+00   0.000000000000000E+00   0.000000000000000E+00
   7.112312934300000E-01   1.026573969700000E+01   1.026573969700000E+01   0.000000000000000E+00  -9.353026610700000E-01   0.000000000000000E+00   0.000000000000000E+00   0.000000000000000E+00
   7.122155556500001E-01   1.027994629900000E+01   1.027994629900000E+01   0.000000000000000E+00  -9.353026610700000E-01   0.000000000000000E+00   0.000000000000000E+00   0.000000000000000E+00
   7.131691359300000E-01   1.029371004500000E+01   1.029371004500000E+01   0.000000000000000E+00  -9.353026610700000E-01   0.000000000000000E+00   0.000000000000000E+00   0.000000000000000E+00
   7.141227162100000E-01   1.030747379100000E+01   1.030747379100000E+01   0.000000000000000E+00  -9.353026610700000E-01   0.000000000000000E+00   0.000000000000000E+00   0.000000000000000E+00
   7.150762964800000E-01   1.032123753700000E+01   1.032123753700000E+01   0.000000000000000E+00  -9.353026610700000E-01   0.000000000000000E+00   0.000000000000000E+00   0.000000000000000E+00
   7.160298767600000E-01   1.033500128300000E+01   1.033500128300000E+01   0.000000000000000E+00  -9.353026610700000E-01   0.000000000000000E+00   0.000000000000000E+00   0.000000000000000E+00
   7.171765554300000E-01   1.035155216400000E+01   1.035155216400000E+01   0.000000000000000E+00  -9.353026610700000E-01   0.000000000000000E+00   0.000000000000000E+00   0.000000000000000E+00
   7.183232341000000E-01   1.036810304600000E+01   1.036810304600000E+01   0.000000000000000E+00  -9.353026610700000E-01   0.000000000000000E+00   0.000000000000000E+00   0.000000000000000E+00
   7.194699127700001E-01   1.038465392700000E+01   1.038465392700000E+01   0.000000000000000E+00  -9.353026610700000E-01   0.000000000000000E+00   0.000000000000000E+00   0.000000000000000E+00
   7.206165914400000E-01   1.040120480900000E+01   1.040120480900000E+01   0.000000000000000E+00  -9.353026610700000E-01   0.000000000000000E+00   0.000000000000000E+00   0.000000000000000E+00
   7.219572359300001E-01   1.042055534500000E+01   1.042055534500000E+01   0.000000000000000E+00  -9.353026610700000E-01   0.000000000000000E+00   0.000000000000000E+00   0.000000000000000E+00
   7.232978804200000E-01   1.043990588200000E+01   1.043990588200000E+01   0.000000000000000E+00  -9.353026610700000E-01   0.000000000000000E+00   0.000000000000000E+00   0.000000000000000E+00
   7.246385249100000E-01   1.045925641900000E+01   1.045925641900000E+01   0.000000000000000E+00  -9.353026610700000E-01   0.000000000000000E+00   0.000000000000000E+00   0.000000000000000E+00
   7.259791694000000E-01   1.047860695600000E+01   1.047860695600000E+01   0.000000000000000E+00  -9.353026610700000E-01   0.000000000000000E+00   0.000000000000000E+00   0.000000000000000E+00
   7.271533329400000E-01   1.049555454700000E+01   1.049555454700000E+01   0.000000000000000E+00  -9.353026610700000E-01   0.000000000000000E+00   0.000000000000000E+00   0.000000000000000E+00
   7.283274964899999E-01   1.051250213900000E+01   1.051250213900000E+01   0.000000000000000E+00  -9.353026610700000E-01   0.000000000000000E+00   0.000000000000000E+00   0.000000000000000E+00
   7.295016600400001E-01   1.052944973000000E+01   1.052944973000000E+01   0.000000000000000E+00  -9.353026610700000E-01   0.000000000000000E+00   0.000000000000000E+00   0.000000000000000E+00
   7.306758235800001E-01   1.054639732100000E+01   1.054639732100000E+01   0.000000000000000E+00  -9.353026610700000E-01   0.000000000000000E+00   0.000000000000000E+00   0.000000000000000E+00
   7.318090194600000E-01   1.056275359500000E+01   1.056275359500000E+01   0.000000000000000E+00  -9.353026610700000E-01   0.000000000000000E+00   0.000000000000000E+00   0.000000000000000E+00
   7.329422153400000E-01   1.057910986900000E+01   1.057910986900000E+01   0.000000000000000E+00  -9.353026610700000E-01   0.000000000000000E+00   0.000000000000000E+00   0.000000000000000E+00
   7.340754112100000E-01   1.059546614300000E+01   1.059546614300000E+01   0.000000000000000E+00  -9.353026610700000E-01   0.000000000000000E+00   0.000000000000000E+00   0.000000000000000E+00
   7.352086070900000E-01   1.061182241700000E+01   1.061182241700000E+01   0.000000000000000E+00  -9.353026610700000E-01   0.000000000000000E+00   0.000000000000000E+00   0.000000000000000E+00
   7.365506857400000E-01   1.063119365400000E+01   1.063119365400000E+01   0.000000000000000E+00  -9.353026610700000E-01   0.000000000000000E+00   0.000000000000000E+00   0.000000000000000E+00
   7.378927643900000E-01   1.065056489200000E+01   1.065056489200000E+01   0.000000000000000E+00  -9.353026610700000E-01   0.000000000000000E+00   0.000000000000000E+00   0.000000000000000E+00
   7.392348430500000E-01   1.066993612900000E+01   1.066993612900000E+01   0.000000000000000E+00  -9.353026610700000E-01   0.000000000000000E+00   0.000000000000000E+00   0.000000000000000E+00
   7.405769217000000E-01   1.068930736600000E+01   1.068930736600000E+01   0.000000000000000E+00  -9.353026610700000E-01   0.000000000000000E+00   0.000000000000000E+00   0.000000000000000E+00
   7.424079193599999E-01   1.071573554100000E+01   1.071573554100000E+01   0.000000000000000E+00  -9.353026610700000E-01   0.000000000000000E+00   0.000000000000000E+00   0.000000000000000E+00
   7.442389170200000E-01   1.074216371700000E+01   1.074216371700000E+01   0.000000000000000E+00  -9.353026610700000E-01   0.000000000000000E+00   0.000000000000000E+00   0.000000000000000E+00
   7.460699146699999E-01   1.076859189200000E+01   1.076859189200000E+01   0.000000000000000E+00  -9.353026610700000E-01   0.000000000000000E+00   0.000000000000000E+00   0.000000000000000E+00
   7.479009123300000E-01   1.079502006800000E+01   1.079502006800000E+01   0.000000000000000E+00  -9.353026610700000E-01   0.000000000000000E+00   0.000000000000000E+00   0.000000000000000E+00
   7.514829824100000E-01   1.084672279700000E+01   1.084672279700000E+01   0.000000000000000E+00  -9.353026610700000E-01   0.000000000000000E+00   0.000000000000000E+00   0.000000000000000E+00
   7.550650525000000E-01   1.089842552600000E+01   1.089842552600000E+01   0.000000000000000E+00  -9.353026610700000E-01   0.000000000000000E+00   0.000000000000000E+00   0.000000000000000E+00
   7.586471225800000E-01   1.095012825500000E+01   1.095012825500000E+01   0.000000000000000E+00  -9.353026610700000E-01   0.000000000000000E+00   0.000000000000000E+00   0.000000000000000E+00
   7.622291926600000E-01   1.100183098500000E+01   1.100183098500000E+01   0.000000000000000E+00  -9.353026610700000E-01   0.000000000000000E+00   0.000000000000000E+00   0.000000000000000E+00
   7.642180197500000E-01   1.103053723200000E+01   1.103053723200000E+01   0.000000000000000E+00  -9.353026610700000E-01   0.000000000000000E+00   0.000000000000000E+00   0.000000000000000E+00
   7.662068468500000E-01   1.105924347900000E+01   1.105924347900000E+01   0.000000000000000E+00  -9.353026610700000E-01   0.000000000000000E+00   0.000000000000000E+00   0.000000000000000E+00
   7.681956739400000E-01   1.108794972600000E+01   1.108794972600000E+01   0.000000000000000E+00  -9.353026610700000E-01   0.000000000000000E+00   0.000000000000000E+00   0.000000000000000E+00
   7.701845010300000E-01   1.111665597300000E+01   1.111665597300000E+01   0.000000000000000E+00  -9.353026610700000E-01   0.000000000000000E+00   0.000000000000000E+00   0.000000000000000E+00
   7.721893894800000E-01   1.114559404600000E+01   1.114559404600000E+01   0.000000000000000E+00  -9.353026610700000E-01   0.000000000000000E+00   0.000000000000000E+00   0.000000000000000E+00
   7.741942779400000E-01   1.117453211900000E+01   1.117453211900000E+01   0.000000000000000E+00  -9.353026610700000E-01   0.000000000000000E+00   0.000000000000000E+00   0.000000000000000E+00
   7.761991663900000E-01   1.120347019200000E+01   1.120347019200000E+01   0.000000000000000E+00  -9.353026610700000E-01   0.000000000000000E+00   0.000000000000000E+00   0.000000000000000E+00
   7.782040548400000E-01   1.123240826400000E+01   1.123240826400000E+01   0.000000000000000E+00  -9.353026610700000E-01   0.000000000000000E+00   0.000000000000000E+00   0.000000000000000E+00
   7.802034624100000E-01   1.126126722800000E+01   1.126126722800000E+01   0.000000000000000E+00  -9.353026610700000E-01   0.000000000000000E+00   0.000000000000000E+00   0.000000000000000E+00
   7.822028699700000E-01   1.129012619100000E+01   1.129012619100000E+01   0.000000000000000E+00  -9.353026610700000E-01   0.000000000000000E+00   0.000000000000000E+00   0.000000000000000E+00
   7.842022775400000E-01   1.131898515400000E+01   1.131898515400000E+01   0.000000000000000E+00  -9.353026610700000E-01   0.000000000000000E+00   0.000000000000000E+00   0.000000000000000E+00
   7.862016851000000E-01   1.134784411700000E+01   1.134784411700000E+01   0.000000000000000E+00  -9.353026610700000E-01   0.000000000000000E+00   0.000000000000000E+00   0.000000000000000E+00
   7.881657816800000E-01   1.137619340900000E+01   1.137619340900000E+01   0.000000000000000E+00  -9.353026610700000E-01   0.000000000000000E+00   0.000000000000000E+00   0.000000000000000E+00
   7.901298782500000E-01   1.140454270200000E+01   1.140454270200000E+01   0.000000000000000E+00  -9.353026610700000E-01   0.000000000000000E+00   0.000000000000000E+00   0.000000000000000E+00
   7.920939748200000E-01   1.143289199500000E+01   1.143289199500000E+01   0.000000000000000E+00  -9.353026610700000E-01   0.000000000000000E+00   0.000000000000000E+00   0.000000000000000E+00
   7.940580713900000E-01   1.146124128800000E+01   1.146124128800000E+01   0.000000000000000E+00  -9.353026610700000E-01   0.000000000000000E+00   0.000000000000000E+00   0.000000000000000E+00
   7.959462521800000E-01   1.148849483000000E+01   1.148849483000000E+01   0.000000000000000E+00  -9.353026610700000E-01   0.000000000000000E+00   0.000000000000000E+00   0.000000000000000E+00
   7.978344329600000E-01   1.151574837300000E+01   1.151574837300000E+01   0.000000000000000E+00  -9.353026610700000E-01   0.000000000000000E+00   0.000000000000000E+00   0.000000000000000E+00
   7.997226137400000E-01   1.154300191600000E+01   1.154300191600000E+01   0.000000000000000E+00  -9.353026610700000E-01   0.000000000000000E+00   0.000000000000000E+00   0.000000000000000E+00
   8.016107945199999E-01   1.157025545800000E+01   1.157025545800000E+01   0.000000000000000E+00  -9.353026610700000E-01   0.000000000000000E+00   0.000000000000000E+00   0.000000000000000E+00
   8.034254107500000E-01   1.159644718800000E+01   1.159644718800000E+01   0.000000000000000E+00  -9.353026610700000E-01   0.000000000000000E+00   0.000000000000000E+00   0.000000000000000E+00
   8.052400269800000E-01   1.162263891800000E+01   1.162263891800000E+01   0.000000000000000E+00  -9.353026610700000E-01   0.000000000000000E+00   0.000000000000000E+00   0.000000000000000E+00
   8.070546432100000E-01   1.164883064800000E+01   1.164883064800000E+01   0.000000000000000E+00  -9.353026610700000E-01   0.000000000000000E+00   0.000000000000000E+00   0.000000000000000E+00
   8.088692594300000E-01   1.167502237800000E+01   1.167502237800000E+01   0.000000000000000E+00  -9.353026610700000E-01   0.000000000000000E+00   0.000000000000000E+00   0.000000000000000E+00
   8.108768702900000E-01   1.170399974500000E+01   1.170399974500000E+01   0.000000000000000E+00  -9.353026610700000E-01   0.000000000000000E+00   0.000000000000000E+00   0.000000000000000E+00
   8.128844811400000E-01   1.173297711200000E+01   1.173297711200000E+01   0.000000000000000E+00  -9.353026610700000E-01   0.000000000000000E+00   0.000000000000000E+00   0.000000000000000E+00
   8.148920919900000E-01   1.176195447900000E+01   1.176195447900000E+01   0.000000000000000E+00  -9.353026610700000E-01   0.000000000000000E+00   0.000000000000000E+00   0.000000000000000E+00
   8.168997028400000E-01   1.179093184700000E+01   1.179093184700000E+01   0.000000000000000E+00  -9.353026610700000E-01   0.000000000000000E+00   0.000000000000000E+00   0.000000000000000E+00
   8.192674597500000E-01   1.182510747500000E+01   1.182510747500000E+01   0.000000000000000E+00  -9.353026610700000E-01   0.000000000000000E+00   0.000000000000000E+00   0.000000000000000E+00
   8.216352166599999E-01   1.185928310300000E+01   1.185928310300000E+01   0.000000000000000E+00  -9.353026610700000E-01   0.000000000000000E+00   0.000000000000000E+00   0.000000000000000E+00
   8.240029735700000E-01   1.189345873100000E+01   1.189345873100000E+01   0.000000000000000E+00  -9.353026610700000E-01   0.000000000000000E+00   0.000000000000000E+00   0.000000000000000E+00
   8.263707304800000E-01   1.192763435900000E+01   1.192763435900000E+01   0.000000000000000E+00  -9.353026610700000E-01   0.000000000000000E+00   0.000000000000000E+00   0.000000000000000E+00
   8.287237107800000E-01   1.196159670500000E+01   1.196159670500000E+01   0.000000000000000E+00  -9.353026610700000E-01   0.000000000000000E+00   0.000000000000000E+00   0.000000000000000E+00
   8.310766910700000E-01   1.199555905000000E+01   1.199555905000000E+01   0.000000000000000E+00  -9.353026610700000E-01   0.000000000000000E+00   0.000000000000000E+00   0.000000000000000E+00
   8.334296713600000E-01   1.202952139600000E+01   1.202952139600000E+01   0.000000000000000E+00  -9.353026610700000E-01   0.000000000000000E+00   0.000000000000000E+00   0.000000000000000E+00
   8.357826516500000E-01   1.206348374200000E+01   1.206348374200000E+01   0.000000000000000E+00  -9.353026610700000E-01   0.000000000000000E+00   0.000000000000000E+00   0.000000000000000E+00
   8.383860514700000E-01   1.210106058300000E+01   1.210106058300000E+01   0.000000000000000E+00  -9.353026610700000E-01   0.000000000000000E+00   0.000000000000000E+00   0.000000000000000E+00
   8.409894512800000E-01   1.213863742300000E+01   1.213863742300000E+01   0.000000000000000E+00  -9.353026610700000E-01   0.000000000000000E+00   0.000000000000000E+00   0.000000000000000E+00
   8.435928510900000E-01   1.217621426300000E+01   1.217621426300000E+01   0.000000000000000E+00  -9.353026610700000E-01   0.000000000000000E+00   0.000000000000000E+00   0.000000000000000E+00
   8.461962508999999E-01   1.221379110400000E+01   1.221379110400000E+01   0.000000000000000E+00  -9.353026610700000E-01   0.000000000000000E+00   0.000000000000000E+00   0.000000000000000E+00
   8.495004867200000E-01   1.226148364100000E+01   1.226148364100000E+01   0.000000000000000E+00  -9.353026610700000E-01   0.000000000000000E+00   0.000000000000000E+00   0.000000000000000E+00
   8.528047225299999E-01   1.230917617800000E+01   1.230917617800000E+01   0.000000000000000E+00  -9.353026610700000E-01   0.000000000000000E+00   0.000000000000000E+00   0.000000000000000E+00
   8.561089583400000E-01   1.235686871500000E+01   1.235686871500000E+01   0.000000000000000E+00  -9.353026610700000E-01   0.000000000000000E+00   0.000000000000000E+00   0.000000000000000E+00
   8.594131941499999E-01   1.240456125200000E+01   1.240456125200000E+01   0.000000000000000E+00  -9.353026610700000E-01   0.000000000000000E+00   0.000000000000000E+00   0.000000000000000E+00
   8.625156418500000E-01   1.244934122800000E+01   1.244934122800000E+01   0.000000000000000E+00  -9.353026610700000E-01   0.000000000000000E+00   0.000000000000000E+00   0.000000000000000E+00
   8.656180895500000E-01   1.249412120400000E+01   1.249412120400000E+01   0.000000000000000E+00  -9.353026610700000E-01   0.000000000000000E+00   0.000000000000000E+00   0.000000000000000E+00
   8.687205372500000E-01   1.253890118100000E+01   1.253890118100000E+01   0.000000000000000E+00  -9.353026610700000E-01   0.000000000000000E+00   0.000000000000000E+00   0.000000000000000E+00
   8.718229849500000E-01   1.258368115700000E+01   1.258368115700000E+01   0.000000000000000E+00  -9.353026610700000E-01   0.000000000000000E+00   0.000000000000000E+00   0.000000000000000E+00
   8.751955478400000E-01   1.263235991000000E+01   1.263235991000000E+01   0.000000000000000E+00  -9.353026610700000E-01   0.000000000000000E+00   0.000000000000000E+00   0.000000000000000E+00
   8.785681107200000E-01   1.268103866400000E+01   1.268103866400000E+01   0.000000000000000E+00  -9.353026610700000E-01   0.000000000000000E+00   0.000000000000000E+00   0.000000000000000E+00
   8.819406735999999E-01   1.272971741700000E+01   1.272971741700000E+01   0.000000000000000E+00  -9.353026610700000E-01   0.000000000000000E+00   0.000000000000000E+00   0.000000000000000E+00
   8.853132364900000E-01   1.277839617000000E+01   1.277839617000000E+01   0.000000000000000E+00  -9.353026610700000E-01   0.000000000000000E+00   0.000000000000000E+00   0.000000000000000E+00
   8.890089844500000E-01   1.283173969900000E+01   1.283173969900000E+01   0.000000000000000E+00  -9.353026610700000E-01   0.000000000000000E+00   0.000000000000000E+00   0.000000000000000E+00
   8.927047324100000E-01   1.288508322700000E+01   1.288508322700000E+01   0.000000000000000E+00  -9.353026610700000E-01   0.000000000000000E+00   0.000000000000000E+00   0.000000000000000E+00
   8.964004803700000E-01   1.293842675500000E+01   1.293842675500000E+01   0.000000000000000E+00  -9.353026610700000E-01   0.000000000000000E+00   0.000000000000000E+00   0.000000000000000E+00
   9.000962283300000E-01   1.299177028300000E+01   1.299177028300000E+01   0.000000000000000E+00  -9.353026610700000E-01   0.000000000000000E+00   0.000000000000000E+00   0.000000000000000E+00
   9.036912872500000E-01   1.304366049000000E+01   1.304366049000000E+01   0.000000000000000E+00  -9.353026610700000E-01   0.000000000000000E+00   0.000000000000000E+00   0.000000000000000E+00
   9.072863461800000E-01   1.309555069700000E+01   1.309555069700000E+01   0.000000000000000E+00  -9.353026610700000E-01   0.000000000000000E+00   0.000000000000000E+00   0.000000000000000E+00
   9.108814051000000E-01   1.314744090400000E+01   1.314744090400000E+01   0.000000000000000E+00  -9.353026610700000E-01   0.000000000000000E+00   0.000000000000000E+00   0.000000000000000E+00
   9.144764640300000E-01   1.319933111200000E+01   1.319933111200000E+01   0.000000000000000E+00  -9.353026610700000E-01   0.000000000000000E+00   0.000000000000000E+00   0.000000000000000E+00
   9.178738873200000E-01   1.324836869400000E+01   1.324836869400000E+01   0.000000000000000E+00  -9.353026610700000E-01   0.000000000000000E+00   0.000000000000000E+00   0.000000000000000E+00
   9.212713106100000E-01   1.329740627600000E+01   1.329740627600000E+01   0.000000000000000E+00  -9.353026610700000E-01   0.000000000000000E+00   0.000000000000000E+00   0.000000000000000E+00
   9.246687339000000E-01   1.334644385900000E+01   1.334644385900000E+01   0.000000000000000E+00  -9.353026610700000E-01   0.000000000000000E+00   0.000000000000000E+00   0.000000000000000E+00
   9.280661571900000E-01   1.339548144100000E+01   1.339548144100000E+01   0.000000000000000E+00  -9.353026610700000E-01   0.000000000000000E+00   0.000000000000000E+00   0.000000000000000E+00
   9.312521171200000E-01   1.344146681300000E+01   1.344146681300000E+01   0.000000000000000E+00  -9.353026610700000E-01   0.000000000000000E+00   0.000000000000000E+00   0.000000000000000E+00
   9.344380770600000E-01   1.348745218400000E+01   1.348745218400000E+01   0.000000000000000E+00  -9.353026610700000E-01   0.000000000000000E+00   0.000000000000000E+00   0.000000000000000E+00
   9.376240369900000E-01   1.353343755600000E+01   1.353343755600000E+01   0.000000000000000E+00  -9.353026610700000E-01   0.000000000000000E+00   0.000000000000000E+00   0.000000000000000E+00
   9.408099969200000E-01   1.357942292800000E+01   1.357942292800000E+01   0.000000000000000E+00  -9.353026610700000E-01   0.000000000000000E+00   0.000000000000000E+00   0.000000000000000E+00
   9.439449411800001E-01   1.362467195200000E+01   1.362467195200000E+01   0.000000000000000E+00  -9.353026610700000E-01   0.000000000000000E+00   0.000000000000000E+00   0.000000000000000E+00
   9.470798854500000E-01   1.366992097500000E+01   1.366992097500000E+01   0.000000000000000E+00  -9.353026610700000E-01   0.000000000000000E+00   0.000000000000000E+00   0.000000000000000E+00
   9.502148297100000E-01   1.371516999900000E+01   1.371516999900000E+01   0.000000000000000E+00  -9.353026610700000E-01   0.000000000000000E+00   0.000000000000000E+00   0.000000000000000E+00
   9.533497739700000E-01   1.376041902300000E+01   1.376041902300000E+01   0.000000000000000E+00  -9.353026610700000E-01   0.000000000000000E+00   0.000000000000000E+00   0.000000000000000E+00
   9.569029301000000E-01   1.381170441500000E+01   1.381170441500000E+01   0.000000000000000E+00  -9.353026610700000E-01   0.000000000000000E+00   0.000000000000000E+00   0.000000000000000E+00
   9.604560862400000E-01   1.386298980800000E+01   1.386298980800000E+01   0.000000000000000E+00  -9.353026610700000E-01   0.000000000000000E+00   0.000000000000000E+00   0.000000000000000E+00
   9.640092423700000E-01   1.391427520000000E+01   1.391427520000000E+01   0.000000000000000E+00  -9.353026610700000E-01   0.000000000000000E+00   0.000000000000000E+00   0.000000000000000E+00
   9.675623985100000E-01   1.396556059300000E+01   1.396556059300000E+01   0.000000000000000E+00  -9.353026610700000E-01   0.000000000000000E+00   0.000000000000000E+00   0.000000000000000E+00
   9.715830828799999E-01   1.402359417400000E+01   1.402359417400000E+01   0.000000000000000E+00  -9.353026610700000E-01   0.000000000000000E+00   0.000000000000000E+00   0.000000000000000E+00
   9.756037672600000E-01   1.408162775600000E+01   1.408162775600000E+01   0.000000000000000E+00  -9.353026610700000E-01   0.000000000000000E+00   0.000000000000000E+00   0.000000000000000E+00
   9.796244516400000E-01   1.413966133700000E+01   1.413966133700000E+01   0.000000000000000E+00  -9.353026610700000E-01   0.000000000000000E+00   0.000000000000000E+00   0.000000000000000E+00
   9.836451360200000E-01   1.419769491900000E+01   1.419769491900000E+01   0.000000000000000E+00  -9.353026610700000E-01   0.000000000000000E+00   0.000000000000000E+00   0.000000000000000E+00
   9.877338520100000E-01   1.425671045200000E+01   1.425671045200000E+01   0.000000000000000E+00  -9.353026610700000E-01   0.000000000000000E+00   0.000000000000000E+00   0.000000000000000E+00
   9.918225680100000E-01   1.431572598500000E+01   1.431572598500000E+01   0.000000000000000E+00  -9.353026610700000E-01   0.000000000000000E+00   0.000000000000000E+00   0.000000000000000E+00
   9.959112840000000E-01   1.437474151900000E+01   1.437474151900000E+01   0.000000000000000E+00  -9.353026610700000E-01   0.000000000000000E+00   0.000000000000000E+00   0.000000000000000E+00
   1.000000000000000E+00   1.443375705200000E+01   1.443375705200000E+01   0.000000000000000E+00  -9.353026610700000E-01   0.000000000000000E+00   0.000000000000000E+00   0.000000000000000E+00
