   0.000000000000000E+00   2.349366277500000E-30   0.000000000000000E+00   0.000000000000000E+00  -9.931120872000000E-01   0.000000000000000E+00   0.000000000000000E+00   0.000000000000000E+00
   2.086672938900000E-02   3.011853024700000E-01   3.011853024700000E-01   0.000000000000000E+00  -9.931120872000000E-01   0.000000000000000E+00   0.000000000000000E+00   0.000000000000000E+00
   4.173345877800000E-02   6.023706049500001E-01   6.023706049500001E-01   0.000000000000000E+00  -9.931120872000000E-01   0.000000000000000E+00   0.000000000000000E+00   0.000000000000000E+00
   6.260018816800000E-02   9.035559074200000E-01   9.035559074200000E-01   0.000000000000000E+00  -9.931120872000000E-01   0.000000000000000E+00   0.000000000000000E+00   0.000000000000000E+00
   8.346691755700000E-02   1.204741209900000E+00   1.204741209900000E+00   0.000000000000000E+00  -9.931120872000000E-01   0.000000000000000E+00   0.000000000000000E+00   0.000000000000000E+00
   9.989496863500000E-02   1.441859708000000E+00   1.441859708000000E+00   0.000000000000000E+00  -9.931120872000000E-01   0.000000000000000E+00   0.000000000000000E+00   0.000000000000000E+00
   1.163230197100000E-01   1.678978206100000E+00   1.678978206100000E+00   0.000000000000000E+00  -9.931120872000000E-01   0.000000000000000E+00   0.000000000000000E+00   0.000000000000000E+00
   1.327510707900000E-01   1.916096704200000E+00   1.916096704200000E+00   0.000000000000000E+00  -9.931120872000000E-01   0.000000000000000E+00   0.000000000000000E+00   0.000000000000000E+00
   1.491791218700000E-01   2.153215202300000E+00   2.153215202300000E+00   0.000000000000000E+00  -9.931120872000000E-01   0.000000000000000E+00   0.000000000000000E+00   0.000000000000000E+00
   1.604959591000000E-01   2.316559681500000E+00   2.316559681500000E+00   0.000000000000000E+00  -9.931120872000000E-01   0.000000000000000E+00   0.000000000000000E+00   0.000000000000000E+00
   1.718127963300000E-01   2.479904160600000E+00   2.479904160600000E+00   0.000000000000000E+00  -9.931120872000000E-01   0.000000000000000E+00   0.000000000000000E+00   0.000000000000000E+00
   1.831296335600000E-01   2.643248639800000E+00   2.643248639800000E+00   0.000000000000000E+00  -9.931120872000000E-01   0.000000000000000E+00   0.000000000000000E+00   0.000000000000000E+00
   1.944464707900000E-01   2.806593119000000E+00   2.806593119000000E+00   0.000000000000000E+00  -9.931120872000000E-01   0.000000000000000E+00   0.000000000000000E+00   0.000000000000000E+00
   2.064668906100000E-01   2.980092938400000E+00   2.980092938400000E+00   0.000000000000000E+00  -9.931120872000000E-01   0.000000000000000E+00   0.000000000000000E+00   0.000000000000000E+00
   2.184873104300000E-01   3.153592757700000E+00   3.153592757700000E+00   0.000000000000000E+00  -9.931120872000000E-01   0.000000000000000E+00   0.000000000000000E+00   0.000000000000000E+00
   2.305077302600000E-01   3.327092577100000E+00   3.327092577100000E+00   0.000000000000000E+00  -9.931120872000000E-01   0.000000000000000E+00   0.000000000000000E+00   0.000000000000000E+00
   2.425281500800000E-01   3.500592396500000E+00   3.500592396500000E+00   0.000000000000000E+00  -9.931120872000000E-01   0.000000000000000E+00   0.000000000000000E+00   0.000000000000000E+00
   2.555223301300000E-01   3.688147234400000E+00   3.688147234400000E+00   0.000000000000000E+00  -9.931120872000000E-01   0.000000000000000E+00   0.000000000000000E+00   0.000000000000000E+00
   2.685165101800000E-01   3.875702072300000E+00   3.875702072300000E+00   0.000000000000000E+00  -9.931120872000000E-01   0.000000000000000E+00   0.000000000000000E+00   0.000000000000000E+00
   2.815106902200000E-01   4.063256910200000E+00   4.063256910200000E+00   0.000000000000000E+00  -9.931120872000000E-01   0.000000000000000E+00   0.000000000000000E+00   0.000000000000000E+00
   2.945048702700000E-01   4.250811748100000E+00   4.250811748100000E+00   0.000000000000000E+00  -9.931120872000000E-01   0.000000000000000E+00   0.000000000000000E+00   0.000000000000000E+00
   3.025172070200000E-01   4.366459870100000E+00   4.366459870100000E+00   0.000000000000000E+00  -9.931120872000000E-01   0.000000000000000E+00   0.000000000000000E+00   0.000000000000000E+00
   3.105295437600000E-01   4.482107992100000E+00   4.482107992100000E+00   0.000000000000000E+00  -9.931120872000000E-01   0.000000000000000E+00   0.000000000000000E+00   0.000000000000000E+00
   3.185418805000000E-01   4.597756114100000E+00   4.597756114100000E+00   0.000000000000000E+00  -9.931120872000000E-01   0.000000000000000E+00   0.000000000000000E+00   0.000000000000000E+00
   3.265542172500000E-01   4.713404236000000E+00   4.713404236000000E+00   0.000000000000000E+00  -9.931120872000000E-01   0.000000000000000E+00   0.000000000000000E+00   0.000000000000000E+00
   3.336776679300000E-01   4.816222392600000E+00   4.816222392600000E+00   0.000000000000000E+00  -9.931120872000000E-01   0.000000000000000E+00   0.000000000000000E+00   0.000000000000000E+00
   3.408011186100000E-01   4.919040549100000E+00   4.919040549100000E+00   0.000000000000000E+00  -9.931120872000000E-01   0.000000000000000E+00   0.000000000000000E+00   0.000000000000000E+00
   3.479245692900000E-01   5.021858705600000E+00   5.021858705600000E+00   0.000000000000000E+00  -9.931120872000000E-01   0.000000000000000E+00   0.000000000000000E+00   0.000000000000000E+00
   3.550480199800000E-01   5.124676862100000E+00   5.124676862100000E+00   0.000000000000000E+00  -9.931120872000000E-01   0.000000000000000E+00   0.000000000000000E+00   0.000000000000000E+00
   3.617037718400000E-01   5.220744367600000E+00   5.220744367600000E+00   0.000000000000000E+00  -9.931120872000000E-01   0.000000000000000E+00   0.000000000000000E+00   0.000000000000000E+00
   3.683595237100000E-01   5.316811873000000E+00   5.316811873000000E+00   0.000000000000000E+00  -9.931120872000000E-01   0.000000000000000E+00   0.000000000000000E+00   0.000000000000000E+00
   3.750152755800000E-01   5.412879378500000E+00   5.412879378500000E+00   0.000000000000000E+00  -9.931120872000000E-01   0.000000000000000E+00   0.000000000000000E+00   0.000000000000000E+00
   3.816710274400000E-01   5.508946883900000E+00   5.508946883900000E+00   0.000000000000000E+00  -9.931120872000000E-01   0.000000000000000E+00   0.000000000000000E+00   0.000000000000000E+00
   3.894639983100000E-01   5.621428732100000E+00   5.621428732100000E+00   0.000000000000000E+00  -9.931120872000000E-01   0.000000000000000E+00   0.000000000000000E+00   0.000000000000000E+00
   3.972569691800000E-01   5.733910580400000E+00   5.733910580400000E+00   0.000000000000000E+00  -9.931120872000000E-01   0.000000000000000E+00   0.000000000000000E+00   0.000000000000000E+00
   4.050499400500000E-01   5.846392428600000E+00   5.846392428600000E+00   0.000000000000000E+00  -9.931120872000000E-01   0.000000000000000E+00   0.000000000000000E+00   0.000000000000000E+00
   4.128429109200000E-01   5.958874276800000E+00   5.958874276800000E+00   0.000000000000000E+00  -9.931120872000000E-01   0.000000000000000E+00   0.000000000000000E+00   0.000000000000000E+00
   4.190493497700000E-01   6.048456507400000E+00   6.048456507400000E+00   0.000000000000000E+00  -9.931120872000000E-01   0.000000000000000E+00   0.000000000000000E+00   0.000000000000000E+00
   4.252557886300000E-01   6.138038738100000E+00   6.138038738100000E+00   0.000000000000000E+00  -9.931120872000000E-01   0.000000000000000E+00   0.000000000000000E+00   0.000000000000000E+00
   4.314622274900000E-01   6.227620968700000E+00   6.227620968700000E+00   0.000000000000000E+00  -9.931120872000000E-01   0.000000000000000E+00   0.000000000000000E+00   0.000000000000000E+00
   4.376686663400000E-01   6.317203199300000E+00   6.317203199300000E+00   0.000000000000000E+00  -9.931120872000000E-01   0.000000000000000E+00   0.000000000000000E+00   0.000000000000000E+00
   4.422003151000000E-01   6.382611916400000E+00   6.382611916400000E+00   0.000000000000000E+00  -9.931120872000000E-01   0.000000000000000E+00   0.000000000000000E+00   0.000000000000000E+00
   4.467319638500000E-01   6.448020633600000E+00   6.448020633600000E+00   0.000000000000000E+00  -9.931120872000000E-01   0.000000000000000E+00   0.000000000000000E+00   0.000000000000000E+00
   4.512636126000000E-01   6.513429350700000E+00   6.513429350700000E+00   0.000000000000000E+00  -9.931120872000000E-01   0.000000000000000E+00   0.000000000000000E+00   0.000000000000000E+00
   4.557952613500000E-01   6.578838067800000E+00   6.578838067800000E+00   0.000000000000000E+00  -9.931120872000000E-01   0.000000000000000E+00   0.000000000000000E+00   0.000000000000000E+00
   4.604338988900000E-01   6.645791035100000E+00   6.645791035100000E+00   0.000000000000000E+00  -9.931120872000000E-01   0.000000000000000E+00   0.000000000000000E+00   0.000000000000000E+00
   4.650725364400000E-01   6.712744002500000E+00   6.712744002500000E+00   0.000000000000000E+00  -9.931120872000000E-01   0.000000000000000E+00   0.000000000000000E+00   0.000000000000000E+00
   4.697111739800000E-01   6.779696969800000E+00   6.779696969800000E+00   0.000000000000000E+00  -9.931120872000000E-01   0.000000000000000E+00   0.000000000000000E+00   0.000000000000000E+00
   4.743498115200000E-01   6.846649937100000E+00   6.846649937100000E+00   0.000000000000000E+00  -9.931120872000000E-01   0.000000000000000E+00   0.000000000000000E+00   0.000000000000000E+00
   4.797454871200000E-01   6.924529807800000E+00   6.924529807800000E+00   0.000000000000000E+00  -9.931120872000000E-01   0.000000000000000E+00   0.000000000000000E+00   0.000000000000000E+00
   4.851411627100000E-01   7.002409678500000E+00   7.002409678500000E+00   0.000000000000000E+00  -9.931120872000000E-01   0.000000000000000E+00   0.000000000000000E+00   0.000000000000000E+00
   4.905368383100000E-01   7.080289549300000E+00   7.080289549300000E+00   0.000000000000000E+00  -9.931120872000000E-01   0.000000000000000E+00   0.000000000000000E+00   0.000000000000000E+00
   4.959325139100000E-01   7.158169420000000E+00   7.158169420000000E+00   0.000000000000000E+00  -9.931120872000000E-01   0.000000000000000E+00   0.000000000000000E+00   0.000000000000000E+00
   5.002937699200000E-01   7.221118729700000E+00   7.221118729700000E+00   0.000000000000000E+00  -9.931120872000000E-01   0.000000000000000E+00   0.000000000000000E+00   0.000000000000000E+00
   5.046550259400000E-01   7.284068039400000E+00   7.284068039400000E+00   0.000000000000000E+00  -9.931120872000000E-01   0.000000000000000E+00   0.000000000000000E+00   0.000000000000000E+00
   5.090162819500000E-01   7.347017349200000E+00   7.347017349200000E+00   0.000000000000000E+00  -9.931120872000000E-01   0.000000000000000E+00   0.000000000000000E+00   0.000000000000000E+00
   5.133775379600000E-01   7.409966658900000E+00   7.409966658900000E+00   0.000000000000000E+00  -9.931120872000000E-01   0.000000000000000E+00   0.000000000000000E+00   0.000000000000000E+00
   5.178304038300000E-01   7.474238243000000E+00   7.474238243000000E+00   0.000000000000000E+00  -9.931120872000000E-01   0.000000000000000E+00   0.000000000000000E+00   0.000000000000000E+00
   5.222832696900001E-01   7.538509827100000E+00   7.538509827100000E+00   0.000000000000000E+00  -9.931120872000000E-01   0.000000000000000E+00   0.000000000000000E+00   0.000000000000000E+00
   5.267361355600000E-01   7.602781411200000E+00   7.602781411200000E+00   0.000000000000000E+00  -9.931120872000000E-01   0.000000000000000E+00   0.000000000000000E+00   0.000000000000000E+00
   5.311890014300000E-01   7.667052995300000E+00   7.667052995300000E+00   0.000000000000000E+00  -9.931120872000000E-01   0.000000000000000E+00   0.000000000000000E+00   0.000000000000000E+00
   5.355069250300000E-01   7.729376855500000E+00   7.729376855500000E+00   0.000000000000000E+00  -9.931120872000000E-01   0.000000000000000E+00   0.000000000000000E+00   0.000000000000000E+00
   5.398248486300000E-01   7.791700715700000E+00   7.791700715700000E+00   0.000000000000000E+00  -9.931120872000000E-01   0.000000000000000E+00   0.000000000000000E+00   0.000000000000000E+00
   5.441427722300000E-01   7.854024576000000E+00   7.854024576000000E+00   0.000000000000000E+00  -9.931120872000000E-01   0.000000000000000E+00   0.000000000000000E+00   0.000000000000000E+00
   5.484606958300000E-01   7.916348436200000E+00   7.916348436200000E+00   0.000000000000000E+00  -9.931120872000000E-01   0.000000000000000E+00   0.000000000000000E+00   0.000000000000000E+00
   5.538085902900000E-01   7.993538645600000E+00   7.993538645600000E+00   0.000000000000000E+00  -9.931120872000000E-01   0.000000000000000E+00   0.000000000000000E+00   0.000000000000000E+00
   5.591564847500000E-01   8.070728855000000E+00   8.070728855000000E+00   0.000000000000000E+00  -9.931120872000000E-01   0.000000000000000E+00   0.000000000000000E+00   0.000000000000000E+00
   5.645043792100000E-01   8.147919064300000E+00   8.147919064300000E+00   0.000000000000000E+00  -9.931120872000000E-01   0.000000000000000E+00   0.000000000000000E+00   0.000000000000000E+00
   5.698522736700000E-01   8.225109273699999E+00   8.225109273699999E+00   0.000000000000000E+00  -9.931120872000000E-01   0.000000000000000E+00   0.000000000000000E+00   0.000000000000000E+00
   5.731704960000000E-01   8.273003688599999E+00   8.273003688599999E+00   0.000000000000000E+00  -9.931120872000000E-01   0.000000000000000E+00   0.000000000000000E+00   0.000000000000000E+00
   5.764887183200000E-01   8.320898103399999E+00   8.320898103399999E+00   0.000000000000000E+00  -9.931120872000000E-01   0.000000000000000E+00   0.000000000000000E+00   0.000000000000000E+00
   5.798069406400000E-01   8.368792518199999E+00   8.368792518199999E+00   0.000000000000000E+00  -9.931120872000000E-01   0.000000000000000E+00   0.000000000000000E+00   0.000000000000000E+00
   5.831251629600001E-01   8.416686933099999E+00   8.416686933099999E+00   0.000000000000000E+00  -9.931120872000000E-01   0.000000000000000E+00   0.000000000000000E+00   0.000000000000000E+00
   5.857413773700000E-01   8.454448736200000E+00   8.454448736200000E+00   0.000000000000000E+00  -9.931120872000000E-01   0.000000000000000E+00   0.000000000000000E+00   0.000000000000000E+00
   5.883575917800000E-01   8.492210539400000E+00   8.492210539400000E+00   0.000000000000000E+00  -9.931120872000000E-01   0.000000000000000E+00   0.000000000000000E+00   0.000000000000000E+00
   5.909738061799999E-01   8.529972342600001E+00   8.529972342600001E+00   0.000000000000000E+00  -9.931120872000000E-01   0.000000000000000E+00   0.000000000000000E+00   0.000000000000000E+00
   5.935900205900000E-01   8.567734145699999E+00   8.567734145699999E+00   0.000000000000000E+00  -9.931120872000000E-01   0.000000000000000E+00   0.000000000000000E+00   0.000000000000000E+00
   5.955577627600001E-01   8.596136058100001E+00   8.596136058100001E+00   0.000000000000000E+00  -9.931120872000000E-01   0.000000000000000E+00   0.000000000000000E+00   0.000000000000000E+00
   5.975255049300000E-01   8.624537970500000E+00   8.624537970500000E+00   0.000000000000000E+00  -9.931120872000000E-01   0.000000000000000E+00   0.000000000000000E+00   0.000000000000000E+00
   5.994932471000000E-01   8.652939882900000E+00   8.652939882900000E+00   0.000000000000000E+00  -9.931120872000000E-01   0.000000000000000E+00   0.000000000000000E+00   0.000000000000000E+00
   6.014609892700000E-01   8.681341795300000E+00   8.681341795300000E+00   0.000000000000000E+00  -9.931120872000000E-01   0.000000000000000E+00   0.000000000000000E+00   0.000000000000000E+00
   6.030538143600001E-01   8.704332245700000E+00   8.704332245700000E+00   0.000000000000000E+00  -9.931120872000000E-01   0.000000000000000E+00   0.000000000000000E+00   0.000000000000000E+00
   6.046466394500000E-01   8.727322696100000E+00   8.727322696100000E+00   0.000000000000000E+00  -9.931120872000000E-01   0.000000000000000E+00   0.000000000000000E+00   0.000000000000000E+00
   6.062394645400000E-01   8.750313146500000E+00   8.750313146500000E+00   0.000000000000000E+00  -9.931120872000000E-01   0.000000000000000E+00   0.000000000000000E+00   0.000000000000000E+00
   6.078322896300000E-01   8.773303596900000E+00   8.773303596900000E+00   0.000000000000000E+00  -9.931120872000000E-01   0.000000000000000E+00   0.000000000000000E+00   0.000000000000000E+00
   6.095371746200000E-01   8.797911492600001E+00   8.797911492600001E+00   0.000000000000000E+00  -9.931120872000000E-01   0.000000000000000E+00   0.000000000000000E+00   0.000000000000000E+00
   6.112420596000000E-01   8.822519388200000E+00   8.822519388200000E+00   0.000000000000000E+00  -9.931120872000000E-01   0.000000000000000E+00   0.000000000000000E+00   0.000000000000000E+00
   6.129469445800000E-01   8.847127283900001E+00   8.847127283900001E+00   0.000000000000000E+00  -9.931120872000000E-01   0.000000000000000E+00   0.000000000000000E+00   0.000000000000000E+00
   6.146518295700000E-01   8.871735179500000E+00   8.871735179500000E+00   0.000000000000000E+00  -9.931120872000000E-01   0.000000000000000E+00   0.000000000000000E+00   0.000000000000000E+00
   6.163675924399999E-01   8.896500083999999E+00   8.896500083999999E+00   0.000000000000000E+00  -9.931120872000000E-01   0.000000000000000E+00   0.000000000000000E+00   0.000000000000000E+00
   6.180833553100000E-01   8.921264988400001E+00   8.921264988400001E+00   0.000000000000000E+00  -9.931120872000000E-01   0.000000000000000E+00   0.000000000000000E+00   0.000000000000000E+00
   6.197991181800000E-01   8.946029892800000E+00   8.946029892800000E+00   0.000000000000000E+00  -9.931120872000000E-01   0.000000000000000E+00   0.000000000000000E+00   0.000000000000000E+00
   6.215148810500000E-01   8.970794797200000E+00   8.970794797200000E+00   0.000000000000000E+00  -9.931120872000000E-01   0.000000000000000E+00   0.000000000000000E+00   0.000000000000000E+00
   6.237159696700000E-01   9.002564775700000E+00   9.002564775700000E+00   0.000000000000000E+00  -9.931120872000000E-01   0.000000000000000E+00   0.000000000000000E+00   0.000000000000000E+00
   6.259170583000000E-01   9.034334754200000E+00   9.034334754200000E+00   0.000000000000000E+00  -9.931120872000000E-01   0.000000000000000E+00   0.000000000000000E+00   0.000000000000000E+00
   6.281181469300000E-01   9.066104732700000E+00   9.066104732700000E+00   0.000000000000000E+00  -9.931120872000000E-01   0.000000000000000E+00   0.000000000000000E+00   0.000000000000000E+00
   6.303192355500000E-01   9.097874711199999E+00   9.097874711199999E+00   0.000000000000000E+00  -9.931120872000000E-01   0.000000000000000E+00   0.000000000000000E+00   0.000000000000000E+00
   6.319051565800000E-01   9.120765509900000E+00   9.120765509900000E+00   0.000000000000000E+00  -9.931120872000000E-01   0.000000000000000E+00   0.000000000000000E+00   0.000000000000000E+00
   6.334910776000000E-01   9.143656308700001E+00   9.143656308700001E+00   0.000000000000000E+00  -9.931120872000000E-01   0.000000000000000E+00   0.000000000000000E+00   0.000000000000000E+00
   6.350769986200000E-01   9.166547107400000E+00   9.166547107400000E+00   0.000000000000000E+00  -9.931120872000000E-01   0.000000000000000E+00   0.000000000000000E+00   0.000000000000000E+00
   6.366629196500000E-01   9.189437906200000E+00   9.189437906200000E+00   0.000000000000000E+00  -9.931120872000000E-01   0.000000000000000E+00   0.000000000000000E+00   0.000000000000000E+00
   6.380689432400000E-01   9.209732109100001E+00   9.209732109100001E+00   0.000000000000000E+00  -9.931120872000000E-01   0.000000000000000E+00   0.000000000000000E+00   0.000000000000000E+00
   6.394749668300000E-01   9.230026312000000E+00   9.230026312000000E+00   0.000000000000000E+00  -9.931120872000000E-01   0.000000000000000E+00   0.000000000000000E+00   0.000000000000000E+00
   6.408809904200000E-01   9.250320514900000E+00   9.250320514900000E+00   0.000000000000000E+00  -9.931120872000000E-01   0.000000000000000E+00   0.000000000000000E+00   0.000000000000000E+00
   6.422870140100000E-01   9.270614717899999E+00   9.270614717899999E+00   0.000000000000000E+00  -9.931120872000000E-01   0.000000000000000E+00   0.000000000000000E+00   0.000000000000000E+00
   6.435077410300000E-01   9.288234395000000E+00   9.288234395000000E+00   0.000000000000000E+00  -9.931120872000000E-01   0.000000000000000E+00   0.000000000000000E+00   0.000000000000000E+00
   6.447284680399999E-01   9.305854072200001E+00   9.305854072200001E+00   0.000000000000000E+00  -9.931120872000000E-01   0.000000000000000E+00   0.000000000000000E+00   0.000000000000000E+00
   6.459491950600000E-01   9.323473749400000E+00   9.323473749400000E+00   0.000000000000000E+00  -9.931120872000000E-01   0.000000000000000E+00   0.000000000000000E+00   0.000000000000000E+00
   6.471699220800000E-01   9.341093426600001E+00   9.341093426600001E+00   0.000000000000000E+00  -9.931120872000000E-01   0.000000000000000E+00   0.000000000000000E+00   0.000000000000000E+00
   6.483083471100000E-01   9.357525176999999E+00   9.357525176999999E+00   0.000000000000000E+00  -9.931120872000000E-01   0.000000000000000E+00   0.000000000000000E+00   0.000000000000000E+00
   6.494467721500000E-01   9.373956927400000E+00   9.373956927400000E+00   0.000000000000000E+00  -9.931120872000000E-01   0.000000000000000E+00   0.000000000000000E+00   0.000000000000000E+00
   6.505851971800000E-01   9.390388677800001E+00   9.390388677800001E+00   0.000000000000000E+00  -9.931120872000000E-01   0.000000000000000E+00   0.000000000000000E+00   0.000000000000000E+00
   6.517236222200000E-01   9.406820428200000E+00   9.406820428200000E+00   0.000000000000000E+00  -9.931120872000000E-01   0.000000000000000E+00   0.000000000000000E+00   0.000000000000000E+00
   6.529933514300000E-01   9.425147391099999E+00   9.425147391099999E+00   0.000000000000000E+00  -9.931120872000000E-01   0.000000000000000E+00   0.000000000000000E+00   0.000000000000000E+00
   6.542630806400000E-01   9.443474354099999E+00   9.443474354099999E+00   0.000000000000000E+00  -9.931120872000000E-01   0.000000000000000E+00   0.000000000000000E+00   0.000000000000000E+00
   6.555328098500000E-01   9.461801317000001E+00   9.461801317000001E+00   0.000000000000000E+00  -9.931120872000000E-01   0.000000000000000E+00   0.000000000000000E+00   0.000000000000000E+00
   6.568025390600000E-01   9.480128280000001E+00   9.480128280000001E+00   0.000000000000000E+00  -9.931120872000000E-01   0.000000000000000E+00   0.000000000000000E+00   0.000000000000000E+00
   6.579356748000000E-01   9.496483685899999E+00   9.496483685899999E+00   0.000000000000000E+00  -9.931120872000000E-01   0.000000000000000E+00   0.000000000000000E+00   0.000000000000000E+00
   6.590688105300000E-01   9.512839091800000E+00   9.512839091800000E+00   0.000000000000000E+00  -9.931120872000000E-01   0.000000000000000E+00   0.000000000000000E+00   0.000000000000000E+00
   6.602019462700000E-01   9.529194497700001E+00   9.529194497700001E+00   0.000000000000000E+00  -9.931120872000000E-01   0.000000000000000E+00   0.000000000000000E+00   0.000000000000000E+00
   6.613350820100000E-01   9.545549903700000E+00   9.545549903700000E+00   0.000000000000000E+00  -9.931120872000000E-01   0.000000000000000E+00   0.000000000000000E+00   0.000000000000000E+00
   6.621977233800000E-01   9.558001059700000E+00   9.558001059700000E+00   0.000000000000000E+00  -9.931120872000000E-01   0.000000000000000E+00   0.000000000000000E+00   0.000000000000000E+00
   6.630603647600000E-01   9.570452215700000E+00   9.570452215700000E+00   0.000000000000000E+00  -9.931120872000000E-01   0.000000000000000E+00   0.000000000000000E+00   0.000000000000000E+00
   6.639230061300000E-01   9.582903371800001E+00   9.582903371800001E+00   0.000000000000000E+00  -9.931120872000000E-01   0.000000000000000E+00   0.000000000000000E+00   0.000000000000000E+00
   6.647856475100000E-01   9.595354527800000E+00   9.595354527800000E+00   0.000000000000000E+00  -9.931120872000000E-01   0.000000000000000E+00   0.000000000000000E+00   0.000000000000000E+00
   6.655499309500000E-01   9.606386009400000E+00   9.606386009400000E+00   0.000000000000000E+00  -9.931120872000000E-01   0.000000000000000E+00   0.000000000000000E+00   0.000000000000000E+00
   6.663142144000000E-01   9.617417490899999E+00   9.617417490899999E+00   0.000000000000000E+00  -9.931120872000000E-01   0.000000000000000E+00   0.000000000000000E+00   0.000000000000000E+00
   6.670784978400000E-01   9.628448972499999E+00   9.628448972499999E+00   0.000000000000000E+00  -9.931120872000000E-01   0.000000000000000E+00   0.000000000000000E+00   0.000000000000000E+00
   6.678427812900000E-01   9.639480453999999E+00   9.639480453999999E+00   0.000000000000000E+00  -9.931120872000000E-01   0.000000000000000E+00   0.000000000000000E+00   0.000000000000000E+00
   6.686088288100001E-01   9.650537397900001E+00   9.650537397900001E+00   0.000000000000000E+00  -9.931120872000000E-01   0.000000000000000E+00   0.000000000000000E+00   0.000000000000000E+00
   6.693748763300000E-01   9.661594341700001E+00   9.661594341700001E+00   0.000000000000000E+00  -9.931120872000000E-01   0.000000000000000E+00   0.000000000000000E+00   0.000000000000000E+00
   6.701409238600000E-01   9.672651285500001E+00   9.672651285500001E+00   0.000000000000000E+00  -9.931120872000000E-01   0.000000000000000E+00   0.000000000000000E+00   0.000000000000000E+00
   6.709069713800000E-01   9.683708229400001E+00   9.683708229400001E+00   0.000000000000000E+00  -9.931120872000000E-01   0.000000000000000E+00   0.000000000000000E+00   0.000000000000000E+00
   6.716048122900000E-01   9.693780695599999E+00   9.693780695599999E+00   0.000000000000000E+00  -9.931120872000000E-01   0.000000000000000E+00   0.000000000000000E+00   0.000000000000000E+00
   6.723026532100000E-01   9.703853161800000E+00   9.703853161800000E+00   0.000000000000000E+00  -9.931120872000000E-01   0.000000000000000E+00   0.000000000000000E+00   0.000000000000000E+00
   6.730004941200000E-01   9.713925628000000E+00   9.713925628000000E+00   0.000000000000000E+00  -9.931120872000000E-01   0.000000000000000E+00   0.000000000000000E+00   0.000000000000000E+00
   6.736983350300000E-01   9.723998094200001E+00   9.723998094200001E+00   0.000000000000000E+00  -9.931120872000000E-01   0.000000000000000E+00   0.000000000000000E+00   0.000000000000000E+00
   6.744557453900000E-01   9.734930371300001E+00   9.734930371300001E+00   0.000000000000000E+00  -9.931120872000000E-01   0.000000000000000E+00   0.000000000000000E+00   0.000000000000000E+00
   6.752131557500000E-01   9.745862648299999E+00   9.745862648299999E+00   0.000000000000000E+00  -9.931120872000000E-01   0.000000000000000E+00   0.000000000000000E+00   0.000000000000000E+00
   6.759705660999999E-01   9.756794925399999E+00   9.756794925399999E+00   0.000000000000000E+00  -9.931120872000000E-01   0.000000000000000E+00   0.000000000000000E+00   0.000000000000000E+00
   6.767279764600000E-01   9.767727202500000E+00   9.767727202500000E+00   0.000000000000000E+00  -9.931120872000000E-01   0.000000000000000E+00   0.000000000000000E+00   0.000000000000000E+00
   6.776811246600000E-01   9.781484712099999E+00   9.781484712099999E+00   0.000000000000000E+00  -9.931120872000000E-01   0.000000000000000E+00   0.000000000000000E+00   0.000000000000000E+00
   6.786342728700000E-01   9.795242221800001E+00   9.795242221800001E+00   0.000000000000000E+00  -9.931120872000000E-01   0.000000000000000E+00   0.000000000000000E+00   0.000000000000000E+00
   6.795874210800000E-01   9.808999731400000E+00   9.808999731400000E+00   0.000000000000000E+00  -9.931120872000000E-01   0.000000000000000E+00   0.000000000000000E+00   0.000000000000000E+00
   6.805405692800000E-01   9.822757241000000E+00   9.822757241000000E+00   0.000000000000000E+00  -9.931120872000000E-01   0.000000000000000E+00   0.000000000000000E+00   0.000000000000000E+00
   6.814193444100000E-01   9.835441267700000E+00   9.835441267700000E+00   0.000000000000000E+00  -9.931120872000000E-01   0.000000000000000E+00   0.000000000000000E+00   0.000000000000000E+00
   6.822981195400000E-01   9.848125294400001E+00   9.848125294400001E+00   0.000000000000000E+00  -9.931120872000000E-01   0.000000000000000E+00   0.000000000000000E+00   0.000000000000000E+00
   6.831768946600000E-01   9.860809321100000E+00   9.860809321100000E+00   0.000000000000000E+00  -9.931120872000000E-01   0.000000000000000E+00   0.000000000000000E+00   0.000000000000000E+00
   6.840556697900000E-01   9.873493347800000E+00   9.873493347800000E+00   0.000000000000000E+00  -9.931120872000000E-01   0.000000000000000E+00   0.000000000000000E+00   0.000000000000000E+00
   6.848797407800000E-01   9.885387788299999E+00   9.885387788299999E+00   0.000000000000000E+00  -9.931120872000000E-01   0.000000000000000E+00   0.000000000000000E+00   0.000000000000000E+00
   6.857038117699999E-01   9.897282228800000E+00   9.897282228800000E+00   0.000000000000000E+00  -9.931120872000000E-01   0.000000000000000E+00   0.000000000000000E+00   0.000000000000000E+00
   6.865278827600000E-01   9.909176669200001E+00   9.909176669200001E+00   0.000000000000000E+00  -9.931120872000000E-01   0.000000000000000E+00   0.000000000000000E+00   0.000000000000000E+00
   6.873519537500000E-01   9.921071109700000E+00   9.921071109700000E+00   0.000000000000000E+00  -9.931120872000000E-01   0.000000000000000E+00   0.000000000000000E+00   0.000000000000000E+00
   6.883076037400000E-01   9.934864729499999E+00   9.934864729499999E+00   0.000000000000000E+00  -9.931120872000000E-01   0.000000000000000E+00   0.000000000000000E+00   0.000000000000000E+00
   6.892632537400000E-01   9.948658349300000E+00   9.948658349300000E+00   0.000000000000000E+00  -9.931120872000000E-01   0.000000000000000E+00   0.000000000000000E+00   0.000000000000000E+00
   6.902189037300001E-01   9.962451969100000E+00   9.962451969100000E+00   0.000000000000000E+00  -9.931120872000000E-01   0.000000000000000E+00   0.000000000000000E+00   0.000000000000000E+00
   6.911745537200000E-01   9.976245588899999E+00   9.976245588899999E+00   0.000000000000000E+00  -9.931120872000000E-01   0.000000000000000E+00   0.000000000000000E+00   0.000000000000000E+00
   6.921000800100000E-01   9.989604410500000E+00   9.989604410500000E+00   0.000000000000000E+00  -9.931120872000000E-01   0.000000000000000E+00   0.000000000000000E+00   0.000000000000000E+00
   6.930256063000000E-01   1.000296323200000E+01   1.000296323200000E+01   0.000000000000000E+00  -9.931120872000000E-01   0.000000000000000E+00   0.000000000000000E+00   0.000000000000000E+00
   6.939511325900000E-01   1.001632205400000E+01   1.001632205400000E+01   0.000000000000000E+00  -9.931120872000000E-01   0.000000000000000E+00   0.000000000000000E+00   0.000000000000000E+00
   6.948766588800001E-01   1.002968087500000E+01   1.002968087500000E+01   0.000000000000000E+00  -9.931120872000000E-01   0.000000000000000E+00   0.000000000000000E+00   0.000000000000000E+00
   6.960931944099999E-01   1.004724005400000E+01   1.004724005400000E+01   0.000000000000000E+00  -9.931120872000000E-01   0.000000000000000E+00   0.000000000000000E+00   0.000000000000000E+00
   6.973097299500000E-01   1.006479923200000E+01   1.006479923200000E+01   0.000000000000000E+00  -9.931120872000000E-01   0.000000000000000E+00   0.000000000000000E+00   0.000000000000000E+00
   6.985262654800000E-01   1.008235841000000E+01   1.008235841000000E+01   0.000000000000000E+00  -9.931120872000000E-01   0.000000000000000E+00   0.000000000000000E+00   0.000000000000000E+00
   6.997428010200000E-01   1.009991758900000E+01   1.009991758900000E+01   0.000000000000000E+00  -9.931120872000000E-01   0.000000000000000E+00   0.000000000000000E+00   0.000000000000000E+00
   7.007987005900000E-01   1.011515818700000E+01   1.011515818700000E+01   0.000000000000000E+00  -9.931120872000000E-01   0.000000000000000E+00   0.000000000000000E+00   0.000000000000000E+00
   7.018546001600000E-01   1.013039878500000E+01   1.013039878500000E+01   0.000000000000000E+00  -9.931120872000000E-01   0.000000000000000E+00   0.000000000000000E+00   0.000000000000000E+00
   7.029104997400000E-01   1.014563938200000E+01   1.014563938200000E+01   0.000000000000000E+00  -9.931120872000000E-01   0.000000000000000E+00   0.000000000000000E+00   0.000000000000000E+00
   7.039663993100000E-01   1.016087998000000E+01   1.016087998000000E+01   0.000000000000000E+00  -9.931120872000000E-01   0.000000000000000E+00   0.000000000000000E+00   0.000000000000000E+00
   7.048526603200000E-01   1.017367205700000E+01   1.017367205700000E+01   0.000000000000000E+00  -9.931120872000000E-01   0.000000000000000E+00   0.000000000000000E+00   0.000000000000000E+00
   7.057389213400000E-01   1.018646413300000E+01   1.018646413300000E+01   0.000000000000000E+00  -9.931120872000000E-01   0.000000000000000E+00   0.000000000000000E+00   0.000000000000000E+00
   7.066251823600000E-01   1.019925620900000E+01   1.019925620900000E+01   0.000000000000000E+00  -9.931120872000000E-01   0.000000000000000E+00   0.000000000000000E+00   0.000000000000000E+00
   7.075114433700000E-01   1.021204828500000E+01   1.021204828500000E+01   0.000000000000000E+00  -9.931120872000000E-01   0.000000000000000E+00   0.000000000000000E+00   0.000000000000000E+00
   7.083831703400000E-01   1.022463058000000E+01   1.022463058000000E+01   0.000000000000000E+00  -9.931120872000000E-01   0.000000000000000E+00   0.000000000000000E+00   0.000000000000000E+00
   7.092548973000000E-01   1.023721287600000E+01   1.023721287600000E+01   0.000000000000000E+00  -9.931120872000000E-01   0.000000000000000E+00   0.000000000000000E+00   0.000000000000000E+00
   7.101266242600000E-01   1.024979517100000E+01   1.024979517100000E+01   0.000000000000000E+00  -9.931120872000000E-01   0.000000000000000E+00   0.000000000000000E+00   0.000000000000000E+00
   7.109983512200000E-01   1.026237746600000E+01   1.026237746600000E+01   0.000000000000000E+00  -9.931120872000000E-01   0.000000000000000E+00   0.000000000000000E+00   0.000000000000000E+00
   7.117123660900000E-01   1.027268338300000E+01   1.027268338300000E+01   0.000000000000000E+00  -9.931120872000000E-01   0.000000000000000E+00   0.000000000000000E+00   0.000000000000000E+00
   7.124263809700000E-01   1.028298930000000E+01   1.028298930000000E+01   0.000000000000000E+00  -9.931120872000000E-01   0.000000000000000E+00   0.000000000000000E+00   0.000000000000000E+00
   7.131403958400000E-01   1.029329521700000E+01   1.029329521700000E+01   0.000000000000000E+00  -9.931120872000000E-01   0.000000000000000E+00   0.000000000000000E+00   0.000000000000000E+00
   7.138544107100000E-01   1.030360113500000E+01   1.030360113500000E+01   0.000000000000000E+00  -9.931120872000000E-01   0.000000000000000E+00   0.000000000000000E+00   0.000000000000000E+00
   7.143603751399999E-01   1.031090410200000E+01   1.031090410200000E+01   0.000000000000000E+00  -9.931120872000000E-01   0.000000000000000E+00   0.000000000000000E+00   0.000000000000000E+00
   7.148663395800000E-01   1.031820707000000E+01   1.031820707000000E+01   0.000000000000000E+00  -9.931120872000000E-01   0.000000000000000E+00   0.000000000000000E+00   0.000000000000000E+00
   7.153723040100000E-01   1.032551003800000E+01   1.032551003800000E+01   0.000000000000000E+00  -9.931120872000000E-01   0.000000000000000E+00   0.000000000000000E+00   0.000000000000000E+00
   7.158782684400000E-01   1.033281300600000E+01   1.033281300600000E+01   0.000000000000000E+00  -9.931120872000000E-01   0.000000000000000E+00   0.000000000000000E+00   0.000000000000000E+00
   7.164467618500000E-01   1.034101850100000E+01   1.034101850100000E+01   0.000000000000000E+00  -9.931120872000000E-01   0.000000000000000E+00   0.000000000000000E+00   0.000000000000000E+00
   7.170152552600000E-01   1.034922399700000E+01   1.034922399700000E+01   0.000000000000000E+00  -9.931120872000000E-01   0.000000000000000E+00   0.000000000000000E+00   0.000000000000000E+00
   7.175837486600000E-01   1.035742949300000E+01   1.035742949300000E+01   0.000000000000000E+00  -9.931120872000000E-01   0.000000000000000E+00   0.000000000000000E+00   0.000000000000000E+00
   7.181522420699999E-01   1.036563498800000E+01   1.036563498800000E+01   0.000000000000000E+00  -9.931120872000000E-01   0.000000000000000E+00   0.000000000000000E+00   0.000000000000000E+00
   7.186135037200000E-01   1.037229272700000E+01   1.037229272700000E+01   0.000000000000000E+00  -9.931120872000000E-01   0.000000000000000E+00   0.000000000000000E+00   0.000000000000000E+00
   7.190747653700000E-01   1.037895046600000E+01   1.037895046600000E+01   0.000000000000000E+00  -9.931120872000000E-01   0.000000000000000E+00   0.000000000000000E+00   0.000000000000000E+00
   7.195360270200000E-01   1.038560820400000E+01   1.038560820400000E+01   0.000000000000000E+00  -9.931120872000000E-01   0.000000000000000E+00   0.000000000000000E+00   0.000000000000000E+00
   7.199972886800000E-01   1.039226594300000E+01   1.039226594300000E+01   0.000000000000000E+00  -9.931120872000000E-01   0.000000000000000E+00   0.000000000000000E+00   0.000000000000000E+00
   7.203546261000000E-01   1.039742366400000E+01   1.039742366400000E+01   0.000000000000000E+00  -9.931120872000000E-01   0.000000000000000E+00   0.000000000000000E+00   0.000000000000000E+00
   7.207119635300000E-01   1.040258138600000E+01   1.040258138600000E+01   0.000000000000000E+00  -9.931120872000000E-01   0.000000000000000E+00   0.000000000000000E+00   0.000000000000000E+00
   7.210693009600000E-01   1.040773910800000E+01   1.040773910800000E+01   0.000000000000000E+00  -9.931120872000000E-01   0.000000000000000E+00   0.000000000000000E+00   0.000000000000000E+00
   7.214266383900000E-01   1.041289682900000E+01   1.041289682900000E+01   0.000000000000000E+00  -9.931120872000000E-01   0.000000000000000E+00   0.000000000000000E+00   0.000000000000000E+00
   7.217629608100000E-01   1.041775122600000E+01   1.041775122600000E+01   0.000000000000000E+00  -9.931120872000000E-01   0.000000000000000E+00   0.000000000000000E+00   0.000000000000000E+00
   7.220992832399999E-01   1.042260562200000E+01   1.042260562200000E+01   0.000000000000000E+00  -9.931120872000000E-01   0.000000000000000E+00   0.000000000000000E+00   0.000000000000000E+00
   7.224356056700000E-01   1.042746001800000E+01   1.042746001800000E+01   0.000000000000000E+00  -9.931120872000000E-01   0.000000000000000E+00   0.000000000000000E+00   0.000000000000000E+00
   7.227719280900000E-01   1.043231441400000E+01   1.043231441400000E+01   0.000000000000000E+00  -9.931120872000000E-01   0.000000000000000E+00   0.000000000000000E+00   0.000000000000000E+00
   7.231131558500000E-01   1.043723961300000E+01   1.043723961300000E+01   0.000000000000000E+00  -9.931120872000000E-01   0.000000000000000E+00   0.000000000000000E+00   0.000000000000000E+00
   7.234543836000000E-01   1.044216481100000E+01   1.044216481100000E+01   0.000000000000000E+00  -9.931120872000000E-01   0.000000000000000E+00   0.000000000000000E+00   0.000000000000000E+00
   7.237956113600000E-01   1.044709001000000E+01   1.044709001000000E+01   0.000000000000000E+00  -9.931120872000000E-01   0.000000000000000E+00   0.000000000000000E+00   0.000000000000000E+00
   7.241368391100000E-01   1.045201520800000E+01   1.045201520800000E+01   0.000000000000000E+00  -9.931120872000000E-01   0.000000000000000E+00   0.000000000000000E+00   0.000000000000000E+00
   7.245183372700000E-01   1.045752166000000E+01   1.045752166000000E+01   0.000000000000000E+00  -9.931120872000000E-01   0.000000000000000E+00   0.000000000000000E+00   0.000000000000000E+00
   7.248998354300000E-01   1.046302811200000E+01   1.046302811200000E+01   0.000000000000000E+00  -9.931120872000000E-01   0.000000000000000E+00   0.000000000000000E+00   0.000000000000000E+00
   7.252813335800000E-01   1.046853456300000E+01   1.046853456300000E+01   0.000000000000000E+00  -9.931120872000000E-01   0.000000000000000E+00   0.000000000000000E+00   0.000000000000000E+00
   7.256628317400000E-01   1.047404101500000E+01   1.047404101500000E+01   0.000000000000000E+00  -9.931120872000000E-01   0.000000000000000E+00   0.000000000000000E+00   0.000000000000000E+00
   7.260188197400000E-01   1.047917925900000E+01   1.047917925900000E+01   0.000000000000000E+00  -9.931120872000000E-01   0.000000000000000E+00   0.000000000000000E+00   0.000000000000000E+00
   7.263748077300000E-01   1.048431750300000E+01   1.048431750300000E+01   0.000000000000000E+00  -9.931120872000000E-01   0.000000000000000E+00   0.000000000000000E+00   0.000000000000000E+00
   7.267307957200000E-01   1.048945574800000E+01   1.048945574800000E+01   0.000000000000000E+00  -9.931120872000000E-01   0.000000000000000E+00   0.000000000000000E+00   0.000000000000000E+00
   7.270867837200000E-01   1.049459399200000E+01   1.049459399200000E+01   0.000000000000000E+00  -9.931120872000000E-01   0.000000000000000E+00   0.000000000000000E+00   0.000000000000000E+00
   7.274386167500000E-01   1.049967226400000E+01   1.049967226400000E+01   0.000000000000000E+00  -9.931120872000000E-01   0.000000000000000E+00   0.000000000000000E+00   0.000000000000000E+00
   7.277904497900000E-01   1.050475053700000E+01   1.050475053700000E+01   0.000000000000000E+00  -9.931120872000000E-01   0.000000000000000E+00   0.000000000000000E+00   0.000000000000000E+00
   7.281422828300000E-01   1.050982881000000E+01   1.050982881000000E+01   0.000000000000000E+00  -9.931120872000000E-01   0.000000000000000E+00   0.000000000000000E+00   0.000000000000000E+00
   7.284941158700000E-01   1.051490708200000E+01   1.051490708200000E+01   0.000000000000000E+00  -9.931120872000000E-01   0.000000000000000E+00   0.000000000000000E+00   0.000000000000000E+00
   7.288206057100000E-01   1.051961955700000E+01   1.051961955700000E+01   0.000000000000000E+00  -9.931120872000000E-01   0.000000000000000E+00   0.000000000000000E+00   0.000000000000000E+00
   7.291470955600000E-01   1.052433203200000E+01   1.052433203200000E+01   0.000000000000000E+00  -9.931120872000000E-01   0.000000000000000E+00   0.000000000000000E+00   0.000000000000000E+00
   7.294735854000000E-01   1.052904450700000E+01   1.052904450700000E+01   0.000000000000000E+00  -9.931120872000000E-01   0.000000000000000E+00   0.000000000000000E+00   0.000000000000000E+00
   7.298000752400000E-01   1.053375698300000E+01   1.053375698300000E+01   0.000000000000000E+00  -9.931120872000000E-01   0.000000000000000E+00   0.000000000000000E+00   0.000000000000000E+00
   7.300655740799999E-01   1.053758912800000E+01   1.053758912800000E+01   0.000000000000000E+00  -9.931120872000000E-01   0.000000000000000E+00   0.000000000000000E+00   0.000000000000000E+00
   7.303310729200000E-01   1.054142127400000E+01   1.054142127400000E+01   0.000000000000000E+00  -9.931120872000000E-01   0.000000000000000E+00   0.000000000000000E+00   0.000000000000000E+00
   7.305965717700000E-01   1.054525342000000E+01   1.054525342000000E+01   0.000000000000000E+00  -9.931120872000000E-01   0.000000000000000E+00   0.000000000000000E+00   0.000000000000000E+00
   7.308620706100000E-01   1.054908556600000E+01   1.054908556600000E+01   0.000000000000000E+00  -9.931120872000000E-01   0.000000000000000E+00   0.000000000000000E+00   0.000000000000000E+00
   7.310579095900001E-01   1.055191225800000E+01   1.055191225800000E+01   0.000000000000000E+00  -9.931120872000000E-01   0.000000000000000E+00   0.000000000000000E+00   0.000000000000000E+00
   7.312537485700000E-01   1.055473895000000E+01   1.055473895000000E+01   0.000000000000000E+00  -9.931120872000000E-01   0.000000000000000E+00   0.000000000000000E+00   0.000000000000000E+00
   7.314495875400000E-01   1.055756564200000E+01   1.055756564200000E+01   0.000000000000000E+00  -9.931120872000000E-01   0.000000000000000E+00   0.000000000000000E+00   0.000000000000000E+00
   7.316454265200000E-01   1.056039233500000E+01   1.056039233500000E+01   0.000000000000000E+00  -9.931120872000000E-01   0.000000000000000E+00   0.000000000000000E+00   0.000000000000000E+00
   7.318323051200000E-01   1.056308969500000E+01   1.056308969500000E+01   0.000000000000000E+00  -9.931120872000000E-01   0.000000000000000E+00   0.000000000000000E+00   0.000000000000000E+00
   7.320191837100000E-01   1.056578705500000E+01   1.056578705500000E+01   0.000000000000000E+00  -9.931120872000000E-01   0.000000000000000E+00   0.000000000000000E+00   0.000000000000000E+00
   7.322060623000000E-01   1.056848441500000E+01   1.056848441500000E+01   0.000000000000000E+00  -9.931120872000000E-01   0.000000000000000E+00   0.000000000000000E+00   0.000000000000000E+00
   7.323929409000000E-01   1.057118177600000E+01   1.057118177600000E+01   0.000000000000000E+00  -9.931120872000000E-01   0.000000000000000E+00   0.000000000000000E+00   0.000000000000000E+00
   7.326101264100000E-01   1.057431657800000E+01   1.057431657800000E+01   0.000000000000000E+00  -9.931120872000000E-01   0.000000000000000E+00   0.000000000000000E+00   0.000000000000000E+00
   7.328273119199999E-01   1.057745138100000E+01   1.057745138100000E+01   0.000000000000000E+00  -9.931120872000000E-01   0.000000000000000E+00   0.000000000000000E+00   0.000000000000000E+00
   7.330444974400000E-01   1.058058618400000E+01   1.058058618400000E+01   0.000000000000000E+00  -9.931120872000000E-01   0.000000000000000E+00   0.000000000000000E+00   0.000000000000000E+00
   7.332616829500000E-01   1.058372098700000E+01   1.058372098700000E+01   0.000000000000000E+00  -9.931120872000000E-01   0.000000000000000E+00   0.000000000000000E+00   0.000000000000000E+00
   7.336298326100000E-01   1.058903477000000E+01   1.058903477000000E+01   0.000000000000000E+00  -9.931120872000000E-01   0.000000000000000E+00   0.000000000000000E+00   0.000000000000000E+00
   7.339979822700000E-01   1.059434855300000E+01   1.059434855300000E+01   0.000000000000000E+00  -9.931120872000000E-01   0.000000000000000E+00   0.000000000000000E+00   0.000000000000000E+00
   7.343661319300000E-01   1.059966233500000E+01   1.059966233500000E+01   0.000000000000000E+00  -9.931120872000000E-01   0.000000000000000E+00   0.000000000000000E+00   0.000000000000000E+00
   7.347342815900000E-01   1.060497611800000E+01   1.060497611800000E+01   0.000000000000000E+00  -9.931120872000000E-01   0.000000000000000E+00   0.000000000000000E+00   0.000000000000000E+00
   7.350339808200000E-01   1.060930190400000E+01   1.060930190400000E+01   0.000000000000000E+00  -9.931120872000000E-01   0.000000000000000E+00   0.000000000000000E+00   0.000000000000000E+00
   7.353336800500000E-01   1.061362769000000E+01   1.061362769000000E+01   0.000000000000000E+00  -9.931120872000000E-01   0.000000000000000E+00   0.000000000000000E+00   0.000000000000000E+00
   7.356333792800001E-01   1.061795347600000E+01   1.061795347600000E+01   0.000000000000000E+00  -9.931120872000000E-01   0.000000000000000E+00   0.000000000000000E+00   0.000000000000000E+00
   7.359330785100000E-01   1.062227926200000E+01   1.062227926200000E+01   0.000000000000000E+00  -9.931120872000000E-01   0.000000000000000E+00   0.000000000000000E+00   0.000000000000000E+00
   7.362220509100000E-01   1.062645021900000E+01   1.062645021900000E+01   0.000000000000000E+00  -9.931120872000000E-01   0.000000000000000E+00   0.000000000000000E+00   0.000000000000000E+00
   7.365110233000000E-01   1.063062117600000E+01   1.063062117600000E+01   0.000000000000000E+00  -9.931120872000000E-01   0.000000000000000E+00   0.000000000000000E+00   0.000000000000000E+00
   7.367999957000000E-01   1.063479213400000E+01   1.063479213400000E+01   0.000000000000000E+00  -9.931120872000000E-01   0.000000000000000E+00   0.000000000000000E+00   0.000000000000000E+00
   7.370889681000000E-01   1.063896309100000E+01   1.063896309100000E+01   0.000000000000000E+00  -9.931120872000000E-01   0.000000000000000E+00   0.000000000000000E+00   0.000000000000000E+00
   7.373883877900000E-01   1.064328484200000E+01   1.064328484200000E+01   0.000000000000000E+00  -9.931120872000000E-01   0.000000000000000E+00   0.000000000000000E+00   0.000000000000000E+00
   7.376878074700000E-01   1.064760659300000E+01   1.064760659300000E+01   0.000000000000000E+00  -9.931120872000000E-01   0.000000000000000E+00   0.000000000000000E+00   0.000000000000000E+00
   7.379872271600000E-01   1.065192834400000E+01   1.065192834400000E+01   0.000000000000000E+00  -9.931120872000000E-01   0.000000000000000E+00   0.000000000000000E+00   0.000000000000000E+00
   7.382866468500000E-01   1.065625009500000E+01   1.065625009500000E+01   0.000000000000000E+00  -9.931120872000000E-01   0.000000000000000E+00   0.000000000000000E+00   0.000000000000000E+00
   7.385857177200000E-01   1.066056681200000E+01   1.066056681200000E+01   0.000000000000000E+00  -9.931120872000000E-01   0.000000000000000E+00   0.000000000000000E+00   0.000000000000000E+00
   7.388847885900000E-01   1.066488352800000E+01   1.066488352800000E+01   0.000000000000000E+00  -9.931120872000000E-01   0.000000000000000E+00   0.000000000000000E+00   0.000000000000000E+00
   7.391838594600000E-01   1.066920024400000E+01   1.066920024400000E+01   0.000000000000000E+00  -9.931120872000000E-01   0.000000000000000E+00   0.000000000000000E+00   0.000000000000000E+00
   7.394829303400000E-01   1.067351696100000E+01   1.067351696100000E+01   0.000000000000000E+00  -9.931120872000000E-01   0.000000000000000E+00   0.000000000000000E+00   0.000000000000000E+00
   7.400586221500000E-01   1.068182635600000E+01   1.068182635600000E+01   0.000000000000000E+00  -9.931120872000000E-01   0.000000000000000E+00   0.000000000000000E+00   0.000000000000000E+00
   7.406343139700000E-01   1.069013575200000E+01   1.069013575200000E+01   0.000000000000000E+00  -9.931120872000000E-01   0.000000000000000E+00   0.000000000000000E+00   0.000000000000000E+00
   7.412100057900000E-01   1.069844514800000E+01   1.069844514800000E+01   0.000000000000000E+00  -9.931120872000000E-01   0.000000000000000E+00   0.000000000000000E+00   0.000000000000000E+00
   7.417856976100000E-01   1.070675454400000E+01   1.070675454400000E+01   0.000000000000000E+00  -9.931120872000000E-01   0.000000000000000E+00   0.000000000000000E+00   0.000000000000000E+00
   7.422299433000000E-01   1.071316667800000E+01   1.071316667800000E+01   0.000000000000000E+00  -9.931120872000000E-01   0.000000000000000E+00   0.000000000000000E+00   0.000000000000000E+00
   7.426741889800000E-01   1.071957881300000E+01   1.071957881300000E+01   0.000000000000000E+00  -9.931120872000000E-01   0.000000000000000E+00   0.000000000000000E+00   0.000000000000000E+00
   7.431184346700000E-01   1.072599094700000E+01   1.072599094700000E+01   0.000000000000000E+00  -9.931120872000000E-01   0.000000000000000E+00   0.000000000000000E+00   0.000000000000000E+00
   7.435626803499999E-01   1.073240308100000E+01   1.073240308100000E+01   0.000000000000000E+00  -9.931120872000000E-01   0.000000000000000E+00   0.000000000000000E+00   0.000000000000000E+00
   7.439109253000000E-01   1.073742956400000E+01   1.073742956400000E+01   0.000000000000000E+00  -9.931120872000000E-01   0.000000000000000E+00   0.000000000000000E+00   0.000000000000000E+00
   7.442591702500000E-01   1.074245604700000E+01   1.074245604700000E+01   0.000000000000000E+00  -9.931120872000000E-01   0.000000000000000E+00   0.000000000000000E+00   0.000000000000000E+00
   7.446074152100000E-01   1.074748253000000E+01   1.074748253000000E+01   0.000000000000000E+00  -9.931120872000000E-01   0.000000000000000E+00   0.000000000000000E+00   0.000000000000000E+00
   7.449556601600000E-01   1.075250901300000E+01   1.075250901300000E+01   0.000000000000000E+00  -9.931120872000000E-01   0.000000000000000E+00   0.000000000000000E+00   0.000000000000000E+00
   7.452596823400000E-01   1.075689719600000E+01   1.075689719600000E+01   0.000000000000000E+00  -9.931120872000000E-01   0.000000000000000E+00   0.000000000000000E+00   0.000000000000000E+00
   7.455637045200000E-01   1.076128537800000E+01   1.076128537800000E+01   0.000000000000000E+00  -9.931120872000000E-01   0.000000000000000E+00   0.000000000000000E+00   0.000000000000000E+00
   7.458677267000000E-01   1.076567356000000E+01   1.076567356000000E+01   0.000000000000000E+00  -9.931120872000000E-01   0.000000000000000E+00   0.000000000000000E+00   0.000000000000000E+00
   7.461717488800000E-01   1.077006174200000E+01   1.077006174200000E+01   0.000000000000000E+00  -9.931120872000000E-01   0.000000000000000E+00   0.000000000000000E+00   0.000000000000000E+00
   7.465213097200000E-01   1.077510721900000E+01   1.077510721900000E+01   0.000000000000000E+00  -9.931120872000000E-01   0.000000000000000E+00   0.000000000000000E+00   0.000000000000000E+00
   7.468708705500000E-01   1.078015269500000E+01   1.078015269500000E+01   0.000000000000000E+00  -9.931120872000000E-01   0.000000000000000E+00   0.000000000000000E+00   0.000000000000000E+00
   7.472204313900001E-01   1.078519817100000E+01   1.078519817100000E+01   0.000000000000000E+00  -9.931120872000000E-01   0.000000000000000E+00   0.000000000000000E+00   0.000000000000000E+00
   7.475699922200000E-01   1.079024364700000E+01   1.079024364700000E+01   0.000000000000000E+00  -9.931120872000000E-01   0.000000000000000E+00   0.000000000000000E+00   0.000000000000000E+00
   7.492667097000000E-01   1.081473365500000E+01   1.081473365500000E+01   0.000000000000000E+00  -9.931120872000000E-01   0.000000000000000E+00   0.000000000000000E+00   0.000000000000000E+00
   7.509634271800000E-01   1.083922366300000E+01   1.083922366300000E+01   0.000000000000000E+00  -9.931120872000000E-01   0.000000000000000E+00   0.000000000000000E+00   0.000000000000000E+00
   7.526601446600000E-01   1.086371367100000E+01   1.086371367100000E+01   0.000000000000000E+00  -9.931120872000000E-01   0.000000000000000E+00   0.000000000000000E+00   0.000000000000000E+00
   7.543568621400000E-01   1.088820367900000E+01   1.088820367900000E+01   0.000000000000000E+00  -9.931120872000000E-01   0.000000000000000E+00   0.000000000000000E+00   0.000000000000000E+00
   7.620402998600000E-01   1.099910455200000E+01   1.099910455200000E+01   0.000000000000000E+00  -9.931120872000000E-01   0.000000000000000E+00   0.000000000000000E+00   0.000000000000000E+00
   7.697237375700000E-01   1.111000542500000E+01   1.111000542500000E+01   0.000000000000000E+00  -9.931120872000000E-01   0.000000000000000E+00   0.000000000000000E+00   0.000000000000000E+00
   7.774071752900000E-01   1.122090629900000E+01   1.122090629900000E+01   0.000000000000000E+00  -9.931120872000000E-01   0.000000000000000E+00   0.000000000000000E+00   0.000000000000000E+00
   7.850906130100000E-01   1.133180717200000E+01   1.133180717200000E+01   0.000000000000000E+00  -9.931120872000000E-01   0.000000000000000E+00   0.000000000000000E+00   0.000000000000000E+00
   7.977047202000001E-01   1.151387613100000E+01   1.151387613100000E+01   0.000000000000000E+00  -9.931120872000000E-01   0.000000000000000E+00   0.000000000000000E+00   0.000000000000000E+00
   8.103188273800001E-01   1.169594508900000E+01   1.169594508900000E+01   0.000000000000000E+00  -9.931120872000000E-01   0.000000000000000E+00   0.000000000000000E+00   0.000000000000000E+00
   8.229329345700001E-01   1.187801404800000E+01   1.187801404800000E+01   0.000000000000000E+00  -9.931120872000000E-01   0.000000000000000E+00   0.000000000000000E+00   0.000000000000000E+00
   8.355470417500001E-01   1.206008300600000E+01   1.206008300600000E+01   0.000000000000000E+00  -9.931120872000000E-01   0.000000000000000E+00   0.000000000000000E+00   0.000000000000000E+00
   8.487264205400000E-01   1.225031095800000E+01   1.225031095800000E+01   0.000000000000000E+00  -9.931120872000000E-01   0.000000000000000E+00   0.000000000000000E+00   0.000000000000000E+00
   8.619057993300000E-01   1.244053890900000E+01   1.244053890900000E+01   0.000000000000000E+00  -9.931120872000000E-01   0.000000000000000E+00   0.000000000000000E+00   0.000000000000000E+00
   8.750851781200000E-01   1.263076686100000E+01   1.263076686100000E+01   0.000000000000000E+00  -9.931120872000000E-01   0.000000000000000E+00   0.000000000000000E+00   0.000000000000000E+00
   8.882645569099999E-01   1.282099481200000E+01   1.282099481200000E+01   0.000000000000000E+00  -9.931120872000000E-01   0.000000000000000E+00   0.000000000000000E+00   0.000000000000000E+00
   9.022336235400000E-01   1.302262092600000E+01   1.302262092600000E+01   0.000000000000000E+00  -9.931120872000000E-01   0.000000000000000E+00   0.000000000000000E+00   0.000000000000000E+00
   9.162026901600000E-01   1.322424704000000E+01   1.322424704000000E+01   0.000000000000000E+00  -9.931120872000000E-01   0.000000000000000E+00   0.000000000000000E+00   0.000000000000000E+00
   9.301717567800000E-01   1.342587315400000E+01   1.342587315400000E+01   0.000000000000000E+00  -9.931120872000000E-01   0.000000000000000E+00   0.000000000000000E+00   0.000000000000000E+00
   9.441408234000001E-01   1.362749926800000E+01   1.362749926800000E+01   0.000000000000000E+00  -9.931120872000000E-01   0.000000000000000E+00   0.000000000000000E+00   0.000000000000000E+00
   9.581056175500000E-01   1.382906371400000E+01   1.382906371400000E+01   0.000000000000000E+00  -9.931120872000000E-01   0.000000000000000E+00   0.000000000000000E+00   0.000000000000000E+00
   9.720704117000000E-01   1.403062816000000E+01   1.403062816000000E+01   0.000000000000000E+00  -9.931120872000000E-01   0.000000000000000E+00   0.000000000000000E+00   0.000000000000000E+00
   9.860352058500000E-01   1.423219260600000E+01   1.423219260600000E+01   0.000000000000000E+00  -9.931120872000000E-01   0.000000000000000E+00   0.000000000000000E+00   0.000000000000000E+00
   1.000000000000000E+00   1.443375705200000E+01   1.443375705200000E+01   0.000000000000000E+00  -9.931120872000000E-01   0.000000000000000E+00   0.000000000000000E+00   0.000000000000000E+00
