   0.000000000000000E+00  -1.040616786000000E-30   0.000000000000000E+00   0.000000000000000E+00  -9.997722773400000E-01   0.000000000000000E+00   0.000000000000000E+00   0.000000000000000E+00
   8.551388210300000E-03   1.234286598800000E-01   1.234286598800000E-01   0.000000000000000E+00  -9.997722773400000E-01   0.000000000000000E+00   0.000000000000000E+00   0.000000000000000E+00
   1.710277642100000E-02   2.468573197700000E-01   2.468573197700000E-01   0.000000000000000E+00  -9.997722773400000E-01   0.000000000000000E+00   0.000000000000000E+00   0.000000000000000E+00
   2.565416463100000E-02   3.702859796500000E-01   3.702859796500000E-01   0.000000000000000E+00  -9.997722773400000E-01   0.000000000000000E+00   0.000000000000000E+00   0.000000000000000E+00
   3.420555284100000E-02   4.937146395400000E-01   4.937146395400000E-01   0.000000000000000E+00  -9.997722773400000E-01   0.000000000000000E+00   0.000000000000000E+00   0.000000000000000E+00
   4.252785898000000E-02   6.138367844600000E-01   6.138367844600000E-01   0.000000000000000E+00  -9.997722773400000E-01   0.000000000000000E+00   0.000000000000000E+00   0.000000000000000E+00
   5.085016511900000E-02   7.339589293800000E-01   7.339589293800000E-01   0.000000000000000E+00  -9.997722773400000E-01   0.000000000000000E+00   0.000000000000000E+00   0.000000000000000E+00
   5.917247125700000E-02   8.540810742900000E-01   8.540810742900000E-01   0.000000000000000E+00  -9.997722773400000E-01   0.000000000000000E+00   0.000000000000000E+00   0.000000000000000E+00
   6.749477739600000E-02   9.742032192100000E-01   9.742032192100000E-01   0.000000000000000E+00  -9.997722773400000E-01   0.000000000000000E+00   0.000000000000000E+00   0.000000000000000E+00
   7.509041699800000E-02   1.083836835900000E+00   1.083836835900000E+00   0.000000000000000E+00  -9.997722773400000E-01   0.000000000000000E+00   0.000000000000000E+00   0.000000000000000E+00
   8.268605660000000E-02   1.193470452600000E+00   1.193470452600000E+00   0.000000000000000E+00  -9.997722773400000E-01   0.000000000000000E+00   0.000000000000000E+00   0.000000000000000E+00
   9.028169620300000E-02   1.303104069200000E+00   1.303104069200000E+00   0.000000000000000E+00  -9.997722773400000E-01   0.000000000000000E+00   0.000000000000000E+00   0.000000000000000E+00
   9.787733580499999E-02   1.412737685900000E+00   1.412737685900000E+00   0.000000000000000E+00  -9.997722773400000E-01   0.000000000000000E+00   0.000000000000000E+00   0.000000000000000E+00
   1.055959855100000E-01   1.524146800600000E+00   1.524146800600000E+00   0.000000000000000E+00  -9.997722773400000E-01   0.000000000000000E+00   0.000000000000000E+00   0.000000000000000E+00
   1.133146352200000E-01   1.635555915200000E+00   1.635555915200000E+00   0.000000000000000E+00  -9.997722773400000E-01   0.000000000000000E+00   0.000000000000000E+00   0.000000000000000E+00
   1.210332849300000E-01   1.746965029900000E+00   1.746965029900000E+00   0.000000000000000E+00  -9.997722773400000E-01   0.000000000000000E+00   0.000000000000000E+00   0.000000000000000E+00
   1.287519346400000E-01   1.858374144600000E+00   1.858374144600000E+00   0.000000000000000E+00  -9.997722773400000E-01   0.000000000000000E+00   0.000000000000000E+00   0.000000000000000E+00
   1.357738004200000E-01   1.959726049200000E+00   1.959726049200000E+00   0.000000000000000E+00  -9.997722773400000E-01   0.000000000000000E+00   0.000000000000000E+00   0.000000000000000E+00
   1.427956661900000E-01   2.061077953900000E+00   2.061077953900000E+00   0.000000000000000E+00  -9.997722773400000E-01   0.000000000000000E+00   0.000000000000000E+00   0.000000000000000E+00
   1.498175319700000E-01   2.162429858600000E+00   2.162429858600000E+00   0.000000000000000E+00  -9.997722773400000E-01   0.000000000000000E+00   0.000000000000000E+00   0.000000000000000E+00
   1.568393977400000E-01   2.263781763200000E+00   2.263781763200000E+00   0.000000000000000E+00  -9.997722773400000E-01   0.000000000000000E+00   0.000000000000000E+00   0.000000000000000E+00
   1.617713897600000E-01   2.334968937800000E+00   2.334968937800000E+00   0.000000000000000E+00  -9.997722773400000E-01   0.000000000000000E+00   0.000000000000000E+00   0.000000000000000E+00
   1.667033817800000E-01   2.406156112400000E+00   2.406156112400000E+00   0.000000000000000E+00  -9.997722773400000E-01   0.000000000000000E+00   0.000000000000000E+00   0.000000000000000E+00
   1.716353738000000E-01   2.477343287000000E+00   2.477343287000000E+00   0.000000000000000E+00  -9.997722773400000E-01   0.000000000000000E+00   0.000000000000000E+00   0.000000000000000E+00
   1.765673658200000E-01   2.548530461600000E+00   2.548530461600000E+00   0.000000000000000E+00  -9.997722773400000E-01   0.000000000000000E+00   0.000000000000000E+00   0.000000000000000E+00
   1.809509038600000E-01   2.611801384600000E+00   2.611801384600000E+00   0.000000000000000E+00  -9.997722773400000E-01   0.000000000000000E+00   0.000000000000000E+00   0.000000000000000E+00
   1.853344418900000E-01   2.675072307700000E+00   2.675072307700000E+00   0.000000000000000E+00  -9.997722773400000E-01   0.000000000000000E+00   0.000000000000000E+00   0.000000000000000E+00
   1.897179799300000E-01   2.738343230700000E+00   2.738343230700000E+00   0.000000000000000E+00  -9.997722773400000E-01   0.000000000000000E+00   0.000000000000000E+00   0.000000000000000E+00
   1.941015179700000E-01   2.801614153700000E+00   2.801614153700000E+00   0.000000000000000E+00  -9.997722773400000E-01   0.000000000000000E+00   0.000000000000000E+00   0.000000000000000E+00
   1.981276214800000E-01   2.859725953700000E+00   2.859725953700000E+00   0.000000000000000E+00  -9.997722773400000E-01   0.000000000000000E+00   0.000000000000000E+00   0.000000000000000E+00
   2.021537249900000E-01   2.917837753600000E+00   2.917837753600000E+00   0.000000000000000E+00  -9.997722773400000E-01   0.000000000000000E+00   0.000000000000000E+00   0.000000000000000E+00
   2.061798285000000E-01   2.975949553500000E+00   2.975949553500000E+00   0.000000000000000E+00  -9.997722773400000E-01   0.000000000000000E+00   0.000000000000000E+00   0.000000000000000E+00
   2.102059320100000E-01   3.034061353500000E+00   3.034061353500000E+00   0.000000000000000E+00  -9.997722773400000E-01   0.000000000000000E+00   0.000000000000000E+00   0.000000000000000E+00
   2.145780030100000E-01   3.097166764200000E+00   3.097166764200000E+00   0.000000000000000E+00  -9.997722773400000E-01   0.000000000000000E+00   0.000000000000000E+00   0.000000000000000E+00
   2.189500740200000E-01   3.160272174900000E+00   3.160272174900000E+00   0.000000000000000E+00  -9.997722773400000E-01   0.000000000000000E+00   0.000000000000000E+00   0.000000000000000E+00
   2.233221450200000E-01   3.223377585600000E+00   3.223377585600000E+00   0.000000000000000E+00  -9.997722773400000E-01   0.000000000000000E+00   0.000000000000000E+00   0.000000000000000E+00
   2.276942160300000E-01   3.286482996300000E+00   3.286482996300000E+00   0.000000000000000E+00  -9.997722773400000E-01   0.000000000000000E+00   0.000000000000000E+00   0.000000000000000E+00
   2.327793151600000E-01   3.359880081800000E+00   3.359880081800000E+00   0.000000000000000E+00  -9.997722773400000E-01   0.000000000000000E+00   0.000000000000000E+00   0.000000000000000E+00
   2.378644142900000E-01   3.433277167200000E+00   3.433277167200000E+00   0.000000000000000E+00  -9.997722773400000E-01   0.000000000000000E+00   0.000000000000000E+00   0.000000000000000E+00
   2.429495134300000E-01   3.506674252700000E+00   3.506674252700000E+00   0.000000000000000E+00  -9.997722773400000E-01   0.000000000000000E+00   0.000000000000000E+00   0.000000000000000E+00
   2.480346125600000E-01   3.580071338200000E+00   3.580071338200000E+00   0.000000000000000E+00  -9.997722773400000E-01   0.000000000000000E+00   0.000000000000000E+00   0.000000000000000E+00
   2.521769833600000E-01   3.639861312000000E+00   3.639861312000000E+00   0.000000000000000E+00  -9.997722773400000E-01   0.000000000000000E+00   0.000000000000000E+00   0.000000000000000E+00
   2.563193541700000E-01   3.699651285800000E+00   3.699651285800000E+00   0.000000000000000E+00  -9.997722773400000E-01   0.000000000000000E+00   0.000000000000000E+00   0.000000000000000E+00
   2.604617249700000E-01   3.759441259600000E+00   3.759441259600000E+00   0.000000000000000E+00  -9.997722773400000E-01   0.000000000000000E+00   0.000000000000000E+00   0.000000000000000E+00
   2.646040957800000E-01   3.819231233400000E+00   3.819231233500000E+00   0.000000000000000E+00  -9.997722773400000E-01   0.000000000000000E+00   0.000000000000000E+00   0.000000000000000E+00
   2.690130031000000E-01   3.882868330600000E+00   3.882868330600000E+00   0.000000000000000E+00  -9.997722773400000E-01   0.000000000000000E+00   0.000000000000000E+00   0.000000000000000E+00
   2.734219104200000E-01   3.946505427700000E+00   3.946505427700000E+00   0.000000000000000E+00  -9.997722773400000E-01   0.000000000000000E+00   0.000000000000000E+00   0.000000000000000E+00
   2.778308177400000E-01   4.010142524800000E+00   4.010142524800000E+00   0.000000000000000E+00  -9.997722773400000E-01   0.000000000000000E+00   0.000000000000000E+00   0.000000000000000E+00
   2.822397250500000E-01   4.073779621900000E+00   4.073779621900000E+00   0.000000000000000E+00  -9.997722773400000E-01   0.000000000000000E+00   0.000000000000000E+00   0.000000000000000E+00
   2.881631264900000E-01   4.159276559100000E+00   4.159276559100000E+00   0.000000000000000E+00  -9.997722773400000E-01   0.000000000000000E+00   0.000000000000000E+00   0.000000000000000E+00
   2.940865279200000E-01   4.244773496300000E+00   4.244773496300000E+00   0.000000000000000E+00  -9.997722773400000E-01   0.000000000000000E+00   0.000000000000000E+00   0.000000000000000E+00
   3.000099293600000E-01   4.330270433500000E+00   4.330270433500000E+00   0.000000000000000E+00  -9.997722773400000E-01   0.000000000000000E+00   0.000000000000000E+00   0.000000000000000E+00
   3.059333307900000E-01   4.415767370800000E+00   4.415767370800000E+00   0.000000000000000E+00  -9.997722773400000E-01   0.000000000000000E+00   0.000000000000000E+00   0.000000000000000E+00
   3.106143882900000E-01   4.483332617400000E+00   4.483332617400000E+00   0.000000000000000E+00  -9.997722773400000E-01   0.000000000000000E+00   0.000000000000000E+00   0.000000000000000E+00
   3.152954457800000E-01   4.550897864000000E+00   4.550897864000000E+00   0.000000000000000E+00  -9.997722773400000E-01   0.000000000000000E+00   0.000000000000000E+00   0.000000000000000E+00
   3.199765032700000E-01   4.618463110600000E+00   4.618463110600000E+00   0.000000000000000E+00  -9.997722773400000E-01   0.000000000000000E+00   0.000000000000000E+00   0.000000000000000E+00
   3.246575607700000E-01   4.686028357200000E+00   4.686028357200000E+00   0.000000000000000E+00  -9.997722773400000E-01   0.000000000000000E+00   0.000000000000000E+00   0.000000000000000E+00
   3.284641514600000E-01   4.740971762400000E+00   4.740971762400000E+00   0.000000000000000E+00  -9.997722773400000E-01   0.000000000000000E+00   0.000000000000000E+00   0.000000000000000E+00
   3.322707421400000E-01   4.795915167600000E+00   4.795915167600000E+00   0.000000000000000E+00  -9.997722773400000E-01   0.000000000000000E+00   0.000000000000000E+00   0.000000000000000E+00
   3.360773328300000E-01   4.850858572800000E+00   4.850858572800000E+00   0.000000000000000E+00  -9.997722773400000E-01   0.000000000000000E+00   0.000000000000000E+00   0.000000000000000E+00
   3.398839235200000E-01   4.905801977900000E+00   4.905801977900000E+00   0.000000000000000E+00  -9.997722773400000E-01   0.000000000000000E+00   0.000000000000000E+00   0.000000000000000E+00
   3.439487080400000E-01   4.964472090200000E+00   4.964472090200000E+00   0.000000000000000E+00  -9.997722773400000E-01   0.000000000000000E+00   0.000000000000000E+00   0.000000000000000E+00
   3.480134925600000E-01   5.023142202400000E+00   5.023142202400000E+00   0.000000000000000E+00  -9.997722773400000E-01   0.000000000000000E+00   0.000000000000000E+00   0.000000000000000E+00
   3.520782770800000E-01   5.081812314700000E+00   5.081812314700000E+00   0.000000000000000E+00  -9.997722773400000E-01   0.000000000000000E+00   0.000000000000000E+00   0.000000000000000E+00
   3.561430616000000E-01   5.140482426900000E+00   5.140482426900000E+00   0.000000000000000E+00  -9.997722773400000E-01   0.000000000000000E+00   0.000000000000000E+00   0.000000000000000E+00
   3.599933148800000E-01   5.196056047300000E+00   5.196056047300000E+00   0.000000000000000E+00  -9.997722773400000E-01   0.000000000000000E+00   0.000000000000000E+00   0.000000000000000E+00
   3.638435681500000E-01   5.251629667600000E+00   5.251629667600000E+00   0.000000000000000E+00  -9.997722773400000E-01   0.000000000000000E+00   0.000000000000000E+00   0.000000000000000E+00
   3.676938214300000E-01   5.307203288000000E+00   5.307203288000000E+00   0.000000000000000E+00  -9.997722773400000E-01   0.000000000000000E+00   0.000000000000000E+00   0.000000000000000E+00
   3.715440747000000E-01   5.362776908400000E+00   5.362776908400000E+00   0.000000000000000E+00  -9.997722773400000E-01   0.000000000000000E+00   0.000000000000000E+00   0.000000000000000E+00
   3.748909226400000E-01   5.411084498300000E+00   5.411084498300000E+00   0.000000000000000E+00  -9.997722773400000E-01   0.000000000000000E+00   0.000000000000000E+00   0.000000000000000E+00
   3.782377705700000E-01   5.459392088300000E+00   5.459392088300000E+00   0.000000000000000E+00  -9.997722773400000E-01   0.000000000000000E+00   0.000000000000000E+00   0.000000000000000E+00
   3.815846185000000E-01   5.507699678200000E+00   5.507699678200000E+00   0.000000000000000E+00  -9.997722773400000E-01   0.000000000000000E+00   0.000000000000000E+00   0.000000000000000E+00
   3.849314664400000E-01   5.556007268200000E+00   5.556007268200000E+00   0.000000000000000E+00  -9.997722773400000E-01   0.000000000000000E+00   0.000000000000000E+00   0.000000000000000E+00
   3.877520360100000E-01   5.596718684200000E+00   5.596718684200000E+00   0.000000000000000E+00  -9.997722773400000E-01   0.000000000000000E+00   0.000000000000000E+00   0.000000000000000E+00
   3.905726055800000E-01   5.637430100200000E+00   5.637430100200000E+00   0.000000000000000E+00  -9.997722773400000E-01   0.000000000000000E+00   0.000000000000000E+00   0.000000000000000E+00
   3.933931751600000E-01   5.678141516100000E+00   5.678141516100000E+00   0.000000000000000E+00  -9.997722773400000E-01   0.000000000000000E+00   0.000000000000000E+00   0.000000000000000E+00
   3.962137447300000E-01   5.718852932100000E+00   5.718852932100000E+00   0.000000000000000E+00  -9.997722773400000E-01   0.000000000000000E+00   0.000000000000000E+00   0.000000000000000E+00
   3.994795825500000E-01   5.765991241700000E+00   5.765991241700000E+00   0.000000000000000E+00  -9.997722773400000E-01   0.000000000000000E+00   0.000000000000000E+00   0.000000000000000E+00
   4.027454203600000E-01   5.813129551300000E+00   5.813129551300000E+00   0.000000000000000E+00  -9.997722773400000E-01   0.000000000000000E+00   0.000000000000000E+00   0.000000000000000E+00
   4.060112581800000E-01   5.860267860900000E+00   5.860267860900000E+00   0.000000000000000E+00  -9.997722773400000E-01   0.000000000000000E+00   0.000000000000000E+00   0.000000000000000E+00
   4.092770959900000E-01   5.907406170500000E+00   5.907406170500000E+00   0.000000000000000E+00  -9.997722773400000E-01   0.000000000000000E+00   0.000000000000000E+00   0.000000000000000E+00
   4.135614069900000E-01   5.969244874600000E+00   5.969244874600000E+00   0.000000000000000E+00  -9.997722773400000E-01   0.000000000000000E+00   0.000000000000000E+00   0.000000000000000E+00
   4.178457179800000E-01   6.031083578600000E+00   6.031083578600000E+00   0.000000000000000E+00  -9.997722773400000E-01   0.000000000000000E+00   0.000000000000000E+00   0.000000000000000E+00
   4.221300289800000E-01   6.092922282600000E+00   6.092922282600000E+00   0.000000000000000E+00  -9.997722773400000E-01   0.000000000000000E+00   0.000000000000000E+00   0.000000000000000E+00
   4.264143399800000E-01   6.154760986700000E+00   6.154760986700000E+00   0.000000000000000E+00  -9.997722773400000E-01   0.000000000000000E+00   0.000000000000000E+00   0.000000000000000E+00
   4.302441542900000E-01   6.210039596000000E+00   6.210039596000000E+00   0.000000000000000E+00  -9.997722773400000E-01   0.000000000000000E+00   0.000000000000000E+00   0.000000000000000E+00
   4.340739686000000E-01   6.265318205300000E+00   6.265318205300000E+00   0.000000000000000E+00  -9.997722773400000E-01   0.000000000000000E+00   0.000000000000000E+00   0.000000000000000E+00
   4.379037829100000E-01   6.320596814700000E+00   6.320596814700000E+00   0.000000000000000E+00  -9.997722773400000E-01   0.000000000000000E+00   0.000000000000000E+00   0.000000000000000E+00
   4.417335972200000E-01   6.375875424000000E+00   6.375875424000000E+00   0.000000000000000E+00  -9.997722773400000E-01   0.000000000000000E+00   0.000000000000000E+00   0.000000000000000E+00
   4.456286222900000E-01   6.432095269500000E+00   6.432095269500000E+00   0.000000000000000E+00  -9.997722773400000E-01   0.000000000000000E+00   0.000000000000000E+00   0.000000000000000E+00
   4.495236473500000E-01   6.488315115000000E+00   6.488315115000000E+00   0.000000000000000E+00  -9.997722773400000E-01   0.000000000000000E+00   0.000000000000000E+00   0.000000000000000E+00
   4.534186724200000E-01   6.544534960500000E+00   6.544534960500000E+00   0.000000000000000E+00  -9.997722773400000E-01   0.000000000000000E+00   0.000000000000000E+00   0.000000000000000E+00
   4.573136974800000E-01   6.600754806000000E+00   6.600754806000000E+00   0.000000000000000E+00  -9.997722773400000E-01   0.000000000000000E+00   0.000000000000000E+00   0.000000000000000E+00
   4.610591995900000E-01   6.654816473500000E+00   6.654816473500000E+00   0.000000000000000E+00  -9.997722773400000E-01   0.000000000000000E+00   0.000000000000000E+00   0.000000000000000E+00
   4.648047017100000E-01   6.708878141100000E+00   6.708878141100000E+00   0.000000000000000E+00  -9.997722773400000E-01   0.000000000000000E+00   0.000000000000000E+00   0.000000000000000E+00
   4.685502038200000E-01   6.762939808600000E+00   6.762939808600000E+00   0.000000000000000E+00  -9.997722773400000E-01   0.000000000000000E+00   0.000000000000000E+00   0.000000000000000E+00
   4.722957059300000E-01   6.817001476100000E+00   6.817001476100000E+00   0.000000000000000E+00  -9.997722773400000E-01   0.000000000000000E+00   0.000000000000000E+00   0.000000000000000E+00
   4.770368062400000E-01   6.885433366200000E+00   6.885433366200000E+00   0.000000000000000E+00  -9.997722773400000E-01   0.000000000000000E+00   0.000000000000000E+00   0.000000000000000E+00
   4.817779065500000E-01   6.953865256200000E+00   6.953865256200000E+00   0.000000000000000E+00  -9.997722773400000E-01   0.000000000000000E+00   0.000000000000000E+00   0.000000000000000E+00
   4.865190068600000E-01   7.022297146200000E+00   7.022297146200000E+00   0.000000000000000E+00  -9.997722773400000E-01   0.000000000000000E+00   0.000000000000000E+00   0.000000000000000E+00
   4.912601071700000E-01   7.090729036200000E+00   7.090729036200000E+00   0.000000000000000E+00  -9.997722773400000E-01   0.000000000000000E+00   0.000000000000000E+00   0.000000000000000E+00
   4.952974346000000E-01   7.149002839500000E+00   7.149002839500000E+00   0.000000000000000E+00  -9.997722773400000E-01   0.000000000000000E+00   0.000000000000000E+00   0.000000000000000E+00
   4.993347620300000E-01   7.207276642700000E+00   7.207276642700000E+00   0.000000000000000E+00  -9.997722773400000E-01   0.000000000000000E+00   0.000000000000000E+00   0.000000000000000E+00
   5.033720894600000E-01   7.265550446000000E+00   7.265550446000000E+00   0.000000000000000E+00  -9.997722773400000E-01   0.000000000000000E+00   0.000000000000000E+00   0.000000000000000E+00
   5.074094168800000E-01   7.323824249200000E+00   7.323824249200000E+00   0.000000000000000E+00  -9.997722773400000E-01   0.000000000000000E+00   0.000000000000000E+00   0.000000000000000E+00
   5.112105696000000E-01   7.378689164100000E+00   7.378689164100000E+00   0.000000000000000E+00  -9.997722773400000E-01   0.000000000000000E+00   0.000000000000000E+00   0.000000000000000E+00
   5.150117223200000E-01   7.433554079000000E+00   7.433554079000000E+00   0.000000000000000E+00  -9.997722773400000E-01   0.000000000000000E+00   0.000000000000000E+00   0.000000000000000E+00
   5.188128750400000E-01   7.488418993800000E+00   7.488418993800000E+00   0.000000000000000E+00  -9.997722773400000E-01   0.000000000000000E+00   0.000000000000000E+00   0.000000000000000E+00
   5.226140277700000E-01   7.543283908700000E+00   7.543283908700000E+00   0.000000000000000E+00  -9.997722773400000E-01   0.000000000000000E+00   0.000000000000000E+00   0.000000000000000E+00
   5.263175236300000E-01   7.596739268300000E+00   7.596739268300000E+00   0.000000000000000E+00  -9.997722773400000E-01   0.000000000000000E+00   0.000000000000000E+00   0.000000000000000E+00
   5.300210194900000E-01   7.650194627800000E+00   7.650194627800000E+00   0.000000000000000E+00  -9.997722773400000E-01   0.000000000000000E+00   0.000000000000000E+00   0.000000000000000E+00
   5.337245153500000E-01   7.703649987300000E+00   7.703649987300000E+00   0.000000000000000E+00  -9.997722773400000E-01   0.000000000000000E+00   0.000000000000000E+00   0.000000000000000E+00
   5.374280112199999E-01   7.757105346800000E+00   7.757105346800000E+00   0.000000000000000E+00  -9.997722773400000E-01   0.000000000000000E+00   0.000000000000000E+00   0.000000000000000E+00
   5.404976657600000E-01   7.801411994800000E+00   7.801411994800000E+00   0.000000000000000E+00  -9.997722773400000E-01   0.000000000000000E+00   0.000000000000000E+00   0.000000000000000E+00
   5.435673203100000E-01   7.845718642800000E+00   7.845718642800000E+00   0.000000000000000E+00  -9.997722773400000E-01   0.000000000000000E+00   0.000000000000000E+00   0.000000000000000E+00
   5.466369748600000E-01   7.890025290700000E+00   7.890025290700000E+00   0.000000000000000E+00  -9.997722773400000E-01   0.000000000000000E+00   0.000000000000000E+00   0.000000000000000E+00
   5.497066294000000E-01   7.934331938700000E+00   7.934331938700000E+00   0.000000000000000E+00  -9.997722773400000E-01   0.000000000000000E+00   0.000000000000000E+00   0.000000000000000E+00
   5.523472619699999E-01   7.972446187600000E+00   7.972446187600000E+00   0.000000000000000E+00  -9.997722773400000E-01   0.000000000000000E+00   0.000000000000000E+00   0.000000000000000E+00
   5.549878945300000E-01   8.010560436500000E+00   8.010560436500000E+00   0.000000000000000E+00  -9.997722773400000E-01   0.000000000000000E+00   0.000000000000000E+00   0.000000000000000E+00
   5.576285271000000E-01   8.048674685400000E+00   8.048674685400000E+00   0.000000000000000E+00  -9.997722773400000E-01   0.000000000000000E+00   0.000000000000000E+00   0.000000000000000E+00
   5.602691596600000E-01   8.086788934299999E+00   8.086788934299999E+00   0.000000000000000E+00  -9.997722773400000E-01   0.000000000000000E+00   0.000000000000000E+00   0.000000000000000E+00
   5.629338971300000E-01   8.125251107500000E+00   8.125251107500000E+00   0.000000000000000E+00  -9.997722773400000E-01   0.000000000000000E+00   0.000000000000000E+00   0.000000000000000E+00
   5.655986346000000E-01   8.163713280700000E+00   8.163713280700000E+00   0.000000000000000E+00  -9.997722773400000E-01   0.000000000000000E+00   0.000000000000000E+00   0.000000000000000E+00
   5.682633720600000E-01   8.202175453900001E+00   8.202175453900001E+00   0.000000000000000E+00  -9.997722773400000E-01   0.000000000000000E+00   0.000000000000000E+00   0.000000000000000E+00
   5.709281095299999E-01   8.240637627100000E+00   8.240637627100000E+00   0.000000000000000E+00  -9.997722773400000E-01   0.000000000000000E+00   0.000000000000000E+00   0.000000000000000E+00
   5.738055446400000E-01   8.282169826500001E+00   8.282169826500001E+00   0.000000000000000E+00  -9.997722773400000E-01   0.000000000000000E+00   0.000000000000000E+00   0.000000000000000E+00
   5.766829797600000E-01   8.323702025799999E+00   8.323702025799999E+00   0.000000000000000E+00  -9.997722773400000E-01   0.000000000000000E+00   0.000000000000000E+00   0.000000000000000E+00
   5.795604148700000E-01   8.365234225200000E+00   8.365234225200000E+00   0.000000000000000E+00  -9.997722773400000E-01   0.000000000000000E+00   0.000000000000000E+00   0.000000000000000E+00
   5.824378499800000E-01   8.406766424500001E+00   8.406766424500001E+00   0.000000000000000E+00  -9.997722773400000E-01   0.000000000000000E+00   0.000000000000000E+00   0.000000000000000E+00
   5.853129231100000E-01   8.448264531600000E+00   8.448264531600000E+00   0.000000000000000E+00  -9.997722773400000E-01   0.000000000000000E+00   0.000000000000000E+00   0.000000000000000E+00
   5.881879962500000E-01   8.489762638700000E+00   8.489762638700000E+00   0.000000000000000E+00  -9.997722773400000E-01   0.000000000000000E+00   0.000000000000000E+00   0.000000000000000E+00
   5.910630693800000E-01   8.531260745799999E+00   8.531260745799999E+00   0.000000000000000E+00  -9.997722773400000E-01   0.000000000000000E+00   0.000000000000000E+00   0.000000000000000E+00
   5.939381425100000E-01   8.572758852900000E+00   8.572758852900000E+00   0.000000000000000E+00  -9.997722773400000E-01   0.000000000000000E+00   0.000000000000000E+00   0.000000000000000E+00
   5.968083203600000E-01   8.614186302700000E+00   8.614186302700000E+00   0.000000000000000E+00  -9.997722773400000E-01   0.000000000000000E+00   0.000000000000000E+00   0.000000000000000E+00
   5.996784982200000E-01   8.655613752600001E+00   8.655613752600001E+00   0.000000000000000E+00  -9.997722773400000E-01   0.000000000000000E+00   0.000000000000000E+00   0.000000000000000E+00
   6.025486760700000E-01   8.697041202399999E+00   8.697041202399999E+00   0.000000000000000E+00  -9.997722773400000E-01   0.000000000000000E+00   0.000000000000000E+00   0.000000000000000E+00
   6.054188539200001E-01   8.738468652200000E+00   8.738468652200000E+00   0.000000000000000E+00  -9.997722773400000E-01   0.000000000000000E+00   0.000000000000000E+00   0.000000000000000E+00
   6.083103938200000E-01   8.780204436700000E+00   8.780204436700000E+00   0.000000000000000E+00  -9.997722773400000E-01   0.000000000000000E+00   0.000000000000000E+00   0.000000000000000E+00
   6.112019337300000E-01   8.821940221100000E+00   8.821940221100000E+00   0.000000000000000E+00  -9.997722773400000E-01   0.000000000000000E+00   0.000000000000000E+00   0.000000000000000E+00
   6.140934736300000E-01   8.863676005600000E+00   8.863676005600000E+00   0.000000000000000E+00  -9.997722773400000E-01   0.000000000000000E+00   0.000000000000000E+00   0.000000000000000E+00
   6.169850135300000E-01   8.905411790000000E+00   8.905411790000000E+00   0.000000000000000E+00  -9.997722773400000E-01   0.000000000000000E+00   0.000000000000000E+00   0.000000000000000E+00
   6.202524143100000E-01   8.952572658999999E+00   8.952572658999999E+00   0.000000000000000E+00  -9.997722773400000E-01   0.000000000000000E+00   0.000000000000000E+00   0.000000000000000E+00
   6.235198150900000E-01   8.999733528100000E+00   8.999733528100000E+00   0.000000000000000E+00  -9.997722773400000E-01   0.000000000000000E+00   0.000000000000000E+00   0.000000000000000E+00
   6.267872158700000E-01   9.046894397100001E+00   9.046894397100001E+00   0.000000000000000E+00  -9.997722773400000E-01   0.000000000000000E+00   0.000000000000000E+00   0.000000000000000E+00
   6.300546166400000E-01   9.094055266100000E+00   9.094055266100000E+00   0.000000000000000E+00  -9.997722773400000E-01   0.000000000000000E+00   0.000000000000000E+00   0.000000000000000E+00
   6.353558746200000E-01   9.170572335799999E+00   9.170572335799999E+00   0.000000000000000E+00  -9.997722773400000E-01   0.000000000000000E+00   0.000000000000000E+00   0.000000000000000E+00
   6.406571325900000E-01   9.247089405500001E+00   9.247089405500001E+00   0.000000000000000E+00  -9.997722773400000E-01   0.000000000000000E+00   0.000000000000000E+00   0.000000000000000E+00
   6.459583905700000E-01   9.323606475200000E+00   9.323606475200000E+00   0.000000000000000E+00  -9.997722773400000E-01   0.000000000000000E+00   0.000000000000000E+00   0.000000000000000E+00
   6.512596485400000E-01   9.400123544800000E+00   9.400123544800000E+00   0.000000000000000E+00  -9.997722773400000E-01   0.000000000000000E+00   0.000000000000000E+00   0.000000000000000E+00
   6.541386713200000E-01   9.441678660099999E+00   9.441678660099999E+00   0.000000000000000E+00  -9.997722773400000E-01   0.000000000000000E+00   0.000000000000000E+00   0.000000000000000E+00
   6.570176940900000E-01   9.483233775400000E+00   9.483233775400000E+00   0.000000000000000E+00  -9.997722773400000E-01   0.000000000000000E+00   0.000000000000000E+00   0.000000000000000E+00
   6.598967168700000E-01   9.524788890700000E+00   9.524788890700000E+00   0.000000000000000E+00  -9.997722773400000E-01   0.000000000000000E+00   0.000000000000000E+00   0.000000000000000E+00
   6.627757396400000E-01   9.566344005900000E+00   9.566344005900000E+00   0.000000000000000E+00  -9.997722773400000E-01   0.000000000000000E+00   0.000000000000000E+00   0.000000000000000E+00
   6.651548336300001E-01   9.600683270599999E+00   9.600683270599999E+00   0.000000000000000E+00  -9.997722773400000E-01   0.000000000000000E+00   0.000000000000000E+00   0.000000000000000E+00
   6.675339276200000E-01   9.635022535299999E+00   9.635022535299999E+00   0.000000000000000E+00  -9.997722773400000E-01   0.000000000000000E+00   0.000000000000000E+00   0.000000000000000E+00
   6.699130216100000E-01   9.669361799900001E+00   9.669361799900001E+00   0.000000000000000E+00  -9.997722773400000E-01   0.000000000000000E+00   0.000000000000000E+00   0.000000000000000E+00
   6.722921156000000E-01   9.703701064600001E+00   9.703701064600001E+00   0.000000000000000E+00  -9.997722773400000E-01   0.000000000000000E+00   0.000000000000000E+00   0.000000000000000E+00
   6.746303436900000E-01   9.737450480800000E+00   9.737450480800000E+00   0.000000000000000E+00  -9.997722773400000E-01   0.000000000000000E+00   0.000000000000000E+00   0.000000000000000E+00
   6.769685717800000E-01   9.771199896900001E+00   9.771199896900001E+00   0.000000000000000E+00  -9.997722773400000E-01   0.000000000000000E+00   0.000000000000000E+00   0.000000000000000E+00
   6.793067998700000E-01   9.804949313100000E+00   9.804949313100000E+00   0.000000000000000E+00  -9.997722773400000E-01   0.000000000000000E+00   0.000000000000000E+00   0.000000000000000E+00
   6.816450279600000E-01   9.838698729300001E+00   9.838698729300001E+00   0.000000000000000E+00  -9.997722773400000E-01   0.000000000000000E+00   0.000000000000000E+00   0.000000000000000E+00
   6.841287571600000E-01   9.874548273200000E+00   9.874548273200000E+00   0.000000000000000E+00  -9.997722773400000E-01   0.000000000000000E+00   0.000000000000000E+00   0.000000000000000E+00
   6.866124863600001E-01   9.910397817000000E+00   9.910397817000000E+00   0.000000000000000E+00  -9.997722773400000E-01   0.000000000000000E+00   0.000000000000000E+00   0.000000000000000E+00
   6.890962155600000E-01   9.946247360899999E+00   9.946247360899999E+00   0.000000000000000E+00  -9.997722773400000E-01   0.000000000000000E+00   0.000000000000000E+00   0.000000000000000E+00
   6.915799447700000E-01   9.982096904800001E+00   9.982096904800001E+00   0.000000000000000E+00  -9.997722773400000E-01   0.000000000000000E+00   0.000000000000000E+00   0.000000000000000E+00
   6.937217306000000E-01   1.001301092100000E+01   1.001301092100000E+01   0.000000000000000E+00  -9.997722773400000E-01   0.000000000000000E+00   0.000000000000000E+00   0.000000000000000E+00
   6.958635164400000E-01   1.004392493800000E+01   1.004392493800000E+01   0.000000000000000E+00  -9.997722773400000E-01   0.000000000000000E+00   0.000000000000000E+00   0.000000000000000E+00
   6.980053022800000E-01   1.007483895400000E+01   1.007483895400000E+01   0.000000000000000E+00  -9.997722773400000E-01   0.000000000000000E+00   0.000000000000000E+00   0.000000000000000E+00
   7.001470881200000E-01   1.010575297100000E+01   1.010575297100000E+01   0.000000000000000E+00  -9.997722773400000E-01   0.000000000000000E+00   0.000000000000000E+00   0.000000000000000E+00
   7.021943930700000E-01   1.013530327300000E+01   1.013530327300000E+01   0.000000000000000E+00  -9.997722773400000E-01   0.000000000000000E+00   0.000000000000000E+00   0.000000000000000E+00
   7.042416980200000E-01   1.016485357500000E+01   1.016485357500000E+01   0.000000000000000E+00  -9.997722773400000E-01   0.000000000000000E+00   0.000000000000000E+00   0.000000000000000E+00
   7.062890029700000E-01   1.019440387700000E+01   1.019440387700000E+01   0.000000000000000E+00  -9.997722773400000E-01   0.000000000000000E+00   0.000000000000000E+00   0.000000000000000E+00
   7.083363079200000E-01   1.022395418000000E+01   1.022395418000000E+01   0.000000000000000E+00  -9.997722773400000E-01   0.000000000000000E+00   0.000000000000000E+00   0.000000000000000E+00
   7.105913008700000E-01   1.025650220000000E+01   1.025650220000000E+01   0.000000000000000E+00  -9.997722773400000E-01   0.000000000000000E+00   0.000000000000000E+00   0.000000000000000E+00
   7.128462938200000E-01   1.028905022000000E+01   1.028905022000000E+01   0.000000000000000E+00  -9.997722773400000E-01   0.000000000000000E+00   0.000000000000000E+00   0.000000000000000E+00
   7.151012867700000E-01   1.032159824100000E+01   1.032159824100000E+01   0.000000000000000E+00  -9.997722773400000E-01   0.000000000000000E+00   0.000000000000000E+00   0.000000000000000E+00
   7.173562797200000E-01   1.035414626100000E+01   1.035414626100000E+01   0.000000000000000E+00  -9.997722773400000E-01   0.000000000000000E+00   0.000000000000000E+00   0.000000000000000E+00
   7.200474901000000E-01   1.039299053800000E+01   1.039299053800000E+01   0.000000000000000E+00  -9.997722773400000E-01   0.000000000000000E+00   0.000000000000000E+00   0.000000000000000E+00
   7.227387004700000E-01   1.043183481500000E+01   1.043183481500000E+01   0.000000000000000E+00  -9.997722773400000E-01   0.000000000000000E+00   0.000000000000000E+00   0.000000000000000E+00
   7.254299108500000E-01   1.047067909100000E+01   1.047067909100000E+01   0.000000000000000E+00  -9.997722773400000E-01   0.000000000000000E+00   0.000000000000000E+00   0.000000000000000E+00
   7.281211212199999E-01   1.050952336800000E+01   1.050952336800000E+01   0.000000000000000E+00  -9.997722773400000E-01   0.000000000000000E+00   0.000000000000000E+00   0.000000000000000E+00
   7.302002331800000E-01   1.053953276500000E+01   1.053953276500000E+01   0.000000000000000E+00  -9.997722773400000E-01   0.000000000000000E+00   0.000000000000000E+00   0.000000000000000E+00
   7.322793451400000E-01   1.056954216200000E+01   1.056954216200000E+01   0.000000000000000E+00  -9.997722773400000E-01   0.000000000000000E+00   0.000000000000000E+00   0.000000000000000E+00
   7.343584570900000E-01   1.059955155900000E+01   1.059955155900000E+01   0.000000000000000E+00  -9.997722773400000E-01   0.000000000000000E+00   0.000000000000000E+00   0.000000000000000E+00
   7.364375690500000E-01   1.062956095600000E+01   1.062956095600000E+01   0.000000000000000E+00  -9.997722773400000E-01   0.000000000000000E+00   0.000000000000000E+00   0.000000000000000E+00
   7.385898033000000E-01   1.066062578200000E+01   1.066062578200000E+01   0.000000000000000E+00  -9.997722773400000E-01   0.000000000000000E+00   0.000000000000000E+00   0.000000000000000E+00
   7.407420375600000E-01   1.069169060800000E+01   1.069169060800000E+01   0.000000000000000E+00  -9.997722773400000E-01   0.000000000000000E+00   0.000000000000000E+00   0.000000000000000E+00
   7.428942718100000E-01   1.072275543500000E+01   1.072275543500000E+01   0.000000000000000E+00  -9.997722773400000E-01   0.000000000000000E+00   0.000000000000000E+00   0.000000000000000E+00
   7.450465060600000E-01   1.075382026100000E+01   1.075382026100000E+01   0.000000000000000E+00  -9.997722773400000E-01   0.000000000000000E+00   0.000000000000000E+00   0.000000000000000E+00
   7.475519910300000E-01   1.078998382200000E+01   1.078998382200000E+01   0.000000000000000E+00  -9.997722773400000E-01   0.000000000000000E+00   0.000000000000000E+00   0.000000000000000E+00
   7.500574759999999E-01   1.082614738400000E+01   1.082614738400000E+01   0.000000000000000E+00  -9.997722773400000E-01   0.000000000000000E+00   0.000000000000000E+00   0.000000000000000E+00
   7.525629609700000E-01   1.086231094500000E+01   1.086231094500000E+01   0.000000000000000E+00  -9.997722773400000E-01   0.000000000000000E+00   0.000000000000000E+00   0.000000000000000E+00
   7.550684459400000E-01   1.089847450600000E+01   1.089847450600000E+01   0.000000000000000E+00  -9.997722773400000E-01   0.000000000000000E+00   0.000000000000000E+00   0.000000000000000E+00
   7.581825009099999E-01   1.094342201900000E+01   1.094342201900000E+01   0.000000000000000E+00  -9.997722773400000E-01   0.000000000000000E+00   0.000000000000000E+00   0.000000000000000E+00
   7.612965558700000E-01   1.098836953200000E+01   1.098836953200000E+01   0.000000000000000E+00  -9.997722773400000E-01   0.000000000000000E+00   0.000000000000000E+00   0.000000000000000E+00
   7.644106108399999E-01   1.103331704500000E+01   1.103331704500000E+01   0.000000000000000E+00  -9.997722773400000E-01   0.000000000000000E+00   0.000000000000000E+00   0.000000000000000E+00
   7.675246658000000E-01   1.107826455800000E+01   1.107826455800000E+01   0.000000000000000E+00  -9.997722773400000E-01   0.000000000000000E+00   0.000000000000000E+00   0.000000000000000E+00
   7.704476187000000E-01   1.112045375000000E+01   1.112045375000000E+01   0.000000000000000E+00  -9.997722773400000E-01   0.000000000000000E+00   0.000000000000000E+00   0.000000000000000E+00
   7.733705715900000E-01   1.116264294200000E+01   1.116264294200000E+01   0.000000000000000E+00  -9.997722773400000E-01   0.000000000000000E+00   0.000000000000000E+00   0.000000000000000E+00
   7.762935244900000E-01   1.120483213400000E+01   1.120483213400000E+01   0.000000000000000E+00  -9.997722773400000E-01   0.000000000000000E+00   0.000000000000000E+00   0.000000000000000E+00
   7.792164773800000E-01   1.124702132500000E+01   1.124702132500000E+01   0.000000000000000E+00  -9.997722773400000E-01   0.000000000000000E+00   0.000000000000000E+00   0.000000000000000E+00
   7.822517606600000E-01   1.129083186700000E+01   1.129083186700000E+01   0.000000000000000E+00  -9.997722773400000E-01   0.000000000000000E+00   0.000000000000000E+00   0.000000000000000E+00
   7.852870439300000E-01   1.133464240800000E+01   1.133464240800000E+01   0.000000000000000E+00  -9.997722773400000E-01   0.000000000000000E+00   0.000000000000000E+00   0.000000000000000E+00
   7.883223272000000E-01   1.137845294900000E+01   1.137845294900000E+01   0.000000000000000E+00  -9.997722773400000E-01   0.000000000000000E+00   0.000000000000000E+00   0.000000000000000E+00
   7.913576104700000E-01   1.142226349100000E+01   1.142226349100000E+01   0.000000000000000E+00  -9.997722773400000E-01   0.000000000000000E+00   0.000000000000000E+00   0.000000000000000E+00
   7.937546273700000E-01   1.145686145000000E+01   1.145686145000000E+01   0.000000000000000E+00  -9.997722773400000E-01   0.000000000000000E+00   0.000000000000000E+00   0.000000000000000E+00
   7.961516442600000E-01   1.149145941000000E+01   1.149145941000000E+01   0.000000000000000E+00  -9.997722773400000E-01   0.000000000000000E+00   0.000000000000000E+00   0.000000000000000E+00
   7.985486611600000E-01   1.152605736900000E+01   1.152605736900000E+01   0.000000000000000E+00  -9.997722773400000E-01   0.000000000000000E+00   0.000000000000000E+00   0.000000000000000E+00
   8.009456780600001E-01   1.156065532900000E+01   1.156065532900000E+01   0.000000000000000E+00  -9.997722773400000E-01   0.000000000000000E+00   0.000000000000000E+00   0.000000000000000E+00
   8.035301695500000E-01   1.159795925100000E+01   1.159795925100000E+01   0.000000000000000E+00  -9.997722773400000E-01   0.000000000000000E+00   0.000000000000000E+00   0.000000000000000E+00
   8.061146610400000E-01   1.163526317400000E+01   1.163526317400000E+01   0.000000000000000E+00  -9.997722773400000E-01   0.000000000000000E+00   0.000000000000000E+00   0.000000000000000E+00
   8.086991525300000E-01   1.167256709600000E+01   1.167256709600000E+01   0.000000000000000E+00  -9.997722773400000E-01   0.000000000000000E+00   0.000000000000000E+00   0.000000000000000E+00
   8.112836440200000E-01   1.170987101800000E+01   1.170987101800000E+01   0.000000000000000E+00  -9.997722773400000E-01   0.000000000000000E+00   0.000000000000000E+00   0.000000000000000E+00
   8.132533048900000E-01   1.173830062500000E+01   1.173830062500000E+01   0.000000000000000E+00  -9.997722773400000E-01   0.000000000000000E+00   0.000000000000000E+00   0.000000000000000E+00
   8.152229657600000E-01   1.176673023100000E+01   1.176673023100000E+01   0.000000000000000E+00  -9.997722773400000E-01   0.000000000000000E+00   0.000000000000000E+00   0.000000000000000E+00
   8.171926266300000E-01   1.179515983700000E+01   1.179515983700000E+01   0.000000000000000E+00  -9.997722773400000E-01   0.000000000000000E+00   0.000000000000000E+00   0.000000000000000E+00
   8.191622875000000E-01   1.182358944400000E+01   1.182358944400000E+01   0.000000000000000E+00  -9.997722773400000E-01   0.000000000000000E+00   0.000000000000000E+00   0.000000000000000E+00
   8.212661832700000E-01   1.185395656400000E+01   1.185395656400000E+01   0.000000000000000E+00  -9.997722773400000E-01   0.000000000000000E+00   0.000000000000000E+00   0.000000000000000E+00
   8.233700790400000E-01   1.188432368500000E+01   1.188432368500000E+01   0.000000000000000E+00  -9.997722773400000E-01   0.000000000000000E+00   0.000000000000000E+00   0.000000000000000E+00
   8.254739748100000E-01   1.191469080500000E+01   1.191469080500000E+01   0.000000000000000E+00  -9.997722773400000E-01   0.000000000000000E+00   0.000000000000000E+00   0.000000000000000E+00
   8.275778705800000E-01   1.194505792600000E+01   1.194505792600000E+01   0.000000000000000E+00  -9.997722773400000E-01   0.000000000000000E+00   0.000000000000000E+00   0.000000000000000E+00
   8.298531018600001E-01   1.197789806100000E+01   1.197789806100000E+01   0.000000000000000E+00  -9.997722773400000E-01   0.000000000000000E+00   0.000000000000000E+00   0.000000000000000E+00
   8.321283331400000E-01   1.201073819700000E+01   1.201073819700000E+01   0.000000000000000E+00  -9.997722773400000E-01   0.000000000000000E+00   0.000000000000000E+00   0.000000000000000E+00
   8.344035644300000E-01   1.204357833200000E+01   1.204357833200000E+01   0.000000000000000E+00  -9.997722773400000E-01   0.000000000000000E+00   0.000000000000000E+00   0.000000000000000E+00
   8.366787957100000E-01   1.207641846800000E+01   1.207641846800000E+01   0.000000000000000E+00  -9.997722773400000E-01   0.000000000000000E+00   0.000000000000000E+00   0.000000000000000E+00
   8.388503022900000E-01   1.210776146600000E+01   1.210776146600000E+01   0.000000000000000E+00  -9.997722773400000E-01   0.000000000000000E+00   0.000000000000000E+00   0.000000000000000E+00
   8.410218088700000E-01   1.213910446500000E+01   1.213910446500000E+01   0.000000000000000E+00  -9.997722773400000E-01   0.000000000000000E+00   0.000000000000000E+00   0.000000000000000E+00
   8.431933154500000E-01   1.217044746300000E+01   1.217044746300000E+01   0.000000000000000E+00  -9.997722773400000E-01   0.000000000000000E+00   0.000000000000000E+00   0.000000000000000E+00
   8.453648220300000E-01   1.220179046100000E+01   1.220179046100000E+01   0.000000000000000E+00  -9.997722773400000E-01   0.000000000000000E+00   0.000000000000000E+00   0.000000000000000E+00
   8.473439464900000E-01   1.223035666300000E+01   1.223035666300000E+01   0.000000000000000E+00  -9.997722773400000E-01   0.000000000000000E+00   0.000000000000000E+00   0.000000000000000E+00
   8.493230709500000E-01   1.225892286500000E+01   1.225892286500000E+01   0.000000000000000E+00  -9.997722773400000E-01   0.000000000000000E+00   0.000000000000000E+00   0.000000000000000E+00
   8.513021954100000E-01   1.228748906600000E+01   1.228748906600000E+01   0.000000000000000E+00  -9.997722773400000E-01   0.000000000000000E+00   0.000000000000000E+00   0.000000000000000E+00
   8.532813198700000E-01   1.231605526800000E+01   1.231605526800000E+01   0.000000000000000E+00  -9.997722773400000E-01   0.000000000000000E+00   0.000000000000000E+00   0.000000000000000E+00
   8.558957444100000E-01   1.235379123700000E+01   1.235379123700000E+01   0.000000000000000E+00  -9.997722773400000E-01   0.000000000000000E+00   0.000000000000000E+00   0.000000000000000E+00
   8.585101689500000E-01   1.239152720500000E+01   1.239152720500000E+01   0.000000000000000E+00  -9.997722773400000E-01   0.000000000000000E+00   0.000000000000000E+00   0.000000000000000E+00
   8.611245934900000E-01   1.242926317400000E+01   1.242926317400000E+01   0.000000000000000E+00  -9.997722773400000E-01   0.000000000000000E+00   0.000000000000000E+00   0.000000000000000E+00
   8.637390180200000E-01   1.246699914200000E+01   1.246699914200000E+01   0.000000000000000E+00  -9.997722773400000E-01   0.000000000000000E+00   0.000000000000000E+00   0.000000000000000E+00
   8.658461474200000E-01   1.249741293600000E+01   1.249741293600000E+01   0.000000000000000E+00  -9.997722773400000E-01   0.000000000000000E+00   0.000000000000000E+00   0.000000000000000E+00
   8.679532768200000E-01   1.252782673000000E+01   1.252782673000000E+01   0.000000000000000E+00  -9.997722773400000E-01   0.000000000000000E+00   0.000000000000000E+00   0.000000000000000E+00
   8.700604062200000E-01   1.255824052400000E+01   1.255824052400000E+01   0.000000000000000E+00  -9.997722773400000E-01   0.000000000000000E+00   0.000000000000000E+00   0.000000000000000E+00
   8.721675356200000E-01   1.258865431800000E+01   1.258865431800000E+01   0.000000000000000E+00  -9.997722773400000E-01   0.000000000000000E+00   0.000000000000000E+00   0.000000000000000E+00
   8.744224347000000E-01   1.262120098300000E+01   1.262120098300000E+01   0.000000000000000E+00  -9.997722773400000E-01   0.000000000000000E+00   0.000000000000000E+00   0.000000000000000E+00
   8.766773337700000E-01   1.265374764900000E+01   1.265374764900000E+01   0.000000000000000E+00  -9.997722773400000E-01   0.000000000000000E+00   0.000000000000000E+00   0.000000000000000E+00
   8.789322328400000E-01   1.268629431400000E+01   1.268629431400000E+01   0.000000000000000E+00  -9.997722773400000E-01   0.000000000000000E+00   0.000000000000000E+00   0.000000000000000E+00
   8.811871319200000E-01   1.271884097900000E+01   1.271884097900000E+01   0.000000000000000E+00  -9.997722773400000E-01   0.000000000000000E+00   0.000000000000000E+00   0.000000000000000E+00
   8.833676851700000E-01   1.275031455500000E+01   1.275031455500000E+01   0.000000000000000E+00  -9.997722773400000E-01   0.000000000000000E+00   0.000000000000000E+00   0.000000000000000E+00
   8.855482384100000E-01   1.278178813100000E+01   1.278178813100000E+01   0.000000000000000E+00  -9.997722773400000E-01   0.000000000000000E+00   0.000000000000000E+00   0.000000000000000E+00
   8.877287916600000E-01   1.281326170700000E+01   1.281326170700000E+01   0.000000000000000E+00  -9.997722773400000E-01   0.000000000000000E+00   0.000000000000000E+00   0.000000000000000E+00
   8.899093449100000E-01   1.284473528300000E+01   1.284473528300000E+01   0.000000000000000E+00  -9.997722773400000E-01   0.000000000000000E+00   0.000000000000000E+00   0.000000000000000E+00
   8.919619933200000E-01   1.287436271100000E+01   1.287436271100000E+01   0.000000000000000E+00  -9.997722773400000E-01   0.000000000000000E+00   0.000000000000000E+00   0.000000000000000E+00
   8.940146417400000E-01   1.290399014000000E+01   1.290399014000000E+01   0.000000000000000E+00  -9.997722773400000E-01   0.000000000000000E+00   0.000000000000000E+00   0.000000000000000E+00
   8.960672901600000E-01   1.293361756800000E+01   1.293361756800000E+01   0.000000000000000E+00  -9.997722773400000E-01   0.000000000000000E+00   0.000000000000000E+00   0.000000000000000E+00
   8.981199385700001E-01   1.296324499700000E+01   1.296324499700000E+01   0.000000000000000E+00  -9.997722773400000E-01   0.000000000000000E+00   0.000000000000000E+00   0.000000000000000E+00
   9.001255950100000E-01   1.299219415500000E+01   1.299219415500000E+01   0.000000000000000E+00  -9.997722773400000E-01   0.000000000000000E+00   0.000000000000000E+00   0.000000000000000E+00
   9.021312514399999E-01   1.302114331200000E+01   1.302114331200000E+01   0.000000000000000E+00  -9.997722773400000E-01   0.000000000000000E+00   0.000000000000000E+00   0.000000000000000E+00
   9.041369078700000E-01   1.305009247000000E+01   1.305009247000000E+01   0.000000000000000E+00  -9.997722773400000E-01   0.000000000000000E+00   0.000000000000000E+00   0.000000000000000E+00
   9.061425643100000E-01   1.307904162800000E+01   1.307904162800000E+01   0.000000000000000E+00  -9.997722773400000E-01   0.000000000000000E+00   0.000000000000000E+00   0.000000000000000E+00
   9.082230386500000E-01   1.310907068900000E+01   1.310907068900000E+01   0.000000000000000E+00  -9.997722773400000E-01   0.000000000000000E+00   0.000000000000000E+00   0.000000000000000E+00
   9.103035130000000E-01   1.313909975000000E+01   1.313909975000000E+01   0.000000000000000E+00  -9.997722773400000E-01   0.000000000000000E+00   0.000000000000000E+00   0.000000000000000E+00
   9.123839873400000E-01   1.316912881100000E+01   1.316912881100000E+01   0.000000000000000E+00  -9.997722773400000E-01   0.000000000000000E+00   0.000000000000000E+00   0.000000000000000E+00
   9.144644616900000E-01   1.319915787300000E+01   1.319915787300000E+01   0.000000000000000E+00  -9.997722773400000E-01   0.000000000000000E+00   0.000000000000000E+00   0.000000000000000E+00
   9.163238556700000E-01   1.322599591400000E+01   1.322599591400000E+01   0.000000000000000E+00  -9.997722773400000E-01   0.000000000000000E+00   0.000000000000000E+00   0.000000000000000E+00
   9.181832496500000E-01   1.325283395500000E+01   1.325283395500000E+01   0.000000000000000E+00  -9.997722773400000E-01   0.000000000000000E+00   0.000000000000000E+00   0.000000000000000E+00
   9.200426436300000E-01   1.327967199600000E+01   1.327967199600000E+01   0.000000000000000E+00  -9.997722773400000E-01   0.000000000000000E+00   0.000000000000000E+00   0.000000000000000E+00
   9.219020376200000E-01   1.330651003700000E+01   1.330651003700000E+01   0.000000000000000E+00  -9.997722773400000E-01   0.000000000000000E+00   0.000000000000000E+00   0.000000000000000E+00
   9.239358168700000E-01   1.333586511200000E+01   1.333586511200000E+01   0.000000000000000E+00  -9.997722773400000E-01   0.000000000000000E+00   0.000000000000000E+00   0.000000000000000E+00
   9.259695961200000E-01   1.336522018800000E+01   1.336522018800000E+01   0.000000000000000E+00  -9.997722773400000E-01   0.000000000000000E+00   0.000000000000000E+00   0.000000000000000E+00
   9.280033753700000E-01   1.339457526300000E+01   1.339457526300000E+01   0.000000000000000E+00  -9.997722773400000E-01   0.000000000000000E+00   0.000000000000000E+00   0.000000000000000E+00
   9.300371546200000E-01   1.342393033900000E+01   1.342393033900000E+01   0.000000000000000E+00  -9.997722773400000E-01   0.000000000000000E+00   0.000000000000000E+00   0.000000000000000E+00
   9.320484793100000E-01   1.345296131100000E+01   1.345296131100000E+01   0.000000000000000E+00  -9.997722773400000E-01   0.000000000000000E+00   0.000000000000000E+00   0.000000000000000E+00
   9.340598039900000E-01   1.348199228300000E+01   1.348199228300000E+01   0.000000000000000E+00  -9.997722773400000E-01   0.000000000000000E+00   0.000000000000000E+00   0.000000000000000E+00
   9.360711286800000E-01   1.351102325500000E+01   1.351102325500000E+01   0.000000000000000E+00  -9.997722773400000E-01   0.000000000000000E+00   0.000000000000000E+00   0.000000000000000E+00
   9.380824533700000E-01   1.354005422700000E+01   1.354005422700000E+01   0.000000000000000E+00  -9.997722773400000E-01   0.000000000000000E+00   0.000000000000000E+00   0.000000000000000E+00
   9.400503946800000E-01   1.356845901300000E+01   1.356845901300000E+01   0.000000000000000E+00  -9.997722773400000E-01   0.000000000000000E+00   0.000000000000000E+00   0.000000000000000E+00
   9.420183359900000E-01   1.359686380000000E+01   1.359686380000000E+01   0.000000000000000E+00  -9.997722773400000E-01   0.000000000000000E+00   0.000000000000000E+00   0.000000000000000E+00
   9.439862773100000E-01   1.362526858700000E+01   1.362526858700000E+01   0.000000000000000E+00  -9.997722773400000E-01   0.000000000000000E+00   0.000000000000000E+00   0.000000000000000E+00
   9.459542186200000E-01   1.365367337400000E+01   1.365367337400000E+01   0.000000000000000E+00  -9.997722773400000E-01   0.000000000000000E+00   0.000000000000000E+00   0.000000000000000E+00
   9.481958276000000E-01   1.368602821300000E+01   1.368602821300000E+01   0.000000000000000E+00  -9.997722773400000E-01   0.000000000000000E+00   0.000000000000000E+00   0.000000000000000E+00
   9.504374365800000E-01   1.371838305300000E+01   1.371838305300000E+01   0.000000000000000E+00  -9.997722773400000E-01   0.000000000000000E+00   0.000000000000000E+00   0.000000000000000E+00
   9.526790455700000E-01   1.375073789200000E+01   1.375073789200000E+01   0.000000000000000E+00  -9.997722773400000E-01   0.000000000000000E+00   0.000000000000000E+00   0.000000000000000E+00
   9.549206545500000E-01   1.378309273200000E+01   1.378309273200000E+01   0.000000000000000E+00  -9.997722773400000E-01   0.000000000000000E+00   0.000000000000000E+00   0.000000000000000E+00
   9.570485011500000E-01   1.381380555300000E+01   1.381380555300000E+01   0.000000000000000E+00  -9.997722773400000E-01   0.000000000000000E+00   0.000000000000000E+00   0.000000000000000E+00
   9.591763477500000E-01   1.384451837300000E+01   1.384451837300000E+01   0.000000000000000E+00  -9.997722773400000E-01   0.000000000000000E+00   0.000000000000000E+00   0.000000000000000E+00
   9.613041943400000E-01   1.387523119400000E+01   1.387523119400000E+01   0.000000000000000E+00  -9.997722773400000E-01   0.000000000000000E+00   0.000000000000000E+00   0.000000000000000E+00
   9.634320409400000E-01   1.390594401500000E+01   1.390594401500000E+01   0.000000000000000E+00  -9.997722773400000E-01   0.000000000000000E+00   0.000000000000000E+00   0.000000000000000E+00
   9.657206546800000E-01   1.393897731000000E+01   1.393897731000000E+01   0.000000000000000E+00  -9.997722773400000E-01   0.000000000000000E+00   0.000000000000000E+00   0.000000000000000E+00
   9.680092684200000E-01   1.397201060400000E+01   1.397201060400000E+01   0.000000000000000E+00  -9.997722773400000E-01   0.000000000000000E+00   0.000000000000000E+00   0.000000000000000E+00
   9.702978821600000E-01   1.400504389900000E+01   1.400504389900000E+01   0.000000000000000E+00  -9.997722773400000E-01   0.000000000000000E+00   0.000000000000000E+00   0.000000000000000E+00
   9.725864958900000E-01   1.403807719400000E+01   1.403807719400000E+01   0.000000000000000E+00  -9.997722773400000E-01   0.000000000000000E+00   0.000000000000000E+00   0.000000000000000E+00
   9.748804223100000E-01   1.407118717000000E+01   1.407118717000000E+01   0.000000000000000E+00  -9.997722773400000E-01   0.000000000000000E+00   0.000000000000000E+00   0.000000000000000E+00
   9.771743487200000E-01   1.410429714700000E+01   1.410429714700000E+01   0.000000000000000E+00  -9.997722773400000E-01   0.000000000000000E+00   0.000000000000000E+00   0.000000000000000E+00
   9.794682751400000E-01   1.413740712300000E+01   1.413740712300000E+01   0.000000000000000E+00  -9.997722773400000E-01   0.000000000000000E+00   0.000000000000000E+00   0.000000000000000E+00
   9.817622015500000E-01   1.417051710000000E+01   1.417051710000000E+01   0.000000000000000E+00  -9.997722773400000E-01   0.000000000000000E+00   0.000000000000000E+00   0.000000000000000E+00
   9.840418299200000E-01   1.420342070200000E+01   1.420342070200000E+01   0.000000000000000E+00  -9.997722773400000E-01   0.000000000000000E+00   0.000000000000000E+00   0.000000000000000E+00
   9.863214583000000E-01   1.423632430400000E+01   1.423632430400000E+01   0.000000000000000E+00  -9.997722773400000E-01   0.000000000000000E+00   0.000000000000000E+00   0.000000000000000E+00
   9.886010866700000E-01   1.426922790600000E+01   1.426922790600000E+01   0.000000000000000E+00  -9.997722773400000E-01   0.000000000000000E+00   0.000000000000000E+00   0.000000000000000E+00
   9.908807150400000E-01   1.430213150800000E+01   1.430213150800000E+01   0.000000000000000E+00  -9.997722773400000E-01   0.000000000000000E+00   0.000000000000000E+00   0.000000000000000E+00
   9.931605362800000E-01   1.433503789400000E+01   1.433503789400000E+01   0.000000000000000E+00  -9.997722773400000E-01   0.000000000000000E+00   0.000000000000000E+00   0.000000000000000E+00
   9.954403575200000E-01   1.436794428000000E+01   1.436794428000000E+01   0.000000000000000E+00  -9.997722773400000E-01   0.000000000000000E+00   0.000000000000000E+00   0.000000000000000E+00
   9.977201787600000E-01   1.440085066600000E+01   1.440085066600000E+01   0.000000000000000E+00  -9.997722773400000E-01   0.000000000000000E+00   0.000000000000000E+00   0.000000000000000E+00
   1.000000000000000E+00   1.443375705200000E+01   1.443375705200000E+01   0.000000000000000E+00  -9.997722773400000E-01   0.000000000000000E+00   0.000000000000000E+00   0.000000000000000E+00
