   0.000000000000000E+00  -1.879069457500000E-30   0.000000000000000E+00   0.000000000000000E+00  -9.751468209800001E-01   0.000000000000000E+00   0.000000000000000E+00   0.000000000000000E+00
   2.324959250000000E-02   3.355789697100000E-01   3.355789697100000E-01   0.000000000000000E+00  -9.751468209800001E-01   0.000000000000000E+00   0.000000000000000E+00   0.000000000000000E+00
   4.649918500100000E-02   6.711579394200000E-01   6.711579394200000E-01   0.000000000000000E+00  -9.751468209800001E-01   0.000000000000000E+00   0.000000000000000E+00   0.000000000000000E+00
   6.974877750100000E-02   1.006736909100000E+00   1.006736909100000E+00   0.000000000000000E+00  -9.751468209800001E-01   0.000000000000000E+00   0.000000000000000E+00   0.000000000000000E+00
   9.299837000100000E-02   1.342315878800000E+00   1.342315878800000E+00   0.000000000000000E+00  -9.751468209800001E-01   0.000000000000000E+00   0.000000000000000E+00   0.000000000000000E+00
   1.111557096800000E-01   1.604394508400000E+00   1.604394508400000E+00   0.000000000000000E+00  -9.751468209800001E-01   0.000000000000000E+00   0.000000000000000E+00   0.000000000000000E+00
   1.293130493500000E-01   1.866473138000000E+00   1.866473138000000E+00   0.000000000000000E+00  -9.751468209800001E-01   0.000000000000000E+00   0.000000000000000E+00   0.000000000000000E+00
   1.474703890300000E-01   2.128551767600000E+00   2.128551767600000E+00   0.000000000000000E+00  -9.751468209800001E-01   0.000000000000000E+00   0.000000000000000E+00   0.000000000000000E+00
   1.656277287100000E-01   2.390630397200000E+00   2.390630397200000E+00   0.000000000000000E+00  -9.751468209800001E-01   0.000000000000000E+00   0.000000000000000E+00   0.000000000000000E+00
   1.804872500600000E-01   2.605109118400000E+00   2.605109118400000E+00   0.000000000000000E+00  -9.751468209800001E-01   0.000000000000000E+00   0.000000000000000E+00   0.000000000000000E+00
   1.953467714200000E-01   2.819587839500000E+00   2.819587839500000E+00   0.000000000000000E+00  -9.751468209800001E-01   0.000000000000000E+00   0.000000000000000E+00   0.000000000000000E+00
   2.102062927700000E-01   3.034066560600000E+00   3.034066560600000E+00   0.000000000000000E+00  -9.751468209800001E-01   0.000000000000000E+00   0.000000000000000E+00   0.000000000000000E+00
   2.250658141300000E-01   3.248545281800000E+00   3.248545281800000E+00   0.000000000000000E+00  -9.751468209800001E-01   0.000000000000000E+00   0.000000000000000E+00   0.000000000000000E+00
   2.374343549500000E-01   3.427069795200000E+00   3.427069795200000E+00   0.000000000000000E+00  -9.751468209800001E-01   0.000000000000000E+00   0.000000000000000E+00   0.000000000000000E+00
   2.498028957800000E-01   3.605594308500000E+00   3.605594308500000E+00   0.000000000000000E+00  -9.751468209800001E-01   0.000000000000000E+00   0.000000000000000E+00   0.000000000000000E+00
   2.621714366000000E-01   3.784118821900000E+00   3.784118821900000E+00   0.000000000000000E+00  -9.751468209800001E-01   0.000000000000000E+00   0.000000000000000E+00   0.000000000000000E+00
   2.745399774300000E-01   3.962643335300000E+00   3.962643335300000E+00   0.000000000000000E+00  -9.751468209800001E-01   0.000000000000000E+00   0.000000000000000E+00   0.000000000000000E+00
   2.861592663300000E-01   4.130353328400000E+00   4.130353328400000E+00   0.000000000000000E+00  -9.751468209800001E-01   0.000000000000000E+00   0.000000000000000E+00   0.000000000000000E+00
   2.977785552300000E-01   4.298063321500000E+00   4.298063321500000E+00   0.000000000000000E+00  -9.751468209800001E-01   0.000000000000000E+00   0.000000000000000E+00   0.000000000000000E+00
   3.093978441300000E-01   4.465773314600000E+00   4.465773314600000E+00   0.000000000000000E+00  -9.751468209800001E-01   0.000000000000000E+00   0.000000000000000E+00   0.000000000000000E+00
   3.210171330300000E-01   4.633483307700000E+00   4.633483307700000E+00   0.000000000000000E+00  -9.751468209800001E-01   0.000000000000000E+00   0.000000000000000E+00   0.000000000000000E+00
   3.344389517400000E-01   4.827210578100000E+00   4.827210578100000E+00   0.000000000000000E+00  -9.751468209800001E-01   0.000000000000000E+00   0.000000000000000E+00   0.000000000000000E+00
   3.478607704500000E-01   5.020937848600000E+00   5.020937848600000E+00   0.000000000000000E+00  -9.751468209800001E-01   0.000000000000000E+00   0.000000000000000E+00   0.000000000000000E+00
   3.612825891600000E-01   5.214665119000000E+00   5.214665119000000E+00   0.000000000000000E+00  -9.751468209800001E-01   0.000000000000000E+00   0.000000000000000E+00   0.000000000000000E+00
   3.747044078700000E-01   5.408392389500000E+00   5.408392389500000E+00   0.000000000000000E+00  -9.751468209800001E-01   0.000000000000000E+00   0.000000000000000E+00   0.000000000000000E+00
   3.802820831300000E-01   5.488899199200000E+00   5.488899199200000E+00   0.000000000000000E+00  -9.751468209800001E-01   0.000000000000000E+00   0.000000000000000E+00   0.000000000000000E+00
   3.858597584000000E-01   5.569406008800000E+00   5.569406008800000E+00   0.000000000000000E+00  -9.751468209800001E-01   0.000000000000000E+00   0.000000000000000E+00   0.000000000000000E+00
   3.914374336600000E-01   5.649912818500000E+00   5.649912818500000E+00   0.000000000000000E+00  -9.751468209800001E-01   0.000000000000000E+00   0.000000000000000E+00   0.000000000000000E+00
   3.970151089200000E-01   5.730419628200000E+00   5.730419628200000E+00   0.000000000000000E+00  -9.751468209800001E-01   0.000000000000000E+00   0.000000000000000E+00   0.000000000000000E+00
   4.016927648300000E-01   5.797935777100000E+00   5.797935777100000E+00   0.000000000000000E+00  -9.751468209800001E-01   0.000000000000000E+00   0.000000000000000E+00   0.000000000000000E+00
   4.063704207300000E-01   5.865451926000000E+00   5.865451926000000E+00   0.000000000000000E+00  -9.751468209800001E-01   0.000000000000000E+00   0.000000000000000E+00   0.000000000000000E+00
   4.110480766400000E-01   5.932968074800000E+00   5.932968074800000E+00   0.000000000000000E+00  -9.751468209800001E-01   0.000000000000000E+00   0.000000000000000E+00   0.000000000000000E+00
   4.157257325400000E-01   6.000484223700000E+00   6.000484223700000E+00   0.000000000000000E+00  -9.751468209800001E-01   0.000000000000000E+00   0.000000000000000E+00   0.000000000000000E+00
   4.197549489300000E-01   6.058640954200000E+00   6.058640954200000E+00   0.000000000000000E+00  -9.751468209800001E-01   0.000000000000000E+00   0.000000000000000E+00   0.000000000000000E+00
   4.237841653200000E-01   6.116797684800000E+00   6.116797684800000E+00   0.000000000000000E+00  -9.751468209800001E-01   0.000000000000000E+00   0.000000000000000E+00   0.000000000000000E+00
   4.278133817200000E-01   6.174954415300000E+00   6.174954415300000E+00   0.000000000000000E+00  -9.751468209800001E-01   0.000000000000000E+00   0.000000000000000E+00   0.000000000000000E+00
   4.318425981100000E-01   6.233111145800000E+00   6.233111145800000E+00   0.000000000000000E+00  -9.751468209800001E-01   0.000000000000000E+00   0.000000000000000E+00   0.000000000000000E+00
   4.365724047900000E-01   6.301380026400000E+00   6.301380026400000E+00   0.000000000000000E+00  -9.751468209800001E-01   0.000000000000000E+00   0.000000000000000E+00   0.000000000000000E+00
   4.413022114800000E-01   6.369648907000000E+00   6.369648907000000E+00   0.000000000000000E+00  -9.751468209800001E-01   0.000000000000000E+00   0.000000000000000E+00   0.000000000000000E+00
   4.460320181600000E-01   6.437917787600000E+00   6.437917787600000E+00   0.000000000000000E+00  -9.751468209800001E-01   0.000000000000000E+00   0.000000000000000E+00   0.000000000000000E+00
   4.507618248500000E-01   6.506186668200000E+00   6.506186668200000E+00   0.000000000000000E+00  -9.751468209800001E-01   0.000000000000000E+00   0.000000000000000E+00   0.000000000000000E+00
   4.545365287600000E-01   6.560669827400000E+00   6.560669827400000E+00   0.000000000000000E+00  -9.751468209800001E-01   0.000000000000000E+00   0.000000000000000E+00   0.000000000000000E+00
   4.583112326800000E-01   6.615152986700000E+00   6.615152986700000E+00   0.000000000000000E+00  -9.751468209800001E-01   0.000000000000000E+00   0.000000000000000E+00   0.000000000000000E+00
   4.620859366000000E-01   6.669636146000000E+00   6.669636146000000E+00   0.000000000000000E+00  -9.751468209800001E-01   0.000000000000000E+00   0.000000000000000E+00   0.000000000000000E+00
   4.658606405100000E-01   6.724119305300000E+00   6.724119305300000E+00   0.000000000000000E+00  -9.751468209800001E-01   0.000000000000000E+00   0.000000000000000E+00   0.000000000000000E+00
   4.697069788600000E-01   6.779636418500000E+00   6.779636418500000E+00   0.000000000000000E+00  -9.751468209800001E-01   0.000000000000000E+00   0.000000000000000E+00   0.000000000000000E+00
   4.735533172100000E-01   6.835153531800000E+00   6.835153531800000E+00   0.000000000000000E+00  -9.751468209800001E-01   0.000000000000000E+00   0.000000000000000E+00   0.000000000000000E+00
   4.773996555600000E-01   6.890670645100000E+00   6.890670645100000E+00   0.000000000000000E+00  -9.751468209800001E-01   0.000000000000000E+00   0.000000000000000E+00   0.000000000000000E+00
   4.812459939100000E-01   6.946187758400000E+00   6.946187758400000E+00   0.000000000000000E+00  -9.751468209800001E-01   0.000000000000000E+00   0.000000000000000E+00   0.000000000000000E+00
   4.843057438100000E-01   6.990351445000000E+00   6.990351445000000E+00   0.000000000000000E+00  -9.751468209800001E-01   0.000000000000000E+00   0.000000000000000E+00   0.000000000000000E+00
   4.873654937100000E-01   7.034515131700000E+00   7.034515131700000E+00   0.000000000000000E+00  -9.751468209800001E-01   0.000000000000000E+00   0.000000000000000E+00   0.000000000000000E+00
   4.904252436000000E-01   7.078678818300000E+00   7.078678818300000E+00   0.000000000000000E+00  -9.751468209800001E-01   0.000000000000000E+00   0.000000000000000E+00   0.000000000000000E+00
   4.934849935000000E-01   7.122842504900000E+00   7.122842504900000E+00   0.000000000000000E+00  -9.751468209800001E-01   0.000000000000000E+00   0.000000000000000E+00   0.000000000000000E+00
   4.966400547100000E-01   7.168381891900000E+00   7.168381891900000E+00   0.000000000000000E+00  -9.751468209800001E-01   0.000000000000000E+00   0.000000000000000E+00   0.000000000000000E+00
   4.997951159200000E-01   7.213921278900000E+00   7.213921278900000E+00   0.000000000000000E+00  -9.751468209800001E-01   0.000000000000000E+00   0.000000000000000E+00   0.000000000000000E+00
   5.029501771300000E-01   7.259460665900000E+00   7.259460665900000E+00   0.000000000000000E+00  -9.751468209800001E-01   0.000000000000000E+00   0.000000000000000E+00   0.000000000000000E+00
   5.061052383400000E-01   7.305000052900000E+00   7.305000052900000E+00   0.000000000000000E+00  -9.751468209800001E-01   0.000000000000000E+00   0.000000000000000E+00   0.000000000000000E+00
   5.089437081800000E-01   7.345969837000000E+00   7.345969837000000E+00   0.000000000000000E+00  -9.751468209800001E-01   0.000000000000000E+00   0.000000000000000E+00   0.000000000000000E+00
   5.117821780200000E-01   7.386939621100000E+00   7.386939621100000E+00   0.000000000000000E+00  -9.751468209800001E-01   0.000000000000000E+00   0.000000000000000E+00   0.000000000000000E+00
   5.146206478599999E-01   7.427909405100000E+00   7.427909405100000E+00   0.000000000000000E+00  -9.751468209800001E-01   0.000000000000000E+00   0.000000000000000E+00   0.000000000000000E+00
   5.174591177000000E-01   7.468879189200000E+00   7.468879189200000E+00   0.000000000000000E+00  -9.751468209800001E-01   0.000000000000000E+00   0.000000000000000E+00   0.000000000000000E+00
   5.210127921300000E-01   7.520172062600000E+00   7.520172062600000E+00   0.000000000000000E+00  -9.751468209800001E-01   0.000000000000000E+00   0.000000000000000E+00   0.000000000000000E+00
   5.245664665600001E-01   7.571464936000000E+00   7.571464936000000E+00   0.000000000000000E+00  -9.751468209800001E-01   0.000000000000000E+00   0.000000000000000E+00   0.000000000000000E+00
   5.281201409900000E-01   7.622757809400000E+00   7.622757809400000E+00   0.000000000000000E+00  -9.751468209800001E-01   0.000000000000000E+00   0.000000000000000E+00   0.000000000000000E+00
   5.316738154300000E-01   7.674050682800000E+00   7.674050682800000E+00   0.000000000000000E+00  -9.751468209800001E-01   0.000000000000000E+00   0.000000000000000E+00   0.000000000000000E+00
   5.345933291700000E-01   7.716190234900000E+00   7.716190234900000E+00   0.000000000000000E+00  -9.751468209800001E-01   0.000000000000000E+00   0.000000000000000E+00   0.000000000000000E+00
   5.375128429200000E-01   7.758329787100000E+00   7.758329787100000E+00   0.000000000000000E+00  -9.751468209800001E-01   0.000000000000000E+00   0.000000000000000E+00   0.000000000000000E+00
   5.404323566700000E-01   7.800469339300000E+00   7.800469339300000E+00   0.000000000000000E+00  -9.751468209800001E-01   0.000000000000000E+00   0.000000000000000E+00   0.000000000000000E+00
   5.433518704200000E-01   7.842608891400000E+00   7.842608891400000E+00   0.000000000000000E+00  -9.751468209800001E-01   0.000000000000000E+00   0.000000000000000E+00   0.000000000000000E+00
   5.464235174800000E-01   7.886944298800000E+00   7.886944298800000E+00   0.000000000000000E+00  -9.751468209800001E-01   0.000000000000000E+00   0.000000000000000E+00   0.000000000000000E+00
   5.494951645400000E-01   7.931279706300000E+00   7.931279706300000E+00   0.000000000000000E+00  -9.751468209800001E-01   0.000000000000000E+00   0.000000000000000E+00   0.000000000000000E+00
   5.525668116000000E-01   7.975615113700000E+00   7.975615113700000E+00   0.000000000000000E+00  -9.751468209800001E-01   0.000000000000000E+00   0.000000000000000E+00   0.000000000000000E+00
   5.556384586599999E-01   8.019950521100000E+00   8.019950521100000E+00   0.000000000000000E+00  -9.751468209800001E-01   0.000000000000000E+00   0.000000000000000E+00   0.000000000000000E+00
   5.593330416400000E-01   8.073277234200001E+00   8.073277234200001E+00   0.000000000000000E+00  -9.751468209800001E-01   0.000000000000000E+00   0.000000000000000E+00   0.000000000000000E+00
   5.630276246200000E-01   8.126603947300000E+00   8.126603947300000E+00   0.000000000000000E+00  -9.751468209800001E-01   0.000000000000000E+00   0.000000000000000E+00   0.000000000000000E+00
   5.667222076000000E-01   8.179930660500000E+00   8.179930660500000E+00   0.000000000000000E+00  -9.751468209800001E-01   0.000000000000000E+00   0.000000000000000E+00   0.000000000000000E+00
   5.704167905800001E-01   8.233257373600001E+00   8.233257373600001E+00   0.000000000000000E+00  -9.751468209800001E-01   0.000000000000000E+00   0.000000000000000E+00   0.000000000000000E+00
   5.760256800600000E-01   8.314214721700001E+00   8.314214721700001E+00   0.000000000000000E+00  -9.751468209800001E-01   0.000000000000000E+00   0.000000000000000E+00   0.000000000000000E+00
   5.816345695400000E-01   8.395172069799999E+00   8.395172069799999E+00   0.000000000000000E+00  -9.751468209800001E-01   0.000000000000000E+00   0.000000000000000E+00   0.000000000000000E+00
   5.872434590300000E-01   8.476129417999999E+00   8.476129417999999E+00   0.000000000000000E+00  -9.751468209800001E-01   0.000000000000000E+00   0.000000000000000E+00   0.000000000000000E+00
   5.928523485100000E-01   8.557086766099999E+00   8.557086766099999E+00   0.000000000000000E+00  -9.751468209800001E-01   0.000000000000000E+00   0.000000000000000E+00   0.000000000000000E+00
   5.959009279800001E-01   8.601089221600001E+00   8.601089221600001E+00   0.000000000000000E+00  -9.751468209800001E-01   0.000000000000000E+00   0.000000000000000E+00   0.000000000000000E+00
   5.989495074600000E-01   8.645091677000000E+00   8.645091677000000E+00   0.000000000000000E+00  -9.751468209800001E-01   0.000000000000000E+00   0.000000000000000E+00   0.000000000000000E+00
   6.019980869300000E-01   8.689094132499999E+00   8.689094132499999E+00   0.000000000000000E+00  -9.751468209800001E-01   0.000000000000000E+00   0.000000000000000E+00   0.000000000000000E+00
   6.050466664000000E-01   8.733096588000000E+00   8.733096588000000E+00   0.000000000000000E+00  -9.751468209800001E-01   0.000000000000000E+00   0.000000000000000E+00   0.000000000000000E+00
   6.074092899500000E-01   8.767198122300000E+00   8.767198122300000E+00   0.000000000000000E+00  -9.751468209800001E-01   0.000000000000000E+00   0.000000000000000E+00   0.000000000000000E+00
   6.097719135000000E-01   8.801299656599999E+00   8.801299656599999E+00   0.000000000000000E+00  -9.751468209800001E-01   0.000000000000000E+00   0.000000000000000E+00   0.000000000000000E+00
   6.121345370500000E-01   8.835401190900001E+00   8.835401190900001E+00   0.000000000000000E+00  -9.751468209800001E-01   0.000000000000000E+00   0.000000000000000E+00   0.000000000000000E+00
   6.144971606000000E-01   8.869502725300000E+00   8.869502725300000E+00   0.000000000000000E+00  -9.751468209800001E-01   0.000000000000000E+00   0.000000000000000E+00   0.000000000000000E+00
   6.164533361800000E-01   8.897737688299999E+00   8.897737688299999E+00   0.000000000000000E+00  -9.751468209800001E-01   0.000000000000000E+00   0.000000000000000E+00   0.000000000000000E+00
   6.184095117600000E-01   8.925972651300000E+00   8.925972651300000E+00   0.000000000000000E+00  -9.751468209800001E-01   0.000000000000000E+00   0.000000000000000E+00   0.000000000000000E+00
   6.203656873300000E-01   8.954207614400000E+00   8.954207614400000E+00   0.000000000000000E+00  -9.751468209800001E-01   0.000000000000000E+00   0.000000000000000E+00   0.000000000000000E+00
   6.223218629100000E-01   8.982442577400001E+00   8.982442577400001E+00   0.000000000000000E+00  -9.751468209800001E-01   0.000000000000000E+00   0.000000000000000E+00   0.000000000000000E+00
   6.240321714300000E-01   9.007128755000000E+00   9.007128755000000E+00   0.000000000000000E+00  -9.751468209800001E-01   0.000000000000000E+00   0.000000000000000E+00   0.000000000000000E+00
   6.257424799500000E-01   9.031814932700000E+00   9.031814932700000E+00   0.000000000000000E+00  -9.751468209800001E-01   0.000000000000000E+00   0.000000000000000E+00   0.000000000000000E+00
   6.274527884700000E-01   9.056501110299999E+00   9.056501110299999E+00   0.000000000000000E+00  -9.751468209800001E-01   0.000000000000000E+00   0.000000000000000E+00   0.000000000000000E+00
   6.291630969799999E-01   9.081187288000001E+00   9.081187288000001E+00   0.000000000000000E+00  -9.751468209800001E-01   0.000000000000000E+00   0.000000000000000E+00   0.000000000000000E+00
   6.310637450400000E-01   9.108620780300001E+00   9.108620780300001E+00   0.000000000000000E+00  -9.751468209800001E-01   0.000000000000000E+00   0.000000000000000E+00   0.000000000000000E+00
   6.329643931000000E-01   9.136054272599999E+00   9.136054272599999E+00   0.000000000000000E+00  -9.751468209800001E-01   0.000000000000000E+00   0.000000000000000E+00   0.000000000000000E+00
   6.348650411600000E-01   9.163487764899999E+00   9.163487764899999E+00   0.000000000000000E+00  -9.751468209800001E-01   0.000000000000000E+00   0.000000000000000E+00   0.000000000000000E+00
   6.367656892200000E-01   9.190921257199999E+00   9.190921257199999E+00   0.000000000000000E+00  -9.751468209800001E-01   0.000000000000000E+00   0.000000000000000E+00   0.000000000000000E+00
   6.399036863400001E-01   9.236214345300001E+00   9.236214345300001E+00   0.000000000000000E+00  -9.751468209800001E-01   0.000000000000000E+00   0.000000000000000E+00   0.000000000000000E+00
   6.430416834600000E-01   9.281507433400000E+00   9.281507433400000E+00   0.000000000000000E+00  -9.751468209800001E-01   0.000000000000000E+00   0.000000000000000E+00   0.000000000000000E+00
   6.461796805900000E-01   9.326800521599999E+00   9.326800521599999E+00   0.000000000000000E+00  -9.751468209800001E-01   0.000000000000000E+00   0.000000000000000E+00   0.000000000000000E+00
   6.493176777100000E-01   9.372093609700000E+00   9.372093609700000E+00   0.000000000000000E+00  -9.751468209800001E-01   0.000000000000000E+00   0.000000000000000E+00   0.000000000000000E+00
   6.512995947200000E-01   9.400700118200000E+00   9.400700118200000E+00   0.000000000000000E+00  -9.751468209800001E-01   0.000000000000000E+00   0.000000000000000E+00   0.000000000000000E+00
   6.532815117300000E-01   9.429306626800001E+00   9.429306626800001E+00   0.000000000000000E+00  -9.751468209800001E-01   0.000000000000000E+00   0.000000000000000E+00   0.000000000000000E+00
   6.552634287300000E-01   9.457913135400000E+00   9.457913135400000E+00   0.000000000000000E+00  -9.751468209800001E-01   0.000000000000000E+00   0.000000000000000E+00   0.000000000000000E+00
   6.572453457400000E-01   9.486519643999999E+00   9.486519643999999E+00   0.000000000000000E+00  -9.751468209800001E-01   0.000000000000000E+00   0.000000000000000E+00   0.000000000000000E+00
   6.589379375300000E-01   9.510950102600001E+00   9.510950102600001E+00   0.000000000000000E+00  -9.751468209800001E-01   0.000000000000000E+00   0.000000000000000E+00   0.000000000000000E+00
   6.606305293200000E-01   9.535380561300000E+00   9.535380561300000E+00   0.000000000000000E+00  -9.751468209800001E-01   0.000000000000000E+00   0.000000000000000E+00   0.000000000000000E+00
   6.623231211100000E-01   9.559811020000000E+00   9.559811020000000E+00   0.000000000000000E+00  -9.751468209800001E-01   0.000000000000000E+00   0.000000000000000E+00   0.000000000000000E+00
   6.640157129000001E-01   9.584241478699999E+00   9.584241478699999E+00   0.000000000000000E+00  -9.751468209800001E-01   0.000000000000000E+00   0.000000000000000E+00   0.000000000000000E+00
   6.654949351500000E-01   9.605592213300000E+00   9.605592213300000E+00   0.000000000000000E+00  -9.751468209800001E-01   0.000000000000000E+00   0.000000000000000E+00   0.000000000000000E+00
   6.669741574000000E-01   9.626942947900000E+00   9.626942947900000E+00   0.000000000000000E+00  -9.751468209800001E-01   0.000000000000000E+00   0.000000000000000E+00   0.000000000000000E+00
   6.684533796600000E-01   9.648293682600000E+00   9.648293682600000E+00   0.000000000000000E+00  -9.751468209800001E-01   0.000000000000000E+00   0.000000000000000E+00   0.000000000000000E+00
   6.699326019100000E-01   9.669644417200001E+00   9.669644417200001E+00   0.000000000000000E+00  -9.751468209800001E-01   0.000000000000000E+00   0.000000000000000E+00   0.000000000000000E+00
   6.716134591300000E-01   9.693905501900000E+00   9.693905501900000E+00   0.000000000000000E+00  -9.751468209800001E-01   0.000000000000000E+00   0.000000000000000E+00   0.000000000000000E+00
   6.732943163500000E-01   9.718166586600001E+00   9.718166586600001E+00   0.000000000000000E+00  -9.751468209800001E-01   0.000000000000000E+00   0.000000000000000E+00   0.000000000000000E+00
   6.749751735600000E-01   9.742427671400000E+00   9.742427671400000E+00   0.000000000000000E+00  -9.751468209800001E-01   0.000000000000000E+00   0.000000000000000E+00   0.000000000000000E+00
   6.766560307800000E-01   9.766688756100001E+00   9.766688756100001E+00   0.000000000000000E+00  -9.751468209800001E-01   0.000000000000000E+00   0.000000000000000E+00   0.000000000000000E+00
   6.782783106700000E-01   9.790104349900000E+00   9.790104349900000E+00   0.000000000000000E+00  -9.751468209800001E-01   0.000000000000000E+00   0.000000000000000E+00   0.000000000000000E+00
   6.799005905700000E-01   9.813519943699999E+00   9.813519943699999E+00   0.000000000000000E+00  -9.751468209800001E-01   0.000000000000000E+00   0.000000000000000E+00   0.000000000000000E+00
   6.815228704600000E-01   9.836935537600001E+00   9.836935537600001E+00   0.000000000000000E+00  -9.751468209800001E-01   0.000000000000000E+00   0.000000000000000E+00   0.000000000000000E+00
   6.831451503500000E-01   9.860351131400000E+00   9.860351131400000E+00   0.000000000000000E+00  -9.751468209800001E-01   0.000000000000000E+00   0.000000000000000E+00   0.000000000000000E+00
   6.849012421600000E-01   9.885698133900000E+00   9.885698133900000E+00   0.000000000000000E+00  -9.751468209800001E-01   0.000000000000000E+00   0.000000000000000E+00   0.000000000000000E+00
   6.866573339599999E-01   9.911045136400000E+00   9.911045136400000E+00   0.000000000000000E+00  -9.751468209800001E-01   0.000000000000000E+00   0.000000000000000E+00   0.000000000000000E+00
   6.884134257700000E-01   9.936392138900001E+00   9.936392138900001E+00   0.000000000000000E+00  -9.751468209800001E-01   0.000000000000000E+00   0.000000000000000E+00   0.000000000000000E+00
   6.901695175800000E-01   9.961739141400001E+00   9.961739141400001E+00   0.000000000000000E+00  -9.751468209800001E-01   0.000000000000000E+00   0.000000000000000E+00   0.000000000000000E+00
   6.920191453300000E-01   9.988436219100000E+00   9.988436219100000E+00   0.000000000000000E+00  -9.751468209800001E-01   0.000000000000000E+00   0.000000000000000E+00   0.000000000000000E+00
   6.938687730799999E-01   1.001513329700000E+01   1.001513329700000E+01   0.000000000000000E+00  -9.751468209800001E-01   0.000000000000000E+00   0.000000000000000E+00   0.000000000000000E+00
   6.957184008400000E-01   1.004183037400000E+01   1.004183037400000E+01   0.000000000000000E+00  -9.751468209800001E-01   0.000000000000000E+00   0.000000000000000E+00   0.000000000000000E+00
   6.975680285900000E-01   1.006852745200000E+01   1.006852745200000E+01   0.000000000000000E+00  -9.751468209800001E-01   0.000000000000000E+00   0.000000000000000E+00   0.000000000000000E+00
   7.000227308400000E-01   1.010395802800000E+01   1.010395802800000E+01   0.000000000000000E+00  -9.751468209800001E-01   0.000000000000000E+00   0.000000000000000E+00   0.000000000000000E+00
   7.024774331000000E-01   1.013938860400000E+01   1.013938860400000E+01   0.000000000000000E+00  -9.751468209800001E-01   0.000000000000000E+00   0.000000000000000E+00   0.000000000000000E+00
   7.049321353500000E-01   1.017481918000000E+01   1.017481918000000E+01   0.000000000000000E+00  -9.751468209800001E-01   0.000000000000000E+00   0.000000000000000E+00   0.000000000000000E+00
   7.073868376100000E-01   1.021024975600000E+01   1.021024975600000E+01   0.000000000000000E+00  -9.751468209800001E-01   0.000000000000000E+00   0.000000000000000E+00   0.000000000000000E+00
   7.097130514000000E-01   1.024382576100000E+01   1.024382576100000E+01   0.000000000000000E+00  -9.751468209800001E-01   0.000000000000000E+00   0.000000000000000E+00   0.000000000000000E+00
   7.120392652000000E-01   1.027740176500000E+01   1.027740176500000E+01   0.000000000000000E+00  -9.751468209800001E-01   0.000000000000000E+00   0.000000000000000E+00   0.000000000000000E+00
   7.143654790000000E-01   1.031097777000000E+01   1.031097777000000E+01   0.000000000000000E+00  -9.751468209800001E-01   0.000000000000000E+00   0.000000000000000E+00   0.000000000000000E+00
   7.166916928000000E-01   1.034455377500000E+01   1.034455377500000E+01   0.000000000000000E+00  -9.751468209800001E-01   0.000000000000000E+00   0.000000000000000E+00   0.000000000000000E+00
   7.182080833400000E-01   1.036644098800000E+01   1.036644098800000E+01   0.000000000000000E+00  -9.751468209800001E-01   0.000000000000000E+00   0.000000000000000E+00   0.000000000000000E+00
   7.197244738800000E-01   1.038832820000000E+01   1.038832820000000E+01   0.000000000000000E+00  -9.751468209800001E-01   0.000000000000000E+00   0.000000000000000E+00   0.000000000000000E+00
   7.212408644100000E-01   1.041021541300000E+01   1.041021541300000E+01   0.000000000000000E+00  -9.751468209800001E-01   0.000000000000000E+00   0.000000000000000E+00   0.000000000000000E+00
   7.227572549500000E-01   1.043210262600000E+01   1.043210262600000E+01   0.000000000000000E+00  -9.751468209800001E-01   0.000000000000000E+00   0.000000000000000E+00   0.000000000000000E+00
   7.240118064600000E-01   1.045021051700000E+01   1.045021051700000E+01   0.000000000000000E+00  -9.751468209800001E-01   0.000000000000000E+00   0.000000000000000E+00   0.000000000000000E+00
   7.252663579700001E-01   1.046831840900000E+01   1.046831840900000E+01   0.000000000000000E+00  -9.751468209800001E-01   0.000000000000000E+00   0.000000000000000E+00   0.000000000000000E+00
   7.265209094800000E-01   1.048642630100000E+01   1.048642630100000E+01   0.000000000000000E+00  -9.751468209800001E-01   0.000000000000000E+00   0.000000000000000E+00   0.000000000000000E+00
   7.277754609900000E-01   1.050453419200000E+01   1.050453419200000E+01   0.000000000000000E+00  -9.751468209800001E-01   0.000000000000000E+00   0.000000000000000E+00   0.000000000000000E+00
   7.288669031300000E-01   1.052028780300000E+01   1.052028780300000E+01   0.000000000000000E+00  -9.751468209800001E-01   0.000000000000000E+00   0.000000000000000E+00   0.000000000000000E+00
   7.299583452700000E-01   1.053604141400000E+01   1.053604141400000E+01   0.000000000000000E+00  -9.751468209800001E-01   0.000000000000000E+00   0.000000000000000E+00   0.000000000000000E+00
   7.310497874100000E-01   1.055179502400000E+01   1.055179502400000E+01   0.000000000000000E+00  -9.751468209800001E-01   0.000000000000000E+00   0.000000000000000E+00   0.000000000000000E+00
   7.321412295400000E-01   1.056754863500000E+01   1.056754863500000E+01   0.000000000000000E+00  -9.751468209800001E-01   0.000000000000000E+00   0.000000000000000E+00   0.000000000000000E+00
   7.332919450099999E-01   1.058415778200000E+01   1.058415778200000E+01   0.000000000000000E+00  -9.751468209800001E-01   0.000000000000000E+00   0.000000000000000E+00   0.000000000000000E+00
   7.344426604700000E-01   1.060076693000000E+01   1.060076693000000E+01   0.000000000000000E+00  -9.751468209800001E-01   0.000000000000000E+00   0.000000000000000E+00   0.000000000000000E+00
   7.355933759400000E-01   1.061737607700000E+01   1.061737607700000E+01   0.000000000000000E+00  -9.751468209800001E-01   0.000000000000000E+00   0.000000000000000E+00   0.000000000000000E+00
   7.367440914000000E-01   1.063398522500000E+01   1.063398522500000E+01   0.000000000000000E+00  -9.751468209800001E-01   0.000000000000000E+00   0.000000000000000E+00   0.000000000000000E+00
   7.379724301500000E-01   1.065171476800000E+01   1.065171476800000E+01   0.000000000000000E+00  -9.751468209800001E-01   0.000000000000000E+00   0.000000000000000E+00   0.000000000000000E+00
   7.392007689100000E-01   1.066944431100000E+01   1.066944431100000E+01   0.000000000000000E+00  -9.751468209800001E-01   0.000000000000000E+00   0.000000000000000E+00   0.000000000000000E+00
   7.404291076600000E-01   1.068717385400000E+01   1.068717385400000E+01   0.000000000000000E+00  -9.751468209800001E-01   0.000000000000000E+00   0.000000000000000E+00   0.000000000000000E+00
   7.416574464200000E-01   1.070490339700000E+01   1.070490339700000E+01   0.000000000000000E+00  -9.751468209800001E-01   0.000000000000000E+00   0.000000000000000E+00   0.000000000000000E+00
   7.427127921100000E-01   1.072013600100000E+01   1.072013600100000E+01   0.000000000000000E+00  -9.751468209800001E-01   0.000000000000000E+00   0.000000000000000E+00   0.000000000000000E+00
   7.437681377900000E-01   1.073536860400000E+01   1.073536860400000E+01   0.000000000000000E+00  -9.751468209800001E-01   0.000000000000000E+00   0.000000000000000E+00   0.000000000000000E+00
   7.448234834800000E-01   1.075060120700000E+01   1.075060120700000E+01   0.000000000000000E+00  -9.751468209800001E-01   0.000000000000000E+00   0.000000000000000E+00   0.000000000000000E+00
   7.458788291700000E-01   1.076583381000000E+01   1.076583381000000E+01   0.000000000000000E+00  -9.751468209800001E-01   0.000000000000000E+00   0.000000000000000E+00   0.000000000000000E+00
   7.469171391200000E-01   1.078082052400000E+01   1.078082052400000E+01   0.000000000000000E+00  -9.751468209800001E-01   0.000000000000000E+00   0.000000000000000E+00   0.000000000000000E+00
   7.479554490700000E-01   1.079580723800000E+01   1.079580723800000E+01   0.000000000000000E+00  -9.751468209800001E-01   0.000000000000000E+00   0.000000000000000E+00   0.000000000000000E+00
   7.489937590100000E-01   1.081079395100000E+01   1.081079395100000E+01   0.000000000000000E+00  -9.751468209800001E-01   0.000000000000000E+00   0.000000000000000E+00   0.000000000000000E+00
   7.500320689600000E-01   1.082578066500000E+01   1.082578066500000E+01   0.000000000000000E+00  -9.751468209800001E-01   0.000000000000000E+00   0.000000000000000E+00   0.000000000000000E+00
   7.509597340000000E-01   1.083917035600000E+01   1.083917035600000E+01   0.000000000000000E+00  -9.751468209800001E-01   0.000000000000000E+00   0.000000000000000E+00   0.000000000000000E+00
   7.518873990400000E-01   1.085256004800000E+01   1.085256004800000E+01   0.000000000000000E+00  -9.751468209800001E-01   0.000000000000000E+00   0.000000000000000E+00   0.000000000000000E+00
   7.528150640900000E-01   1.086594974000000E+01   1.086594974000000E+01   0.000000000000000E+00  -9.751468209800001E-01   0.000000000000000E+00   0.000000000000000E+00   0.000000000000000E+00
   7.537427291300000E-01   1.087933943200000E+01   1.087933943200000E+01   0.000000000000000E+00  -9.751468209800001E-01   0.000000000000000E+00   0.000000000000000E+00   0.000000000000000E+00
   7.546186810000000E-01   1.089198270800000E+01   1.089198270800000E+01   0.000000000000000E+00  -9.751468209800001E-01   0.000000000000000E+00   0.000000000000000E+00   0.000000000000000E+00
   7.554946328800000E-01   1.090462598500000E+01   1.090462598500000E+01   0.000000000000000E+00  -9.751468209800001E-01   0.000000000000000E+00   0.000000000000000E+00   0.000000000000000E+00
   7.563705847500000E-01   1.091726926200000E+01   1.091726926200000E+01   0.000000000000000E+00  -9.751468209800001E-01   0.000000000000000E+00   0.000000000000000E+00   0.000000000000000E+00
   7.572465366300000E-01   1.092991253800000E+01   1.092991253800000E+01   0.000000000000000E+00  -9.751468209800001E-01   0.000000000000000E+00   0.000000000000000E+00   0.000000000000000E+00
   7.580870381900000E-01   1.094204413400000E+01   1.094204413400000E+01   0.000000000000000E+00  -9.751468209800001E-01   0.000000000000000E+00   0.000000000000000E+00   0.000000000000000E+00
   7.589275397600000E-01   1.095417572900000E+01   1.095417572900000E+01   0.000000000000000E+00  -9.751468209800001E-01   0.000000000000000E+00   0.000000000000000E+00   0.000000000000000E+00
   7.597680413200000E-01   1.096630732400000E+01   1.096630732400000E+01   0.000000000000000E+00  -9.751468209800001E-01   0.000000000000000E+00   0.000000000000000E+00   0.000000000000000E+00
   7.606085428800000E-01   1.097843892000000E+01   1.097843892000000E+01   0.000000000000000E+00  -9.751468209800001E-01   0.000000000000000E+00   0.000000000000000E+00   0.000000000000000E+00
   7.615502652100000E-01   1.099203151100000E+01   1.099203151100000E+01   0.000000000000000E+00  -9.751468209800001E-01   0.000000000000000E+00   0.000000000000000E+00   0.000000000000000E+00
   7.624919875300000E-01   1.100562410200000E+01   1.100562410200000E+01   0.000000000000000E+00  -9.751468209800001E-01   0.000000000000000E+00   0.000000000000000E+00   0.000000000000000E+00
   7.634337098600000E-01   1.101921669300000E+01   1.101921669300000E+01   0.000000000000000E+00  -9.751468209800001E-01   0.000000000000000E+00   0.000000000000000E+00   0.000000000000000E+00
   7.643754321800000E-01   1.103280928500000E+01   1.103280928500000E+01   0.000000000000000E+00  -9.751468209800001E-01   0.000000000000000E+00   0.000000000000000E+00   0.000000000000000E+00
   7.654055642299999E-01   1.104767796000000E+01   1.104767796000000E+01   0.000000000000000E+00  -9.751468209800001E-01   0.000000000000000E+00   0.000000000000000E+00   0.000000000000000E+00
   7.664356962800000E-01   1.106254663600000E+01   1.106254663600000E+01   0.000000000000000E+00  -9.751468209800001E-01   0.000000000000000E+00   0.000000000000000E+00   0.000000000000000E+00
   7.674658283300000E-01   1.107741531200000E+01   1.107741531200000E+01   0.000000000000000E+00  -9.751468209800001E-01   0.000000000000000E+00   0.000000000000000E+00   0.000000000000000E+00
   7.684959603800000E-01   1.109228398800000E+01   1.109228398800000E+01   0.000000000000000E+00  -9.751468209800001E-01   0.000000000000000E+00   0.000000000000000E+00   0.000000000000000E+00
   7.697575129999999E-01   1.111049293200000E+01   1.111049293200000E+01   0.000000000000000E+00  -9.751468209800001E-01   0.000000000000000E+00   0.000000000000000E+00   0.000000000000000E+00
   7.710190656200000E-01   1.112870187600000E+01   1.112870187600000E+01   0.000000000000000E+00  -9.751468209800001E-01   0.000000000000000E+00   0.000000000000000E+00   0.000000000000000E+00
   7.722806182500001E-01   1.114691082000000E+01   1.114691082000000E+01   0.000000000000000E+00  -9.751468209800001E-01   0.000000000000000E+00   0.000000000000000E+00   0.000000000000000E+00
   7.735421708700000E-01   1.116511976400000E+01   1.116511976400000E+01   0.000000000000000E+00  -9.751468209800001E-01   0.000000000000000E+00   0.000000000000000E+00   0.000000000000000E+00
   7.746747831600000E-01   1.118146761400000E+01   1.118146761400000E+01   0.000000000000000E+00  -9.751468209800001E-01   0.000000000000000E+00   0.000000000000000E+00   0.000000000000000E+00
   7.758073954400000E-01   1.119781546500000E+01   1.119781546500000E+01   0.000000000000000E+00  -9.751468209800001E-01   0.000000000000000E+00   0.000000000000000E+00   0.000000000000000E+00
   7.769400077300000E-01   1.121416331600000E+01   1.121416331600000E+01   0.000000000000000E+00  -9.751468209800001E-01   0.000000000000000E+00   0.000000000000000E+00   0.000000000000000E+00
   7.780726200100000E-01   1.123051116600000E+01   1.123051116600000E+01   0.000000000000000E+00  -9.751468209800001E-01   0.000000000000000E+00   0.000000000000000E+00   0.000000000000000E+00
   7.790800974500000E-01   1.124505285100000E+01   1.124505285100000E+01   0.000000000000000E+00  -9.751468209800001E-01   0.000000000000000E+00   0.000000000000000E+00   0.000000000000000E+00
   7.800875748800000E-01   1.125959453500000E+01   1.125959453500000E+01   0.000000000000000E+00  -9.751468209800001E-01   0.000000000000000E+00   0.000000000000000E+00   0.000000000000000E+00
   7.810950523100000E-01   1.127413622000000E+01   1.127413622000000E+01   0.000000000000000E+00  -9.751468209800001E-01   0.000000000000000E+00   0.000000000000000E+00   0.000000000000000E+00
   7.821025297500001E-01   1.128867790400000E+01   1.128867790400000E+01   0.000000000000000E+00  -9.751468209800001E-01   0.000000000000000E+00   0.000000000000000E+00   0.000000000000000E+00
   7.832544637500000E-01   1.130530464000000E+01   1.130530464000000E+01   0.000000000000000E+00  -9.751468209800001E-01   0.000000000000000E+00   0.000000000000000E+00   0.000000000000000E+00
   7.844063977500000E-01   1.132193137500000E+01   1.132193137500000E+01   0.000000000000000E+00  -9.751468209800001E-01   0.000000000000000E+00   0.000000000000000E+00   0.000000000000000E+00
   7.855583317500000E-01   1.133855811100000E+01   1.133855811100000E+01   0.000000000000000E+00  -9.751468209800001E-01   0.000000000000000E+00   0.000000000000000E+00   0.000000000000000E+00
   7.867102657500000E-01   1.135518484600000E+01   1.135518484600000E+01   0.000000000000000E+00  -9.751468209800001E-01   0.000000000000000E+00   0.000000000000000E+00   0.000000000000000E+00
   7.885065480200000E-01   1.138111194800000E+01   1.138111194800000E+01   0.000000000000000E+00  -9.751468209800001E-01   0.000000000000000E+00   0.000000000000000E+00   0.000000000000000E+00
   7.903028302900000E-01   1.140703905000000E+01   1.140703905000000E+01   0.000000000000000E+00  -9.751468209800001E-01   0.000000000000000E+00   0.000000000000000E+00   0.000000000000000E+00
   7.920991125500000E-01   1.143296615200000E+01   1.143296615200000E+01   0.000000000000000E+00  -9.751468209800001E-01   0.000000000000000E+00   0.000000000000000E+00   0.000000000000000E+00
   7.938953948200000E-01   1.145889325400000E+01   1.145889325400000E+01   0.000000000000000E+00  -9.751468209800001E-01   0.000000000000000E+00   0.000000000000000E+00   0.000000000000000E+00
   7.958461883100000E-01   1.148705053300000E+01   1.148705053300000E+01   0.000000000000000E+00  -9.751468209800001E-01   0.000000000000000E+00   0.000000000000000E+00   0.000000000000000E+00
   7.977969817900000E-01   1.151520781200000E+01   1.151520781200000E+01   0.000000000000000E+00  -9.751468209800001E-01   0.000000000000000E+00   0.000000000000000E+00   0.000000000000000E+00
   7.997477752700000E-01   1.154336509100000E+01   1.154336509100000E+01   0.000000000000000E+00  -9.751468209800001E-01   0.000000000000000E+00   0.000000000000000E+00   0.000000000000000E+00
   8.016985687500000E-01   1.157152237000000E+01   1.157152237000000E+01   0.000000000000000E+00  -9.751468209800001E-01   0.000000000000000E+00   0.000000000000000E+00   0.000000000000000E+00
   8.043418005900000E-01   1.160967413600000E+01   1.160967413600000E+01   0.000000000000000E+00  -9.751468209800001E-01   0.000000000000000E+00   0.000000000000000E+00   0.000000000000000E+00
   8.069850324200000E-01   1.164782590300000E+01   1.164782590300000E+01   0.000000000000000E+00  -9.751468209800001E-01   0.000000000000000E+00   0.000000000000000E+00   0.000000000000000E+00
   8.096282642600000E-01   1.168597766900000E+01   1.168597766900000E+01   0.000000000000000E+00  -9.751468209800001E-01   0.000000000000000E+00   0.000000000000000E+00   0.000000000000000E+00
   8.122714960900000E-01   1.172412943500000E+01   1.172412943500000E+01   0.000000000000000E+00  -9.751468209800001E-01   0.000000000000000E+00   0.000000000000000E+00   0.000000000000000E+00
   8.148786401400000E-01   1.176176031900000E+01   1.176176031900000E+01   0.000000000000000E+00  -9.751468209800001E-01   0.000000000000000E+00   0.000000000000000E+00   0.000000000000000E+00
   8.174857841900000E-01   1.179939120200000E+01   1.179939120200000E+01   0.000000000000000E+00  -9.751468209800001E-01   0.000000000000000E+00   0.000000000000000E+00   0.000000000000000E+00
   8.200929282300000E-01   1.183702208600000E+01   1.183702208600000E+01   0.000000000000000E+00  -9.751468209800001E-01   0.000000000000000E+00   0.000000000000000E+00   0.000000000000000E+00
   8.227000722800000E-01   1.187465297000000E+01   1.187465297000000E+01   0.000000000000000E+00  -9.751468209800001E-01   0.000000000000000E+00   0.000000000000000E+00   0.000000000000000E+00
   8.249391045400000E-01   1.190697061800000E+01   1.190697061800000E+01   0.000000000000000E+00  -9.751468209800001E-01   0.000000000000000E+00   0.000000000000000E+00   0.000000000000000E+00
   8.271781368000000E-01   1.193928826500000E+01   1.193928826500000E+01   0.000000000000000E+00  -9.751468209800001E-01   0.000000000000000E+00   0.000000000000000E+00   0.000000000000000E+00
   8.294171690600000E-01   1.197160591300000E+01   1.197160591300000E+01   0.000000000000000E+00  -9.751468209800001E-01   0.000000000000000E+00   0.000000000000000E+00   0.000000000000000E+00
   8.316562013300000E-01   1.200392356100000E+01   1.200392356100000E+01   0.000000000000000E+00  -9.751468209800001E-01   0.000000000000000E+00   0.000000000000000E+00   0.000000000000000E+00
   8.335403575800000E-01   1.203111901400000E+01   1.203111901400000E+01   0.000000000000000E+00  -9.751468209800001E-01   0.000000000000000E+00   0.000000000000000E+00   0.000000000000000E+00
   8.354245138400000E-01   1.205831446800000E+01   1.205831446800000E+01   0.000000000000000E+00  -9.751468209800001E-01   0.000000000000000E+00   0.000000000000000E+00   0.000000000000000E+00
   8.373086701000000E-01   1.208550992200000E+01   1.208550992200000E+01   0.000000000000000E+00  -9.751468209800001E-01   0.000000000000000E+00   0.000000000000000E+00   0.000000000000000E+00
   8.391928263600000E-01   1.211270537500000E+01   1.211270537500000E+01   0.000000000000000E+00  -9.751468209800001E-01   0.000000000000000E+00   0.000000000000000E+00   0.000000000000000E+00
   8.410128414800000E-01   1.213897503200000E+01   1.213897503200000E+01   0.000000000000000E+00  -9.751468209800001E-01   0.000000000000000E+00   0.000000000000000E+00   0.000000000000000E+00
   8.428328566000000E-01   1.216524468800000E+01   1.216524468800000E+01   0.000000000000000E+00  -9.751468209800001E-01   0.000000000000000E+00   0.000000000000000E+00   0.000000000000000E+00
   8.446528717300000E-01   1.219151434400000E+01   1.219151434400000E+01   0.000000000000000E+00  -9.751468209800001E-01   0.000000000000000E+00   0.000000000000000E+00   0.000000000000000E+00
   8.464728868500000E-01   1.221778400000000E+01   1.221778400000000E+01   0.000000000000000E+00  -9.751468209800001E-01   0.000000000000000E+00   0.000000000000000E+00   0.000000000000000E+00
   8.482406424600000E-01   1.224329935500000E+01   1.224329935500000E+01   0.000000000000000E+00  -9.751468209800001E-01   0.000000000000000E+00   0.000000000000000E+00   0.000000000000000E+00
   8.500083980799999E-01   1.226881471000000E+01   1.226881471000000E+01   0.000000000000000E+00  -9.751468209800001E-01   0.000000000000000E+00   0.000000000000000E+00   0.000000000000000E+00
   8.517761536900000E-01   1.229433006500000E+01   1.229433006500000E+01   0.000000000000000E+00  -9.751468209800001E-01   0.000000000000000E+00   0.000000000000000E+00   0.000000000000000E+00
   8.535439093000000E-01   1.231984542000000E+01   1.231984542000000E+01   0.000000000000000E+00  -9.751468209800001E-01   0.000000000000000E+00   0.000000000000000E+00   0.000000000000000E+00
   8.551396358700000E-01   1.234287775000000E+01   1.234287775000000E+01   0.000000000000000E+00  -9.751468209800001E-01   0.000000000000000E+00   0.000000000000000E+00   0.000000000000000E+00
   8.567353624300000E-01   1.236591007900000E+01   1.236591007900000E+01   0.000000000000000E+00  -9.751468209800001E-01   0.000000000000000E+00   0.000000000000000E+00   0.000000000000000E+00
   8.583310889900000E-01   1.238894240900000E+01   1.238894240900000E+01   0.000000000000000E+00  -9.751468209800001E-01   0.000000000000000E+00   0.000000000000000E+00   0.000000000000000E+00
   8.599268155499999E-01   1.241197473800000E+01   1.241197473800000E+01   0.000000000000000E+00  -9.751468209800001E-01   0.000000000000000E+00   0.000000000000000E+00   0.000000000000000E+00
   8.613447981300000E-01   1.243244155400000E+01   1.243244155400000E+01   0.000000000000000E+00  -9.751468209800001E-01   0.000000000000000E+00   0.000000000000000E+00   0.000000000000000E+00
   8.627627807000000E-01   1.245290837000000E+01   1.245290837000000E+01   0.000000000000000E+00  -9.751468209800001E-01   0.000000000000000E+00   0.000000000000000E+00   0.000000000000000E+00
   8.641807632800000E-01   1.247337518600000E+01   1.247337518600000E+01   0.000000000000000E+00  -9.751468209800001E-01   0.000000000000000E+00   0.000000000000000E+00   0.000000000000000E+00
   8.655987458600000E-01   1.249384200200000E+01   1.249384200200000E+01   0.000000000000000E+00  -9.751468209800001E-01   0.000000000000000E+00   0.000000000000000E+00   0.000000000000000E+00
   8.671878352300000E-01   1.251677853200000E+01   1.251677853200000E+01   0.000000000000000E+00  -9.751468209800001E-01   0.000000000000000E+00   0.000000000000000E+00   0.000000000000000E+00
   8.687769245900000E-01   1.253971506200000E+01   1.253971506200000E+01   0.000000000000000E+00  -9.751468209800001E-01   0.000000000000000E+00   0.000000000000000E+00   0.000000000000000E+00
   8.703660139600000E-01   1.256265159200000E+01   1.256265159200000E+01   0.000000000000000E+00  -9.751468209800001E-01   0.000000000000000E+00   0.000000000000000E+00   0.000000000000000E+00
   8.719551033300000E-01   1.258558812200000E+01   1.258558812200000E+01   0.000000000000000E+00  -9.751468209800001E-01   0.000000000000000E+00   0.000000000000000E+00   0.000000000000000E+00
   8.734840614900000E-01   1.260765673200000E+01   1.260765673200000E+01   0.000000000000000E+00  -9.751468209800001E-01   0.000000000000000E+00   0.000000000000000E+00   0.000000000000000E+00
   8.750130196500000E-01   1.262972534300000E+01   1.262972534300000E+01   0.000000000000000E+00  -9.751468209800001E-01   0.000000000000000E+00   0.000000000000000E+00   0.000000000000000E+00
   8.765419778100000E-01   1.265179395400000E+01   1.265179395400000E+01   0.000000000000000E+00  -9.751468209800001E-01   0.000000000000000E+00   0.000000000000000E+00   0.000000000000000E+00
   8.780709359700000E-01   1.267386256400000E+01   1.267386256400000E+01   0.000000000000000E+00  -9.751468209800001E-01   0.000000000000000E+00   0.000000000000000E+00   0.000000000000000E+00
   8.797040115300000E-01   1.269743398000000E+01   1.269743398000000E+01   0.000000000000000E+00  -9.751468209800001E-01   0.000000000000000E+00   0.000000000000000E+00   0.000000000000000E+00
   8.813370870800000E-01   1.272100539600000E+01   1.272100539600000E+01   0.000000000000000E+00  -9.751468209800001E-01   0.000000000000000E+00   0.000000000000000E+00   0.000000000000000E+00
   8.829701626300001E-01   1.274457681200000E+01   1.274457681200000E+01   0.000000000000000E+00  -9.751468209800001E-01   0.000000000000000E+00   0.000000000000000E+00   0.000000000000000E+00
   8.846032381900000E-01   1.276814822700000E+01   1.276814822700000E+01   0.000000000000000E+00  -9.751468209800001E-01   0.000000000000000E+00   0.000000000000000E+00   0.000000000000000E+00
   8.862637308300000E-01   1.279211537500000E+01   1.279211537500000E+01   0.000000000000000E+00  -9.751468209800001E-01   0.000000000000000E+00   0.000000000000000E+00   0.000000000000000E+00
   8.879242234700000E-01   1.281608252200000E+01   1.281608252200000E+01   0.000000000000000E+00  -9.751468209800001E-01   0.000000000000000E+00   0.000000000000000E+00   0.000000000000000E+00
   8.895847161100000E-01   1.284004966900000E+01   1.284004966900000E+01   0.000000000000000E+00  -9.751468209800001E-01   0.000000000000000E+00   0.000000000000000E+00   0.000000000000000E+00
   8.912452087500000E-01   1.286401681700000E+01   1.286401681700000E+01   0.000000000000000E+00  -9.751468209800001E-01   0.000000000000000E+00   0.000000000000000E+00   0.000000000000000E+00
   8.930613878700000E-01   1.289023110500000E+01   1.289023110500000E+01   0.000000000000000E+00  -9.751468209800001E-01   0.000000000000000E+00   0.000000000000000E+00   0.000000000000000E+00
   8.948775670000000E-01   1.291644539300000E+01   1.291644539300000E+01   0.000000000000000E+00  -9.751468209800001E-01   0.000000000000000E+00   0.000000000000000E+00   0.000000000000000E+00
   8.966937461300000E-01   1.294265968200000E+01   1.294265968200000E+01   0.000000000000000E+00  -9.751468209800001E-01   0.000000000000000E+00   0.000000000000000E+00   0.000000000000000E+00
   8.985099252600000E-01   1.296887397000000E+01   1.296887397000000E+01   0.000000000000000E+00  -9.751468209800001E-01   0.000000000000000E+00   0.000000000000000E+00   0.000000000000000E+00
   9.005124306400000E-01   1.299777764600000E+01   1.299777764600000E+01   0.000000000000000E+00  -9.751468209800001E-01   0.000000000000000E+00   0.000000000000000E+00   0.000000000000000E+00
   9.025149360200000E-01   1.302668132200000E+01   1.302668132200000E+01   0.000000000000000E+00  -9.751468209800001E-01   0.000000000000000E+00   0.000000000000000E+00   0.000000000000000E+00
   9.045174414000000E-01   1.305558499800000E+01   1.305558499800000E+01   0.000000000000000E+00  -9.751468209800001E-01   0.000000000000000E+00   0.000000000000000E+00   0.000000000000000E+00
   9.065199467800000E-01   1.308448867500000E+01   1.308448867500000E+01   0.000000000000000E+00  -9.751468209800001E-01   0.000000000000000E+00   0.000000000000000E+00   0.000000000000000E+00
   9.086778866000000E-01   1.311563585400000E+01   1.311563585400000E+01   0.000000000000000E+00  -9.751468209800001E-01   0.000000000000000E+00   0.000000000000000E+00   0.000000000000000E+00
   9.108358264200000E-01   1.314678303300000E+01   1.314678303300000E+01   0.000000000000000E+00  -9.751468209800001E-01   0.000000000000000E+00   0.000000000000000E+00   0.000000000000000E+00
   9.129937662399999E-01   1.317793021200000E+01   1.317793021200000E+01   0.000000000000000E+00  -9.751468209800001E-01   0.000000000000000E+00   0.000000000000000E+00   0.000000000000000E+00
   9.151517060600000E-01   1.320907739100000E+01   1.320907739100000E+01   0.000000000000000E+00  -9.751468209800001E-01   0.000000000000000E+00   0.000000000000000E+00   0.000000000000000E+00
   9.177047589000000E-01   1.324592753500000E+01   1.324592753500000E+01   0.000000000000000E+00  -9.751468209800001E-01   0.000000000000000E+00   0.000000000000000E+00   0.000000000000000E+00
   9.202578117400000E-01   1.328277768000000E+01   1.328277768000000E+01   0.000000000000000E+00  -9.751468209800001E-01   0.000000000000000E+00   0.000000000000000E+00   0.000000000000000E+00
   9.228108645899999E-01   1.331962782400000E+01   1.331962782400000E+01   0.000000000000000E+00  -9.751468209800001E-01   0.000000000000000E+00   0.000000000000000E+00   0.000000000000000E+00
   9.253639174300000E-01   1.335647796900000E+01   1.335647796900000E+01   0.000000000000000E+00  -9.751468209800001E-01   0.000000000000000E+00   0.000000000000000E+00   0.000000000000000E+00
   9.282202480000000E-01   1.339770555000000E+01   1.339770555000000E+01   0.000000000000000E+00  -9.751468209800001E-01   0.000000000000000E+00   0.000000000000000E+00   0.000000000000000E+00
   9.310765785800000E-01   1.343893313200000E+01   1.343893313200000E+01   0.000000000000000E+00  -9.751468209800001E-01   0.000000000000000E+00   0.000000000000000E+00   0.000000000000000E+00
   9.339329091600000E-01   1.348016071400000E+01   1.348016071400000E+01   0.000000000000000E+00  -9.751468209800001E-01   0.000000000000000E+00   0.000000000000000E+00   0.000000000000000E+00
   9.367892397399999E-01   1.352138829500000E+01   1.352138829500000E+01   0.000000000000000E+00  -9.751468209800001E-01   0.000000000000000E+00   0.000000000000000E+00   0.000000000000000E+00
   9.395196922900000E-01   1.356079898400000E+01   1.356079898400000E+01   0.000000000000000E+00  -9.751468209800001E-01   0.000000000000000E+00   0.000000000000000E+00   0.000000000000000E+00
   9.422501448500000E-01   1.360020967300000E+01   1.360020967300000E+01   0.000000000000000E+00  -9.751468209800001E-01   0.000000000000000E+00   0.000000000000000E+00   0.000000000000000E+00
   9.449805974100000E-01   1.363962036200000E+01   1.363962036200000E+01   0.000000000000000E+00  -9.751468209800001E-01   0.000000000000000E+00   0.000000000000000E+00   0.000000000000000E+00
   9.477110499700000E-01   1.367903105100000E+01   1.367903105100000E+01   0.000000000000000E+00  -9.751468209800001E-01   0.000000000000000E+00   0.000000000000000E+00   0.000000000000000E+00
   9.501677562500001E-01   1.371449055200000E+01   1.371449055200000E+01   0.000000000000000E+00  -9.751468209800001E-01   0.000000000000000E+00   0.000000000000000E+00   0.000000000000000E+00
   9.526244625300000E-01   1.374995005400000E+01   1.374995005400000E+01   0.000000000000000E+00  -9.751468209800001E-01   0.000000000000000E+00   0.000000000000000E+00   0.000000000000000E+00
   9.550811688100000E-01   1.378540955500000E+01   1.378540955500000E+01   0.000000000000000E+00  -9.751468209800001E-01   0.000000000000000E+00   0.000000000000000E+00   0.000000000000000E+00
   9.575378750800000E-01   1.382086905700000E+01   1.382086905700000E+01   0.000000000000000E+00  -9.751468209800001E-01   0.000000000000000E+00   0.000000000000000E+00   0.000000000000000E+00
   9.610437209300000E-01   1.387147158400000E+01   1.387147158400000E+01   0.000000000000000E+00  -9.751468209800001E-01   0.000000000000000E+00   0.000000000000000E+00   0.000000000000000E+00
   9.645495667800000E-01   1.392207411100000E+01   1.392207411100000E+01   0.000000000000000E+00  -9.751468209800001E-01   0.000000000000000E+00   0.000000000000000E+00   0.000000000000000E+00
   9.680554126200001E-01   1.397267663900000E+01   1.397267663900000E+01   0.000000000000000E+00  -9.751468209800001E-01   0.000000000000000E+00   0.000000000000000E+00   0.000000000000000E+00
   9.715612584700000E-01   1.402327916600000E+01   1.402327916600000E+01   0.000000000000000E+00  -9.751468209800001E-01   0.000000000000000E+00   0.000000000000000E+00   0.000000000000000E+00
   9.751026477200000E-01   1.407439471800000E+01   1.407439471800000E+01   0.000000000000000E+00  -9.751468209800001E-01   0.000000000000000E+00   0.000000000000000E+00   0.000000000000000E+00
   9.786440369800000E-01   1.412551027000000E+01   1.412551027000000E+01   0.000000000000000E+00  -9.751468209800001E-01   0.000000000000000E+00   0.000000000000000E+00   0.000000000000000E+00
   9.821854262400000E-01   1.417662582200000E+01   1.417662582200000E+01   0.000000000000000E+00  -9.751468209800001E-01   0.000000000000000E+00   0.000000000000000E+00   0.000000000000000E+00
   9.857268154900000E-01   1.422774137400000E+01   1.422774137400000E+01   0.000000000000000E+00  -9.751468209800001E-01   0.000000000000000E+00   0.000000000000000E+00   0.000000000000000E+00
   9.892951116199999E-01   1.427924529400000E+01   1.427924529400000E+01   0.000000000000000E+00  -9.751468209800001E-01   0.000000000000000E+00   0.000000000000000E+00   0.000000000000000E+00
   9.928634077500000E-01   1.433074921300000E+01   1.433074921300000E+01   0.000000000000000E+00  -9.751468209800001E-01   0.000000000000000E+00   0.000000000000000E+00   0.000000000000000E+00
   9.964317038700000E-01   1.438225313300000E+01   1.438225313300000E+01   0.000000000000000E+00  -9.751468209800001E-01   0.000000000000000E+00   0.000000000000000E+00   0.000000000000000E+00
   1.000000000000000E+00   1.443375705200000E+01   1.443375705200000E+01   0.000000000000000E+00  -9.751468209800001E-01   0.000000000000000E+00   0.000000000000000E+00   0.000000000000000E+00
