   0.000000000000000E+00   9.894325620000000E-32   0.000000000000000E+00   0.000000000000000E+00  -9.940109040200000E-01   0.000000000000000E+00   0.000000000000000E+00   0.000000000000000E+00
   1.842828863800000E-02   2.659894410900000E-01   2.659894410900000E-01   0.000000000000000E+00  -9.940109040200000E-01   0.000000000000000E+00   0.000000000000000E+00   0.000000000000000E+00
   3.685657727700000E-02   5.319788821800000E-01   5.319788821800000E-01   0.000000000000000E+00  -9.940109040200000E-01   0.000000000000000E+00   0.000000000000000E+00   0.000000000000000E+00
   5.528486591500000E-02   7.979683232700000E-01   7.979683232700000E-01   0.000000000000000E+00  -9.940109040200000E-01   0.000000000000000E+00   0.000000000000000E+00   0.000000000000000E+00
   7.371315455400000E-02   1.063957764400000E+00   1.063957764400000E+00   0.000000000000000E+00  -9.940109040200000E-01   0.000000000000000E+00   0.000000000000000E+00   0.000000000000000E+00
   8.729345391600001E-02   1.259972506100000E+00   1.259972506100000E+00   0.000000000000000E+00  -9.940109040200000E-01   0.000000000000000E+00   0.000000000000000E+00   0.000000000000000E+00
   1.008737532800000E-01   1.455987247700000E+00   1.455987247700000E+00   0.000000000000000E+00  -9.940109040200000E-01   0.000000000000000E+00   0.000000000000000E+00   0.000000000000000E+00
   1.144540526400000E-01   1.652001989400000E+00   1.652001989400000E+00   0.000000000000000E+00  -9.940109040200000E-01   0.000000000000000E+00   0.000000000000000E+00   0.000000000000000E+00
   1.280343520000000E-01   1.848016731100000E+00   1.848016731100000E+00   0.000000000000000E+00  -9.940109040200000E-01   0.000000000000000E+00   0.000000000000000E+00   0.000000000000000E+00
   1.417647373200000E-01   2.046197777100000E+00   2.046197777100000E+00   0.000000000000000E+00  -9.940109040200000E-01   0.000000000000000E+00   0.000000000000000E+00   0.000000000000000E+00
   1.554951226400000E-01   2.244378823000000E+00   2.244378823000000E+00   0.000000000000000E+00  -9.940109040200000E-01   0.000000000000000E+00   0.000000000000000E+00   0.000000000000000E+00
   1.692255079600000E-01   2.442559868900000E+00   2.442559868900000E+00   0.000000000000000E+00  -9.940109040200000E-01   0.000000000000000E+00   0.000000000000000E+00   0.000000000000000E+00
   1.829558932800000E-01   2.640740914800000E+00   2.640740914800000E+00   0.000000000000000E+00  -9.940109040200000E-01   0.000000000000000E+00   0.000000000000000E+00   0.000000000000000E+00
   1.948335662000000E-01   2.812180360000000E+00   2.812180360000000E+00   0.000000000000000E+00  -9.940109040200000E-01   0.000000000000000E+00   0.000000000000000E+00   0.000000000000000E+00
   2.067112391100000E-01   2.983619805300000E+00   2.983619805300000E+00   0.000000000000000E+00  -9.940109040200000E-01   0.000000000000000E+00   0.000000000000000E+00   0.000000000000000E+00
   2.185889120300000E-01   3.155059250500000E+00   3.155059250500000E+00   0.000000000000000E+00  -9.940109040200000E-01   0.000000000000000E+00   0.000000000000000E+00   0.000000000000000E+00
   2.304665849400000E-01   3.326498695700000E+00   3.326498695700000E+00   0.000000000000000E+00  -9.940109040200000E-01   0.000000000000000E+00   0.000000000000000E+00   0.000000000000000E+00
   2.402819131300000E-01   3.468170758100000E+00   3.468170758100000E+00   0.000000000000000E+00  -9.940109040200000E-01   0.000000000000000E+00   0.000000000000000E+00   0.000000000000000E+00
   2.500972413200000E-01   3.609842820600000E+00   3.609842820600000E+00   0.000000000000000E+00  -9.940109040200000E-01   0.000000000000000E+00   0.000000000000000E+00   0.000000000000000E+00
   2.599125695100000E-01   3.751514883000000E+00   3.751514883000000E+00   0.000000000000000E+00  -9.940109040200000E-01   0.000000000000000E+00   0.000000000000000E+00   0.000000000000000E+00
   2.697278977000000E-01   3.893186945500000E+00   3.893186945500000E+00   0.000000000000000E+00  -9.940109040200000E-01   0.000000000000000E+00   0.000000000000000E+00   0.000000000000000E+00
   2.811208972700000E-01   4.057630733500000E+00   4.057630733500000E+00   0.000000000000000E+00  -9.940109040200000E-01   0.000000000000000E+00   0.000000000000000E+00   0.000000000000000E+00
   2.925138968500000E-01   4.222074521500000E+00   4.222074521500000E+00   0.000000000000000E+00  -9.940109040200000E-01   0.000000000000000E+00   0.000000000000000E+00   0.000000000000000E+00
   3.039068964300000E-01   4.386518309500000E+00   4.386518309500000E+00   0.000000000000000E+00  -9.940109040200000E-01   0.000000000000000E+00   0.000000000000000E+00   0.000000000000000E+00
   3.152998960100000E-01   4.550962097500000E+00   4.550962097500000E+00   0.000000000000000E+00  -9.940109040200000E-01   0.000000000000000E+00   0.000000000000000E+00   0.000000000000000E+00
   3.223001899200000E-01   4.652002639100000E+00   4.652002639100000E+00   0.000000000000000E+00  -9.940109040200000E-01   0.000000000000000E+00   0.000000000000000E+00   0.000000000000000E+00
   3.293004838200000E-01   4.753043180600000E+00   4.753043180600000E+00   0.000000000000000E+00  -9.940109040200000E-01   0.000000000000000E+00   0.000000000000000E+00   0.000000000000000E+00
   3.363007777300000E-01   4.854083722100000E+00   4.854083722100000E+00   0.000000000000000E+00  -9.940109040200000E-01   0.000000000000000E+00   0.000000000000000E+00   0.000000000000000E+00
   3.433010716300000E-01   4.955124263600000E+00   4.955124263600000E+00   0.000000000000000E+00  -9.940109040200000E-01   0.000000000000000E+00   0.000000000000000E+00   0.000000000000000E+00
   3.497467657200000E-01   5.048159846100000E+00   5.048159846100000E+00   0.000000000000000E+00  -9.940109040200000E-01   0.000000000000000E+00   0.000000000000000E+00   0.000000000000000E+00
   3.561924598000000E-01   5.141195428500000E+00   5.141195428500000E+00   0.000000000000000E+00  -9.940109040200000E-01   0.000000000000000E+00   0.000000000000000E+00   0.000000000000000E+00
   3.626381538900000E-01   5.234231011000000E+00   5.234231011000000E+00   0.000000000000000E+00  -9.940109040200000E-01   0.000000000000000E+00   0.000000000000000E+00   0.000000000000000E+00
   3.690838479700000E-01   5.327266593400000E+00   5.327266593400000E+00   0.000000000000000E+00  -9.940109040200000E-01   0.000000000000000E+00   0.000000000000000E+00   0.000000000000000E+00
   3.741514832600000E-01   5.400411610000000E+00   5.400411610000000E+00   0.000000000000000E+00  -9.940109040200000E-01   0.000000000000000E+00   0.000000000000000E+00   0.000000000000000E+00
   3.792191185400000E-01   5.473556626500000E+00   5.473556626500000E+00   0.000000000000000E+00  -9.940109040200000E-01   0.000000000000000E+00   0.000000000000000E+00   0.000000000000000E+00
   3.842867538200000E-01   5.546701643000000E+00   5.546701643000000E+00   0.000000000000000E+00  -9.940109040200000E-01   0.000000000000000E+00   0.000000000000000E+00   0.000000000000000E+00
   3.893543891100000E-01   5.619846659500000E+00   5.619846659500000E+00   0.000000000000000E+00  -9.940109040200000E-01   0.000000000000000E+00   0.000000000000000E+00   0.000000000000000E+00
   3.942095471600000E-01   5.689924831300000E+00   5.689924831300000E+00   0.000000000000000E+00  -9.940109040200000E-01   0.000000000000000E+00   0.000000000000000E+00   0.000000000000000E+00
   3.990647052200000E-01   5.760003003200000E+00   5.760003003200000E+00   0.000000000000000E+00  -9.940109040200000E-01   0.000000000000000E+00   0.000000000000000E+00   0.000000000000000E+00
   4.039198632800000E-01   5.830081175000000E+00   5.830081175000000E+00   0.000000000000000E+00  -9.940109040200000E-01   0.000000000000000E+00   0.000000000000000E+00   0.000000000000000E+00
   4.087750213300000E-01   5.900159346800000E+00   5.900159346800000E+00   0.000000000000000E+00  -9.940109040200000E-01   0.000000000000000E+00   0.000000000000000E+00   0.000000000000000E+00
   4.133810704100000E-01   5.966641940300000E+00   5.966641940300000E+00   0.000000000000000E+00  -9.940109040200000E-01   0.000000000000000E+00   0.000000000000000E+00   0.000000000000000E+00
   4.179871195000000E-01   6.033124533700000E+00   6.033124533700000E+00   0.000000000000000E+00  -9.940109040200000E-01   0.000000000000000E+00   0.000000000000000E+00   0.000000000000000E+00
   4.225931685800000E-01   6.099607127100000E+00   6.099607127100000E+00   0.000000000000000E+00  -9.940109040200000E-01   0.000000000000000E+00   0.000000000000000E+00   0.000000000000000E+00
   4.271992176600000E-01   6.166089720500000E+00   6.166089720500000E+00   0.000000000000000E+00  -9.940109040200000E-01   0.000000000000000E+00   0.000000000000000E+00   0.000000000000000E+00
   4.307941136300000E-01   6.217977575600000E+00   6.217977575600000E+00   0.000000000000000E+00  -9.940109040200000E-01   0.000000000000000E+00   0.000000000000000E+00   0.000000000000000E+00
   4.343890096000000E-01   6.269865430700000E+00   6.269865430700000E+00   0.000000000000000E+00  -9.940109040200000E-01   0.000000000000000E+00   0.000000000000000E+00   0.000000000000000E+00
   4.379839055700000E-01   6.321753285700000E+00   6.321753285700000E+00   0.000000000000000E+00  -9.940109040200000E-01   0.000000000000000E+00   0.000000000000000E+00   0.000000000000000E+00
   4.415788015400000E-01   6.373641140800000E+00   6.373641140800000E+00   0.000000000000000E+00  -9.940109040200000E-01   0.000000000000000E+00   0.000000000000000E+00   0.000000000000000E+00
   4.451919667500000E-01   6.425792689600000E+00   6.425792689600000E+00   0.000000000000000E+00  -9.940109040200000E-01   0.000000000000000E+00   0.000000000000000E+00   0.000000000000000E+00
   4.488051319600000E-01   6.477944238500000E+00   6.477944238500000E+00   0.000000000000000E+00  -9.940109040200000E-01   0.000000000000000E+00   0.000000000000000E+00   0.000000000000000E+00
   4.524182971700000E-01   6.530095787300000E+00   6.530095787300000E+00   0.000000000000000E+00  -9.940109040200000E-01   0.000000000000000E+00   0.000000000000000E+00   0.000000000000000E+00
   4.560314623900000E-01   6.582247336100000E+00   6.582247336100000E+00   0.000000000000000E+00  -9.940109040200000E-01   0.000000000000000E+00   0.000000000000000E+00   0.000000000000000E+00
   4.607094524600000E-01   6.649768308400000E+00   6.649768308400000E+00   0.000000000000000E+00  -9.940109040200000E-01   0.000000000000000E+00   0.000000000000000E+00   0.000000000000000E+00
   4.653874425400000E-01   6.717289280700000E+00   6.717289280700000E+00   0.000000000000000E+00  -9.940109040200000E-01   0.000000000000000E+00   0.000000000000000E+00   0.000000000000000E+00
   4.700654326200000E-01   6.784810253000000E+00   6.784810253000000E+00   0.000000000000000E+00  -9.940109040200000E-01   0.000000000000000E+00   0.000000000000000E+00   0.000000000000000E+00
   4.747434227000000E-01   6.852331225300000E+00   6.852331225300000E+00   0.000000000000000E+00  -9.940109040200000E-01   0.000000000000000E+00   0.000000000000000E+00   0.000000000000000E+00
   4.780251259900000E-01   6.899698533300000E+00   6.899698533300000E+00   0.000000000000000E+00  -9.940109040200000E-01   0.000000000000000E+00   0.000000000000000E+00   0.000000000000000E+00
   4.813068292800000E-01   6.947065841300000E+00   6.947065841300000E+00   0.000000000000000E+00  -9.940109040200000E-01   0.000000000000000E+00   0.000000000000000E+00   0.000000000000000E+00
   4.845885325700000E-01   6.994433149300000E+00   6.994433149300000E+00   0.000000000000000E+00  -9.940109040200000E-01   0.000000000000000E+00   0.000000000000000E+00   0.000000000000000E+00
   4.878702358600000E-01   7.041800457200000E+00   7.041800457200000E+00   0.000000000000000E+00  -9.940109040200000E-01   0.000000000000000E+00   0.000000000000000E+00   0.000000000000000E+00
   4.904738155500000E-01   7.079379893900000E+00   7.079379893900000E+00   0.000000000000000E+00  -9.940109040200000E-01   0.000000000000000E+00   0.000000000000000E+00   0.000000000000000E+00
   4.930773952300000E-01   7.116959330600000E+00   7.116959330600000E+00   0.000000000000000E+00  -9.940109040200000E-01   0.000000000000000E+00   0.000000000000000E+00   0.000000000000000E+00
   4.956809749200000E-01   7.154538767400000E+00   7.154538767400000E+00   0.000000000000000E+00  -9.940109040200000E-01   0.000000000000000E+00   0.000000000000000E+00   0.000000000000000E+00
   4.982845546100000E-01   7.192118204100000E+00   7.192118204100000E+00   0.000000000000000E+00  -9.940109040200000E-01   0.000000000000000E+00   0.000000000000000E+00   0.000000000000000E+00
   5.007688406200000E-01   7.227975784700000E+00   7.227975784700000E+00   0.000000000000000E+00  -9.940109040200000E-01   0.000000000000000E+00   0.000000000000000E+00   0.000000000000000E+00
   5.032531266200000E-01   7.263833365300000E+00   7.263833365300000E+00   0.000000000000000E+00  -9.940109040200000E-01   0.000000000000000E+00   0.000000000000000E+00   0.000000000000000E+00
   5.057374126200000E-01   7.299690945900000E+00   7.299690945900000E+00   0.000000000000000E+00  -9.940109040200000E-01   0.000000000000000E+00   0.000000000000000E+00   0.000000000000000E+00
   5.082216986200000E-01   7.335548526500000E+00   7.335548526500000E+00   0.000000000000000E+00  -9.940109040200000E-01   0.000000000000000E+00   0.000000000000000E+00   0.000000000000000E+00
   5.108510346900000E-01   7.373499724500000E+00   7.373499724500000E+00   0.000000000000000E+00  -9.940109040200000E-01   0.000000000000000E+00   0.000000000000000E+00   0.000000000000000E+00
   5.134803707600000E-01   7.411450922500000E+00   7.411450922500000E+00   0.000000000000000E+00  -9.940109040200000E-01   0.000000000000000E+00   0.000000000000000E+00   0.000000000000000E+00
   5.161097068300000E-01   7.449402120600000E+00   7.449402120600000E+00   0.000000000000000E+00  -9.940109040200000E-01   0.000000000000000E+00   0.000000000000000E+00   0.000000000000000E+00
   5.187390428999999E-01   7.487353318600000E+00   7.487353318600000E+00   0.000000000000000E+00  -9.940109040200000E-01   0.000000000000000E+00   0.000000000000000E+00   0.000000000000000E+00
   5.225047114700000E-01   7.541706063800000E+00   7.541706063800000E+00   0.000000000000000E+00  -9.940109040200000E-01   0.000000000000000E+00   0.000000000000000E+00   0.000000000000000E+00
   5.262703800400000E-01   7.596058809100000E+00   7.596058809100000E+00   0.000000000000000E+00  -9.940109040200000E-01   0.000000000000000E+00   0.000000000000000E+00   0.000000000000000E+00
   5.300360486000000E-01   7.650411554300000E+00   7.650411554300000E+00   0.000000000000000E+00  -9.940109040200000E-01   0.000000000000000E+00   0.000000000000000E+00   0.000000000000000E+00
   5.338017171700000E-01   7.704764299600000E+00   7.704764299600000E+00   0.000000000000000E+00  -9.940109040200000E-01   0.000000000000000E+00   0.000000000000000E+00   0.000000000000000E+00
   5.366247822900000E-01   7.745511735700000E+00   7.745511735700000E+00   0.000000000000000E+00  -9.940109040200000E-01   0.000000000000000E+00   0.000000000000000E+00   0.000000000000000E+00
   5.394478474200000E-01   7.786259171800000E+00   7.786259171800000E+00   0.000000000000000E+00  -9.940109040200000E-01   0.000000000000000E+00   0.000000000000000E+00   0.000000000000000E+00
   5.422709125400000E-01   7.827006607900000E+00   7.827006607900000E+00   0.000000000000000E+00  -9.940109040200000E-01   0.000000000000000E+00   0.000000000000000E+00   0.000000000000000E+00
   5.450939776600000E-01   7.867754044100000E+00   7.867754044100000E+00   0.000000000000000E+00  -9.940109040200000E-01   0.000000000000000E+00   0.000000000000000E+00   0.000000000000000E+00
   5.477207148800000E-01   7.905667730900000E+00   7.905667730900000E+00   0.000000000000000E+00  -9.940109040200000E-01   0.000000000000000E+00   0.000000000000000E+00   0.000000000000000E+00
   5.503474520900000E-01   7.943581417700000E+00   7.943581417700000E+00   0.000000000000000E+00  -9.940109040200000E-01   0.000000000000000E+00   0.000000000000000E+00   0.000000000000000E+00
   5.529741893100000E-01   7.981495104500000E+00   7.981495104500000E+00   0.000000000000000E+00  -9.940109040200000E-01   0.000000000000000E+00   0.000000000000000E+00   0.000000000000000E+00
   5.556009265200000E-01   8.019408791300000E+00   8.019408791300000E+00   0.000000000000000E+00  -9.940109040200000E-01   0.000000000000000E+00   0.000000000000000E+00   0.000000000000000E+00
   5.587277400400000E-01   8.064540458000000E+00   8.064540458000000E+00   0.000000000000000E+00  -9.940109040200000E-01   0.000000000000000E+00   0.000000000000000E+00   0.000000000000000E+00
   5.618545535600000E-01   8.109672124599999E+00   8.109672124599999E+00   0.000000000000000E+00  -9.940109040200000E-01   0.000000000000000E+00   0.000000000000000E+00   0.000000000000000E+00
   5.649813670700000E-01   8.154803791200001E+00   8.154803791200001E+00   0.000000000000000E+00  -9.940109040200000E-01   0.000000000000000E+00   0.000000000000000E+00   0.000000000000000E+00
   5.681081805900000E-01   8.199935457900001E+00   8.199935457900001E+00   0.000000000000000E+00  -9.940109040200000E-01   0.000000000000000E+00   0.000000000000000E+00   0.000000000000000E+00
   5.704096443300000E-01   8.233154226400000E+00   8.233154226400000E+00   0.000000000000000E+00  -9.940109040200000E-01   0.000000000000000E+00   0.000000000000000E+00   0.000000000000000E+00
   5.727111080800000E-01   8.266372994899999E+00   8.266372994899999E+00   0.000000000000000E+00  -9.940109040200000E-01   0.000000000000000E+00   0.000000000000000E+00   0.000000000000000E+00
   5.750125718200000E-01   8.299591763500000E+00   8.299591763500000E+00   0.000000000000000E+00  -9.940109040200000E-01   0.000000000000000E+00   0.000000000000000E+00   0.000000000000000E+00
   5.773140355600000E-01   8.332810532000000E+00   8.332810532000000E+00   0.000000000000000E+00  -9.940109040200000E-01   0.000000000000000E+00   0.000000000000000E+00   0.000000000000000E+00
   5.793352996300000E-01   8.361984966500000E+00   8.361984966500000E+00   0.000000000000000E+00  -9.940109040200000E-01   0.000000000000000E+00   0.000000000000000E+00   0.000000000000000E+00
   5.813565637000000E-01   8.391159401099999E+00   8.391159401099999E+00   0.000000000000000E+00  -9.940109040200000E-01   0.000000000000000E+00   0.000000000000000E+00   0.000000000000000E+00
   5.833778277700000E-01   8.420333835599999E+00   8.420333835599999E+00   0.000000000000000E+00  -9.940109040200000E-01   0.000000000000000E+00   0.000000000000000E+00   0.000000000000000E+00
   5.853990918500001E-01   8.449508270200001E+00   8.449508270200001E+00   0.000000000000000E+00  -9.940109040200000E-01   0.000000000000000E+00   0.000000000000000E+00   0.000000000000000E+00
   5.869895335400001E-01   8.472464319200000E+00   8.472464319200000E+00   0.000000000000000E+00  -9.940109040200000E-01   0.000000000000000E+00   0.000000000000000E+00   0.000000000000000E+00
   5.885799752300001E-01   8.495420368200000E+00   8.495420368200000E+00   0.000000000000000E+00  -9.940109040200000E-01   0.000000000000000E+00   0.000000000000000E+00   0.000000000000000E+00
   5.901704169300001E-01   8.518376417200001E+00   8.518376417200001E+00   0.000000000000000E+00  -9.940109040200000E-01   0.000000000000000E+00   0.000000000000000E+00   0.000000000000000E+00
   5.917608586200001E-01   8.541332466200000E+00   8.541332466200000E+00   0.000000000000000E+00  -9.940109040200000E-01   0.000000000000000E+00   0.000000000000000E+00   0.000000000000000E+00
   5.933050287700000E-01   8.563620643100000E+00   8.563620643100000E+00   0.000000000000000E+00  -9.940109040200000E-01   0.000000000000000E+00   0.000000000000000E+00   0.000000000000000E+00
   5.948491989300000E-01   8.585908819900000E+00   8.585908819900000E+00   0.000000000000000E+00  -9.940109040200000E-01   0.000000000000000E+00   0.000000000000000E+00   0.000000000000000E+00
   5.963933690800000E-01   8.608196996800000E+00   8.608196996800000E+00   0.000000000000000E+00  -9.940109040200000E-01   0.000000000000000E+00   0.000000000000000E+00   0.000000000000000E+00
   5.979375392400000E-01   8.630485173700000E+00   8.630485173700000E+00   0.000000000000000E+00  -9.940109040200000E-01   0.000000000000000E+00   0.000000000000000E+00   0.000000000000000E+00
   5.995191069400000E-01   8.653313137600000E+00   8.653313137600000E+00   0.000000000000000E+00  -9.940109040200000E-01   0.000000000000000E+00   0.000000000000000E+00   0.000000000000000E+00
   6.011006746400001E-01   8.676141101600001E+00   8.676141101600001E+00   0.000000000000000E+00  -9.940109040200000E-01   0.000000000000000E+00   0.000000000000000E+00   0.000000000000000E+00
   6.026822423400000E-01   8.698969065500000E+00   8.698969065500000E+00   0.000000000000000E+00  -9.940109040200000E-01   0.000000000000000E+00   0.000000000000000E+00   0.000000000000000E+00
   6.042638100400000E-01   8.721797029499999E+00   8.721797029499999E+00   0.000000000000000E+00  -9.940109040200000E-01   0.000000000000000E+00   0.000000000000000E+00   0.000000000000000E+00
   6.058860718600000E-01   8.745212362400000E+00   8.745212362400000E+00   0.000000000000000E+00  -9.940109040200000E-01   0.000000000000000E+00   0.000000000000000E+00   0.000000000000000E+00
   6.075083336700000E-01   8.768627695299999E+00   8.768627695299999E+00   0.000000000000000E+00  -9.940109040200000E-01   0.000000000000000E+00   0.000000000000000E+00   0.000000000000000E+00
   6.091305954800000E-01   8.792043028100000E+00   8.792043028100000E+00   0.000000000000000E+00  -9.940109040200000E-01   0.000000000000000E+00   0.000000000000000E+00   0.000000000000000E+00
   6.107528572900000E-01   8.815458360999999E+00   8.815458360999999E+00   0.000000000000000E+00  -9.940109040200000E-01   0.000000000000000E+00   0.000000000000000E+00   0.000000000000000E+00
   6.124018292600000E-01   8.839259221700001E+00   8.839259221700001E+00   0.000000000000000E+00  -9.940109040200000E-01   0.000000000000000E+00   0.000000000000000E+00   0.000000000000000E+00
   6.140508012200000E-01   8.863060082400001E+00   8.863060082400001E+00   0.000000000000000E+00  -9.940109040200000E-01   0.000000000000000E+00   0.000000000000000E+00   0.000000000000000E+00
   6.156997731900000E-01   8.886860943100000E+00   8.886860943100000E+00   0.000000000000000E+00  -9.940109040200000E-01   0.000000000000000E+00   0.000000000000000E+00   0.000000000000000E+00
   6.173487451500000E-01   8.910661803800000E+00   8.910661803800000E+00   0.000000000000000E+00  -9.940109040200000E-01   0.000000000000000E+00   0.000000000000000E+00   0.000000000000000E+00
   6.185729201600000E-01   8.928331248599999E+00   8.928331248599999E+00   0.000000000000000E+00  -9.940109040200000E-01   0.000000000000000E+00   0.000000000000000E+00   0.000000000000000E+00
   6.197970951800000E-01   8.946000693300000E+00   8.946000693300000E+00   0.000000000000000E+00  -9.940109040200000E-01   0.000000000000000E+00   0.000000000000000E+00   0.000000000000000E+00
   6.210212701900000E-01   8.963670138099999E+00   8.963670138099999E+00   0.000000000000000E+00  -9.940109040200000E-01   0.000000000000000E+00   0.000000000000000E+00   0.000000000000000E+00
   6.222454452100000E-01   8.981339582800000E+00   8.981339582800000E+00   0.000000000000000E+00  -9.940109040200000E-01   0.000000000000000E+00   0.000000000000000E+00   0.000000000000000E+00
   6.234081687600000E-01   8.998122051999999E+00   8.998122051999999E+00   0.000000000000000E+00  -9.940109040200000E-01   0.000000000000000E+00   0.000000000000000E+00   0.000000000000000E+00
   6.245708923100000E-01   9.014904521300000E+00   9.014904521300000E+00   0.000000000000000E+00  -9.940109040200000E-01   0.000000000000000E+00   0.000000000000000E+00   0.000000000000000E+00
   6.257336158600000E-01   9.031686990500001E+00   9.031686990500001E+00   0.000000000000000E+00  -9.940109040200000E-01   0.000000000000000E+00   0.000000000000000E+00   0.000000000000000E+00
   6.268963394100000E-01   9.048469459800000E+00   9.048469459800000E+00   0.000000000000000E+00  -9.940109040200000E-01   0.000000000000000E+00   0.000000000000000E+00   0.000000000000000E+00
   6.280744764800000E-01   9.065474404100000E+00   9.065474404100000E+00   0.000000000000000E+00  -9.940109040200000E-01   0.000000000000000E+00   0.000000000000000E+00   0.000000000000000E+00
   6.292526135500000E-01   9.082479348400000E+00   9.082479348400000E+00   0.000000000000000E+00  -9.940109040200000E-01   0.000000000000000E+00   0.000000000000000E+00   0.000000000000000E+00
   6.304307506300000E-01   9.099484292600000E+00   9.099484292600000E+00   0.000000000000000E+00  -9.940109040200000E-01   0.000000000000000E+00   0.000000000000000E+00   0.000000000000000E+00
   6.316088877000000E-01   9.116489236900000E+00   9.116489236900000E+00   0.000000000000000E+00  -9.940109040200000E-01   0.000000000000000E+00   0.000000000000000E+00   0.000000000000000E+00
   6.326515659700001E-01   9.131539001800000E+00   9.131539001800000E+00   0.000000000000000E+00  -9.940109040200000E-01   0.000000000000000E+00   0.000000000000000E+00   0.000000000000000E+00
   6.336942442500000E-01   9.146588766700001E+00   9.146588766700001E+00   0.000000000000000E+00  -9.940109040200000E-01   0.000000000000000E+00   0.000000000000000E+00   0.000000000000000E+00
   6.347369225200000E-01   9.161638531600000E+00   9.161638531600000E+00   0.000000000000000E+00  -9.940109040200000E-01   0.000000000000000E+00   0.000000000000000E+00   0.000000000000000E+00
   6.357796007900000E-01   9.176688296400000E+00   9.176688296400000E+00   0.000000000000000E+00  -9.940109040200000E-01   0.000000000000000E+00   0.000000000000000E+00   0.000000000000000E+00
   6.368500049100000E-01   9.192138249399999E+00   9.192138249399999E+00   0.000000000000000E+00  -9.940109040200000E-01   0.000000000000000E+00   0.000000000000000E+00   0.000000000000000E+00
   6.379204090300000E-01   9.207588202400000E+00   9.207588202400000E+00   0.000000000000000E+00  -9.940109040200000E-01   0.000000000000000E+00   0.000000000000000E+00   0.000000000000000E+00
   6.389908131499999E-01   9.223038155399999E+00   9.223038155399999E+00   0.000000000000000E+00  -9.940109040200000E-01   0.000000000000000E+00   0.000000000000000E+00   0.000000000000000E+00
   6.400612172700000E-01   9.238488108400000E+00   9.238488108400000E+00   0.000000000000000E+00  -9.940109040200000E-01   0.000000000000000E+00   0.000000000000000E+00   0.000000000000000E+00
   6.410498594000000E-01   9.252757928799999E+00   9.252757928799999E+00   0.000000000000000E+00  -9.940109040200000E-01   0.000000000000000E+00   0.000000000000000E+00   0.000000000000000E+00
   6.420385015400000E-01   9.267027749200000E+00   9.267027749200000E+00   0.000000000000000E+00  -9.940109040200000E-01   0.000000000000000E+00   0.000000000000000E+00   0.000000000000000E+00
   6.430271436700000E-01   9.281297569600000E+00   9.281297569600000E+00   0.000000000000000E+00  -9.940109040200000E-01   0.000000000000000E+00   0.000000000000000E+00   0.000000000000000E+00
   6.440157858000000E-01   9.295567390000000E+00   9.295567390000000E+00   0.000000000000000E+00  -9.940109040200000E-01   0.000000000000000E+00   0.000000000000000E+00   0.000000000000000E+00
   6.449562725600000E-01   9.309142147199999E+00   9.309142147199999E+00   0.000000000000000E+00  -9.940109040200000E-01   0.000000000000000E+00   0.000000000000000E+00   0.000000000000000E+00
   6.458967593100000E-01   9.322716904500000E+00   9.322716904500000E+00   0.000000000000000E+00  -9.940109040200000E-01   0.000000000000000E+00   0.000000000000000E+00   0.000000000000000E+00
   6.468372460600000E-01   9.336291661800001E+00   9.336291661800001E+00   0.000000000000000E+00  -9.940109040200000E-01   0.000000000000000E+00   0.000000000000000E+00   0.000000000000000E+00
   6.477777328100000E-01   9.349866419100000E+00   9.349866419100000E+00   0.000000000000000E+00  -9.940109040200000E-01   0.000000000000000E+00   0.000000000000000E+00   0.000000000000000E+00
   6.485253435700000E-01   9.360657251199999E+00   9.360657251199999E+00   0.000000000000000E+00  -9.940109040200000E-01   0.000000000000000E+00   0.000000000000000E+00   0.000000000000000E+00
   6.492729543400000E-01   9.371448083300001E+00   9.371448083300001E+00   0.000000000000000E+00  -9.940109040200000E-01   0.000000000000000E+00   0.000000000000000E+00   0.000000000000000E+00
   6.500205650999999E-01   9.382238915400000E+00   9.382238915400000E+00   0.000000000000000E+00  -9.940109040200000E-01   0.000000000000000E+00   0.000000000000000E+00   0.000000000000000E+00
   6.507681758600000E-01   9.393029747500000E+00   9.393029747500000E+00   0.000000000000000E+00  -9.940109040200000E-01   0.000000000000000E+00   0.000000000000000E+00   0.000000000000000E+00
   6.516052622900000E-01   9.405112049700000E+00   9.405112049700000E+00   0.000000000000000E+00  -9.940109040200000E-01   0.000000000000000E+00   0.000000000000000E+00   0.000000000000000E+00
   6.524423487200000E-01   9.417194351799999E+00   9.417194351799999E+00   0.000000000000000E+00  -9.940109040200000E-01   0.000000000000000E+00   0.000000000000000E+00   0.000000000000000E+00
   6.532794351400000E-01   9.429276653900001E+00   9.429276653900001E+00   0.000000000000000E+00  -9.940109040200000E-01   0.000000000000000E+00   0.000000000000000E+00   0.000000000000000E+00
   6.541165215700000E-01   9.441358956000000E+00   9.441358956000000E+00   0.000000000000000E+00  -9.940109040200000E-01   0.000000000000000E+00   0.000000000000000E+00   0.000000000000000E+00
   6.551467728600000E-01   9.456229352799999E+00   9.456229352799999E+00   0.000000000000000E+00  -9.940109040200000E-01   0.000000000000000E+00   0.000000000000000E+00   0.000000000000000E+00
   6.561770241400000E-01   9.471099749600000E+00   9.471099749600000E+00   0.000000000000000E+00  -9.940109040200000E-01   0.000000000000000E+00   0.000000000000000E+00   0.000000000000000E+00
   6.572072754300000E-01   9.485970146300000E+00   9.485970146300000E+00   0.000000000000000E+00  -9.940109040200000E-01   0.000000000000000E+00   0.000000000000000E+00   0.000000000000000E+00
   6.582375267100000E-01   9.500840543100001E+00   9.500840543100001E+00   0.000000000000000E+00  -9.940109040200000E-01   0.000000000000000E+00   0.000000000000000E+00   0.000000000000000E+00
   6.590469681900000E-01   9.512523824700001E+00   9.512523824700001E+00   0.000000000000000E+00  -9.940109040200000E-01   0.000000000000000E+00   0.000000000000000E+00   0.000000000000000E+00
   6.598564096700000E-01   9.524207106400000E+00   9.524207106400000E+00   0.000000000000000E+00  -9.940109040200000E-01   0.000000000000000E+00   0.000000000000000E+00   0.000000000000000E+00
   6.606658511500000E-01   9.535890388000000E+00   9.535890388000000E+00   0.000000000000000E+00  -9.940109040200000E-01   0.000000000000000E+00   0.000000000000000E+00   0.000000000000000E+00
   6.614752926200000E-01   9.547573669600000E+00   9.547573669600000E+00   0.000000000000000E+00  -9.940109040200000E-01   0.000000000000000E+00   0.000000000000000E+00   0.000000000000000E+00
   6.623553535000000E-01   9.560276254400000E+00   9.560276254400000E+00   0.000000000000000E+00  -9.940109040200000E-01   0.000000000000000E+00   0.000000000000000E+00   0.000000000000000E+00
   6.632354143700000E-01   9.572978839199999E+00   9.572978839199999E+00   0.000000000000000E+00  -9.940109040200000E-01   0.000000000000000E+00   0.000000000000000E+00   0.000000000000000E+00
   6.641154752400000E-01   9.585681424000001E+00   9.585681424000001E+00   0.000000000000000E+00  -9.940109040200000E-01   0.000000000000000E+00   0.000000000000000E+00   0.000000000000000E+00
   6.649955361100000E-01   9.598384008800000E+00   9.598384008800000E+00   0.000000000000000E+00  -9.940109040200000E-01   0.000000000000000E+00   0.000000000000000E+00   0.000000000000000E+00
   6.658216796600001E-01   9.610308364200000E+00   9.610308364200000E+00   0.000000000000000E+00  -9.940109040200000E-01   0.000000000000000E+00   0.000000000000000E+00   0.000000000000000E+00
   6.666478232200000E-01   9.622232719499999E+00   9.622232719499999E+00   0.000000000000000E+00  -9.940109040200000E-01   0.000000000000000E+00   0.000000000000000E+00   0.000000000000000E+00
   6.674739667700000E-01   9.634157074899999E+00   9.634157074899999E+00   0.000000000000000E+00  -9.940109040200000E-01   0.000000000000000E+00   0.000000000000000E+00   0.000000000000000E+00
   6.683001103200000E-01   9.646081430200001E+00   9.646081430200001E+00   0.000000000000000E+00  -9.940109040200000E-01   0.000000000000000E+00   0.000000000000000E+00   0.000000000000000E+00
   6.690516362400000E-01   9.656928772800001E+00   9.656928772800001E+00   0.000000000000000E+00  -9.940109040200000E-01   0.000000000000000E+00   0.000000000000000E+00   0.000000000000000E+00
   6.698031621600000E-01   9.667776115300001E+00   9.667776115300001E+00   0.000000000000000E+00  -9.940109040200000E-01   0.000000000000000E+00   0.000000000000000E+00   0.000000000000000E+00
   6.705546880800000E-01   9.678623457800001E+00   9.678623457800001E+00   0.000000000000000E+00  -9.940109040200000E-01   0.000000000000000E+00   0.000000000000000E+00   0.000000000000000E+00
   6.713062140000000E-01   9.689470800400001E+00   9.689470800400001E+00   0.000000000000000E+00  -9.940109040200000E-01   0.000000000000000E+00   0.000000000000000E+00   0.000000000000000E+00
   6.720194655500000E-01   9.699765699900000E+00   9.699765699900000E+00   0.000000000000000E+00  -9.940109040200000E-01   0.000000000000000E+00   0.000000000000000E+00   0.000000000000000E+00
   6.727327171000000E-01   9.710060599500000E+00   9.710060599500000E+00   0.000000000000000E+00  -9.940109040200000E-01   0.000000000000000E+00   0.000000000000000E+00   0.000000000000000E+00
   6.734459686499999E-01   9.720355499100000E+00   9.720355499100000E+00   0.000000000000000E+00  -9.940109040200000E-01   0.000000000000000E+00   0.000000000000000E+00   0.000000000000000E+00
   6.741592201900000E-01   9.730650398600000E+00   9.730650398600000E+00   0.000000000000000E+00  -9.940109040200000E-01   0.000000000000000E+00   0.000000000000000E+00   0.000000000000000E+00
   6.748602469900000E-01   9.740768849200000E+00   9.740768849200000E+00   0.000000000000000E+00  -9.940109040200000E-01   0.000000000000000E+00   0.000000000000000E+00   0.000000000000000E+00
   6.755612738000000E-01   9.750887299700000E+00   9.750887299700000E+00   0.000000000000000E+00  -9.940109040200000E-01   0.000000000000000E+00   0.000000000000000E+00   0.000000000000000E+00
   6.762623006000000E-01   9.761005750200001E+00   9.761005750200001E+00   0.000000000000000E+00  -9.940109040200000E-01   0.000000000000000E+00   0.000000000000000E+00   0.000000000000000E+00
   6.769633274000000E-01   9.771124200799999E+00   9.771124200799999E+00   0.000000000000000E+00  -9.940109040200000E-01   0.000000000000000E+00   0.000000000000000E+00   0.000000000000000E+00
   6.775574378500000E-01   9.779699446800000E+00   9.779699446800000E+00   0.000000000000000E+00  -9.940109040200000E-01   0.000000000000000E+00   0.000000000000000E+00   0.000000000000000E+00
   6.781515483100000E-01   9.788274692700000E+00   9.788274692700000E+00   0.000000000000000E+00  -9.940109040200000E-01   0.000000000000000E+00   0.000000000000000E+00   0.000000000000000E+00
   6.787456587700000E-01   9.796849938699999E+00   9.796849938699999E+00   0.000000000000000E+00  -9.940109040200000E-01   0.000000000000000E+00   0.000000000000000E+00   0.000000000000000E+00
   6.793397692199999E-01   9.805425184700001E+00   9.805425184700001E+00   0.000000000000000E+00  -9.940109040200000E-01   0.000000000000000E+00   0.000000000000000E+00   0.000000000000000E+00
   6.797877736700000E-01   9.811891572100000E+00   9.811891572100000E+00   0.000000000000000E+00  -9.940109040200000E-01   0.000000000000000E+00   0.000000000000000E+00   0.000000000000000E+00
   6.802357781200000E-01   9.818357959500000E+00   9.818357959500000E+00   0.000000000000000E+00  -9.940109040200000E-01   0.000000000000000E+00   0.000000000000000E+00   0.000000000000000E+00
   6.806837825700000E-01   9.824824346800000E+00   9.824824346800000E+00   0.000000000000000E+00  -9.940109040200000E-01   0.000000000000000E+00   0.000000000000000E+00   0.000000000000000E+00
   6.811317870200000E-01   9.831290734200000E+00   9.831290734200000E+00   0.000000000000000E+00  -9.940109040200000E-01   0.000000000000000E+00   0.000000000000000E+00   0.000000000000000E+00
   6.815367848900000E-01   9.837136375100000E+00   9.837136375100000E+00   0.000000000000000E+00  -9.940109040200000E-01   0.000000000000000E+00   0.000000000000000E+00   0.000000000000000E+00
   6.819417827699999E-01   9.842982016000001E+00   9.842982016000001E+00   0.000000000000000E+00  -9.940109040200000E-01   0.000000000000000E+00   0.000000000000000E+00   0.000000000000000E+00
   6.823467806400000E-01   9.848827656999999E+00   9.848827656999999E+00   0.000000000000000E+00  -9.940109040200000E-01   0.000000000000000E+00   0.000000000000000E+00   0.000000000000000E+00
   6.827517785100000E-01   9.854673297900000E+00   9.854673297900000E+00   0.000000000000000E+00  -9.940109040200000E-01   0.000000000000000E+00   0.000000000000000E+00   0.000000000000000E+00
   6.832011338900000E-01   9.861159184200000E+00   9.861159184200000E+00   0.000000000000000E+00  -9.940109040200000E-01   0.000000000000000E+00   0.000000000000000E+00   0.000000000000000E+00
   6.836504892700001E-01   9.867645070600000E+00   9.867645070600000E+00   0.000000000000000E+00  -9.940109040200000E-01   0.000000000000000E+00   0.000000000000000E+00   0.000000000000000E+00
   6.840998446500000E-01   9.874130957000000E+00   9.874130957000000E+00   0.000000000000000E+00  -9.940109040200000E-01   0.000000000000000E+00   0.000000000000000E+00   0.000000000000000E+00
   6.845492000300000E-01   9.880616843300000E+00   9.880616843300000E+00   0.000000000000000E+00  -9.940109040200000E-01   0.000000000000000E+00   0.000000000000000E+00   0.000000000000000E+00
   6.850858965200000E-01   9.888363390100000E+00   9.888363390100000E+00   0.000000000000000E+00  -9.940109040200000E-01   0.000000000000000E+00   0.000000000000000E+00   0.000000000000000E+00
   6.856225930099999E-01   9.896109936800000E+00   9.896109936800000E+00   0.000000000000000E+00  -9.940109040200000E-01   0.000000000000000E+00   0.000000000000000E+00   0.000000000000000E+00
   6.861592894900000E-01   9.903856483500000E+00   9.903856483500000E+00   0.000000000000000E+00  -9.940109040200000E-01   0.000000000000000E+00   0.000000000000000E+00   0.000000000000000E+00
   6.866959859800000E-01   9.911603030300000E+00   9.911603030300000E+00   0.000000000000000E+00  -9.940109040200000E-01   0.000000000000000E+00   0.000000000000000E+00   0.000000000000000E+00
   6.872661121500000E-01   9.919832092800000E+00   9.919832092800000E+00   0.000000000000000E+00  -9.940109040200000E-01   0.000000000000000E+00   0.000000000000000E+00   0.000000000000000E+00
   6.878362383100000E-01   9.928061155400000E+00   9.928061155400000E+00   0.000000000000000E+00  -9.940109040200000E-01   0.000000000000000E+00   0.000000000000000E+00   0.000000000000000E+00
   6.884063644800000E-01   9.936290217900000E+00   9.936290217900000E+00   0.000000000000000E+00  -9.940109040200000E-01   0.000000000000000E+00   0.000000000000000E+00   0.000000000000000E+00
   6.889764906400000E-01   9.944519280500000E+00   9.944519280500000E+00   0.000000000000000E+00  -9.940109040200000E-01   0.000000000000000E+00   0.000000000000000E+00   0.000000000000000E+00
   6.902182250300000E-01   9.962442172899999E+00   9.962442172899999E+00   0.000000000000000E+00  -9.940109040200000E-01   0.000000000000000E+00   0.000000000000000E+00   0.000000000000000E+00
   6.914599594200000E-01   9.980365065399999E+00   9.980365065399999E+00   0.000000000000000E+00  -9.940109040200000E-01   0.000000000000000E+00   0.000000000000000E+00   0.000000000000000E+00
   6.927016938000000E-01   9.998287957900001E+00   9.998287957900001E+00   0.000000000000000E+00  -9.940109040200000E-01   0.000000000000000E+00   0.000000000000000E+00   0.000000000000000E+00
   6.939434281900000E-01   1.001621085000000E+01   1.001621085000000E+01   0.000000000000000E+00  -9.940109040200000E-01   0.000000000000000E+00   0.000000000000000E+00   0.000000000000000E+00
   6.968139316700001E-01   1.005764300000000E+01   1.005764300000000E+01   0.000000000000000E+00  -9.940109040200000E-01   0.000000000000000E+00   0.000000000000000E+00   0.000000000000000E+00
   6.996844351400000E-01   1.009907515000000E+01   1.009907515000000E+01   0.000000000000000E+00  -9.940109040200000E-01   0.000000000000000E+00   0.000000000000000E+00   0.000000000000000E+00
   7.025549386200000E-01   1.014050730000000E+01   1.014050730000000E+01   0.000000000000000E+00  -9.940109040200000E-01   0.000000000000000E+00   0.000000000000000E+00   0.000000000000000E+00
   7.054254421000000E-01   1.018193945000000E+01   1.018193945000000E+01   0.000000000000000E+00  -9.940109040200000E-01   0.000000000000000E+00   0.000000000000000E+00   0.000000000000000E+00
   7.095556297000000E-01   1.024155357400000E+01   1.024155357400000E+01   0.000000000000000E+00  -9.940109040200000E-01   0.000000000000000E+00   0.000000000000000E+00   0.000000000000000E+00
   7.136858172900000E-01   1.030116769800000E+01   1.030116769800000E+01   0.000000000000000E+00  -9.940109040200000E-01   0.000000000000000E+00   0.000000000000000E+00   0.000000000000000E+00
   7.178160048900000E-01   1.036078182300000E+01   1.036078182300000E+01   0.000000000000000E+00  -9.940109040200000E-01   0.000000000000000E+00   0.000000000000000E+00   0.000000000000000E+00
   7.219461924800000E-01   1.042039594700000E+01   1.042039594700000E+01   0.000000000000000E+00  -9.940109040200000E-01   0.000000000000000E+00   0.000000000000000E+00   0.000000000000000E+00
   7.262618193400000E-01   1.048268665700000E+01   1.048268665700000E+01   0.000000000000000E+00  -9.940109040200000E-01   0.000000000000000E+00   0.000000000000000E+00   0.000000000000000E+00
   7.305774462100000E-01   1.054497736600000E+01   1.054497736600000E+01   0.000000000000000E+00  -9.940109040200000E-01   0.000000000000000E+00   0.000000000000000E+00   0.000000000000000E+00
   7.348930730700000E-01   1.060726807600000E+01   1.060726807600000E+01   0.000000000000000E+00  -9.940109040200000E-01   0.000000000000000E+00   0.000000000000000E+00   0.000000000000000E+00
   7.392086999300000E-01   1.066955878500000E+01   1.066955878500000E+01   0.000000000000000E+00  -9.940109040200000E-01   0.000000000000000E+00   0.000000000000000E+00   0.000000000000000E+00
   7.430022271300000E-01   1.072431363600000E+01   1.072431363600000E+01   0.000000000000000E+00  -9.940109040200000E-01   0.000000000000000E+00   0.000000000000000E+00   0.000000000000000E+00
   7.467957543400000E-01   1.077906848600000E+01   1.077906848600000E+01   0.000000000000000E+00  -9.940109040200000E-01   0.000000000000000E+00   0.000000000000000E+00   0.000000000000000E+00
   7.505892815400000E-01   1.083382333600000E+01   1.083382333600000E+01   0.000000000000000E+00  -9.940109040200000E-01   0.000000000000000E+00   0.000000000000000E+00   0.000000000000000E+00
   7.543828087500000E-01   1.088857818600000E+01   1.088857818600000E+01   0.000000000000000E+00  -9.940109040200000E-01   0.000000000000000E+00   0.000000000000000E+00   0.000000000000000E+00
   7.579642710800000E-01   1.094027214300000E+01   1.094027214300000E+01   0.000000000000000E+00  -9.940109040200000E-01   0.000000000000000E+00   0.000000000000000E+00   0.000000000000000E+00
   7.615457334100000E-01   1.099196610000000E+01   1.099196610000000E+01   0.000000000000000E+00  -9.940109040200000E-01   0.000000000000000E+00   0.000000000000000E+00   0.000000000000000E+00
   7.651271957400000E-01   1.104366005700000E+01   1.104366005700000E+01   0.000000000000000E+00  -9.940109040200000E-01   0.000000000000000E+00   0.000000000000000E+00   0.000000000000000E+00
   7.687086580700000E-01   1.109535401400000E+01   1.109535401400000E+01   0.000000000000000E+00  -9.940109040200000E-01   0.000000000000000E+00   0.000000000000000E+00   0.000000000000000E+00
   7.722874006900000E-01   1.114700871600000E+01   1.114700871600000E+01   0.000000000000000E+00  -9.940109040200000E-01   0.000000000000000E+00   0.000000000000000E+00   0.000000000000000E+00
   7.758661433000000E-01   1.119866341700000E+01   1.119866341700000E+01   0.000000000000000E+00  -9.940109040200000E-01   0.000000000000000E+00   0.000000000000000E+00   0.000000000000000E+00
   7.794448859200001E-01   1.125031811900000E+01   1.125031811900000E+01   0.000000000000000E+00  -9.940109040200000E-01   0.000000000000000E+00   0.000000000000000E+00   0.000000000000000E+00
   7.830236285400000E-01   1.130197282000000E+01   1.130197282000000E+01   0.000000000000000E+00  -9.940109040200000E-01   0.000000000000000E+00   0.000000000000000E+00   0.000000000000000E+00
   7.865154304300001E-01   1.135237264000000E+01   1.135237264000000E+01   0.000000000000000E+00  -9.940109040200000E-01   0.000000000000000E+00   0.000000000000000E+00   0.000000000000000E+00
   7.900072323200000E-01   1.140277246100000E+01   1.140277246100000E+01   0.000000000000000E+00  -9.940109040200000E-01   0.000000000000000E+00   0.000000000000000E+00   0.000000000000000E+00
   7.934990342200000E-01   1.145317228100000E+01   1.145317228100000E+01   0.000000000000000E+00  -9.940109040200000E-01   0.000000000000000E+00   0.000000000000000E+00   0.000000000000000E+00
   7.969908361100000E-01   1.150357210100000E+01   1.150357210100000E+01   0.000000000000000E+00  -9.940109040200000E-01   0.000000000000000E+00   0.000000000000000E+00   0.000000000000000E+00
   8.002161612399999E-01   1.155012566000000E+01   1.155012566000000E+01   0.000000000000000E+00  -9.940109040200000E-01   0.000000000000000E+00   0.000000000000000E+00   0.000000000000000E+00
   8.034414863600000E-01   1.159667922000000E+01   1.159667922000000E+01   0.000000000000000E+00  -9.940109040200000E-01   0.000000000000000E+00   0.000000000000000E+00   0.000000000000000E+00
   8.066668114900000E-01   1.164323277900000E+01   1.164323277900000E+01   0.000000000000000E+00  -9.940109040200000E-01   0.000000000000000E+00   0.000000000000000E+00   0.000000000000000E+00
   8.098921366100000E-01   1.168978633800000E+01   1.168978633800000E+01   0.000000000000000E+00  -9.940109040200000E-01   0.000000000000000E+00   0.000000000000000E+00   0.000000000000000E+00
   8.125141927300000E-01   1.172763245900000E+01   1.172763245900000E+01   0.000000000000000E+00  -9.940109040200000E-01   0.000000000000000E+00   0.000000000000000E+00   0.000000000000000E+00
   8.151362488500000E-01   1.176547858000000E+01   1.176547858000000E+01   0.000000000000000E+00  -9.940109040200000E-01   0.000000000000000E+00   0.000000000000000E+00   0.000000000000000E+00
   8.177583049700000E-01   1.180332470100000E+01   1.180332470100000E+01   0.000000000000000E+00  -9.940109040200000E-01   0.000000000000000E+00   0.000000000000000E+00   0.000000000000000E+00
   8.203803610900000E-01   1.184117082200000E+01   1.184117082200000E+01   0.000000000000000E+00  -9.940109040200000E-01   0.000000000000000E+00   0.000000000000000E+00   0.000000000000000E+00
   8.227973486900000E-01   1.187605703400000E+01   1.187605703400000E+01   0.000000000000000E+00  -9.940109040200000E-01   0.000000000000000E+00   0.000000000000000E+00   0.000000000000000E+00
   8.252143362800000E-01   1.191094324600000E+01   1.191094324600000E+01   0.000000000000000E+00  -9.940109040200000E-01   0.000000000000000E+00   0.000000000000000E+00   0.000000000000000E+00
   8.276313238800000E-01   1.194582945700000E+01   1.194582945700000E+01   0.000000000000000E+00  -9.940109040200000E-01   0.000000000000000E+00   0.000000000000000E+00   0.000000000000000E+00
   8.300483114700000E-01   1.198071566900000E+01   1.198071566900000E+01   0.000000000000000E+00  -9.940109040200000E-01   0.000000000000000E+00   0.000000000000000E+00   0.000000000000000E+00
   8.326274487200001E-01   1.201794231000000E+01   1.201794231000000E+01   0.000000000000000E+00  -9.940109040200000E-01   0.000000000000000E+00   0.000000000000000E+00   0.000000000000000E+00
   8.352065859700000E-01   1.205516895000000E+01   1.205516895000000E+01   0.000000000000000E+00  -9.940109040200000E-01   0.000000000000000E+00   0.000000000000000E+00   0.000000000000000E+00
   8.377857232200000E-01   1.209239559100000E+01   1.209239559100000E+01   0.000000000000000E+00  -9.940109040200000E-01   0.000000000000000E+00   0.000000000000000E+00   0.000000000000000E+00
   8.403648604700000E-01   1.212962223100000E+01   1.212962223100000E+01   0.000000000000000E+00  -9.940109040200000E-01   0.000000000000000E+00   0.000000000000000E+00   0.000000000000000E+00
   8.434606962900000E-01   1.217430677300000E+01   1.217430677300000E+01   0.000000000000000E+00  -9.940109040200000E-01   0.000000000000000E+00   0.000000000000000E+00   0.000000000000000E+00
   8.465565321000000E-01   1.221899131500000E+01   1.221899131500000E+01   0.000000000000000E+00  -9.940109040200000E-01   0.000000000000000E+00   0.000000000000000E+00   0.000000000000000E+00
   8.496523679200000E-01   1.226367585700000E+01   1.226367585700000E+01   0.000000000000000E+00  -9.940109040200000E-01   0.000000000000000E+00   0.000000000000000E+00   0.000000000000000E+00
   8.527482037300000E-01   1.230836039900000E+01   1.230836039900000E+01   0.000000000000000E+00  -9.940109040200000E-01   0.000000000000000E+00   0.000000000000000E+00   0.000000000000000E+00
   8.571247264100000E-01   1.237153006400000E+01   1.237153006400000E+01   0.000000000000000E+00  -9.940109040200000E-01   0.000000000000000E+00   0.000000000000000E+00   0.000000000000000E+00
   8.615012490900000E-01   1.243469972900000E+01   1.243469972900000E+01   0.000000000000000E+00  -9.940109040200000E-01   0.000000000000000E+00   0.000000000000000E+00   0.000000000000000E+00
   8.658777717700000E-01   1.249786939400000E+01   1.249786939400000E+01   0.000000000000000E+00  -9.940109040200000E-01   0.000000000000000E+00   0.000000000000000E+00   0.000000000000000E+00
   8.702542944500000E-01   1.256103906000000E+01   1.256103906000000E+01   0.000000000000000E+00  -9.940109040200000E-01   0.000000000000000E+00   0.000000000000000E+00   0.000000000000000E+00
   8.742715083900000E-01   1.261902255000000E+01   1.261902255000000E+01   0.000000000000000E+00  -9.940109040200000E-01   0.000000000000000E+00   0.000000000000000E+00   0.000000000000000E+00
   8.782887223400000E-01   1.267700604000000E+01   1.267700604000000E+01   0.000000000000000E+00  -9.940109040200000E-01   0.000000000000000E+00   0.000000000000000E+00   0.000000000000000E+00
   8.823059362800000E-01   1.273498953000000E+01   1.273498953000000E+01   0.000000000000000E+00  -9.940109040200000E-01   0.000000000000000E+00   0.000000000000000E+00   0.000000000000000E+00
   8.863231502200000E-01   1.279297302000000E+01   1.279297302000000E+01   0.000000000000000E+00  -9.940109040200000E-01   0.000000000000000E+00   0.000000000000000E+00   0.000000000000000E+00
   8.902485684100000E-01   1.284963155200000E+01   1.284963155200000E+01   0.000000000000000E+00  -9.940109040200000E-01   0.000000000000000E+00   0.000000000000000E+00   0.000000000000000E+00
   8.941739865900000E-01   1.290629008500000E+01   1.290629008500000E+01   0.000000000000000E+00  -9.940109040200000E-01   0.000000000000000E+00   0.000000000000000E+00   0.000000000000000E+00
   8.980994047800001E-01   1.296294861700000E+01   1.296294861700000E+01   0.000000000000000E+00  -9.940109040200000E-01   0.000000000000000E+00   0.000000000000000E+00   0.000000000000000E+00
   9.020248229600000E-01   1.301960715000000E+01   1.301960715000000E+01   0.000000000000000E+00  -9.940109040200000E-01   0.000000000000000E+00   0.000000000000000E+00   0.000000000000000E+00
   9.055531100300001E-01   1.307053358800000E+01   1.307053358800000E+01   0.000000000000000E+00  -9.940109040200000E-01   0.000000000000000E+00   0.000000000000000E+00   0.000000000000000E+00
   9.090813971000000E-01   1.312146002600000E+01   1.312146002600000E+01   0.000000000000000E+00  -9.940109040200000E-01   0.000000000000000E+00   0.000000000000000E+00   0.000000000000000E+00
   9.126096841700000E-01   1.317238646500000E+01   1.317238646500000E+01   0.000000000000000E+00  -9.940109040200000E-01   0.000000000000000E+00   0.000000000000000E+00   0.000000000000000E+00
   9.161379712300000E-01   1.322331290300000E+01   1.322331290300000E+01   0.000000000000000E+00  -9.940109040200000E-01   0.000000000000000E+00   0.000000000000000E+00   0.000000000000000E+00
   9.192278065200000E-01   1.326791083500000E+01   1.326791083500000E+01   0.000000000000000E+00  -9.940109040200000E-01   0.000000000000000E+00   0.000000000000000E+00   0.000000000000000E+00
   9.223176418000000E-01   1.331250876700000E+01   1.331250876700000E+01   0.000000000000000E+00  -9.940109040200000E-01   0.000000000000000E+00   0.000000000000000E+00   0.000000000000000E+00
   9.254074770800000E-01   1.335710669800000E+01   1.335710669800000E+01   0.000000000000000E+00  -9.940109040200000E-01   0.000000000000000E+00   0.000000000000000E+00   0.000000000000000E+00
   9.284973123700000E-01   1.340170463000000E+01   1.340170463000000E+01   0.000000000000000E+00  -9.940109040200000E-01   0.000000000000000E+00   0.000000000000000E+00   0.000000000000000E+00
   9.314969017600000E-01   1.344499997500000E+01   1.344499997500000E+01   0.000000000000000E+00  -9.940109040200000E-01   0.000000000000000E+00   0.000000000000000E+00   0.000000000000000E+00
   9.344964911600000E-01   1.348829531900000E+01   1.348829531900000E+01   0.000000000000000E+00  -9.940109040200000E-01   0.000000000000000E+00   0.000000000000000E+00   0.000000000000000E+00
   9.374960805600000E-01   1.353159066400000E+01   1.353159066400000E+01   0.000000000000000E+00  -9.940109040200000E-01   0.000000000000000E+00   0.000000000000000E+00   0.000000000000000E+00
   9.404956699600000E-01   1.357488600900000E+01   1.357488600900000E+01   0.000000000000000E+00  -9.940109040200000E-01   0.000000000000000E+00   0.000000000000000E+00   0.000000000000000E+00
   9.434418151400000E-01   1.361740995200000E+01   1.361740995200000E+01   0.000000000000000E+00  -9.940109040200000E-01   0.000000000000000E+00   0.000000000000000E+00   0.000000000000000E+00
   9.463879603200001E-01   1.365993389600000E+01   1.365993389600000E+01   0.000000000000000E+00  -9.940109040200000E-01   0.000000000000000E+00   0.000000000000000E+00   0.000000000000000E+00
   9.493341055000000E-01   1.370245784000000E+01   1.370245784000000E+01   0.000000000000000E+00  -9.940109040200000E-01   0.000000000000000E+00   0.000000000000000E+00   0.000000000000000E+00
   9.522802506800000E-01   1.374498178400000E+01   1.374498178400000E+01   0.000000000000000E+00  -9.940109040200000E-01   0.000000000000000E+00   0.000000000000000E+00   0.000000000000000E+00
   9.550562292400000E-01   1.378504958400000E+01   1.378504958400000E+01   0.000000000000000E+00  -9.940109040200000E-01   0.000000000000000E+00   0.000000000000000E+00   0.000000000000000E+00
   9.578322078000000E-01   1.382511738400000E+01   1.382511738400000E+01   0.000000000000000E+00  -9.940109040200000E-01   0.000000000000000E+00   0.000000000000000E+00   0.000000000000000E+00
   9.606081863600000E-01   1.386518518400000E+01   1.386518518400000E+01   0.000000000000000E+00  -9.940109040200000E-01   0.000000000000000E+00   0.000000000000000E+00   0.000000000000000E+00
   9.633841649200000E-01   1.390525298400000E+01   1.390525298400000E+01   0.000000000000000E+00  -9.940109040200000E-01   0.000000000000000E+00   0.000000000000000E+00   0.000000000000000E+00
   9.661618217100000E-01   1.394534500800000E+01   1.394534500800000E+01   0.000000000000000E+00  -9.940109040200000E-01   0.000000000000000E+00   0.000000000000000E+00   0.000000000000000E+00
   9.689394785000000E-01   1.398543703100000E+01   1.398543703100000E+01   0.000000000000000E+00  -9.940109040200000E-01   0.000000000000000E+00   0.000000000000000E+00   0.000000000000000E+00
   9.717171352900000E-01   1.402552905400000E+01   1.402552905400000E+01   0.000000000000000E+00  -9.940109040200000E-01   0.000000000000000E+00   0.000000000000000E+00   0.000000000000000E+00
   9.744947920900000E-01   1.406562107700000E+01   1.406562107700000E+01   0.000000000000000E+00  -9.940109040200000E-01   0.000000000000000E+00   0.000000000000000E+00   0.000000000000000E+00
   9.776792466899999E-01   1.411158472100000E+01   1.411158472100000E+01   0.000000000000000E+00  -9.940109040200000E-01   0.000000000000000E+00   0.000000000000000E+00   0.000000000000000E+00
   9.808637012900000E-01   1.415754836600000E+01   1.415754836600000E+01   0.000000000000000E+00  -9.940109040200000E-01   0.000000000000000E+00   0.000000000000000E+00   0.000000000000000E+00
   9.840481558900001E-01   1.420351201000000E+01   1.420351201000000E+01   0.000000000000000E+00  -9.940109040200000E-01   0.000000000000000E+00   0.000000000000000E+00   0.000000000000000E+00
   9.872326104900000E-01   1.424947565400000E+01   1.424947565400000E+01   0.000000000000000E+00  -9.940109040200000E-01   0.000000000000000E+00   0.000000000000000E+00   0.000000000000000E+00
   9.904244578700000E-01   1.429554600300000E+01   1.429554600300000E+01   0.000000000000000E+00  -9.940109040200000E-01   0.000000000000000E+00   0.000000000000000E+00   0.000000000000000E+00
   9.936163052500000E-01   1.434161635300000E+01   1.434161635300000E+01   0.000000000000000E+00  -9.940109040200000E-01   0.000000000000000E+00   0.000000000000000E+00   0.000000000000000E+00
   9.968081526200000E-01   1.438768670200000E+01   1.438768670200000E+01   0.000000000000000E+00  -9.940109040200000E-01   0.000000000000000E+00   0.000000000000000E+00   0.000000000000000E+00
   1.000000000000000E+00   1.443375705200000E+01   1.443375705200000E+01   0.000000000000000E+00  -9.940109040200000E-01   0.000000000000000E+00   0.000000000000000E+00   0.000000000000000E+00
