   0.000000000000000E+00  -5.171277738300000E-14   0.000000000000000E+00   0.000000000000000E+00  -9.036526487500000E-02   2.984498003200000E-03   0.000000000000000E+00   1.940357725700000E-02
   3.581288462000000E-03   5.169144759400000E-02   5.242650721200000E-02   1.665664124000000E-04  -9.036507514400000E-02   2.984526719000000E-03   6.344731639500000E-03   1.923205827300000E-02
   7.162576924100000E-03   1.033828951900000E-01   1.048584187800000E-01   6.642684790800000E-04  -9.036450401800000E-02   2.984727263600000E-03   1.262821220700000E-02   1.903059495500000E-02
   1.074386538600000E-02   1.550743427800000E-01   1.572949124300000E-01   1.489731599400000E-03  -9.036354891700001E-02   2.985269945900000E-03   1.884065586000000E-02   1.879948178500000E-02
   1.432515384800000E-02   2.067657903800000E-01   2.097351914800000E-01   2.639078655700000E-03  -9.036220767700000E-02   2.986323200800000E-03   2.497237950600000E-02   1.853905006800000E-02
   1.785292445700000E-02   2.576847742800000E-01   2.613947727300000E-01   4.083655394300000E-03  -9.036050724500000E-02   2.988021710200000E-03   3.092424304000000E-02   1.825420324200000E-02
   2.138069506600000E-02   3.086037581900000E-01   3.130565884600000E-01   5.833613706900000E-03  -9.035842911100000E-02   2.990533747400000E-03   3.677946912100000E-02   1.794165025500000E-02
   2.490846567500000E-02   3.595227421000000E-01   3.647199837000000E-01   7.883845005600000E-03  -9.035597230600000E-02   2.994013519900000E-03   4.252916243500000E-02   1.760181056700000E-02
   2.843623628500000E-02   4.104417260100000E-01   4.163843489000000E-01   1.022878762100000E-02  -9.035313618200000E-02   2.998612518600000E-03   4.816456873400000E-02   1.723513685000000E-02
   3.198923684400000E-02   4.617248728900000E-01   4.684186209800000E-01   1.288229240300000E-02  -9.034989602300000E-02   3.004526181200000E-03   5.371604621100000E-02   1.683921009100000E-02
   3.554223740300000E-02   5.130080197700000E-01   5.204527923200000E-01   1.582205321700000E-02  -9.034627067000001E-02   3.011874344400000E-03   5.913424681800000E-02   1.641708565400000E-02
   3.909523796300000E-02   5.642911666500000E-01   5.724864058700000E-01   1.904103551200000E-02  -9.034226029300001E-02   3.020802016100000E-03   6.441072628300000E-02   1.596932523200000E-02
   4.264823852200000E-02   6.155743135300000E-01   6.245190674000000E-01   2.253176789900000E-02  -9.033786528000000E-02   3.031450484900000E-03   6.953722855800000E-02   1.549652259900000E-02
   4.643726375400000E-02   6.702641831900000E-01   6.800068237200000E-01   2.654491127500000E-02  -9.033275514899999E-02   3.044857015800000E-03   7.482995860500000E-02   1.496542384800000E-02
   5.022628898600000E-02   7.249540528500000E-01   7.354928111400000E-01   3.084801237100000E-02  -9.032720912900000E-02   3.060538101300000E-03   7.993345097600001E-02   1.440735371900000E-02
   5.401531421800000E-02   7.796439225100000E-01   7.909768072400000E-01   3.543043819000000E-02  -9.032122824900000E-02   3.078649424500000E-03   8.483847913600000E-02   1.382314791500000E-02
   5.780433945000000E-02   8.343337921700000E-01   8.464586821100000E-01   4.028104236500000E-02  -9.031481363600000E-02   3.099340713200000E-03   8.953611347800000E-02   1.321367994800000E-02
   6.128554168500000E-02   8.845806194800000E-01   8.974312688200000E-01   4.496398447700000E-02  -9.030853885200001E-02   3.120748297100000E-03   9.366190538700001E-02   1.263223855400000E-02
   6.476674392100000E-02   9.348274468000000E-01   9.484020744700000E-01   4.985408517900000E-02  -9.030189984799999E-02   3.144561362200000E-03   9.759890598300000E-02   1.203097339700000E-02
   6.824794615599999E-02   9.850742741100000E-01   9.993712067000000E-01   5.494162216500000E-02  -9.029489749500000E-02   3.170881564200000E-03   1.013409076000000E-01   1.141064144800000E-02
   7.172914839100000E-02   1.035321101400000E+00   1.050338838500000E+00   6.021655240000000E-02  -9.028753259000000E-02   3.199805593100000E-03   1.048819480100000E-01   1.077202338700000E-02
   7.514998421600000E-02   1.084696614600000E+00   1.100421424400000E+00   6.557253353000000E-02  -9.027994289999999E-02   3.230853265100000E-03   1.081602889800000E-01   1.012744437200000E-02
   7.857082004000000E-02   1.134072127800000E+00   1.150503073300000E+00   7.108936715600001E-02  -9.027200433400000E-02   3.264585616900000E-03   1.112338902600000E-01   9.466767009700000E-03
   8.199165586500000E-02   1.183447641000000E+00   1.200584123600000E+00   7.675668765200000E-02  -9.026371727300000E-02   3.301079517000000E-03   1.140978277000000E-01   8.790794020900000E-03
   8.541249168900000E-02   1.232823154200000E+00   1.250664966600000E+00   8.256387735700001E-02  -9.025508191600000E-02   3.340406653800000E-03   1.167474318600000E-01   8.100346850999999E-03
   8.884229599900000E-02   1.282328116400000E+00   1.300877342600000E+00   8.851580126500000E-02  -9.024607425099999E-02   3.382747994700000E-03   1.191843752700000E-01   7.394401744600000E-03
   9.227210030800000E-02   1.331833078500000E+00   1.351090444600000E+00   9.458624153900000E-02  -9.023671622200000E-02   3.428065638000000E-03   1.213972520500000E-01   6.675613182900000E-03
   9.570190461800000E-02   1.381338040700000E+00   1.401304805800000E+00   1.007638118700000E-01  -9.022700734100000E-02   3.476415441600000E-03   1.233821608800000E-01   5.944860145800000E-03
   9.913170892700000E-02   1.430843002800000E+00   1.451520997400000E+00   1.070369246900000E-01  -9.021694684200000E-02   3.527847576800000E-03   1.251354792100000E-01   5.203036679500000E-03
   1.026768615600000E-01   1.482012874600000E+00   1.503428585100000E+00   1.136089094200000E-01  -9.020617732000000E-02   3.584296132800000E-03   1.267008126600000E-01   4.425594966000000E-03
   1.062220141900000E-01   1.533182746400000E+00   1.555339474500000E+00   1.202571915700000E-01  -9.019502949600000E-02   3.644127655400000E-03   1.280117856400000E-01   3.638313498400000E-03
   1.097671668200000E-01   1.584352618200000E+00   1.607254390000000E+00   1.269683956300000E-01  -9.018350149600000E-02   3.707377767800000E-03   1.290653667900000E-01   2.842223211500000E-03
   1.133123194500000E-01   1.635522490000000E+00   1.659174075200000E+00   1.337289847100000E-01  -9.017159106900000E-02   3.774075207400000E-03   1.298588618700000E-01   2.038367305600000E-03
   1.169262062700000E-01   1.687684454300000E+00   1.712106082600000E+00   1.406573066800000E-01  -9.015905337000001E-02   3.845636548600000E-03   1.303976062000000E-01   1.212025314800000E-03
   1.205400930800000E-01   1.739846418500000E+00   1.765044636700000E+00   1.476081039000000E-01  -9.014611232899999E-02   3.920818340600000E-03   1.306615122500000E-01   3.798362724500000E-04
   1.241539798900000E-01   1.792008382800000E+00   1.817990538500000E+00   1.545666380800000E-01  -9.013276432099999E-02   3.999628465500000E-03   1.306488304700000E-01  -4.570639673900000E-04
   1.277678667000000E-01   1.844170347000000E+00   1.870944576300000E+00   1.615180778600000E-01  -9.011900530899999E-02   4.082067093000000E-03   1.303581889600000E-01  -1.297532141100000E-03
   1.314624576900000E-01   1.897497175800000E+00   1.925090377600000E+00   1.686018984900000E-01  -9.010450952800000E-02   4.170089724500000E-03   1.297726858500000E-01  -2.159260802200000E-03
   1.351570486800000E-01   1.950824004500000E+00   1.979246274100000E+00   1.756467461000000E-01  -9.008957435600000E-02   4.261880252700000E-03   1.288949865600000E-01  -3.022284630100000E-03
   1.388516396700000E-01   2.004150833300000E+00   2.033413011600000E+00   1.826366110700000E-01  -9.007419421000000E-02   4.357413625900000E-03   1.277248616100000E-01  -3.885367964200000E-03
   1.425462306600000E-01   2.057477662000000E+00   2.087591284300000E+00   1.895554767300000E-01  -9.005836312200000E-02   4.456656253400000E-03   1.262625003500000E-01  -4.747273785400000E-03
   1.460282523300000E-01   2.107736316900000E+00   2.138663523400000E+00   1.959969077700000E-01  -9.004302443700000E-02   4.553546489600000E-03   1.246173181400000E-01  -5.557401365000000E-03
   1.495102740100000E-01   2.157994971800000E+00   2.189747044500000E+00   2.023476992600000E-01  -9.002727403700000E-02   4.653651882800000E-03   1.227139468600000E-01  -6.364350741800000E-03
   1.529922956800000E-01   2.208253626700000E+00   2.240842257400000E+00   2.085945414100000E-01  -9.001110614799999E-02   4.756923532600000E-03   1.205535659300000E-01  -7.167091197200000E-03
   1.564743173500000E-01   2.258512281600000E+00   2.291949502800000E+00   2.147241932700000E-01  -8.999451480600000E-02   4.863305866400000E-03   1.181376831700000E-01  -7.964596174800000E-03
   1.599143983000000E-01   2.308165574200000E+00   2.342453241100000E+00   2.206520653000000E-01  -8.997770149000001E-02   4.971400714300000E-03   1.155017891300000E-01  -8.746355143200000E-03
   1.633544792400000E-01   2.357818866800000E+00   2.392969162400000E+00   2.264401271700000E-01  -8.996046287900000E-02   5.082404751900000E-03   1.126203825500000E-01  -9.521028816500000E-03
   1.667945601900000E-01   2.407472159400000E+00   2.443497362400000E+00   2.320759112100000E-01  -8.994279289800000E-02   5.196245460300000E-03   1.094958517200000E-01  -1.028764638900000E-02
   1.702346411400000E-01   2.457125452000000E+00   2.494037850000000E+00   2.375470828800000E-01  -8.992468544700000E-02   5.312844163300000E-03   1.061308898000000E-01  -1.104524570200000E-02
   1.737343071200000E-01   2.507638780600000E+00   2.545466263800000E+00   2.429315298200000E-01  -8.990580917600000E-02   5.434205002700000E-03   1.024640228400000E-01  -1.180573039400000E-02
   1.772339731100000E-01   2.558152109200000E+00   2.596907120600000E+00   2.481203469500000E-01  -8.988646751000000E-02   5.558236820900000E-03   9.855489575300000E-02  -1.255490475500000E-02
   1.807336391000000E-01   2.608665437800000E+00   2.648360126100000E+00   2.531010764400000E-01  -8.986665423600000E-02   5.684837647200000E-03   9.440729534400000E-02  -1.329179047400000E-02
   1.842333050800000E-01   2.659178766400000E+00   2.699824877000000E+00   2.578614726700000E-01  -8.984636331600000E-02   5.813899271700000E-03   9.002532012800001E-02  -1.401542325300000E-02
   1.877572130100000E-01   2.710041997300000E+00   2.751657467100000E+00   2.624200454800000E-01  -8.982544333900000E-02   5.946225508200000E-03   8.538063820600000E-02  -1.472971633100000E-02
   1.912811209400000E-01   2.760905228200000E+00   2.803500802300000E+00   2.667310201500000E-01  -8.980402755000000E-02   6.080807912700000E-03   8.050759833200000E-02  -1.542865742400000E-02
   1.948050288700000E-01   2.811768459200000E+00   2.855354123000000E+00   2.707826498200000E-01  -8.978211067400001E-02   6.217517554300000E-03   7.541131254300000E-02  -1.611131205900000E-02
   1.983289367900000E-01   2.862631690100000E+00   2.907216551400000E+00   2.745634732500000E-01  -8.975968785200000E-02   6.356219600200000E-03   7.009719177400001E-02  -1.677676470800000E-02
   2.017120706000000E-01   2.911463021500000E+00   2.957014809200000E+00   2.779281002000000E-01  -8.973768067600001E-02   6.491124868300000E-03   6.479569816500000E-02  -1.739861711000000E-02
   2.050952044000000E-01   2.960294352900000E+00   3.006819560100000E+00   2.810232352900000E-01  -8.971519970700000E-02   6.627607710400000E-03   5.930397746700000E-02  -1.800301460300000E-02
   2.084783382100000E-01   3.009125684300000E+00   3.056629721700000E+00   2.838395597500000E-01  -8.969224203700001E-02   6.765534248000000E-03   5.362756213100000E-02  -1.858920167500000E-02
   2.118614720100000E-01   3.057957015700000E+00   3.106444114800000E+00   2.863680482400000E-01  -8.966880531099999E-02   6.904766123500000E-03   4.777221596400000E-02  -1.915644228800000E-02
   2.152032648400000E-01   3.106191641400000E+00   3.155652698300000E+00   2.885745295000000E-01  -8.964518293900001E-02   7.043438619200000E-03   4.181861162900000E-02  -1.969745078600000E-02
   2.185450576600000E-01   3.154426267100000E+00   3.204862851800000E+00   2.904835532500000E-01  -8.962109034800000E-02   7.183103978100000E-03   3.570224855800000E-02  -2.021860466300000E-02
   2.218868504800000E-01   3.202660892800000E+00   3.254073175700000E+00   2.920873277900000E-01  -8.959652711500000E-02   7.323616836300000E-03   2.942931069100000E-02  -2.071925472500000E-02
   2.252286433000000E-01   3.250895518500000E+00   3.303282189600000E+00   2.933783815300000E-01  -8.957149351500000E-02   7.464828148700000E-03   2.300617764700000E-02  -2.119877302200000E-02
   2.285839457600000E-01   3.299325139100000E+00   3.352687251400000E+00   2.943528390500000E-01  -8.954588649900000E-02   7.607159303900000E-03   1.641258922100000E-02  -2.165835913900000E-02
   2.319392482300000E-01   3.347754759700000E+00   3.402087774700000E+00   2.949979542600000E-01  -8.951980811099999E-02   7.749882900300000E-03   9.681045440400000E-03  -2.209544050300000E-02
   2.352945506900000E-01   3.396184380300000E+00   3.451482043600000E+00   2.953071921800000E-01  -8.949326096200000E-02   7.892837848000000E-03   2.818558070800000E-03  -2.250944975900000E-02
   2.386498531500000E-01   3.444614000900000E+00   3.500868280200000E+00   2.952743774400000E-01  -8.946624851100000E-02   8.035859979300000E-03  -4.167690240600000E-03  -2.289984345500000E-02
   2.420827674400000E-01   3.494163851600000E+00   3.551386647700000E+00   2.948807354100000E-01  -8.943813418400000E-02   8.182085627500000E-03  -1.143596318500000E-02  -2.327428490500000E-02
   2.455156817200000E-01   3.543713702400000E+00   3.601892667600000E+00   2.941171386500000E-01  -8.940954293200000E-02   8.328024794800000E-03  -1.881806048300000E-02  -2.362293342500000E-02
   2.489485960000000E-01   3.593263553100000E+00   3.652384274700000E+00   2.929781890200000E-01  -8.938048138400000E-02   8.473492821800000E-03  -2.630578344800000E-02  -2.394528788300000E-02
   2.523815102800000E-01   3.642813403800000E+00   3.702859364900000E+00   2.914589123000000E-01  -8.935095720199999E-02   8.618302479400000E-03  -3.389078009300000E-02  -2.424087541600000E-02
   2.559046818000000E-01   3.693666005500000E+00   3.754642118200000E+00   2.894994698100000E-01  -8.932018488500000E-02   8.766035982899999E-03  -4.176742954500000E-02  -2.451593696500000E-02
   2.594278533100000E-01   3.744518607200000E+00   3.806402892600000E+00   2.871302190500000E-01  -8.928894505000000E-02   8.912669028600001E-03  -4.972825164000000E-02  -2.476188968600000E-02
   2.629510248200000E-01   3.795371208900000E+00   3.858139342100000E+00   2.843472150100000E-01  -8.925724947100000E-02   9.057992203099999E-03  -5.776377465200000E-02  -2.497831818700000E-02
   2.664741963400000E-01   3.846223810600000E+00   3.909849116500000E+00   2.811470072600000E-01  -8.922511111500001E-02   9.201794213000001E-03  -6.586439801400000E-02  -2.516484027100000E-02
   2.700808425500000E-01   3.898281265800000E+00   3.962753975600000E+00   2.774357506100000E-01  -8.919176745900000E-02   9.347205361299999E-03  -7.421423444399999E-02  -2.532444018500000E-02
   2.736874887600000E-01   3.950338721000000E+00   4.015625928500000E+00   2.732815759700000E-01  -8.915799112300000E-02   9.490569329300000E-03  -8.261156378499999E-02  -2.545199735500000E-02
   2.772941349800000E-01   4.002396176200000E+00   4.068462512100000E+00   2.686824205900000E-01  -8.912379988100000E-02   9.631654994200000E-03  -9.104573866800000E-02  -2.554721225600000E-02
   2.809007811900000E-01   4.054453631400000E+00   4.121261307600000E+00   2.636367815600000E-01  -8.908921277600000E-02   9.770230305300000E-03  -9.950601894199999E-02  -2.560982330800000E-02
   2.846085691700000E-01   4.107970942300000E+00   4.175498870000000E+00   2.579832207400000E-01  -8.905326442500000E-02   9.909829910200001E-03  -1.082193793600000E-01  -2.563996729400000E-02
   2.883163571400000E-01   4.161488253100000E+00   4.229691507700000E+00   2.518563919000000E-01  -8.901694253000000E-02   1.004627723300000E-02  -1.169370612100000E-01  -2.563521702700000E-02
   2.920241451200000E-01   4.215005563900000E+00   4.283836823100000E+00   2.452565266400000E-01  -8.898027177600000E-02   1.017931903900000E-02  -1.256471731600000E-01  -2.559541551500000E-02
   2.957319330900000E-01   4.268522874800000E+00   4.337932524900000E+00   2.381844889300000E-01  -8.894327810500000E-02   1.030870238700000E-02  -1.343377779200000E-01  -2.552044922300000E-02
   2.993442742300000E-01   4.320662529200000E+00   4.390585895200000E+00   2.308418276600000E-01  -8.890695205000000E-02   1.043099611400000E-02  -1.427744939900000E-01  -2.541352721200000E-02
   3.029566153700000E-01   4.372802183600000E+00   4.443188225600000E+00   2.230543691600000E-01  -8.887037137600000E-02   1.054934533600000E-02  -1.511702492600000E-01  -2.527313635500000E-02
   3.065689565100000E-01   4.424941837900000E+00   4.495737764100000E+00   2.148246419800000E-01  -8.883356315300001E-02   1.066351878300000E-02  -1.595139591900000E-01  -2.509929150000000E-02
   3.101812976500000E-01   4.477081492300000E+00   4.548232903600000E+00   2.061557408300000E-01  -8.879655533000000E-02   1.077328665100000E-02  -1.677945507400000E-01  -2.489204706100000E-02
   3.136604629600000E-01   4.527298919100000E+00   4.598739924700000E+00   1.973946608600000E-01  -8.876075001500000E-02   1.087462979900000E-02  -1.756998738500000E-01  -2.466095524400000E-02
   3.171396282600000E-01   4.577516345900000E+00   4.649193984800000E+00   1.882333438200000E-01  -8.872481252800000E-02   1.097147268700000E-02  -1.835265578500000E-01  -2.439908678500000E-02
   3.206187935700000E-01   4.627733772700000E+00   4.699594085500000E+00   1.786760304400000E-01  -8.868876972100000E-02   1.106361538000000E-02  -1.912648078500000E-01  -2.410659435900000E-02
   3.240979588800000E-01   4.677951199500000E+00   4.749939388700000E+00   1.687274381500000E-01  -8.865264890400000E-02   1.115086019300000E-02  -1.989048830400000E-01  -2.378366455600000E-02
   3.275423106800000E-01   4.727666136600000E+00   4.799726286000000E+00   1.584980635900000E-01  -8.861683986900000E-02   1.123221573800000E-02  -2.063623030600000E-01  -2.343420033000000E-02
   3.309866624800000E-01   4.777381073700000E+00   4.849458338100000E+00   1.478957776000000E-01  -8.858100867900000E-02   1.130839281400000E-02  -2.137047031100000E-01  -2.305536714700000E-02
   3.344310142800000E-01   4.827096010800000E+00   4.899135238900000E+00   1.369265157500000E-01  -8.854518268100001E-02   1.137920749600000E-02  -2.209228508000000E-01  -2.264744354600000E-02
   3.378753660800000E-01   4.876810947800000E+00   4.948756862900000E+00   1.255966553900000E-01  -8.850938932800000E-02   1.144447891400000E-02  -2.280076067900000E-01  -2.221074005300000E-02
   3.413972021100000E-01   4.927644273500000E+00   4.999437683700000E+00   1.136461620100000E-01  -8.847285314599999E-02   1.150530196500000E-02  -2.351044013900000E-01  -2.173481092100000E-02
   3.449190381500000E-01   4.978477599300000E+00   5.050061046500000E+00   1.013335415400000E-01  -8.843640911099999E-02   1.155995779600000E-02  -2.420427492100000E-01  -2.122955046200000E-02
   3.484408741800000E-01   5.029310925000000E+00   5.100627434400000E+00   8.866701065500000E-02  -8.840008631300000E-02   1.160826440200000E-02  -2.488132474000000E-01  -2.069539275400000E-02
   3.519627102200000E-01   5.080144250700000E+00   5.151137547200000E+00   7.565524486899999E-02  -8.836391354200000E-02   1.165004407400000E-02  -2.554066387800000E-01  -2.013280562000000E-02
   3.554283979000000E-01   5.130167144700000E+00   5.200788336600000E+00   6.252276361799999E-02  -8.832849149499999E-02   1.168461777700000E-02  -2.617131798700000E-01  -1.955192114400000E-02
   3.588940855900000E-01   5.180190038800000E+00   5.250386605700000E+00   4.907392435600000E-02  -8.829326877400000E-02   1.171254271100000E-02  -2.678308872100000E-01  -1.894450047900000E-02
   3.623597732700000E-01   5.230212932900000E+00   5.299933648800000E+00   3.531825468300000E-02  -8.825827133399999E-02   1.173366299900000E-02  -2.737514128900000E-01  -1.831108270200000E-02
   3.658254609600000E-01   5.280235826900000E+00   5.349430969600000E+00   2.126568426000000E-02  -8.822352442799999E-02   1.174782762800000E-02  -2.794665850900000E-01  -1.765223680100000E-02
   3.691378849400000E-01   5.328046549900000E+00   5.396694463900000E+00   7.566570425000000E-03  -8.819057083100000E-02   1.175473033200000E-02  -2.847297250900000E-01  -1.699931170100000E-02
   3.724503089200000E-01   5.375857273000000E+00   5.443915771600000E+00  -6.384991650500000E-03  -8.815788902600000E-02   1.175502265800000E-02  -2.897911679300000E-01  -1.632425134600000E-02
   3.757627329100000E-01   5.423667996000000E+00   5.491096736500000E+00  -2.057934258400000E-02  -8.812549874500000E-02   1.174858621100000E-02  -2.946442765300000E-01  -1.562762638300000E-02
   3.790751568900000E-01   5.471478719000000E+00   5.538239371100000E+00  -3.500651448300000E-02  -8.809341880000000E-02   1.173530728800000E-02  -2.992825906300000E-01  -1.491003051600000E-02
   3.823211030900000E-01   5.518329917800000E+00   5.584400804300000E+00  -4.936010865500000E-02  -8.806230090200000E-02   1.171555205500000E-02  -3.036133962800000E-01  -1.418708615300000E-02
   3.855670492900000E-01   5.565181116700000E+00   5.630529723700000E+00  -6.391747407100000E-02  -8.803151387499999E-02   1.168902385900000E-02  -3.077261851500000E-01  -1.344519625300000E-02
   3.888129954800000E-01   5.612032315500000E+00   5.676628476200000E+00  -7.866840946500001E-02  -8.800107240600000E-02   1.165562961500000E-02  -3.116154101800000E-01  -1.268498083900000E-02
   3.920589416800000E-01   5.658883514300000E+00   5.722699549600000E+00  -9.360245661400000E-02  -8.797099004800001E-02   1.161528107700000E-02  -3.152757117000000E-01  -1.190707907100000E-02
   3.952770430100000E-01   5.705332807100000E+00   5.768350667700000E+00  -1.085786162600000E-01  -8.794153242199999E-02   1.156833159500000E-02  -3.186735410000000E-01  -1.111903840300000E-02
   3.984951443400000E-01   5.751782099800000E+00   5.813979841600000E+00  -1.237135641800000E-01  -8.791245074700001E-02   1.151438849400000E-02  -3.218364358200000E-01  -1.031491836500000E-02
   4.017132456700000E-01   5.798231392600000E+00   5.859589873500000E+00  -1.389964040800000E-01  -8.788375456700000E-02   1.145338054300000E-02  -3.247597506000000E-01  -9.495393979600000E-03
   4.049313470000000E-01   5.844680685400000E+00   5.905183678200000E+00  -1.544160207200000E-01  -8.785545209999999E-02   1.138524162500000E-02  -3.274390413800000E-01  -8.661156340499999E-03
   4.081660057900000E-01   5.891368964400000E+00   5.950998764600000E+00  -1.700413724800000E-01  -8.782740767500000E-02   1.130950454700000E-02  -3.298819289500000E-01  -7.808512720100000E-03
   4.114006645700000E-01   5.938057243400000E+00   5.996803675700000E+00  -1.857817580500000E-01  -8.779977343000001E-02   1.122644494400000E-02  -3.320699041100000E-01  -6.942450429300000E-03
   4.146353233500000E-01   5.984745522400000E+00   6.042601669500000E+00  -2.016252689200000E-01  -8.777255335799999E-02   1.113601188600000E-02  -3.339990972900000E-01  -6.063716262600000E-03
   4.178699821300000E-01   6.031433801400000E+00   6.088396086000000E+00  -2.175598058500000E-01  -8.774574991000000E-02   1.103816004500000E-02  -3.356658624400000E-01  -5.173070605100000E-03
   4.211679811000000E-01   6.079036317300000E+00   6.135087090700000E+00  -2.338873572100000E-01  -8.771885144700001E-02   1.093071293200000E-02  -3.370915374500000E-01  -4.253522323900000E-03
   4.244659800700000E-01   6.126638833200000E+00   6.181781610500000E+00  -2.502835632900000E-01  -8.769238619700000E-02   1.081547662300000E-02  -3.382374767900000E-01  -3.323227907100000E-03
   4.277639790400000E-01   6.174241349100000E+00   6.228483386000000E+00  -2.667350447500000E-01  -8.766635159900001E-02   1.069242161700000E-02  -3.391005581600000E-01  -2.383031988700000E-03
   4.310619780100000E-01   6.221843865000000E+00   6.275196202400000E+00  -2.832282553300000E-01  -8.764074329800001E-02   1.056152482200000E-02  -3.396779164100000E-01  -1.433790502200000E-03
   4.343845398000000E-01   6.269800914700000E+00   6.322271961100000E+00  -2.998726087800000E-01  -8.761536909300000E-02   1.042170669500000E-02  -3.399680115200000E-01  -4.692106847900000E-04
   4.377071016000000E-01   6.317757964400000E+00   6.369366724600000E+00  -3.165312449600000E-01  -8.759041313000000E-02   1.027390243200000E-02  -3.399630750200000E-01   5.027749170600000E-04
   4.410296633900000E-01   6.365715014100000E+00   6.416484422000000E+00  -3.331898639900000E-01  -8.756586535100000E-02   1.011810860900000E-02  -3.396609882300000E-01   1.481261883600000E-03
   4.443522251800000E-01   6.413672063800000E+00   6.463628975200000E+00  -3.498340384800000E-01  -8.754171381700000E-02   9.954328690399999E-03  -3.390599092400000E-01   2.465337924800000E-03
   4.477642307500000E-01   6.462920123200000E+00   6.512074711400000E+00  -3.668959700600000E-01  -8.751730999100001E-02   9.777839305800000E-03  -3.381298358700000E-01   3.480756861100000E-03
   4.511762363100000E-01   6.512168182500000E+00   6.560557067200000E+00  -3.839114665400000E-01  -8.749329244500000E-02   9.592958030500000E-03  -3.368814245900000E-01   4.500098380400000E-03
   4.545882418700000E-01   6.561416241900000E+00   6.609080169900000E+00  -4.008645631200000E-01  -8.746964212800000E-02   9.399711661900000E-03  -3.353136056400000E-01   5.522355081100000E-03
   4.580002474400000E-01   6.610664301300000E+00   6.657648073200000E+00  -4.177392076600000E-01  -8.744633797199999E-02   9.198134881500000E-03  -3.334256251600000E-01   6.546515211700000E-03
   4.614857333100000E-01   6.660972957500000E+00   6.707312306600000E+00  -4.348794863400000E-01  -8.742286539000001E-02   8.983659883900000E-03  -3.311659547600000E-01   7.593641198300000E-03
   4.649712191700000E-01   6.711281613700000E+00   6.757031539900000E+00  -4.519038163900000E-01  -8.739970334100000E-02   8.760590283600000E-03  -3.285716067400000E-01   8.640609897300000E-03
   4.684567050400000E-01   6.761590270000000E+00   6.806809748500000E+00  -4.687948996200000E-01  -8.737682315200000E-02   8.528988763400001E-03  -3.256428048000000E-01   9.686336016400000E-03
   4.719421909100000E-01   6.811898926200000E+00   6.856650754900000E+00  -4.855354083900000E-01  -8.735419418600000E-02   8.288926715799999E-03  -3.223801195000000E-01   1.072973444100000E-02
   4.752065992400000E-01   6.859016603000000E+00   6.903390638700000E+00  -5.010621545400000E-01  -8.733319951600001E-02   8.056489732200000E-03  -3.190224006200000E-01   1.170387911200000E-02
   4.784710075800000E-01   6.906134279800000E+00   6.950191663500000E+00  -5.164273686300000E-01  -8.731236855400000E-02   7.816774403200000E-03  -3.153736405200000E-01   1.267414299100000E-02
   4.817354159100000E-01   6.953251956600000E+00   6.997056521900000E+00  -5.316168266700000E-01  -8.729167185599999E-02   7.569860190700000E-03  -3.114351334400000E-01   1.363964069900000E-02
   4.849998242500000E-01   7.000369633500000E+00   7.043987736600000E+00  -5.466163349599999E-01  -8.727107874499999E-02   7.315833251200000E-03  -3.072084381100000E-01   1.459949058400000E-02
   4.882119396400000E-01   7.046732526700000E+00   7.090234200100000E+00  -5.611764152399999E-01  -8.725088573400000E-02   7.059022976700000E-03  -3.027699182400000E-01   1.553760006100000E-02
   4.914240550400000E-01   7.093095419900000E+00   7.136549228800000E+00  -5.755254533700001E-01  -8.723073088000000E-02   6.795510633900000E-03  -2.980561160200000E-01   1.646856138100000E-02
   4.946361704300000E-01   7.139458313100000E+00   7.182934681200000E+00  -5.896500884500000E-01  -8.721058196100000E-02   6.525397167300000E-03  -2.930692584400000E-01   1.739154985700000E-02
   4.978482858300000E-01   7.185821206400000E+00   7.229392215700000E+00  -6.035370384600000E-01  -8.719040593600000E-02   6.248789697300000E-03  -2.878118144400000E-01   1.830574735000000E-02
   5.010559508000000E-01   7.232119863400000E+00   7.275858762100000E+00  -6.171543988600000E-01  -8.717019713599999E-02   5.966197927100000E-03  -2.822943324000000E-01   1.920909663100000E-02
   5.042636157800000E-01   7.278418520400000E+00   7.322399865900000E+00  -6.305085453500000E-01  -8.714989338400000E-02   5.677361935700000E-03  -2.765126490100000E-01   2.010207099800000E-02
   5.074712807600000E-01   7.324717177400000E+00   7.369016531500000E+00  -6.435865636500000E-01  -8.712945992500000E-02   5.382406580000000E-03  -2.704699323800000E-01   2.098387951500000E-02
   5.106789457399999E-01   7.371015834400000E+00   7.415709533300000E+00  -6.563756697100001E-01  -8.710886159099999E-02   5.081462666000000E-03  -2.641695818700000E-01   2.185374054300000E-02
   5.139706099800000E-01   7.418526916300000E+00   7.463705210000000E+00  -6.691860684399999E-01  -8.708751522900000E-02   4.766555468700000E-03  -2.574402078300000E-01   2.273315051600000E-02
   5.172622742200000E-01   7.466037998200000E+00   7.511782154700000E+00  -6.816654239900000E-01  -8.706591932799999E-02   4.445640026400000E-03  -2.504475189000000E-01   2.359834404400000E-02
   5.205539384500000E-01   7.513549080100000E+00   7.559940409200000E+00  -6.938004364800000E-01  -8.704403525899999E-02   4.118876785400000E-03  -2.431959285500000E-01   2.444851122700000E-02
   5.238456026900000E-01   7.561060162000000E+00   7.608179736700000E+00  -7.055780096900000E-01  -8.702182444300000E-02   3.786432462500000E-03  -2.356900927700000E-01   2.528285527500000E-02
   5.271451219100000E-01   7.608684620700000E+00   7.656615021400000E+00  -7.170120333600000E-01  -8.699919412600000E-02   3.447667042500000E-03  -2.279161057100000E-01   2.610252402800000E-02
   5.304446411200000E-01   7.656309079500000E+00   7.705130435400000E+00  -7.280612343700000E-01  -8.697615853399999E-02   3.103547369500000E-03  -2.198967425500000E-01   2.690473307300000E-02
   5.337441603300001E-01   7.703933538200000E+00   7.753724879800000E+00  -7.387131294500000E-01  -8.695267976200000E-02   2.754259691700000E-03  -2.116374009500000E-01   2.768872345200000E-02
   5.370436795500000E-01   7.751557996900000E+00   7.802396965200000E+00  -7.489555012800000E-01  -8.692872049500000E-02   2.399996139100000E-03  -2.031437057600000E-01   2.845375196600000E-02
   5.402056304200000E-01   7.797196827600000E+00   7.849111045600000E+00  -7.583755171900000E-01  -8.690527544300000E-02   2.056017101400000E-03  -1.947896499400000E-01   2.916841857100000E-02
   5.433675813000000E-01   7.842835658400000E+00   7.895893161100000E+00  -7.673982307300000E-01  -8.688132406000000E-02   1.707829160000000E-03  -1.862310777200000E-01   2.986437867700000E-02
   5.465295321700000E-01   7.888474489100000E+00   7.942741344200000E+00  -7.760136522200000E-01  -8.685683574000000E-02   1.355615924700000E-03  -1.774735016600000E-01   3.054102180100000E-02
   5.496914830500000E-01   7.934113319800000E+00   7.989653388200000E+00  -7.842120643300000E-01  -8.683178082900000E-02   9.995655021200001E-04  -1.685226091400000E-01   3.119775254200000E-02
   5.528078925700000E-01   7.979094817800000E+00   8.035949872200000E+00  -7.918751635400000E-01  -8.680650451600000E-02   6.450759917500000E-04  -1.595171796800000E-01   3.182497536400000E-02
   5.559243020900000E-01   8.024076315700000E+00   8.082303461100000E+00  -7.991152612500000E-01  -8.678062375600000E-02   2.872343227900000E-04  -1.503354187900000E-01   3.243175167000000E-02
   5.590407116200000E-01   8.069057813700001E+00   8.128711384000001E+00  -8.059238936799999E-01  -8.675411348200000E-02  -7.376732241300000E-05  -1.409832446200000E-01   3.301755659200000E-02
   5.621571211400000E-01   8.114039311599999E+00   8.175170661799999E+00  -8.122928949000000E-01  -8.672694991700000E-02  -4.377330213500000E-04  -1.314667231200000E-01   3.358188087900000E-02
   5.652592395300000E-01   8.158814534799999E+00   8.221464735500000E+00  -8.181882838700000E-01  -8.669923990700000E-02  -8.027754946100000E-04  -1.218367809000000E-01   3.412179497600000E-02
   5.683613579300000E-01   8.203589758000000E+00   8.267803211300000E+00  -8.236328367300000E-01  -8.667083975600000E-02  -1.170356976500000E-03  -1.120564087700000E-01   3.463946552700000E-02
   5.714634763200001E-01   8.248364981300000E+00   8.314182574700000E+00  -8.286194332900000E-01  -8.664173036800001E-02  -1.540274003100000E-03  -1.021319989100000E-01   3.513443813100000E-02
   5.745655947100000E-01   8.293140204500000E+00   8.360599134499999E+00  -8.331412809800000E-01  -8.661189425599999E-02  -1.912319995800000E-03  -9.207007046900000E-02   3.560627484500000E-02
   5.776934133800000E-01   8.338286379299999E+00   8.407433984500001E+00  -8.372234953600000E-01  -8.658105914399999E-02  -2.289391034600000E-03  -8.179229240400000E-02   3.605816878000000E-02
   5.808212320600000E-01   8.383432554200001E+00   8.454298603900000E+00  -8.408203976800001E-01  -8.654945478000001E-02  -2.668195710100000E-03  -7.138838898900000E-02   3.648569931800000E-02
   5.839490507300000E-01   8.428578729000000E+00   8.501188717500000E+00  -8.439260843800001E-01  -8.651706868500000E-02  -3.048513582100000E-03  -6.086540511300000E-02   3.688846989700000E-02
   5.870768694100000E-01   8.473724903900001E+00   8.548099905699999E+00  -8.465350210000000E-01  -8.648389034400000E-02  -3.430121628100000E-03  -5.023049682700000E-02   3.726610194400000E-02
   5.902900107500000E-01   8.520102605400000E+00   8.596307926900000E+00  -8.486924465000000E-01  -8.644897307600000E-02  -3.823245963600000E-03  -3.919656858600000E-02   3.762748024300000E-02
   5.935031520900000E-01   8.566480306900001E+00   8.644528311600000E+00  -8.503150346700000E-01  -8.641320388100000E-02  -4.217247025300000E-03  -2.806017457400000E-02   3.796157915700000E-02
   5.967162934300000E-01   8.612858008400000E+00   8.692755868200001E+00  -8.513980439600000E-01  -8.637657822600001E-02  -4.611875658700000E-03  -1.682940415500000E-02   3.826804900200000E-02
   5.999294347700000E-01   8.659235709900001E+00   8.740985297300000E+00  -8.519371702000000E-01  -8.633909401100000E-02  -5.006880611900000E-03  -5.512446636200000E-03   3.854656104500000E-02
   6.033301765500000E-01   8.708321190400000E+00   8.792026667800000E+00  -8.519110498400000E-01  -8.629848651200001E-02  -5.425076835500000E-03   6.549937615000000E-03   3.881053895100000E-02
   6.067309183200000E-01   8.757406671000000E+00   8.843057602400000E+00  -8.512673290900000E-01  -8.625692124800000E-02  -5.843108805200000E-03   1.868965958100000E-02   3.904251619000000E-02
   6.101316601000000E-01   8.806492151600001E+00   8.894071534400000E+00  -8.500025422500000E-01  -8.621440495200000E-02  -6.260672504900000E-03   3.089669116300000E-02   3.924218123900000E-02
   6.135324018700000E-01   8.855577632199999E+00   8.945061839499999E+00  -8.481137945900000E-01  -8.617094759400000E-02  -6.677462357600000E-03   4.316091137500000E-02   3.940924986200000E-02
   6.169498337600000E-01   8.904904013800000E+00   8.996271871399999E+00  -8.455848751000000E-01  -8.612634230800000E-02  -7.095208525700000E-03   5.553263396300000E-02   3.954404263100000E-02
   6.203672656500000E-01   8.954230395400000E+00   9.047444541400001E+00  -8.424217455500000E-01  -8.608081682300001E-02  -7.511550903100000E-03   6.794136746300000E-02   3.964542670300000E-02
   6.237846975400000E-01   9.003556777100000E+00   9.098573082900000E+00  -8.386232297400000E-01  -8.603439123600000E-02  -7.926176352799999E-03   8.037661018500000E-02   3.971319829400000E-02
   6.272021294300000E-01   9.052883158700000E+00   9.149650758800000E+00  -8.341887432300000E-01  -8.598708897700000E-02  -8.338771303800001E-03   9.282780107800000E-02   3.974718232300000E-02
   6.304475147000000E-01   9.099726261200001E+00   9.198103812199999E+00  -8.293887549900000E-01  -8.594138081900000E-02  -8.728429337800001E-03   1.046572565400000E-01   3.974804318400000E-02
   6.336928999600000E-01   9.146569363699999E+00   9.246499295600000E+00  -8.240157212100000E-01  -8.589493177500000E-02  -9.115704655500000E-03   1.164824014400000E-01   3.971819986400000E-02
   6.369382852300000E-01   9.193412466100000E+00   9.294831621900000E+00  -8.180706216600000E-01  -8.584777012399999E-02  -9.500329043300001E-03   1.282940865500000E-01   3.965757524300000E-02
   6.401836705000000E-01   9.240255568600000E+00   9.343095298700000E+00  -8.115549139300000E-01  -8.579992673800001E-02  -9.882034858500000E-03   1.400831432500000E-01   3.956611612200000E-02
   6.433774064000000E-01   9.286353176700000E+00   9.390518626300000E+00  -8.045877184200000E-01  -8.575221166900000E-02  -1.025455751700000E-02   1.516535736200000E-01   3.944598181000000E-02
   6.465711423000000E-01   9.332450784700001E+00   9.437865250700000E+00  -7.970720924500000E-01  -8.570390296600000E-02  -1.062374195400000E-02   1.631844438000000E-01   3.929595336900000E-02
   6.497648781900000E-01   9.378548392800001E+00   9.485130299600000E+00  -7.890107646800000E-01  -8.565503711399999E-02  -1.098933597700000E-02   1.746670013200000E-01   3.911604859900000E-02
   6.529586140900000E-01   9.424646000799999E+00   9.532309051000000E+00  -7.804068996500000E-01  -8.560565281000000E-02  -1.135108875000000E-02   1.860925022600000E-01   3.890630813700000E-02
   6.561978196600000E-01   9.471399907100000E+00   9.580066665900000E+00  -7.711300543800000E-01  -8.555507776000000E-02  -1.171381233300000E-02   1.976134301500000E-01   3.866317100100000E-02
   6.594370252300000E-01   9.518153813300000E+00   9.627726251700000E+00  -7.613030152200000E-01  -8.550405618199999E-02  -1.207206983100000E-02   2.090576016700000E-01   3.838949847300000E-02
   6.626762308000000E-01   9.564907719600001E+00   9.675283445300000E+00  -7.509304288700001E-01  -8.545263493400000E-02  -1.242560508200000E-02   2.204159636300000E-01   3.808540542300000E-02
   6.659154363699999E-01   9.611661625800000E+00   9.722734102000000E+00  -7.400173820500000E-01  -8.540086286199999E-02  -1.277416420100000E-02   2.316795006200000E-01   3.775103116700000E-02
   6.691270723800000E-01   9.658017599600001E+00   9.769671861699999E+00  -7.286690725100000E-01  -8.534923502199999E-02  -1.311459635700000E-02   2.427447217800000E-01   3.738976834400000E-02
   6.723387083800000E-01   9.704373573500000E+00   9.816497465499999E+00  -7.168006850800001E-01  -8.529736335500000E-02  -1.344964711100000E-02   2.536992132500000E-01   3.699908204300000E-02
   6.755503443899999E-01   9.750729547300001E+00   9.863207586400000E+00  -7.044184197200000E-01  -8.524530063000001E-02  -1.377907680500000E-02   2.645343399800000E-01   3.657917944400000E-02
   6.787619803900000E-01   9.797085521100000E+00   9.909799157700000E+00  -6.915288743600000E-01  -8.519310109600001E-02  -1.410264874600000E-02   2.752415314200000E-01   3.613029143700000E-02
   6.819497734500000E-01   9.843097351600001E+00   9.955924844800000E+00  -6.782402683900000E-01  -8.514120866100000E-02  -1.441779543400000E-02   2.857343348400000E-01   3.565632361100000E-02
   6.851375665100000E-01   9.889109182100000E+00   1.000192852000000E+01  -6.644659782100000E-01  -8.508929182300000E-02  -1.472671576500000E-02   2.960844863400000E-01   3.515432197700000E-02
   6.883253595600000E-01   9.935121012600000E+00   1.004780800500000E+01  -6.502135732500000E-01  -8.503740723200000E-02  -1.502918800200000E-02   3.062838340300000E-01   3.462458147800000E-02
   6.915131526200000E-01   9.981132843099999E+00   1.009356141300000E+01  -6.354909778700000E-01  -8.498561246800000E-02  -1.532499397000000E-02   3.163243155900000E-01   3.406741991700000E-02
   6.947507366900000E-01   1.002786334500000E+01   1.013989877500000E+01  -6.200656742300000E-01  -8.493316073300000E-02  -1.561837631000000E-02   3.263508183700000E-01   3.347383955300000E-02
   6.979883207599999E-01   1.007459384700000E+01   1.018610310600000E+01  -6.041729324400000E-01  -8.488092375700000E-02  -1.590444074700000E-02   3.361969993400000E-01   3.285270693500000E-02
   7.012259048300000E-01   1.012132434900000E+01   1.023217339400000E+01  -5.878221241600000E-01  -8.482896395000000E-02  -1.618297102600000E-02   3.458547385300000E-01   3.220442675600000E-02
   7.044634889000000E-01   1.016805485100000E+01   1.027810896300000E+01  -5.710229616300000E-01  -8.477734411600001E-02  -1.645375535200000E-02   3.553160396400000E-01   3.152942752700000E-02
   7.078685479300000E-01   1.021720264600000E+01   1.032627498700000E+01  -5.528820907599999E-01  -8.472349008299999E-02  -1.672996223500000E-02   3.650461841300000E-01   3.079118027400000E-02
   7.112736069500000E-01   1.026635044000000E+01   1.037429164900000E+01  -5.342684611500000E-01  -8.467015528900000E-02  -1.699713659700000E-02   3.745413560600000E-01   3.002443253800000E-02
   7.146786659800000E-01   1.031549823500000E+01   1.042215939500000E+01  -5.151945195700000E-01  -8.461741304400000E-02  -1.725504913700000E-02   3.837927470200000E-01   2.922976659000000E-02
   7.180837250100000E-01   1.036464603000000E+01   1.046987910100000E+01  -4.956730800700000E-01  -8.456533633100000E-02  -1.750347676200000E-02   3.927917347800000E-01   2.840779268100000E-02
   7.212753003100000E-01   1.041071245200000E+01   1.051447371700000E+01  -4.769809669100000E-01  -8.451719329800000E-02  -1.772752465700000E-02   4.009898645000000E-01   2.761312646100000E-02
   7.244668756200000E-01   1.045677887500000E+01   1.055894083500000E+01  -4.579183937700000E-01  -8.446975770700001E-02  -1.794287600100000E-02   4.089520641000000E-01   2.679557623900000E-02
   7.276584509300000E-01   1.050284529700000E+01   1.060328220400000E+01  -4.384967318800000E-01  -8.442308789600000E-02  -1.814936274800000E-02   4.166717190900000E-01   2.595570955500000E-02
   7.308500262299999E-01   1.054891172000000E+01   1.064749989700000E+01  -4.187275976900000E-01  -8.437724132200000E-02  -1.834682214900000E-02   4.241423840500000E-01   2.509411419500000E-02
   7.339667102800000E-01   1.059389718000000E+01   1.069056295200000E+01  -3.990983630000000E-01  -8.433331908699999E-02  -1.853078532200000E-02   4.311914474100000E-01   2.423234832000000E-02
   7.370833943200000E-01   1.063888264100000E+01   1.073351288900000E+01  -3.791603216500000E-01  -8.429028720300000E-02  -1.870584830600000E-02   4.379914147000000E-01   2.335102472000000E-02
   7.402000783700000E-01   1.068386810100000E+01   1.077635253000000E+01  -3.589249188100000E-01  -8.424819592799999E-02  -1.887187475300000E-02   4.445367820800000E-01   2.245074438100000E-02
   7.433167624100000E-01   1.072885356100000E+01   1.081908497700000E+01  -3.384037901800000E-01  -8.420709418800000E-02  -1.902873350700000E-02   4.508222199000000E-01   2.153212510400000E-02
   7.464085245500000E-01   1.077347930500000E+01   1.086137314400000E+01  -3.177760928000000E-01  -8.416734559300000E-02  -1.917515588800000E-02   4.567955011200000E-01   2.060335671800000E-02
   7.495002866900000E-01   1.081810504900000E+01   1.090356271700000E+01  -2.968905594000000E-01  -8.412866229900000E-02  -1.931231503400000E-02   4.625030738000000E-01   1.965780012000000E-02
   7.525920488300000E-01   1.086273079200000E+01   1.094565751700000E+01  -2.757590597200000E-01  -8.409108745700000E-02  -1.944009853000000E-02   4.679402701800000E-01   1.869610469400000E-02
   7.556838109800000E-01   1.090735653600000E+01   1.098766161000000E+01  -2.543936185700000E-01  -8.405466246000000E-02  -1.955839929100000E-02   4.731026086700000E-01   1.771893419100000E-02
   7.587944794900000E-01   1.095225516900000E+01   1.102983538000000E+01  -2.326737448500000E-01  -8.401921510300001E-02  -1.966775075100000E-02   4.780147914000000E-01   1.672085616100000E-02
   7.619051480100000E-01   1.099715380300000E+01   1.107192631600000E+01  -2.107419247900000E-01  -8.398500994999999E-02  -1.976730223000000E-02   4.826402275200000E-01   1.570850284900000E-02
   7.650158165199999E-01   1.104205243700000E+01   1.111393926700000E+01  -1.886108376700000E-01  -8.395208310799999E-02  -1.985696141000000E-02   4.869749471800000E-01   1.468259089700000E-02
   7.681264850400000E-01   1.108695107000000E+01   1.115587929800000E+01  -1.662932934400000E-01  -8.392046845700001E-02  -1.993664169800000E-02   4.910151866800000E-01   1.364384933100000E-02
   7.712923819300000E-01   1.113264685700000E+01   1.119849452500000E+01  -1.434014202200000E-01  -8.388967244300000E-02  -2.000740699800000E-02   4.948211194100000E-01   1.257425731500000E-02
   7.744582788100000E-01   1.117834264300000E+01   1.124104543900000E+01  -1.203435687000000E-01  -8.386029903599999E-02  -2.006767322600000E-02   4.983148210100000E-01   1.149293620100000E-02
   7.776241757000000E-01   1.122403843000000E+01   1.128353799400000E+01  -9.713361751400000E-02  -8.383237626600000E-02  -2.011736770600000E-02   5.014930029900000E-01   1.040068982400000E-02
   7.807900725900000E-01   1.126973421600000E+01   1.132597832100000E+01  -7.378555709600000E-02  -8.380592940600000E-02  -2.015642412800000E-02   5.043526117300000E-01   9.298332396199999E-03
   7.840402463700000E-01   1.131664643500000E+01   1.136950069800000E+01  -4.968708762700000E-02  -8.378033741500000E-02  -2.018539081700000E-02   5.069539832400000E-01   8.156976316200000E-03
   7.872904201499999E-01   1.136355865400000E+01   1.141298164400000E+01  -2.547327422200000E-02  -8.375634567100000E-02  -2.020302472000000E-02   5.092138446900000E-01   7.006733133800000E-03
   7.905405939200000E-01   1.141047087200000E+01   1.145642827900000E+01  -1.159577228200000E-03  -8.373397194200000E-02  -2.020927535100000E-02   5.111296828800000E-01   5.848512705500000E-03
   7.937907677000000E-01   1.145738309100000E+01   1.149984785600000E+01   2.323844899700000E-02  -8.371323062600000E-02  -2.020409949900000E-02   5.126992569800000E-01   4.683232797200000E-03
   7.973354096700001E-01   1.150854559200000E+01   1.154717908100000E+01   4.992471853000000E-02  -8.369248388400000E-02  -2.018538649700000E-02   5.140139906900000E-01   3.405416064800000E-03
   8.008800516400000E-01   1.155970809300000E+01   1.159449654900000E+01   7.667228757400001E-02  -8.367370125500000E-02  -2.015300357700000E-02   5.149123651100000E-01   2.121510463100000E-03
   8.044246936100000E-01   1.161087059400000E+01   1.164181002600000E+01   1.034606591400000E-01  -8.365688727900000E-02  -2.010692461800000E-02   5.153925984300000E-01   8.327305316600000E-04
   8.079693355799999E-01   1.166203309500000E+01   1.168912934000000E+01   1.302692465400000E-01  -8.364204148700000E-02  -2.004713400900000E-02   5.154533045000000E-01  -4.597037395700000E-04
   8.113642298100000E-01   1.171103417400000E+01   1.173446418400000E+01   1.559451237600000E-01  -8.362966304699999E-02  -1.997700955900000E-02   5.151172114500000E-01  -1.699832198000000E-03
   8.147591240399999E-01   1.176003525200000E+01   1.177982210200000E+01   1.816023745400000E-01  -8.361907580200000E-02  -1.989430747000000E-02   5.143948532400000E-01  -2.941112535000000E-03
   8.181540182600000E-01   1.180903633100000E+01   1.182521173500000E+01   2.072227382000000E-01  -8.361026632700000E-02  -1.979904134300000E-02   5.132860391000000E-01  -4.182466602400000E-03
   8.215489124899999E-01   1.185803740900000E+01   1.187064167500000E+01   2.327879159000000E-01  -8.360321697299999E-02  -1.969123373500000E-02   5.117909138300000E-01  -5.422816685800000E-03
   8.248012677700000E-01   1.190498111500000E+01   1.191420986100000E+01   2.572109987400000E-01  -8.359809426100000E-02  -1.957621895800000E-02   5.099966820600000E-01  -6.609152228700000E-03
   8.280536230400000E-01   1.195192482100000E+01   1.195783025500000E+01   2.815504791100000E-01  -8.359454417300000E-02  -1.944975807300000E-02   5.078490464600000E-01  -7.792634861600000E-03
   8.313059783200000E-01   1.199886852700000E+01   1.200151014800000E+01   3.057902173600000E-01  -8.359254048799999E-02  -1.931189411400000E-02   5.053489981200000E-01  -8.972324260800000E-03
   8.345583335900000E-01   1.204581223300000E+01   1.204525670200000E+01   3.299140736100000E-01  -8.359205359100000E-02  -1.916267769200000E-02   5.024978079700000E-01  -1.014728442800000E-02
   8.376992082300000E-01   1.209114685400000E+01   1.208757361500000E+01   3.530859093500000E-01  -8.359299218700000E-02  -1.900785504100000E-02   4.994125053700000E-01  -1.127660830700000E-02
   8.408400828600000E-01   1.213648147600000E+01   1.212996540800000E+01   3.761201103100000E-01  -8.359528210400000E-02  -1.884255817700000E-02   4.960028045300000E-01  -1.239982062600000E-02
   8.439809574900000E-01   1.218181609700000E+01   1.217243808300000E+01   3.990021834900000E-01  -8.359888803000000E-02  -1.866685278200000E-02   4.922705848000000E-01  -1.351609471800000E-02
   8.471218321200000E-01   1.222715071800000E+01   1.221499746500000E+01   4.217176651500000E-01  -8.360377197400000E-02  -1.848081110200000E-02   4.882179626000000E-01  -1.462461080000000E-02
   8.502120261900000E-01   1.227175382900000E+01   1.225696020100000E+01   4.438900286300000E-01  -8.360978496800001E-02  -1.828776036000000E-02   4.839203252600000E-01  -1.570688038500000E-02
   8.533022202600000E-01   1.231635693900000E+01   1.229901747800000E+01   4.658734702200000E-01  -8.361695475300000E-02  -1.808486168000000E-02   4.793172772200000E-01  -1.678008837600000E-02
   8.563924143400000E-01   1.236096005000000E+01   1.234117424600000E+01   4.876543426700000E-01  -8.362523804900000E-02  -1.787220237100000E-02   4.744114936300000E-01  -1.784347756400000E-02
   8.594826084100000E-01   1.240556316000000E+01   1.238343522900000E+01   5.092190564000000E-01  -8.363458942400000E-02  -1.764987581700000E-02   4.692058629100000E-01  -1.889629978300000E-02
   8.625589469300000E-01   1.244996628300000E+01   1.242561469200000E+01   5.304589593600000E-01  -8.364491267099999E-02  -1.741904240000000E-02   4.637288128800000E-01  -1.993317291300000E-02
   8.656352854400000E-01   1.249436940600000E+01   1.246790606800000E+01   5.514579637200000E-01  -8.365619859200001E-02  -1.717883079800000E-02   4.579609323400000E-01  -2.095812302900000E-02
   8.687116239600000E-01   1.253877252800000E+01   1.251031327900000E+01   5.722028808000000E-01  -8.366839661700000E-02  -1.692935090700000E-02   4.519056847100000E-01  -2.197044212100000E-02
   8.717879624800000E-01   1.258317565100000E+01   1.255283998400000E+01   5.926806116300000E-01  -8.368145449500000E-02  -1.667071846100000E-02   4.455667315700000E-01  -2.296943327000000E-02
   8.748979623799999E-01   1.262806463400000E+01   1.259595692700000E+01   6.130975598000000E-01  -8.369547435400000E-02  -1.640007672500000E-02   4.388739736100000E-01  -2.396510875500000E-02
   8.780079622700000E-01   1.267295361700000E+01   1.263920264000000E+01   6.332148352800000E-01  -8.371026087100000E-02  -1.612033679500000E-02   4.318993934400000E-01  -2.494576704700000E-02
   8.811179621700000E-01   1.271784260000000E+01   1.268258000900000E+01   6.530192406300001E-01  -8.372575558799999E-02  -1.583163615600000E-02   4.246473711600000E-01  -2.591072569800000E-02
   8.842279620700000E-01   1.276273158300000E+01   1.272609160100000E+01   6.724977108500000E-01  -8.374189882200000E-02  -1.553411818700000E-02   4.171224795600000E-01  -2.685931579500000E-02
   8.874166607000000E-01   1.280875648400000E+01   1.277084596400000E+01   6.921171439100000E-01  -8.375906026700000E-02  -1.522007294400000E-02   4.091288430600000E-01  -2.781422922700000E-02
   8.906053593300000E-01   1.285478138600000E+01   1.281574584000000E+01   7.113665912300000E-01  -8.377677305500000E-02  -1.489708249900000E-02   4.008586935000000E-01  -2.875055646200000E-02
   8.937940579600000E-01   1.290080628700000E+01   1.286079291200000E+01   7.302324735900000E-01  -8.379496981800000E-02  -1.456532026500000E-02   3.923175641900000E-01  -2.966762357700000E-02
   8.969827565900000E-01   1.294683118800000E+01   1.290598848200000E+01   7.487014057500000E-01  -8.381358250300000E-02  -1.422496586300000E-02   3.835111830600000E-01  -3.056477336200000E-02
   9.002805973600000E-01   1.299443142100000E+01   1.295288817900000E+01   7.673709058300000E-01  -8.383319681199999E-02  -1.386412120900000E-02   3.741306511500000E-01  -3.147099812000000E-02
   9.035784381300001E-01   1.304203165300000E+01   1.299994827400000E+01   7.855873884500000E-01  -8.385310640900000E-02  -1.349449709000000E-02   3.644794841700000E-01  -3.235454564800000E-02
   9.068762788900000E-01   1.308963188600000E+01   1.304716890000000E+01   8.033367880600000E-01  -8.387323490199999E-02  -1.311631249700000E-02   3.545646411600000E-01  -3.321474779600000E-02
   9.101741196599999E-01   1.313723211800000E+01   1.309454974300000E+01   8.206053207100000E-01  -8.389350594400000E-02  -1.272979305000000E-02   3.443932800800000E-01  -3.405095709200000E-02
   9.133148817300000E-01   1.318256511500000E+01   1.313982205700000E+01   8.365919396500000E-01  -8.391287434700000E-02  -1.235414731100000E-02   3.344746305900000E-01  -3.482445779300000E-02
   9.164556438000000E-01   1.322789811200000E+01   1.318523796200000E+01   8.521187855300000E-01  -8.393223766100000E-02  -1.197135815200000E-02   3.243364905600000E-01  -3.557510519600000E-02
   9.195964058700000E-01   1.327323110800000E+01   1.323079605400000E+01   8.671747413200001E-01  -8.395153110100000E-02  -1.158163652900000E-02   3.139855148200000E-01  -3.630239380200000E-02
   9.227371679400000E-01   1.331856410500000E+01   1.327649456600000E+01   8.817489717500000E-01  -8.397069060300000E-02  -1.118519837100000E-02   3.034285011800000E-01  -3.700583600200000E-02
   9.258537002900000E-01   1.336354737600000E+01   1.332197723200000E+01   8.957242083300000E-01  -8.398950759899999E-02  -1.078539723200000E-02   2.927561090200000E-01  -3.767981727000000E-02
   9.289702326300000E-01   1.340853064600000E+01   1.336759363800000E+01   9.092047408700000E-01  -8.400806976700000E-02  -1.037942047800000E-02   2.818945808100000E-01  -3.832941520000000E-02
   9.320867649700000E-01   1.345351391700000E+01   1.341334102000000E+01   9.221808764000000E-01  -8.402631756200001E-02  -9.967492829400000E-03   2.708509455300000E-01  -3.895420648900000E-02
   9.352032973200000E-01   1.349849718800000E+01   1.345921628000000E+01   9.346432416800000E-01  -8.404419275600000E-02  -9.549843295400000E-03   2.596323506000000E-01  -3.955378569500000E-02
   9.383169924000000E-01   1.354343950600000E+01   1.350517406100000E+01   9.465721644400000E-01  -8.406162290700001E-02  -9.127092684300000E-03   2.482564971000000E-01  -4.012725453200000E-02
   9.414306874800000E-01   1.358838182400000E+01   1.355125233800000E+01   9.579705480000000E-01  -8.407856945900000E-02  -8.699099844300000E-03   2.367205993100000E-01  -4.067480191300000E-02
   9.445443825600000E-01   1.363332414300000E+01   1.359744707400000E+01   9.688300673300000E-01  -8.409497915800000E-02  -8.266105090800000E-03   2.250321085700000E-01  -4.119607740100000E-02
   9.476580776400000E-01   1.367826646100000E+01   1.364375393300000E+01   9.791427594100000E-01  -8.411080063199999E-02  -7.828352398700000E-03   2.131985737100000E-01  -4.169074862900000E-02
   9.508816732599999E-01   1.372479505700000E+01   1.369180843200000E+01   9.892352391600000E-01  -8.412650820299999E-02  -7.370399882700000E-03   2.008026968100000E-01  -4.217451552800000E-02
   9.541052688800000E-01   1.377132365300000E+01   1.373997271000000E+01   9.987254822000000E-01  -8.414148003100000E-02  -6.907891290100000E-03   1.882681250500000E-01  -4.262910204400000E-02
   9.573288644900000E-01   1.381785224900000E+01   1.378824102600000E+01   1.007605947100000E+00  -8.415566636800000E-02  -6.441108598000000E-03   1.756035298000000E-01  -4.305420082100000E-02
   9.605524601100000E-01   1.386438084500000E+01   1.383660735200000E+01   1.015869553400000E+00  -8.416902020100001E-02  -5.970337184800000E-03   1.628176701700000E-01  -4.344952539100000E-02
   9.637601224400000E-01   1.391067946400000E+01   1.388482565800000E+01   1.023473471600000E+00  -8.418143793299999E-02  -5.498219428600000E-03   1.499834017000000E-01  -4.381307896600000E-02
   9.669677847600000E-01   1.395697808200000E+01   1.393312831400000E+01   1.030454028900000E+00  -8.419294709200000E-02  -5.022725251300000E-03   1.370466033700000E-01  -4.414664785200000E-02
   9.701754470800000E-01   1.400327670100000E+01   1.398150863300000E+01   1.036805666200000E+00  -8.420351016900000E-02  -4.544144558100000E-03   1.240161275100000E-01  -4.445001142700000E-02
   9.733831093999999E-01   1.404957532000000E+01   1.402995971900000E+01   1.042523313000000E+00  -8.421309279800000E-02  -4.062769714600000E-03   1.109008883100000E-01  -4.472296954500000E-02
   9.767102066400000E-01   1.409759783300000E+01   1.408028202300000E+01   1.047779123700000E+00  -8.422196307500000E-02  -3.560834251500000E-03   9.721735254600000E-02  -4.497377435300000E-02
   9.800373038700000E-01   1.414562034600000E+01   1.413066471500000E+01   1.052343399800000E+00  -8.422971410400000E-02  -3.056540702600000E-03   8.346234181499999E-02  -4.519149690400000E-02
   9.833644011100000E-01   1.419364285900000E+01   1.418109950400000E+01   1.056212197100000E+00  -8.423631887200000E-02  -2.550222121000000E-03   6.964597288500000E-02  -4.537598363000000E-02
   9.866914983400000E-01   1.424166537200000E+01   1.423157794500000E+01   1.059382167200000E+00  -8.424175438400000E-02  -2.042213310600000E-03   5.577840576400000E-02  -4.552710461900000E-02
   9.900186237500000E-01   1.428968829200000E+01   1.428209189200000E+01   1.061850580500000E+00  -8.424600176100000E-02  -1.532846240600000E-03   4.186971905000000E-02  -4.564475445500000E-02
   9.933457491700000E-01   1.433771121200000E+01   1.433263223800000E+01   1.063615265600000E+00  -8.424904618400000E-02  -1.022462678900000E-03   2.793025563400000E-02  -4.572884907300000E-02
   9.966728745800000E-01   1.438573413200000E+01   1.438319022700000E+01   1.064674690200000E+00  -8.425087707900000E-02  -5.114009581700000E-04   1.397026224100000E-02  -4.577932945100000E-02
   1.000000000000000E+00   1.443375705200000E+01   1.443375705200000E+01   1.065027934200000E+00  -8.425148808400000E-02  -4.023519563100000E-26   0.000000000000000E+00  -4.579616017800000E-02
