   0.000000000000000E+00  -2.586175152500000E-31   0.000000000000000E+00   0.000000000000000E+00  -9.946229573499999E-01   0.000000000000000E+00   0.000000000000000E+00   0.000000000000000E+00
   1.676452769600000E-02   2.419751198500000E-01   2.419751198500000E-01   0.000000000000000E+00  -9.946229573499999E-01   0.000000000000000E+00   0.000000000000000E+00   0.000000000000000E+00
   3.352905539100000E-02   4.839502397000000E-01   4.839502397000000E-01   0.000000000000000E+00  -9.946229573499999E-01   0.000000000000000E+00   0.000000000000000E+00   0.000000000000000E+00
   5.029358308700000E-02   7.259253595600000E-01   7.259253595600000E-01   0.000000000000000E+00  -9.946229573499999E-01   0.000000000000000E+00   0.000000000000000E+00   0.000000000000000E+00
   6.705811078300000E-02   9.679004794100000E-01   9.679004794100000E-01   0.000000000000000E+00  -9.946229573499999E-01   0.000000000000000E+00   0.000000000000000E+00   0.000000000000000E+00
   8.040998895000000E-02   1.160618245100000E+00   1.160618245100000E+00   0.000000000000000E+00  -9.946229573499999E-01   0.000000000000000E+00   0.000000000000000E+00   0.000000000000000E+00
   9.376186711700001E-02   1.353336010700000E+00   1.353336010700000E+00   0.000000000000000E+00  -9.946229573499999E-01   0.000000000000000E+00   0.000000000000000E+00   0.000000000000000E+00
   1.071137452800000E-01   1.546053776400000E+00   1.546053776400000E+00   0.000000000000000E+00  -9.946229573499999E-01   0.000000000000000E+00   0.000000000000000E+00   0.000000000000000E+00
   1.204656234500000E-01   1.738771542000000E+00   1.738771542000000E+00   0.000000000000000E+00  -9.946229573499999E-01   0.000000000000000E+00   0.000000000000000E+00   0.000000000000000E+00
   1.325310166400000E-01   1.912920496000000E+00   1.912920496000000E+00   0.000000000000000E+00  -9.946229573499999E-01   0.000000000000000E+00   0.000000000000000E+00   0.000000000000000E+00
   1.445964098300000E-01   2.087069450000000E+00   2.087069450000000E+00   0.000000000000000E+00  -9.946229573499999E-01   0.000000000000000E+00   0.000000000000000E+00   0.000000000000000E+00
   1.566618030100000E-01   2.261218404000000E+00   2.261218404000000E+00   0.000000000000000E+00  -9.946229573499999E-01   0.000000000000000E+00   0.000000000000000E+00   0.000000000000000E+00
   1.687271962000000E-01   2.435367358000000E+00   2.435367358000000E+00   0.000000000000000E+00  -9.946229573499999E-01   0.000000000000000E+00   0.000000000000000E+00   0.000000000000000E+00
   1.809025568400000E-01   2.611103555500000E+00   2.611103555500000E+00   0.000000000000000E+00  -9.946229573499999E-01   0.000000000000000E+00   0.000000000000000E+00   0.000000000000000E+00
   1.930779174700000E-01   2.786839752900000E+00   2.786839752900000E+00   0.000000000000000E+00  -9.946229573499999E-01   0.000000000000000E+00   0.000000000000000E+00   0.000000000000000E+00
   2.052532781100000E-01   2.962575950400000E+00   2.962575950400000E+00   0.000000000000000E+00  -9.946229573499999E-01   0.000000000000000E+00   0.000000000000000E+00   0.000000000000000E+00
   2.174286387500000E-01   3.138312147900000E+00   3.138312147900000E+00   0.000000000000000E+00  -9.946229573499999E-01   0.000000000000000E+00   0.000000000000000E+00   0.000000000000000E+00
   2.273715143700000E-01   3.281825199000000E+00   3.281825199000000E+00   0.000000000000000E+00  -9.946229573499999E-01   0.000000000000000E+00   0.000000000000000E+00   0.000000000000000E+00
   2.373143899900000E-01   3.425338250100000E+00   3.425338250100000E+00   0.000000000000000E+00  -9.946229573499999E-01   0.000000000000000E+00   0.000000000000000E+00   0.000000000000000E+00
   2.472572656100000E-01   3.568851301200000E+00   3.568851301200000E+00   0.000000000000000E+00  -9.946229573499999E-01   0.000000000000000E+00   0.000000000000000E+00   0.000000000000000E+00
   2.572001412300000E-01   3.712364352300000E+00   3.712364352300000E+00   0.000000000000000E+00  -9.946229573499999E-01   0.000000000000000E+00   0.000000000000000E+00   0.000000000000000E+00
   2.666697692000000E-01   3.849046661700000E+00   3.849046661700000E+00   0.000000000000000E+00  -9.946229573499999E-01   0.000000000000000E+00   0.000000000000000E+00   0.000000000000000E+00
   2.761393971600000E-01   3.985728971100000E+00   3.985728971100000E+00   0.000000000000000E+00  -9.946229573499999E-01   0.000000000000000E+00   0.000000000000000E+00   0.000000000000000E+00
   2.856090251200000E-01   4.122411280500000E+00   4.122411280500000E+00   0.000000000000000E+00  -9.946229573499999E-01   0.000000000000000E+00   0.000000000000000E+00   0.000000000000000E+00
   2.950786530800000E-01   4.259093589800000E+00   4.259093589800000E+00   0.000000000000000E+00  -9.946229573499999E-01   0.000000000000000E+00   0.000000000000000E+00   0.000000000000000E+00
   3.035160502800000E-01   4.380876931100000E+00   4.380876931100000E+00   0.000000000000000E+00  -9.946229573499999E-01   0.000000000000000E+00   0.000000000000000E+00   0.000000000000000E+00
   3.119534474700000E-01   4.502660272400000E+00   4.502660272400000E+00   0.000000000000000E+00  -9.946229573499999E-01   0.000000000000000E+00   0.000000000000000E+00   0.000000000000000E+00
   3.203908446700000E-01   4.624443613600000E+00   4.624443613600000E+00   0.000000000000000E+00  -9.946229573499999E-01   0.000000000000000E+00   0.000000000000000E+00   0.000000000000000E+00
   3.288282418600000E-01   4.746226954900000E+00   4.746226954900000E+00   0.000000000000000E+00  -9.946229573499999E-01   0.000000000000000E+00   0.000000000000000E+00   0.000000000000000E+00
   3.350361033500000E-01   4.835829719400000E+00   4.835829719400000E+00   0.000000000000000E+00  -9.946229573499999E-01   0.000000000000000E+00   0.000000000000000E+00   0.000000000000000E+00
   3.412439648400000E-01   4.925432484000000E+00   4.925432484000000E+00   0.000000000000000E+00  -9.946229573499999E-01   0.000000000000000E+00   0.000000000000000E+00   0.000000000000000E+00
   3.474518263300000E-01   5.015035248500000E+00   5.015035248500000E+00   0.000000000000000E+00  -9.946229573499999E-01   0.000000000000000E+00   0.000000000000000E+00   0.000000000000000E+00
   3.536596878200000E-01   5.104638013000000E+00   5.104638013000000E+00   0.000000000000000E+00  -9.946229573499999E-01   0.000000000000000E+00   0.000000000000000E+00   0.000000000000000E+00
   3.590121976400000E-01   5.181894839400000E+00   5.181894839400000E+00   0.000000000000000E+00  -9.946229573499999E-01   0.000000000000000E+00   0.000000000000000E+00   0.000000000000000E+00
   3.643647074600000E-01   5.259151665900000E+00   5.259151665900000E+00   0.000000000000000E+00  -9.946229573499999E-01   0.000000000000000E+00   0.000000000000000E+00   0.000000000000000E+00
   3.697172172900000E-01   5.336408492300000E+00   5.336408492300000E+00   0.000000000000000E+00  -9.946229573499999E-01   0.000000000000000E+00   0.000000000000000E+00   0.000000000000000E+00
   3.750697271100000E-01   5.413665318700000E+00   5.413665318700000E+00   0.000000000000000E+00  -9.946229573499999E-01   0.000000000000000E+00   0.000000000000000E+00   0.000000000000000E+00
   3.803553491100000E-01   5.489956702400000E+00   5.489956702400000E+00   0.000000000000000E+00  -9.946229573499999E-01   0.000000000000000E+00   0.000000000000000E+00   0.000000000000000E+00
   3.856409711000000E-01   5.566248086100000E+00   5.566248086100000E+00   0.000000000000000E+00  -9.946229573499999E-01   0.000000000000000E+00   0.000000000000000E+00   0.000000000000000E+00
   3.909265930900000E-01   5.642539469900000E+00   5.642539469900000E+00   0.000000000000000E+00  -9.946229573499999E-01   0.000000000000000E+00   0.000000000000000E+00   0.000000000000000E+00
   3.962122150900000E-01   5.718830853600000E+00   5.718830853600000E+00   0.000000000000000E+00  -9.946229573499999E-01   0.000000000000000E+00   0.000000000000000E+00   0.000000000000000E+00
   4.012032015700000E-01   5.790869539900000E+00   5.790869539900000E+00   0.000000000000000E+00  -9.946229573499999E-01   0.000000000000000E+00   0.000000000000000E+00   0.000000000000000E+00
   4.061941880500000E-01   5.862908226300000E+00   5.862908226300000E+00   0.000000000000000E+00  -9.946229573499999E-01   0.000000000000000E+00   0.000000000000000E+00   0.000000000000000E+00
   4.111851745300000E-01   5.934946912600000E+00   5.934946912600000E+00   0.000000000000000E+00  -9.946229573499999E-01   0.000000000000000E+00   0.000000000000000E+00   0.000000000000000E+00
   4.161761610200000E-01   6.006985599000000E+00   6.006985599000000E+00   0.000000000000000E+00  -9.946229573499999E-01   0.000000000000000E+00   0.000000000000000E+00   0.000000000000000E+00
   4.209746640300000E-01   6.076246025600000E+00   6.076246025600000E+00   0.000000000000000E+00  -9.946229573499999E-01   0.000000000000000E+00   0.000000000000000E+00   0.000000000000000E+00
   4.257731670400000E-01   6.145506452300000E+00   6.145506452300000E+00   0.000000000000000E+00  -9.946229573499999E-01   0.000000000000000E+00   0.000000000000000E+00   0.000000000000000E+00
   4.305716700500000E-01   6.214766878900000E+00   6.214766878900000E+00   0.000000000000000E+00  -9.946229573499999E-01   0.000000000000000E+00   0.000000000000000E+00   0.000000000000000E+00
   4.353701730600000E-01   6.284027305600000E+00   6.284027305600000E+00   0.000000000000000E+00  -9.946229573499999E-01   0.000000000000000E+00   0.000000000000000E+00   0.000000000000000E+00
   4.401349651000000E-01   6.352801156400000E+00   6.352801156400000E+00   0.000000000000000E+00  -9.946229573499999E-01   0.000000000000000E+00   0.000000000000000E+00   0.000000000000000E+00
   4.448997571500000E-01   6.421575007200000E+00   6.421575007200000E+00   0.000000000000000E+00  -9.946229573499999E-01   0.000000000000000E+00   0.000000000000000E+00   0.000000000000000E+00
   4.496645491900000E-01   6.490348858000000E+00   6.490348858000000E+00   0.000000000000000E+00  -9.946229573499999E-01   0.000000000000000E+00   0.000000000000000E+00   0.000000000000000E+00
   4.544293412400000E-01   6.559122708800000E+00   6.559122708800000E+00   0.000000000000000E+00  -9.946229573499999E-01   0.000000000000000E+00   0.000000000000000E+00   0.000000000000000E+00
   4.587474281200000E-01   6.621448925800000E+00   6.621448925800000E+00   0.000000000000000E+00  -9.946229573499999E-01   0.000000000000000E+00   0.000000000000000E+00   0.000000000000000E+00
   4.630655150000000E-01   6.683775142700000E+00   6.683775142700000E+00   0.000000000000000E+00  -9.946229573499999E-01   0.000000000000000E+00   0.000000000000000E+00   0.000000000000000E+00
   4.673836018900000E-01   6.746101359700000E+00   6.746101359700000E+00   0.000000000000000E+00  -9.946229573499999E-01   0.000000000000000E+00   0.000000000000000E+00   0.000000000000000E+00
   4.717016887700000E-01   6.808427576700000E+00   6.808427576700000E+00   0.000000000000000E+00  -9.946229573499999E-01   0.000000000000000E+00   0.000000000000000E+00   0.000000000000000E+00
   4.755217251700000E-01   6.863565054100000E+00   6.863565054100000E+00   0.000000000000000E+00  -9.946229573499999E-01   0.000000000000000E+00   0.000000000000000E+00   0.000000000000000E+00
   4.793417615800000E-01   6.918702531500000E+00   6.918702531500000E+00   0.000000000000000E+00  -9.946229573499999E-01   0.000000000000000E+00   0.000000000000000E+00   0.000000000000000E+00
   4.831617979900000E-01   6.973840009000000E+00   6.973840009000000E+00   0.000000000000000E+00  -9.946229573499999E-01   0.000000000000000E+00   0.000000000000000E+00   0.000000000000000E+00
   4.869818343900000E-01   7.028977486400000E+00   7.028977486400000E+00   0.000000000000000E+00  -9.946229573499999E-01   0.000000000000000E+00   0.000000000000000E+00   0.000000000000000E+00
   4.900169068600000E-01   7.072784985000000E+00   7.072784985000000E+00   0.000000000000000E+00  -9.946229573499999E-01   0.000000000000000E+00   0.000000000000000E+00   0.000000000000000E+00
   4.930519793300000E-01   7.116592483600000E+00   7.116592483600000E+00   0.000000000000000E+00  -9.946229573499999E-01   0.000000000000000E+00   0.000000000000000E+00   0.000000000000000E+00
   4.960870517900000E-01   7.160399982200000E+00   7.160399982200000E+00   0.000000000000000E+00  -9.946229573499999E-01   0.000000000000000E+00   0.000000000000000E+00   0.000000000000000E+00
   4.991221242600000E-01   7.204207480900000E+00   7.204207480900000E+00   0.000000000000000E+00  -9.946229573499999E-01   0.000000000000000E+00   0.000000000000000E+00   0.000000000000000E+00
   5.017956057800000E-01   7.242795863600000E+00   7.242795863600000E+00   0.000000000000000E+00  -9.946229573499999E-01   0.000000000000000E+00   0.000000000000000E+00   0.000000000000000E+00
   5.044690873000000E-01   7.281384246300000E+00   7.281384246300000E+00   0.000000000000000E+00  -9.946229573499999E-01   0.000000000000000E+00   0.000000000000000E+00   0.000000000000000E+00
   5.071425688100000E-01   7.319972629000000E+00   7.319972629000000E+00   0.000000000000000E+00  -9.946229573499999E-01   0.000000000000000E+00   0.000000000000000E+00   0.000000000000000E+00
   5.098160503300000E-01   7.358561011700000E+00   7.358561011700000E+00   0.000000000000000E+00  -9.946229573499999E-01   0.000000000000000E+00   0.000000000000000E+00   0.000000000000000E+00
   5.121650743500000E-01   7.392466253700000E+00   7.392466253700000E+00   0.000000000000000E+00  -9.946229573499999E-01   0.000000000000000E+00   0.000000000000000E+00   0.000000000000000E+00
   5.145140983800000E-01   7.426371495800000E+00   7.426371495800000E+00   0.000000000000000E+00  -9.946229573499999E-01   0.000000000000000E+00   0.000000000000000E+00   0.000000000000000E+00
   5.168631224000000E-01   7.460276737900000E+00   7.460276737900000E+00   0.000000000000000E+00  -9.946229573499999E-01   0.000000000000000E+00   0.000000000000000E+00   0.000000000000000E+00
   5.192121464300000E-01   7.494181980000000E+00   7.494181980000000E+00   0.000000000000000E+00  -9.946229573499999E-01   0.000000000000000E+00   0.000000000000000E+00   0.000000000000000E+00
   5.214319714700000E-01   7.526222395400000E+00   7.526222395400000E+00   0.000000000000000E+00  -9.946229573499999E-01   0.000000000000000E+00   0.000000000000000E+00   0.000000000000000E+00
   5.236517965200000E-01   7.558262810800000E+00   7.558262810800000E+00   0.000000000000000E+00  -9.946229573499999E-01   0.000000000000000E+00   0.000000000000000E+00   0.000000000000000E+00
   5.258716215700000E-01   7.590303226200000E+00   7.590303226200000E+00   0.000000000000000E+00  -9.946229573499999E-01   0.000000000000000E+00   0.000000000000000E+00   0.000000000000000E+00
   5.280914466100000E-01   7.622343641700000E+00   7.622343641700000E+00   0.000000000000000E+00  -9.946229573499999E-01   0.000000000000000E+00   0.000000000000000E+00   0.000000000000000E+00
   5.304169851800000E-01   7.655909900400000E+00   7.655909900400000E+00   0.000000000000000E+00  -9.946229573499999E-01   0.000000000000000E+00   0.000000000000000E+00   0.000000000000000E+00
   5.327425237500000E-01   7.689476159000000E+00   7.689476159000000E+00   0.000000000000000E+00  -9.946229573499999E-01   0.000000000000000E+00   0.000000000000000E+00   0.000000000000000E+00
   5.350680623100000E-01   7.723042417700000E+00   7.723042417700000E+00   0.000000000000000E+00  -9.946229573499999E-01   0.000000000000000E+00   0.000000000000000E+00   0.000000000000000E+00
   5.373936008800000E-01   7.756608676400000E+00   7.756608676400000E+00   0.000000000000000E+00  -9.946229573499999E-01   0.000000000000000E+00   0.000000000000000E+00   0.000000000000000E+00
   5.396027038700000E-01   7.788494332300000E+00   7.788494332300000E+00   0.000000000000000E+00  -9.946229573499999E-01   0.000000000000000E+00   0.000000000000000E+00   0.000000000000000E+00
   5.418118068700000E-01   7.820379988200000E+00   7.820379988200000E+00   0.000000000000000E+00  -9.946229573499999E-01   0.000000000000000E+00   0.000000000000000E+00   0.000000000000000E+00
   5.440209098600000E-01   7.852265644200000E+00   7.852265644200000E+00   0.000000000000000E+00  -9.946229573499999E-01   0.000000000000000E+00   0.000000000000000E+00   0.000000000000000E+00
   5.462300128599999E-01   7.884151300100000E+00   7.884151300100000E+00   0.000000000000000E+00  -9.946229573499999E-01   0.000000000000000E+00   0.000000000000000E+00   0.000000000000000E+00
   5.485641502900001E-01   7.917841672700000E+00   7.917841672700000E+00   0.000000000000000E+00  -9.946229573499999E-01   0.000000000000000E+00   0.000000000000000E+00   0.000000000000000E+00
   5.508982877300000E-01   7.951532045400000E+00   7.951532045400000E+00   0.000000000000000E+00  -9.946229573499999E-01   0.000000000000000E+00   0.000000000000000E+00   0.000000000000000E+00
   5.532324251600000E-01   7.985222418100000E+00   7.985222418100000E+00   0.000000000000000E+00  -9.946229573499999E-01   0.000000000000000E+00   0.000000000000000E+00   0.000000000000000E+00
   5.555665626000000E-01   8.018912790700000E+00   8.018912790700000E+00   0.000000000000000E+00  -9.946229573499999E-01   0.000000000000000E+00   0.000000000000000E+00   0.000000000000000E+00
   5.578443765700000E-01   8.051790204200000E+00   8.051790204200000E+00   0.000000000000000E+00  -9.946229573499999E-01   0.000000000000000E+00   0.000000000000000E+00   0.000000000000000E+00
   5.601221905400000E-01   8.084667617699999E+00   8.084667617699999E+00   0.000000000000000E+00  -9.946229573499999E-01   0.000000000000000E+00   0.000000000000000E+00   0.000000000000000E+00
   5.624000045200001E-01   8.117545031200001E+00   8.117545031200001E+00   0.000000000000000E+00  -9.946229573499999E-01   0.000000000000000E+00   0.000000000000000E+00   0.000000000000000E+00
   5.646778184900000E-01   8.150422444700000E+00   8.150422444700000E+00   0.000000000000000E+00  -9.946229573499999E-01   0.000000000000000E+00   0.000000000000000E+00   0.000000000000000E+00
   5.664645135700001E-01   8.176211167400000E+00   8.176211167400000E+00   0.000000000000000E+00  -9.946229573499999E-01   0.000000000000000E+00   0.000000000000000E+00   0.000000000000000E+00
   5.682512086400000E-01   8.201999890100000E+00   8.201999890100000E+00   0.000000000000000E+00  -9.946229573499999E-01   0.000000000000000E+00   0.000000000000000E+00   0.000000000000000E+00
   5.700379037200000E-01   8.227788612700000E+00   8.227788612700000E+00   0.000000000000000E+00  -9.946229573499999E-01   0.000000000000000E+00   0.000000000000000E+00   0.000000000000000E+00
   5.718245988000000E-01   8.253577335399999E+00   8.253577335399999E+00   0.000000000000000E+00  -9.946229573499999E-01   0.000000000000000E+00   0.000000000000000E+00   0.000000000000000E+00
   5.733471359000000E-01   8.275553265999999E+00   8.275553265999999E+00   0.000000000000000E+00  -9.946229573499999E-01   0.000000000000000E+00   0.000000000000000E+00   0.000000000000000E+00
   5.748696730000000E-01   8.297529196699999E+00   8.297529196699999E+00   0.000000000000000E+00  -9.946229573499999E-01   0.000000000000000E+00   0.000000000000000E+00   0.000000000000000E+00
   5.763922101100000E-01   8.319505127399999E+00   8.319505127399999E+00   0.000000000000000E+00  -9.946229573499999E-01   0.000000000000000E+00   0.000000000000000E+00   0.000000000000000E+00
   5.779147472100000E-01   8.341481057999999E+00   8.341481057999999E+00   0.000000000000000E+00  -9.946229573499999E-01   0.000000000000000E+00   0.000000000000000E+00   0.000000000000000E+00
   5.793670862300000E-01   8.362443766500000E+00   8.362443766500000E+00   0.000000000000000E+00  -9.946229573499999E-01   0.000000000000000E+00   0.000000000000000E+00   0.000000000000000E+00
   5.808194252400000E-01   8.383406475099999E+00   8.383406475099999E+00   0.000000000000000E+00  -9.946229573499999E-01   0.000000000000000E+00   0.000000000000000E+00   0.000000000000000E+00
   5.822717642600000E-01   8.404369183600000E+00   8.404369183600000E+00   0.000000000000000E+00  -9.946229573499999E-01   0.000000000000000E+00   0.000000000000000E+00   0.000000000000000E+00
   5.837241032800000E-01   8.425331892100001E+00   8.425331892100001E+00   0.000000000000000E+00  -9.946229573499999E-01   0.000000000000000E+00   0.000000000000000E+00   0.000000000000000E+00
   5.851776917100000E-01   8.446312634300000E+00   8.446312634300000E+00   0.000000000000000E+00  -9.946229573499999E-01   0.000000000000000E+00   0.000000000000000E+00   0.000000000000000E+00
   5.866312801300000E-01   8.467293376500001E+00   8.467293376500001E+00   0.000000000000000E+00  -9.946229573499999E-01   0.000000000000000E+00   0.000000000000000E+00   0.000000000000000E+00
   5.880848685600000E-01   8.488274118700000E+00   8.488274118700000E+00   0.000000000000000E+00  -9.946229573499999E-01   0.000000000000000E+00   0.000000000000000E+00   0.000000000000000E+00
   5.895384569900000E-01   8.509254860900000E+00   8.509254860900000E+00   0.000000000000000E+00  -9.946229573499999E-01   0.000000000000000E+00   0.000000000000000E+00   0.000000000000000E+00
   5.910041642000000E-01   8.530410522800000E+00   8.530410522800000E+00   0.000000000000000E+00  -9.946229573499999E-01   0.000000000000000E+00   0.000000000000000E+00   0.000000000000000E+00
   5.924698714200000E-01   8.551566184700000E+00   8.551566184700000E+00   0.000000000000000E+00  -9.946229573499999E-01   0.000000000000000E+00   0.000000000000000E+00   0.000000000000000E+00
   5.939355786400000E-01   8.572721846600000E+00   8.572721846600000E+00   0.000000000000000E+00  -9.946229573499999E-01   0.000000000000000E+00   0.000000000000000E+00   0.000000000000000E+00
   5.954012858500000E-01   8.593877508500000E+00   8.593877508500000E+00   0.000000000000000E+00  -9.946229573499999E-01   0.000000000000000E+00   0.000000000000000E+00   0.000000000000000E+00
   5.968956201300000E-01   8.615446366400000E+00   8.615446366400000E+00   0.000000000000000E+00  -9.946229573499999E-01   0.000000000000000E+00   0.000000000000000E+00   0.000000000000000E+00
   5.983899544100000E-01   8.637015224400001E+00   8.637015224400001E+00   0.000000000000000E+00  -9.946229573499999E-01   0.000000000000000E+00   0.000000000000000E+00   0.000000000000000E+00
   5.998842886900000E-01   8.658584082300001E+00   8.658584082300001E+00   0.000000000000000E+00  -9.946229573499999E-01   0.000000000000000E+00   0.000000000000000E+00   0.000000000000000E+00
   6.013786229700000E-01   8.680152940199999E+00   8.680152940199999E+00   0.000000000000000E+00  -9.946229573499999E-01   0.000000000000000E+00   0.000000000000000E+00   0.000000000000000E+00
   6.030835823900000E-01   8.704761910300000E+00   8.704761910300000E+00   0.000000000000000E+00  -9.946229573499999E-01   0.000000000000000E+00   0.000000000000000E+00   0.000000000000000E+00
   6.047885418200000E-01   8.729370880399999E+00   8.729370880399999E+00   0.000000000000000E+00  -9.946229573499999E-01   0.000000000000000E+00   0.000000000000000E+00   0.000000000000000E+00
   6.064935012400000E-01   8.753979850500000E+00   8.753979850500000E+00   0.000000000000000E+00  -9.946229573499999E-01   0.000000000000000E+00   0.000000000000000E+00   0.000000000000000E+00
   6.081984606600001E-01   8.778588820600000E+00   8.778588820600000E+00   0.000000000000000E+00  -9.946229573499999E-01   0.000000000000000E+00   0.000000000000000E+00   0.000000000000000E+00
   6.101351492900000E-01   8.806542513800000E+00   8.806542513800000E+00   0.000000000000000E+00  -9.946229573499999E-01   0.000000000000000E+00   0.000000000000000E+00   0.000000000000000E+00
   6.120718379200000E-01   8.834496206900001E+00   8.834496206900001E+00   0.000000000000000E+00  -9.946229573499999E-01   0.000000000000000E+00   0.000000000000000E+00   0.000000000000000E+00
   6.140085265500000E-01   8.862449900100000E+00   8.862449900100000E+00   0.000000000000000E+00  -9.946229573499999E-01   0.000000000000000E+00   0.000000000000000E+00   0.000000000000000E+00
   6.159452151800000E-01   8.890403593300000E+00   8.890403593300000E+00   0.000000000000000E+00  -9.946229573499999E-01   0.000000000000000E+00   0.000000000000000E+00   0.000000000000000E+00
   6.180864505000000E-01   8.921309663700001E+00   8.921309663700001E+00   0.000000000000000E+00  -9.946229573499999E-01   0.000000000000000E+00   0.000000000000000E+00   0.000000000000000E+00
   6.202276858200000E-01   8.952215734099999E+00   8.952215734099999E+00   0.000000000000000E+00  -9.946229573499999E-01   0.000000000000000E+00   0.000000000000000E+00   0.000000000000000E+00
   6.223689211400000E-01   8.983121804500000E+00   8.983121804500000E+00   0.000000000000000E+00  -9.946229573499999E-01   0.000000000000000E+00   0.000000000000000E+00   0.000000000000000E+00
   6.245101564600000E-01   9.014027874900000E+00   9.014027874900000E+00   0.000000000000000E+00  -9.946229573499999E-01   0.000000000000000E+00   0.000000000000000E+00   0.000000000000000E+00
   6.265011796000000E-01   9.042765819100000E+00   9.042765819100000E+00   0.000000000000000E+00  -9.946229573499999E-01   0.000000000000000E+00   0.000000000000000E+00   0.000000000000000E+00
   6.284922027299999E-01   9.071503763300001E+00   9.071503763300001E+00   0.000000000000000E+00  -9.946229573499999E-01   0.000000000000000E+00   0.000000000000000E+00   0.000000000000000E+00
   6.304832258700001E-01   9.100241707500000E+00   9.100241707500000E+00   0.000000000000000E+00  -9.946229573499999E-01   0.000000000000000E+00   0.000000000000000E+00   0.000000000000000E+00
   6.324742490000000E-01   9.128979651700000E+00   9.128979651700000E+00   0.000000000000000E+00  -9.946229573499999E-01   0.000000000000000E+00   0.000000000000000E+00   0.000000000000000E+00
   6.340889690700000E-01   9.152286128900000E+00   9.152286128900000E+00   0.000000000000000E+00  -9.946229573499999E-01   0.000000000000000E+00   0.000000000000000E+00   0.000000000000000E+00
   6.357036891300000E-01   9.175592606000000E+00   9.175592606000000E+00   0.000000000000000E+00  -9.946229573499999E-01   0.000000000000000E+00   0.000000000000000E+00   0.000000000000000E+00
   6.373184092000000E-01   9.198899083200001E+00   9.198899083200001E+00   0.000000000000000E+00  -9.946229573499999E-01   0.000000000000000E+00   0.000000000000000E+00   0.000000000000000E+00
   6.389331292700000E-01   9.222205560400001E+00   9.222205560400001E+00   0.000000000000000E+00  -9.946229573499999E-01   0.000000000000000E+00   0.000000000000000E+00   0.000000000000000E+00
   6.403357441700001E-01   9.242450563100000E+00   9.242450563100000E+00   0.000000000000000E+00  -9.946229573499999E-01   0.000000000000000E+00   0.000000000000000E+00   0.000000000000000E+00
   6.417383590700000E-01   9.262695565800000E+00   9.262695565800000E+00   0.000000000000000E+00  -9.946229573499999E-01   0.000000000000000E+00   0.000000000000000E+00   0.000000000000000E+00
   6.431409739700000E-01   9.282940568500001E+00   9.282940568500001E+00   0.000000000000000E+00  -9.946229573499999E-01   0.000000000000000E+00   0.000000000000000E+00   0.000000000000000E+00
   6.445435888700000E-01   9.303185571200000E+00   9.303185571200000E+00   0.000000000000000E+00  -9.946229573499999E-01   0.000000000000000E+00   0.000000000000000E+00   0.000000000000000E+00
   6.459741664999999E-01   9.323834181200001E+00   9.323834181200001E+00   0.000000000000000E+00  -9.946229573499999E-01   0.000000000000000E+00   0.000000000000000E+00   0.000000000000000E+00
   6.474047441300000E-01   9.344482791100001E+00   9.344482791100001E+00   0.000000000000000E+00  -9.946229573499999E-01   0.000000000000000E+00   0.000000000000000E+00   0.000000000000000E+00
   6.488353217600000E-01   9.365131401099999E+00   9.365131401099999E+00   0.000000000000000E+00  -9.946229573499999E-01   0.000000000000000E+00   0.000000000000000E+00   0.000000000000000E+00
   6.502658993900000E-01   9.385780011100000E+00   9.385780011100000E+00   0.000000000000000E+00  -9.946229573499999E-01   0.000000000000000E+00   0.000000000000000E+00   0.000000000000000E+00
   6.520592077400000E-01   9.411664188000000E+00   9.411664188000000E+00   0.000000000000000E+00  -9.946229573499999E-01   0.000000000000000E+00   0.000000000000000E+00   0.000000000000000E+00
   6.538525160799999E-01   9.437548365000000E+00   9.437548365000000E+00   0.000000000000000E+00  -9.946229573499999E-01   0.000000000000000E+00   0.000000000000000E+00   0.000000000000000E+00
   6.556458244300000E-01   9.463432542000000E+00   9.463432542000000E+00   0.000000000000000E+00  -9.946229573499999E-01   0.000000000000000E+00   0.000000000000000E+00   0.000000000000000E+00
   6.574391327800000E-01   9.489316719000000E+00   9.489316719000000E+00   0.000000000000000E+00  -9.946229573499999E-01   0.000000000000000E+00   0.000000000000000E+00   0.000000000000000E+00
   6.591249234800000E-01   9.513649012400000E+00   9.513649012400000E+00   0.000000000000000E+00  -9.946229573499999E-01   0.000000000000000E+00   0.000000000000000E+00   0.000000000000000E+00
   6.608107141800000E-01   9.537981305800001E+00   9.537981305800001E+00   0.000000000000000E+00  -9.946229573499999E-01   0.000000000000000E+00   0.000000000000000E+00   0.000000000000000E+00
   6.624965048800000E-01   9.562313599199999E+00   9.562313599199999E+00   0.000000000000000E+00  -9.946229573499999E-01   0.000000000000000E+00   0.000000000000000E+00   0.000000000000000E+00
   6.641822955800000E-01   9.586645892600000E+00   9.586645892600000E+00   0.000000000000000E+00  -9.946229573499999E-01   0.000000000000000E+00   0.000000000000000E+00   0.000000000000000E+00
   6.663057210400000E-01   9.617294899899999E+00   9.617294899899999E+00   0.000000000000000E+00  -9.946229573499999E-01   0.000000000000000E+00   0.000000000000000E+00   0.000000000000000E+00
   6.684291465100000E-01   9.647943907200000E+00   9.647943907200000E+00   0.000000000000000E+00  -9.946229573499999E-01   0.000000000000000E+00   0.000000000000000E+00   0.000000000000000E+00
   6.705525719700000E-01   9.678592914499999E+00   9.678592914499999E+00   0.000000000000000E+00  -9.946229573499999E-01   0.000000000000000E+00   0.000000000000000E+00   0.000000000000000E+00
   6.726759974400000E-01   9.709241921800000E+00   9.709241921800000E+00   0.000000000000000E+00  -9.946229573499999E-01   0.000000000000000E+00   0.000000000000000E+00   0.000000000000000E+00
   6.748327037800000E-01   9.740371297099999E+00   9.740371297099999E+00   0.000000000000000E+00  -9.946229573499999E-01   0.000000000000000E+00   0.000000000000000E+00   0.000000000000000E+00
   6.769894101200000E-01   9.771500672400000E+00   9.771500672400000E+00   0.000000000000000E+00  -9.946229573499999E-01   0.000000000000000E+00   0.000000000000000E+00   0.000000000000000E+00
   6.791461164600000E-01   9.802630047799999E+00   9.802630047799999E+00   0.000000000000000E+00  -9.946229573499999E-01   0.000000000000000E+00   0.000000000000000E+00   0.000000000000000E+00
   6.813028228000000E-01   9.833759423100000E+00   9.833759423100000E+00   0.000000000000000E+00  -9.946229573499999E-01   0.000000000000000E+00   0.000000000000000E+00   0.000000000000000E+00
   6.832980104600000E-01   9.862557477199999E+00   9.862557477199999E+00   0.000000000000000E+00  -9.946229573499999E-01   0.000000000000000E+00   0.000000000000000E+00   0.000000000000000E+00
   6.852931981300000E-01   9.891355531200000E+00   9.891355531200000E+00   0.000000000000000E+00  -9.946229573499999E-01   0.000000000000000E+00   0.000000000000000E+00   0.000000000000000E+00
   6.872883857900000E-01   9.920153585200000E+00   9.920153585200000E+00   0.000000000000000E+00  -9.946229573499999E-01   0.000000000000000E+00   0.000000000000000E+00   0.000000000000000E+00
   6.892835734600000E-01   9.948951639200001E+00   9.948951639200001E+00   0.000000000000000E+00  -9.946229573499999E-01   0.000000000000000E+00   0.000000000000000E+00   0.000000000000000E+00
   6.911533372799999E-01   9.975939355900000E+00   9.975939355900000E+00   0.000000000000000E+00  -9.946229573499999E-01   0.000000000000000E+00   0.000000000000000E+00   0.000000000000000E+00
   6.930231010900000E-01   1.000292707300000E+01   1.000292707300000E+01   0.000000000000000E+00  -9.946229573499999E-01   0.000000000000000E+00   0.000000000000000E+00   0.000000000000000E+00
   6.948928649100000E-01   1.002991478900000E+01   1.002991478900000E+01   0.000000000000000E+00  -9.946229573499999E-01   0.000000000000000E+00   0.000000000000000E+00   0.000000000000000E+00
   6.967626287300001E-01   1.005690250600000E+01   1.005690250600000E+01   0.000000000000000E+00  -9.946229573499999E-01   0.000000000000000E+00   0.000000000000000E+00   0.000000000000000E+00
   6.984858971100000E-01   1.008177574300000E+01   1.008177574300000E+01   0.000000000000000E+00  -9.946229573499999E-01   0.000000000000000E+00   0.000000000000000E+00   0.000000000000000E+00
   7.002091654800000E-01   1.010664898000000E+01   1.010664898000000E+01   0.000000000000000E+00  -9.946229573499999E-01   0.000000000000000E+00   0.000000000000000E+00   0.000000000000000E+00
   7.019324338600000E-01   1.013152221700000E+01   1.013152221700000E+01   0.000000000000000E+00  -9.946229573499999E-01   0.000000000000000E+00   0.000000000000000E+00   0.000000000000000E+00
   7.036557022300000E-01   1.015639545400000E+01   1.015639545400000E+01   0.000000000000000E+00  -9.946229573499999E-01   0.000000000000000E+00   0.000000000000000E+00   0.000000000000000E+00
   7.054088602800000E-01   1.018170011200000E+01   1.018170011200000E+01   0.000000000000000E+00  -9.946229573499999E-01   0.000000000000000E+00   0.000000000000000E+00   0.000000000000000E+00
   7.071620183400000E-01   1.020700476900000E+01   1.020700476900000E+01   0.000000000000000E+00  -9.946229573499999E-01   0.000000000000000E+00   0.000000000000000E+00   0.000000000000000E+00
   7.089151764000000E-01   1.023230942700000E+01   1.023230942700000E+01   0.000000000000000E+00  -9.946229573499999E-01   0.000000000000000E+00   0.000000000000000E+00   0.000000000000000E+00
   7.106683344500000E-01   1.025761408400000E+01   1.025761408400000E+01   0.000000000000000E+00  -9.946229573499999E-01   0.000000000000000E+00   0.000000000000000E+00   0.000000000000000E+00
   7.123007392200000E-01   1.028117581800000E+01   1.028117581800000E+01   0.000000000000000E+00  -9.946229573499999E-01   0.000000000000000E+00   0.000000000000000E+00   0.000000000000000E+00
   7.139331439900000E-01   1.030473755200000E+01   1.030473755200000E+01   0.000000000000000E+00  -9.946229573499999E-01   0.000000000000000E+00   0.000000000000000E+00   0.000000000000000E+00
   7.155655487600000E-01   1.032829928600000E+01   1.032829928600000E+01   0.000000000000000E+00  -9.946229573499999E-01   0.000000000000000E+00   0.000000000000000E+00   0.000000000000000E+00
   7.171979535300000E-01   1.035186102000000E+01   1.035186102000000E+01   0.000000000000000E+00  -9.946229573499999E-01   0.000000000000000E+00   0.000000000000000E+00   0.000000000000000E+00
   7.187021777200000E-01   1.037357262600000E+01   1.037357262600000E+01   0.000000000000000E+00  -9.946229573499999E-01   0.000000000000000E+00   0.000000000000000E+00   0.000000000000000E+00
   7.202064019100000E-01   1.039528423200000E+01   1.039528423200000E+01   0.000000000000000E+00  -9.946229573499999E-01   0.000000000000000E+00   0.000000000000000E+00   0.000000000000000E+00
   7.217106260900000E-01   1.041699583900000E+01   1.041699583900000E+01   0.000000000000000E+00  -9.946229573499999E-01   0.000000000000000E+00   0.000000000000000E+00   0.000000000000000E+00
   7.232148502800000E-01   1.043870744500000E+01   1.043870744500000E+01   0.000000000000000E+00  -9.946229573499999E-01   0.000000000000000E+00   0.000000000000000E+00   0.000000000000000E+00
   7.244064622400000E-01   1.045590688300000E+01   1.045590688300000E+01   0.000000000000000E+00  -9.946229573499999E-01   0.000000000000000E+00   0.000000000000000E+00   0.000000000000000E+00
   7.255980742000000E-01   1.047310632000000E+01   1.047310632000000E+01   0.000000000000000E+00  -9.946229573499999E-01   0.000000000000000E+00   0.000000000000000E+00   0.000000000000000E+00
   7.267896861599999E-01   1.049030575800000E+01   1.049030575800000E+01   0.000000000000000E+00  -9.946229573499999E-01   0.000000000000000E+00   0.000000000000000E+00   0.000000000000000E+00
   7.279812981200000E-01   1.050750519500000E+01   1.050750519500000E+01   0.000000000000000E+00  -9.946229573499999E-01   0.000000000000000E+00   0.000000000000000E+00   0.000000000000000E+00
   7.289733083200000E-01   1.052182363000000E+01   1.052182363000000E+01   0.000000000000000E+00  -9.946229573499999E-01   0.000000000000000E+00   0.000000000000000E+00   0.000000000000000E+00
   7.299653185100000E-01   1.053614206400000E+01   1.053614206400000E+01   0.000000000000000E+00  -9.946229573499999E-01   0.000000000000000E+00   0.000000000000000E+00   0.000000000000000E+00
   7.309573287100000E-01   1.055046049800000E+01   1.055046049800000E+01   0.000000000000000E+00  -9.946229573499999E-01   0.000000000000000E+00   0.000000000000000E+00   0.000000000000000E+00
   7.319493389000000E-01   1.056477893200000E+01   1.056477893200000E+01   0.000000000000000E+00  -9.946229573499999E-01   0.000000000000000E+00   0.000000000000000E+00   0.000000000000000E+00
   7.331508324300000E-01   1.058212099800000E+01   1.058212099800000E+01   0.000000000000000E+00  -9.946229573499999E-01   0.000000000000000E+00   0.000000000000000E+00   0.000000000000000E+00
   7.343523259600000E-01   1.059946306300000E+01   1.059946306300000E+01   0.000000000000000E+00  -9.946229573499999E-01   0.000000000000000E+00   0.000000000000000E+00   0.000000000000000E+00
   7.355538194800000E-01   1.061680512900000E+01   1.061680512900000E+01   0.000000000000000E+00  -9.946229573499999E-01   0.000000000000000E+00   0.000000000000000E+00   0.000000000000000E+00
   7.367553130100000E-01   1.063414719500000E+01   1.063414719500000E+01   0.000000000000000E+00  -9.946229573499999E-01   0.000000000000000E+00   0.000000000000000E+00   0.000000000000000E+00
   7.382884424500000E-01   1.065627601300000E+01   1.065627601300000E+01   0.000000000000000E+00  -9.946229573499999E-01   0.000000000000000E+00   0.000000000000000E+00   0.000000000000000E+00
   7.398215719000000E-01   1.067840483100000E+01   1.067840483100000E+01   0.000000000000000E+00  -9.946229573499999E-01   0.000000000000000E+00   0.000000000000000E+00   0.000000000000000E+00
   7.413547013400000E-01   1.070053364900000E+01   1.070053364900000E+01   0.000000000000000E+00  -9.946229573499999E-01   0.000000000000000E+00   0.000000000000000E+00   0.000000000000000E+00
   7.428878307900000E-01   1.072266246600000E+01   1.072266246600000E+01   0.000000000000000E+00  -9.946229573499999E-01   0.000000000000000E+00   0.000000000000000E+00   0.000000000000000E+00
   7.443972459500000E-01   1.074444899800000E+01   1.074444899800000E+01   0.000000000000000E+00  -9.946229573499999E-01   0.000000000000000E+00   0.000000000000000E+00   0.000000000000000E+00
   7.459066611100000E-01   1.076623553000000E+01   1.076623553000000E+01   0.000000000000000E+00  -9.946229573499999E-01   0.000000000000000E+00   0.000000000000000E+00   0.000000000000000E+00
   7.474160762700000E-01   1.078802206200000E+01   1.078802206200000E+01   0.000000000000000E+00  -9.946229573499999E-01   0.000000000000000E+00   0.000000000000000E+00   0.000000000000000E+00
   7.489254914300000E-01   1.080980859300000E+01   1.080980859300000E+01   0.000000000000000E+00  -9.946229573499999E-01   0.000000000000000E+00   0.000000000000000E+00   0.000000000000000E+00
   7.503022040700000E-01   1.082967972900000E+01   1.082967972900000E+01   0.000000000000000E+00  -9.946229573499999E-01   0.000000000000000E+00   0.000000000000000E+00   0.000000000000000E+00
   7.516789167100000E-01   1.084955086500000E+01   1.084955086500000E+01   0.000000000000000E+00  -9.946229573499999E-01   0.000000000000000E+00   0.000000000000000E+00   0.000000000000000E+00
   7.530556293600000E-01   1.086942200100000E+01   1.086942200100000E+01   0.000000000000000E+00  -9.946229573499999E-01   0.000000000000000E+00   0.000000000000000E+00   0.000000000000000E+00
   7.544323420000000E-01   1.088929313700000E+01   1.088929313700000E+01   0.000000000000000E+00  -9.946229573499999E-01   0.000000000000000E+00   0.000000000000000E+00   0.000000000000000E+00
   7.562579160300000E-01   1.091564302900000E+01   1.091564302900000E+01   0.000000000000000E+00  -9.946229573499999E-01   0.000000000000000E+00   0.000000000000000E+00   0.000000000000000E+00
   7.580834900700000E-01   1.094199292100000E+01   1.094199292100000E+01   0.000000000000000E+00  -9.946229573499999E-01   0.000000000000000E+00   0.000000000000000E+00   0.000000000000000E+00
   7.599090641000000E-01   1.096834281300000E+01   1.096834281300000E+01   0.000000000000000E+00  -9.946229573499999E-01   0.000000000000000E+00   0.000000000000000E+00   0.000000000000000E+00
   7.617346381300000E-01   1.099469270500000E+01   1.099469270500000E+01   0.000000000000000E+00  -9.946229573499999E-01   0.000000000000000E+00   0.000000000000000E+00   0.000000000000000E+00
   7.634276701600000E-01   1.101912951800000E+01   1.101912951800000E+01   0.000000000000000E+00  -9.946229573499999E-01   0.000000000000000E+00   0.000000000000000E+00   0.000000000000000E+00
   7.651207021999999E-01   1.104356633100000E+01   1.104356633100000E+01   0.000000000000000E+00  -9.946229573499999E-01   0.000000000000000E+00   0.000000000000000E+00   0.000000000000000E+00
   7.668137342300000E-01   1.106800314400000E+01   1.106800314400000E+01   0.000000000000000E+00  -9.946229573499999E-01   0.000000000000000E+00   0.000000000000000E+00   0.000000000000000E+00
   7.685067662700000E-01   1.109243995700000E+01   1.109243995700000E+01   0.000000000000000E+00  -9.946229573499999E-01   0.000000000000000E+00   0.000000000000000E+00   0.000000000000000E+00
   7.703666270300000E-01   1.111928473600000E+01   1.111928473600000E+01   0.000000000000000E+00  -9.946229573499999E-01   0.000000000000000E+00   0.000000000000000E+00   0.000000000000000E+00
   7.722264878000000E-01   1.114612951400000E+01   1.114612951400000E+01   0.000000000000000E+00  -9.946229573499999E-01   0.000000000000000E+00   0.000000000000000E+00   0.000000000000000E+00
   7.740863485700000E-01   1.117297429300000E+01   1.117297429300000E+01   0.000000000000000E+00  -9.946229573499999E-01   0.000000000000000E+00   0.000000000000000E+00   0.000000000000000E+00
   7.759462093400000E-01   1.119981907100000E+01   1.119981907100000E+01   0.000000000000000E+00  -9.946229573499999E-01   0.000000000000000E+00   0.000000000000000E+00   0.000000000000000E+00
   7.780566718800001E-01   1.123028097500000E+01   1.123028097500000E+01   0.000000000000000E+00  -9.946229573499999E-01   0.000000000000000E+00   0.000000000000000E+00   0.000000000000000E+00
   7.801671344300000E-01   1.126074287800000E+01   1.126074287800000E+01   0.000000000000000E+00  -9.946229573499999E-01   0.000000000000000E+00   0.000000000000000E+00   0.000000000000000E+00
   7.822775969700000E-01   1.129120478200000E+01   1.129120478200000E+01   0.000000000000000E+00  -9.946229573499999E-01   0.000000000000000E+00   0.000000000000000E+00   0.000000000000000E+00
   7.843880595200000E-01   1.132166668600000E+01   1.132166668600000E+01   0.000000000000000E+00  -9.946229573499999E-01   0.000000000000000E+00   0.000000000000000E+00   0.000000000000000E+00
   7.865525184200000E-01   1.135290795900000E+01   1.135290795900000E+01   0.000000000000000E+00  -9.946229573499999E-01   0.000000000000000E+00   0.000000000000000E+00   0.000000000000000E+00
   7.887169773200000E-01   1.138414923300000E+01   1.138414923300000E+01   0.000000000000000E+00  -9.946229573499999E-01   0.000000000000000E+00   0.000000000000000E+00   0.000000000000000E+00
   7.908814362200000E-01   1.141539050700000E+01   1.141539050700000E+01   0.000000000000000E+00  -9.946229573499999E-01   0.000000000000000E+00   0.000000000000000E+00   0.000000000000000E+00
   7.930458951200000E-01   1.144663178100000E+01   1.144663178100000E+01   0.000000000000000E+00  -9.946229573499999E-01   0.000000000000000E+00   0.000000000000000E+00   0.000000000000000E+00
   7.953534907399999E-01   1.147993905600000E+01   1.147993905600000E+01   0.000000000000000E+00  -9.946229573499999E-01   0.000000000000000E+00   0.000000000000000E+00   0.000000000000000E+00
   7.976610863500000E-01   1.151324633000000E+01   1.151324633000000E+01   0.000000000000000E+00  -9.946229573499999E-01   0.000000000000000E+00   0.000000000000000E+00   0.000000000000000E+00
   7.999686819600000E-01   1.154655360500000E+01   1.154655360500000E+01   0.000000000000000E+00  -9.946229573499999E-01   0.000000000000000E+00   0.000000000000000E+00   0.000000000000000E+00
   8.022762775800000E-01   1.157986087900000E+01   1.157986087900000E+01   0.000000000000000E+00  -9.946229573499999E-01   0.000000000000000E+00   0.000000000000000E+00   0.000000000000000E+00
   8.043882341900001E-01   1.161034434800000E+01   1.161034434800000E+01   0.000000000000000E+00  -9.946229573499999E-01   0.000000000000000E+00   0.000000000000000E+00   0.000000000000000E+00
   8.065001908100000E-01   1.164082781700000E+01   1.164082781700000E+01   0.000000000000000E+00  -9.946229573499999E-01   0.000000000000000E+00   0.000000000000000E+00   0.000000000000000E+00
   8.086121474200000E-01   1.167131128500000E+01   1.167131128500000E+01   0.000000000000000E+00  -9.946229573499999E-01   0.000000000000000E+00   0.000000000000000E+00   0.000000000000000E+00
   8.107241040399999E-01   1.170179475400000E+01   1.170179475400000E+01   0.000000000000000E+00  -9.946229573499999E-01   0.000000000000000E+00   0.000000000000000E+00   0.000000000000000E+00
   8.131176631900000E-01   1.173634280500000E+01   1.173634280500000E+01   0.000000000000000E+00  -9.946229573499999E-01   0.000000000000000E+00   0.000000000000000E+00   0.000000000000000E+00
   8.155112223500000E-01   1.177089085700000E+01   1.177089085700000E+01   0.000000000000000E+00  -9.946229573499999E-01   0.000000000000000E+00   0.000000000000000E+00   0.000000000000000E+00
   8.179047815100000E-01   1.180543890800000E+01   1.180543890800000E+01   0.000000000000000E+00  -9.946229573499999E-01   0.000000000000000E+00   0.000000000000000E+00   0.000000000000000E+00
   8.202983406600000E-01   1.183998695900000E+01   1.183998695900000E+01   0.000000000000000E+00  -9.946229573499999E-01   0.000000000000000E+00   0.000000000000000E+00   0.000000000000000E+00
   8.227398091500000E-01   1.187522652200000E+01   1.187522652200000E+01   0.000000000000000E+00  -9.946229573499999E-01   0.000000000000000E+00   0.000000000000000E+00   0.000000000000000E+00
   8.251812776300000E-01   1.191046608500000E+01   1.191046608500000E+01   0.000000000000000E+00  -9.946229573499999E-01   0.000000000000000E+00   0.000000000000000E+00   0.000000000000000E+00
   8.276227461100000E-01   1.194570564800000E+01   1.194570564800000E+01   0.000000000000000E+00  -9.946229573499999E-01   0.000000000000000E+00   0.000000000000000E+00   0.000000000000000E+00
   8.300642146000000E-01   1.198094521100000E+01   1.198094521100000E+01   0.000000000000000E+00  -9.946229573499999E-01   0.000000000000000E+00   0.000000000000000E+00   0.000000000000000E+00
   8.325004518700000E-01   1.201610926800000E+01   1.201610926800000E+01   0.000000000000000E+00  -9.946229573499999E-01   0.000000000000000E+00   0.000000000000000E+00   0.000000000000000E+00
   8.349366891400000E-01   1.205127332500000E+01   1.205127332500000E+01   0.000000000000000E+00  -9.946229573499999E-01   0.000000000000000E+00   0.000000000000000E+00   0.000000000000000E+00
   8.373729264100001E-01   1.208643738200000E+01   1.208643738200000E+01   0.000000000000000E+00  -9.946229573499999E-01   0.000000000000000E+00   0.000000000000000E+00   0.000000000000000E+00
   8.398091636800000E-01   1.212160143900000E+01   1.212160143900000E+01   0.000000000000000E+00  -9.946229573499999E-01   0.000000000000000E+00   0.000000000000000E+00   0.000000000000000E+00
   8.424314876700000E-01   1.215945142600000E+01   1.215945142600000E+01   0.000000000000000E+00  -9.946229573499999E-01   0.000000000000000E+00   0.000000000000000E+00   0.000000000000000E+00
   8.450538116600000E-01   1.219730141300000E+01   1.219730141300000E+01   0.000000000000000E+00  -9.946229573499999E-01   0.000000000000000E+00   0.000000000000000E+00   0.000000000000000E+00
   8.476761356600000E-01   1.223515140100000E+01   1.223515140100000E+01   0.000000000000000E+00  -9.946229573499999E-01   0.000000000000000E+00   0.000000000000000E+00   0.000000000000000E+00
   8.502984596499999E-01   1.227300138800000E+01   1.227300138800000E+01   0.000000000000000E+00  -9.946229573499999E-01   0.000000000000000E+00   0.000000000000000E+00   0.000000000000000E+00
   8.533184813600000E-01   1.231659164800000E+01   1.231659164800000E+01   0.000000000000000E+00  -9.946229573499999E-01   0.000000000000000E+00   0.000000000000000E+00   0.000000000000000E+00
   8.563385030600000E-01   1.236018190700000E+01   1.236018190700000E+01   0.000000000000000E+00  -9.946229573499999E-01   0.000000000000000E+00   0.000000000000000E+00   0.000000000000000E+00
   8.593585247700000E-01   1.240377216700000E+01   1.240377216700000E+01   0.000000000000000E+00  -9.946229573499999E-01   0.000000000000000E+00   0.000000000000000E+00   0.000000000000000E+00
   8.623785464700000E-01   1.244736242700000E+01   1.244736242700000E+01   0.000000000000000E+00  -9.946229573499999E-01   0.000000000000000E+00   0.000000000000000E+00   0.000000000000000E+00
   8.649816829700000E-01   1.248493546600000E+01   1.248493546600000E+01   0.000000000000000E+00  -9.946229573499999E-01   0.000000000000000E+00   0.000000000000000E+00   0.000000000000000E+00
   8.675848194700000E-01   1.252250850600000E+01   1.252250850600000E+01   0.000000000000000E+00  -9.946229573499999E-01   0.000000000000000E+00   0.000000000000000E+00   0.000000000000000E+00
   8.701879559700000E-01   1.256008154600000E+01   1.256008154600000E+01   0.000000000000000E+00  -9.946229573499999E-01   0.000000000000000E+00   0.000000000000000E+00   0.000000000000000E+00
   8.727910924600000E-01   1.259765458600000E+01   1.259765458600000E+01   0.000000000000000E+00  -9.946229573499999E-01   0.000000000000000E+00   0.000000000000000E+00   0.000000000000000E+00
   8.750977519499999E-01   1.263094834800000E+01   1.263094834800000E+01   0.000000000000000E+00  -9.946229573499999E-01   0.000000000000000E+00   0.000000000000000E+00   0.000000000000000E+00
   8.774044114400000E-01   1.266424211100000E+01   1.266424211100000E+01   0.000000000000000E+00  -9.946229573499999E-01   0.000000000000000E+00   0.000000000000000E+00   0.000000000000000E+00
   8.797110709300000E-01   1.269753587400000E+01   1.269753587400000E+01   0.000000000000000E+00  -9.946229573499999E-01   0.000000000000000E+00   0.000000000000000E+00   0.000000000000000E+00
   8.820177304200000E-01   1.273082963600000E+01   1.273082963600000E+01   0.000000000000000E+00  -9.946229573499999E-01   0.000000000000000E+00   0.000000000000000E+00   0.000000000000000E+00
   8.844974068900000E-01   1.276662068400000E+01   1.276662068400000E+01   0.000000000000000E+00  -9.946229573499999E-01   0.000000000000000E+00   0.000000000000000E+00   0.000000000000000E+00
   8.869770833600000E-01   1.280241173200000E+01   1.280241173200000E+01   0.000000000000000E+00  -9.946229573499999E-01   0.000000000000000E+00   0.000000000000000E+00   0.000000000000000E+00
   8.894567598400001E-01   1.283820278000000E+01   1.283820278000000E+01   0.000000000000000E+00  -9.946229573499999E-01   0.000000000000000E+00   0.000000000000000E+00   0.000000000000000E+00
   8.919364363100000E-01   1.287399382800000E+01   1.287399382800000E+01   0.000000000000000E+00  -9.946229573499999E-01   0.000000000000000E+00   0.000000000000000E+00   0.000000000000000E+00
   8.949232841000000E-01   1.291710526300000E+01   1.291710526300000E+01   0.000000000000000E+00  -9.946229573499999E-01   0.000000000000000E+00   0.000000000000000E+00   0.000000000000000E+00
   8.979101318800000E-01   1.296021669800000E+01   1.296021669800000E+01   0.000000000000000E+00  -9.946229573499999E-01   0.000000000000000E+00   0.000000000000000E+00   0.000000000000000E+00
   9.008969796700000E-01   1.300332813300000E+01   1.300332813300000E+01   0.000000000000000E+00  -9.946229573499999E-01   0.000000000000000E+00   0.000000000000000E+00   0.000000000000000E+00
   9.038838274600000E-01   1.304643956900000E+01   1.304643956900000E+01   0.000000000000000E+00  -9.946229573499999E-01   0.000000000000000E+00   0.000000000000000E+00   0.000000000000000E+00
   9.070927206200000E-01   1.309275595300000E+01   1.309275595300000E+01   0.000000000000000E+00  -9.946229573499999E-01   0.000000000000000E+00   0.000000000000000E+00   0.000000000000000E+00
   9.103016137800000E-01   1.313907233700000E+01   1.313907233700000E+01   0.000000000000000E+00  -9.946229573499999E-01   0.000000000000000E+00   0.000000000000000E+00   0.000000000000000E+00
   9.135105069400000E-01   1.318538872200000E+01   1.318538872200000E+01   0.000000000000000E+00  -9.946229573499999E-01   0.000000000000000E+00   0.000000000000000E+00   0.000000000000000E+00
   9.167194001000000E-01   1.323170510600000E+01   1.323170510600000E+01   0.000000000000000E+00  -9.946229573499999E-01   0.000000000000000E+00   0.000000000000000E+00   0.000000000000000E+00
   9.208695151700000E-01   1.329160685900000E+01   1.329160685900000E+01   0.000000000000000E+00  -9.946229573499999E-01   0.000000000000000E+00   0.000000000000000E+00   0.000000000000000E+00
   9.250196302400000E-01   1.335150861100000E+01   1.335150861100000E+01   0.000000000000000E+00  -9.946229573499999E-01   0.000000000000000E+00   0.000000000000000E+00   0.000000000000000E+00
   9.291697453200000E-01   1.341141036400000E+01   1.341141036400000E+01   0.000000000000000E+00  -9.946229573499999E-01   0.000000000000000E+00   0.000000000000000E+00   0.000000000000000E+00
   9.333198603900000E-01   1.347131211700000E+01   1.347131211700000E+01   0.000000000000000E+00  -9.946229573499999E-01   0.000000000000000E+00   0.000000000000000E+00   0.000000000000000E+00
   9.368314010800000E-01   1.352199684200000E+01   1.352199684200000E+01   0.000000000000000E+00  -9.946229573499999E-01   0.000000000000000E+00   0.000000000000000E+00   0.000000000000000E+00
   9.403429417700000E-01   1.357268156700000E+01   1.357268156700000E+01   0.000000000000000E+00  -9.946229573499999E-01   0.000000000000000E+00   0.000000000000000E+00   0.000000000000000E+00
   9.438544824700000E-01   1.362336629200000E+01   1.362336629200000E+01   0.000000000000000E+00  -9.946229573499999E-01   0.000000000000000E+00   0.000000000000000E+00   0.000000000000000E+00
   9.473660231600000E-01   1.367405101800000E+01   1.367405101800000E+01   0.000000000000000E+00  -9.946229573499999E-01   0.000000000000000E+00   0.000000000000000E+00   0.000000000000000E+00
   9.504719474200000E-01   1.371888117400000E+01   1.371888117400000E+01   0.000000000000000E+00  -9.946229573499999E-01   0.000000000000000E+00   0.000000000000000E+00   0.000000000000000E+00
   9.535778716700000E-01   1.376371133000000E+01   1.376371133000000E+01   0.000000000000000E+00  -9.946229573499999E-01   0.000000000000000E+00   0.000000000000000E+00   0.000000000000000E+00
   9.566837959300000E-01   1.380854148600000E+01   1.380854148600000E+01   0.000000000000000E+00  -9.946229573499999E-01   0.000000000000000E+00   0.000000000000000E+00   0.000000000000000E+00
   9.597897201900000E-01   1.385337164200000E+01   1.385337164200000E+01   0.000000000000000E+00  -9.946229573499999E-01   0.000000000000000E+00   0.000000000000000E+00   0.000000000000000E+00
   9.632862044700000E-01   1.390383904700000E+01   1.390383904700000E+01   0.000000000000000E+00  -9.946229573499999E-01   0.000000000000000E+00   0.000000000000000E+00   0.000000000000000E+00
   9.667826887600000E-01   1.395430645200000E+01   1.395430645200000E+01   0.000000000000000E+00  -9.946229573499999E-01   0.000000000000000E+00   0.000000000000000E+00   0.000000000000000E+00
   9.702791730400000E-01   1.400477385600000E+01   1.400477385600000E+01   0.000000000000000E+00  -9.946229573499999E-01   0.000000000000000E+00   0.000000000000000E+00   0.000000000000000E+00
   9.737756573300000E-01   1.405524126100000E+01   1.405524126100000E+01   0.000000000000000E+00  -9.946229573499999E-01   0.000000000000000E+00   0.000000000000000E+00   0.000000000000000E+00
   9.770537001600000E-01   1.410255573500000E+01   1.410255573500000E+01   0.000000000000000E+00  -9.946229573499999E-01   0.000000000000000E+00   0.000000000000000E+00   0.000000000000000E+00
   9.803317430000000E-01   1.414987020900000E+01   1.414987020900000E+01   0.000000000000000E+00  -9.946229573499999E-01   0.000000000000000E+00   0.000000000000000E+00   0.000000000000000E+00
   9.836097858300000E-01   1.419718468300000E+01   1.419718468300000E+01   0.000000000000000E+00  -9.946229573499999E-01   0.000000000000000E+00   0.000000000000000E+00   0.000000000000000E+00
   9.868878286600000E-01   1.424449915700000E+01   1.424449915700000E+01   0.000000000000000E+00  -9.946229573499999E-01   0.000000000000000E+00   0.000000000000000E+00   0.000000000000000E+00
   9.901658715000000E-01   1.429181363000000E+01   1.429181363000000E+01   0.000000000000000E+00  -9.946229573499999E-01   0.000000000000000E+00   0.000000000000000E+00   0.000000000000000E+00
   9.934439143300000E-01   1.433912810400000E+01   1.433912810400000E+01   0.000000000000000E+00  -9.946229573499999E-01   0.000000000000000E+00   0.000000000000000E+00   0.000000000000000E+00
   9.967219571700000E-01   1.438644257800000E+01   1.438644257800000E+01   0.000000000000000E+00  -9.946229573499999E-01   0.000000000000000E+00   0.000000000000000E+00   0.000000000000000E+00
   1.000000000000000E+00   1.443375705200000E+01   1.443375705200000E+01   0.000000000000000E+00  -9.946229573499999E-01   0.000000000000000E+00   0.000000000000000E+00   0.000000000000000E+00
