   0.000000000000000E+00  -7.545476972800000E-31   0.000000000000000E+00   0.000000000000000E+00  -9.936560852600000E-01   0.000000000000000E+00   0.000000000000000E+00   0.000000000000000E+00
   1.551127779700000E-02   2.238860152900000E-01   2.238860152900000E-01   0.000000000000000E+00  -9.936560852600000E-01   0.000000000000000E+00   0.000000000000000E+00   0.000000000000000E+00
   3.102255559500000E-02   4.477720305900000E-01   4.477720305900000E-01   0.000000000000000E+00  -9.936560852600000E-01   0.000000000000000E+00   0.000000000000000E+00   0.000000000000000E+00
   4.653383339200000E-02   6.716580458800000E-01   6.716580458800000E-01   0.000000000000000E+00  -9.936560852600000E-01   0.000000000000000E+00   0.000000000000000E+00   0.000000000000000E+00
   6.204511119000000E-02   8.955440611800000E-01   8.955440611800000E-01   0.000000000000000E+00  -9.936560852600000E-01   0.000000000000000E+00   0.000000000000000E+00   0.000000000000000E+00
   7.634957861400000E-02   1.102011268700000E+00   1.102011268700000E+00   0.000000000000000E+00  -9.936560852600000E-01   0.000000000000000E+00   0.000000000000000E+00   0.000000000000000E+00
   9.065404603900000E-02   1.308478476300000E+00   1.308478476300000E+00   0.000000000000000E+00  -9.936560852600000E-01   0.000000000000000E+00   0.000000000000000E+00   0.000000000000000E+00
   1.049585134600000E-01   1.514945683900000E+00   1.514945683900000E+00   0.000000000000000E+00  -9.936560852600000E-01   0.000000000000000E+00   0.000000000000000E+00   0.000000000000000E+00
   1.192629808900000E-01   1.721412891400000E+00   1.721412891400000E+00   0.000000000000000E+00  -9.936560852600000E-01   0.000000000000000E+00   0.000000000000000E+00   0.000000000000000E+00
   1.319008123800000E-01   1.903824280900000E+00   1.903824280900000E+00   0.000000000000000E+00  -9.936560852600000E-01   0.000000000000000E+00   0.000000000000000E+00   0.000000000000000E+00
   1.445386438800000E-01   2.086235670300000E+00   2.086235670300000E+00   0.000000000000000E+00  -9.936560852600000E-01   0.000000000000000E+00   0.000000000000000E+00   0.000000000000000E+00
   1.571764753700000E-01   2.268647059800000E+00   2.268647059800000E+00   0.000000000000000E+00  -9.936560852600000E-01   0.000000000000000E+00   0.000000000000000E+00   0.000000000000000E+00
   1.698143068600000E-01   2.451058449200000E+00   2.451058449200000E+00   0.000000000000000E+00  -9.936560852600000E-01   0.000000000000000E+00   0.000000000000000E+00   0.000000000000000E+00
   1.798542089200000E-01   2.595971956400000E+00   2.595971956400000E+00   0.000000000000000E+00  -9.936560852600000E-01   0.000000000000000E+00   0.000000000000000E+00   0.000000000000000E+00
   1.898941109900000E-01   2.740885463600000E+00   2.740885463600000E+00   0.000000000000000E+00  -9.936560852600000E-01   0.000000000000000E+00   0.000000000000000E+00   0.000000000000000E+00
   1.999340130500000E-01   2.885798970800000E+00   2.885798970800000E+00   0.000000000000000E+00  -9.936560852600000E-01   0.000000000000000E+00   0.000000000000000E+00   0.000000000000000E+00
   2.099739151100000E-01   3.030712478000000E+00   3.030712478000000E+00   0.000000000000000E+00  -9.936560852600000E-01   0.000000000000000E+00   0.000000000000000E+00   0.000000000000000E+00
   2.198071185100000E-01   3.172642546900000E+00   3.172642546900000E+00   0.000000000000000E+00  -9.936560852600000E-01   0.000000000000000E+00   0.000000000000000E+00   0.000000000000000E+00
   2.296403219100000E-01   3.314572615800000E+00   3.314572615800000E+00   0.000000000000000E+00  -9.936560852600000E-01   0.000000000000000E+00   0.000000000000000E+00   0.000000000000000E+00
   2.394735253100000E-01   3.456502684700000E+00   3.456502684700000E+00   0.000000000000000E+00  -9.936560852600000E-01   0.000000000000000E+00   0.000000000000000E+00   0.000000000000000E+00
   2.493067287100000E-01   3.598432753600000E+00   3.598432753600000E+00   0.000000000000000E+00  -9.936560852600000E-01   0.000000000000000E+00   0.000000000000000E+00   0.000000000000000E+00
   2.587674753700000E-01   3.734986872400000E+00   3.734986872400000E+00   0.000000000000000E+00  -9.936560852600000E-01   0.000000000000000E+00   0.000000000000000E+00   0.000000000000000E+00
   2.682282220300000E-01   3.871540991200000E+00   3.871540991200000E+00   0.000000000000000E+00  -9.936560852600000E-01   0.000000000000000E+00   0.000000000000000E+00   0.000000000000000E+00
   2.776889686900000E-01   4.008095110000000E+00   4.008095110000000E+00   0.000000000000000E+00  -9.936560852600000E-01   0.000000000000000E+00   0.000000000000000E+00   0.000000000000000E+00
   2.871497153500000E-01   4.144649228800000E+00   4.144649228800000E+00   0.000000000000000E+00  -9.936560852600000E-01   0.000000000000000E+00   0.000000000000000E+00   0.000000000000000E+00
   2.966391330600000E-01   4.281617178700000E+00   4.281617178700000E+00   0.000000000000000E+00  -9.936560852600000E-01   0.000000000000000E+00   0.000000000000000E+00   0.000000000000000E+00
   3.061285507800000E-01   4.418585128600000E+00   4.418585128600000E+00   0.000000000000000E+00  -9.936560852600000E-01   0.000000000000000E+00   0.000000000000000E+00   0.000000000000000E+00
   3.156179684900000E-01   4.555553078400000E+00   4.555553078400000E+00   0.000000000000000E+00  -9.936560852600000E-01   0.000000000000000E+00   0.000000000000000E+00   0.000000000000000E+00
   3.251073862100000E-01   4.692521028300000E+00   4.692521028300000E+00   0.000000000000000E+00  -9.936560852600000E-01   0.000000000000000E+00   0.000000000000000E+00   0.000000000000000E+00
   3.324806512300000E-01   4.798944944300000E+00   4.798944944300000E+00   0.000000000000000E+00  -9.936560852600000E-01   0.000000000000000E+00   0.000000000000000E+00   0.000000000000000E+00
   3.398539162500000E-01   4.905368860400000E+00   4.905368860400000E+00   0.000000000000000E+00  -9.936560852600000E-01   0.000000000000000E+00   0.000000000000000E+00   0.000000000000000E+00
   3.472271812800000E-01   5.011792776400000E+00   5.011792776400000E+00   0.000000000000000E+00  -9.936560852600000E-01   0.000000000000000E+00   0.000000000000000E+00   0.000000000000000E+00
   3.546004463000000E-01   5.118216692400000E+00   5.118216692400000E+00   0.000000000000000E+00  -9.936560852600000E-01   0.000000000000000E+00   0.000000000000000E+00   0.000000000000000E+00
   3.630091506700000E-01   5.239585888400000E+00   5.239585888400000E+00   0.000000000000000E+00  -9.936560852600000E-01   0.000000000000000E+00   0.000000000000000E+00   0.000000000000000E+00
   3.714178550400000E-01   5.360955084400000E+00   5.360955084400000E+00   0.000000000000000E+00  -9.936560852600000E-01   0.000000000000000E+00   0.000000000000000E+00   0.000000000000000E+00
   3.798265594000000E-01   5.482324280300000E+00   5.482324280300000E+00   0.000000000000000E+00  -9.936560852600000E-01   0.000000000000000E+00   0.000000000000000E+00   0.000000000000000E+00
   3.882352637700000E-01   5.603693476300000E+00   5.603693476300000E+00   0.000000000000000E+00  -9.936560852600000E-01   0.000000000000000E+00   0.000000000000000E+00   0.000000000000000E+00
   3.956300939500000E-01   5.710428658600000E+00   5.710428658600000E+00   0.000000000000000E+00  -9.936560852600000E-01   0.000000000000000E+00   0.000000000000000E+00   0.000000000000000E+00
   4.030249241300000E-01   5.817163840800000E+00   5.817163840800000E+00   0.000000000000000E+00  -9.936560852600000E-01   0.000000000000000E+00   0.000000000000000E+00   0.000000000000000E+00
   4.104197543100000E-01   5.923899023100000E+00   5.923899023100000E+00   0.000000000000000E+00  -9.936560852600000E-01   0.000000000000000E+00   0.000000000000000E+00   0.000000000000000E+00
   4.178145844900000E-01   6.030634205300000E+00   6.030634205300000E+00   0.000000000000000E+00  -9.936560852600000E-01   0.000000000000000E+00   0.000000000000000E+00   0.000000000000000E+00
   4.235531050900000E-01   6.113462617500000E+00   6.113462617500000E+00   0.000000000000000E+00  -9.936560852600000E-01   0.000000000000000E+00   0.000000000000000E+00   0.000000000000000E+00
   4.292916256900000E-01   6.196291029700000E+00   6.196291029700000E+00   0.000000000000000E+00  -9.936560852600000E-01   0.000000000000000E+00   0.000000000000000E+00   0.000000000000000E+00
   4.350301462900000E-01   6.279119441900000E+00   6.279119441900000E+00   0.000000000000000E+00  -9.936560852600000E-01   0.000000000000000E+00   0.000000000000000E+00   0.000000000000000E+00
   4.407686668900000E-01   6.361947854100000E+00   6.361947854100000E+00   0.000000000000000E+00  -9.936560852600000E-01   0.000000000000000E+00   0.000000000000000E+00   0.000000000000000E+00
   4.460638737300000E-01   6.438377583100000E+00   6.438377583100000E+00   0.000000000000000E+00  -9.936560852600000E-01   0.000000000000000E+00   0.000000000000000E+00   0.000000000000000E+00
   4.513590805700000E-01   6.514807312200000E+00   6.514807312200000E+00   0.000000000000000E+00  -9.936560852600000E-01   0.000000000000000E+00   0.000000000000000E+00   0.000000000000000E+00
   4.566542874200000E-01   6.591237041300000E+00   6.591237041300000E+00   0.000000000000000E+00  -9.936560852600000E-01   0.000000000000000E+00   0.000000000000000E+00   0.000000000000000E+00
   4.619494942600000E-01   6.667666770400000E+00   6.667666770400000E+00   0.000000000000000E+00  -9.936560852600000E-01   0.000000000000000E+00   0.000000000000000E+00   0.000000000000000E+00
   4.660706302200000E-01   6.727150245700000E+00   6.727150245700000E+00   0.000000000000000E+00  -9.936560852600000E-01   0.000000000000000E+00   0.000000000000000E+00   0.000000000000000E+00
   4.701917661900000E-01   6.786633721000000E+00   6.786633721000000E+00   0.000000000000000E+00  -9.936560852600000E-01   0.000000000000000E+00   0.000000000000000E+00   0.000000000000000E+00
   4.743129021500000E-01   6.846117196300000E+00   6.846117196300000E+00   0.000000000000000E+00  -9.936560852600000E-01   0.000000000000000E+00   0.000000000000000E+00   0.000000000000000E+00
   4.784340381100000E-01   6.905600671500000E+00   6.905600671500000E+00   0.000000000000000E+00  -9.936560852600000E-01   0.000000000000000E+00   0.000000000000000E+00   0.000000000000000E+00
   4.815728573600000E-01   6.950905625900000E+00   6.950905625900000E+00   0.000000000000000E+00  -9.936560852600000E-01   0.000000000000000E+00   0.000000000000000E+00   0.000000000000000E+00
   4.847116766000000E-01   6.996210580300000E+00   6.996210580300000E+00   0.000000000000000E+00  -9.936560852600000E-01   0.000000000000000E+00   0.000000000000000E+00   0.000000000000000E+00
   4.878504958400000E-01   7.041515534700000E+00   7.041515534700000E+00   0.000000000000000E+00  -9.936560852600000E-01   0.000000000000000E+00   0.000000000000000E+00   0.000000000000000E+00
   4.909893150900000E-01   7.086820489100000E+00   7.086820489100000E+00   0.000000000000000E+00  -9.936560852600000E-01   0.000000000000000E+00   0.000000000000000E+00   0.000000000000000E+00
   4.941047683300000E-01   7.131788184400000E+00   7.131788184400000E+00   0.000000000000000E+00  -9.936560852600000E-01   0.000000000000000E+00   0.000000000000000E+00   0.000000000000000E+00
   4.972202215800000E-01   7.176755879600000E+00   7.176755879600000E+00   0.000000000000000E+00  -9.936560852600000E-01   0.000000000000000E+00   0.000000000000000E+00   0.000000000000000E+00
   5.003356748300000E-01   7.221723574900000E+00   7.221723574900000E+00   0.000000000000000E+00  -9.936560852600000E-01   0.000000000000000E+00   0.000000000000000E+00   0.000000000000000E+00
   5.034511280700000E-01   7.266691270200000E+00   7.266691270200000E+00   0.000000000000000E+00  -9.936560852600000E-01   0.000000000000000E+00   0.000000000000000E+00   0.000000000000000E+00
   5.063576801100000E-01   7.308643736200000E+00   7.308643736200000E+00   0.000000000000000E+00  -9.936560852600000E-01   0.000000000000000E+00   0.000000000000000E+00   0.000000000000000E+00
   5.092642321500001E-01   7.350596202200000E+00   7.350596202200000E+00   0.000000000000000E+00  -9.936560852600000E-01   0.000000000000000E+00   0.000000000000000E+00   0.000000000000000E+00
   5.121707841900000E-01   7.392548668100000E+00   7.392548668100000E+00   0.000000000000000E+00  -9.936560852600000E-01   0.000000000000000E+00   0.000000000000000E+00   0.000000000000000E+00
   5.150773362300000E-01   7.434501134100000E+00   7.434501134100000E+00   0.000000000000000E+00  -9.936560852600000E-01   0.000000000000000E+00   0.000000000000000E+00   0.000000000000000E+00
   5.183477567900000E-01   7.481705590000000E+00   7.481705590000000E+00   0.000000000000000E+00  -9.936560852600000E-01   0.000000000000000E+00   0.000000000000000E+00   0.000000000000000E+00
   5.216181773500000E-01   7.528910045800000E+00   7.528910045800000E+00   0.000000000000000E+00  -9.936560852600000E-01   0.000000000000000E+00   0.000000000000000E+00   0.000000000000000E+00
   5.248885979200000E-01   7.576114501700000E+00   7.576114501700000E+00   0.000000000000000E+00  -9.936560852600000E-01   0.000000000000000E+00   0.000000000000000E+00   0.000000000000000E+00
   5.281590184800000E-01   7.623318957500000E+00   7.623318957500000E+00   0.000000000000000E+00  -9.936560852600000E-01   0.000000000000000E+00   0.000000000000000E+00   0.000000000000000E+00
   5.304832599400000E-01   7.656866494100000E+00   7.656866494100000E+00   0.000000000000000E+00  -9.936560852600000E-01   0.000000000000000E+00   0.000000000000000E+00   0.000000000000000E+00
   5.328075013900000E-01   7.690414030600000E+00   7.690414030600000E+00   0.000000000000000E+00  -9.936560852600000E-01   0.000000000000000E+00   0.000000000000000E+00   0.000000000000000E+00
   5.351317428500000E-01   7.723961567100000E+00   7.723961567100000E+00   0.000000000000000E+00  -9.936560852600000E-01   0.000000000000000E+00   0.000000000000000E+00   0.000000000000000E+00
   5.374559843100000E-01   7.757509103700000E+00   7.757509103700000E+00   0.000000000000000E+00  -9.936560852600000E-01   0.000000000000000E+00   0.000000000000000E+00   0.000000000000000E+00
   5.393932756699999E-01   7.785471496500000E+00   7.785471496500000E+00   0.000000000000000E+00  -9.936560852600000E-01   0.000000000000000E+00   0.000000000000000E+00   0.000000000000000E+00
   5.413305670300000E-01   7.813433889300000E+00   7.813433889300000E+00   0.000000000000000E+00  -9.936560852600000E-01   0.000000000000000E+00   0.000000000000000E+00   0.000000000000000E+00
   5.432678583900000E-01   7.841396282100000E+00   7.841396282100000E+00   0.000000000000000E+00  -9.936560852600000E-01   0.000000000000000E+00   0.000000000000000E+00   0.000000000000000E+00
   5.452051497400000E-01   7.869358674900000E+00   7.869358674900000E+00   0.000000000000000E+00  -9.936560852600000E-01   0.000000000000000E+00   0.000000000000000E+00   0.000000000000000E+00
   5.470216046600000E-01   7.895576943900000E+00   7.895576943900000E+00   0.000000000000000E+00  -9.936560852600000E-01   0.000000000000000E+00   0.000000000000000E+00   0.000000000000000E+00
   5.488380595800000E-01   7.921795212900000E+00   7.921795212900000E+00   0.000000000000000E+00  -9.936560852600000E-01   0.000000000000000E+00   0.000000000000000E+00   0.000000000000000E+00
   5.506545145100000E-01   7.948013482000000E+00   7.948013482000000E+00   0.000000000000000E+00  -9.936560852600000E-01   0.000000000000000E+00   0.000000000000000E+00   0.000000000000000E+00
   5.524709694300000E-01   7.974231751000000E+00   7.974231751000000E+00   0.000000000000000E+00  -9.936560852600000E-01   0.000000000000000E+00   0.000000000000000E+00   0.000000000000000E+00
   5.548204174900000E-01   8.008143113599999E+00   8.008143113599999E+00   0.000000000000000E+00  -9.936560852600000E-01   0.000000000000000E+00   0.000000000000000E+00   0.000000000000000E+00
   5.571698655600000E-01   8.042054476200001E+00   8.042054476200001E+00   0.000000000000000E+00  -9.936560852600000E-01   0.000000000000000E+00   0.000000000000000E+00   0.000000000000000E+00
   5.595193136300000E-01   8.075965838900000E+00   8.075965838900000E+00   0.000000000000000E+00  -9.936560852600000E-01   0.000000000000000E+00   0.000000000000000E+00   0.000000000000000E+00
   5.618687617000000E-01   8.109877201500000E+00   8.109877201500000E+00   0.000000000000000E+00  -9.936560852600000E-01   0.000000000000000E+00   0.000000000000000E+00   0.000000000000000E+00
   5.639077431100000E-01   8.139307363800000E+00   8.139307363800000E+00   0.000000000000000E+00  -9.936560852600000E-01   0.000000000000000E+00   0.000000000000000E+00   0.000000000000000E+00
   5.659467245200001E-01   8.168737526099999E+00   8.168737526099999E+00   0.000000000000000E+00  -9.936560852600000E-01   0.000000000000000E+00   0.000000000000000E+00   0.000000000000000E+00
   5.679857059300000E-01   8.198167688400000E+00   8.198167688400000E+00   0.000000000000000E+00  -9.936560852600000E-01   0.000000000000000E+00   0.000000000000000E+00   0.000000000000000E+00
   5.700246873400000E-01   8.227597850600000E+00   8.227597850600000E+00   0.000000000000000E+00  -9.936560852600000E-01   0.000000000000000E+00   0.000000000000000E+00   0.000000000000000E+00
   5.712257988000000E-01   8.244934401700000E+00   8.244934401700000E+00   0.000000000000000E+00  -9.936560852600000E-01   0.000000000000000E+00   0.000000000000000E+00   0.000000000000000E+00
   5.724269102600000E-01   8.262270952700000E+00   8.262270952700000E+00   0.000000000000000E+00  -9.936560852600000E-01   0.000000000000000E+00   0.000000000000000E+00   0.000000000000000E+00
   5.736280217200000E-01   8.279607503799999E+00   8.279607503799999E+00   0.000000000000000E+00  -9.936560852600000E-01   0.000000000000000E+00   0.000000000000000E+00   0.000000000000000E+00
   5.748291331900000E-01   8.296944054800001E+00   8.296944054800001E+00   0.000000000000000E+00  -9.936560852600000E-01   0.000000000000000E+00   0.000000000000000E+00   0.000000000000000E+00
   5.762525205900000E-01   8.317488882799999E+00   8.317488882799999E+00   0.000000000000000E+00  -9.936560852600000E-01   0.000000000000000E+00   0.000000000000000E+00   0.000000000000000E+00
   5.776759079900000E-01   8.338033710700000E+00   8.338033710700000E+00   0.000000000000000E+00  -9.936560852600000E-01   0.000000000000000E+00   0.000000000000000E+00   0.000000000000000E+00
   5.790992953900000E-01   8.358578538700000E+00   8.358578538700000E+00   0.000000000000000E+00  -9.936560852600000E-01   0.000000000000000E+00   0.000000000000000E+00   0.000000000000000E+00
   5.805226827900000E-01   8.379123366600000E+00   8.379123366600000E+00   0.000000000000000E+00  -9.936560852600000E-01   0.000000000000000E+00   0.000000000000000E+00   0.000000000000000E+00
   5.818482776800000E-01   8.398256681199999E+00   8.398256681199999E+00   0.000000000000000E+00  -9.936560852600000E-01   0.000000000000000E+00   0.000000000000000E+00   0.000000000000000E+00
   5.831738725700000E-01   8.417389995700001E+00   8.417389995700001E+00   0.000000000000000E+00  -9.936560852600000E-01   0.000000000000000E+00   0.000000000000000E+00   0.000000000000000E+00
   5.844994674600000E-01   8.436523310300000E+00   8.436523310300000E+00   0.000000000000000E+00  -9.936560852600000E-01   0.000000000000000E+00   0.000000000000000E+00   0.000000000000000E+00
   5.858250623400000E-01   8.455656624800000E+00   8.455656624800000E+00   0.000000000000000E+00  -9.936560852600000E-01   0.000000000000000E+00   0.000000000000000E+00   0.000000000000000E+00
   5.869447692000000E-01   8.471818201600000E+00   8.471818201600000E+00   0.000000000000000E+00  -9.936560852600000E-01   0.000000000000000E+00   0.000000000000000E+00   0.000000000000000E+00
   5.880644760600000E-01   8.487979778300000E+00   8.487979778300000E+00   0.000000000000000E+00  -9.936560852600000E-01   0.000000000000000E+00   0.000000000000000E+00   0.000000000000000E+00
   5.891841829100000E-01   8.504141355000000E+00   8.504141355000000E+00   0.000000000000000E+00  -9.936560852600000E-01   0.000000000000000E+00   0.000000000000000E+00   0.000000000000000E+00
   5.903038897700000E-01   8.520302931800000E+00   8.520302931800000E+00   0.000000000000000E+00  -9.936560852600000E-01   0.000000000000000E+00   0.000000000000000E+00   0.000000000000000E+00
   5.913982820600000E-01   8.536099124200000E+00   8.536099124200000E+00   0.000000000000000E+00  -9.936560852600000E-01   0.000000000000000E+00   0.000000000000000E+00   0.000000000000000E+00
   5.924926743500000E-01   8.551895316600000E+00   8.551895316600000E+00   0.000000000000000E+00  -9.936560852600000E-01   0.000000000000000E+00   0.000000000000000E+00   0.000000000000000E+00
   5.935870666400000E-01   8.567691509099999E+00   8.567691509099999E+00   0.000000000000000E+00  -9.936560852600000E-01   0.000000000000000E+00   0.000000000000000E+00   0.000000000000000E+00
   5.946814589300000E-01   8.583487701499999E+00   8.583487701499999E+00   0.000000000000000E+00  -9.936560852600000E-01   0.000000000000000E+00   0.000000000000000E+00   0.000000000000000E+00
   5.959654116699999E-01   8.602019963400000E+00   8.602019963400000E+00   0.000000000000000E+00  -9.936560852600000E-01   0.000000000000000E+00   0.000000000000000E+00   0.000000000000000E+00
   5.972493644000000E-01   8.620552225200001E+00   8.620552225200001E+00   0.000000000000000E+00  -9.936560852600000E-01   0.000000000000000E+00   0.000000000000000E+00   0.000000000000000E+00
   5.985333171400000E-01   8.639084487100000E+00   8.639084487100000E+00   0.000000000000000E+00  -9.936560852600000E-01   0.000000000000000E+00   0.000000000000000E+00   0.000000000000000E+00
   5.998172698799999E-01   8.657616749000001E+00   8.657616749000001E+00   0.000000000000000E+00  -9.936560852600000E-01   0.000000000000000E+00   0.000000000000000E+00   0.000000000000000E+00
   6.013339686800000E-01   8.679508411000000E+00   8.679508411000000E+00   0.000000000000000E+00  -9.936560852600000E-01   0.000000000000000E+00   0.000000000000000E+00   0.000000000000000E+00
   6.028506674800000E-01   8.701400073100000E+00   8.701400073100000E+00   0.000000000000000E+00  -9.936560852600000E-01   0.000000000000000E+00   0.000000000000000E+00   0.000000000000000E+00
   6.043673662900000E-01   8.723291735100000E+00   8.723291735100000E+00   0.000000000000000E+00  -9.936560852600000E-01   0.000000000000000E+00   0.000000000000000E+00   0.000000000000000E+00
   6.058840650900000E-01   8.745183397200000E+00   8.745183397200000E+00   0.000000000000000E+00  -9.936560852600000E-01   0.000000000000000E+00   0.000000000000000E+00   0.000000000000000E+00
   6.074669465000000E-01   8.768030323000000E+00   8.768030323000000E+00   0.000000000000000E+00  -9.936560852600000E-01   0.000000000000000E+00   0.000000000000000E+00   0.000000000000000E+00
   6.090498279200000E-01   8.790877248699999E+00   8.790877248699999E+00   0.000000000000000E+00  -9.936560852600000E-01   0.000000000000000E+00   0.000000000000000E+00   0.000000000000000E+00
   6.106327093300000E-01   8.813724174500001E+00   8.813724174500001E+00   0.000000000000000E+00  -9.936560852600000E-01   0.000000000000000E+00   0.000000000000000E+00   0.000000000000000E+00
   6.122155907500000E-01   8.836571100300000E+00   8.836571100300000E+00   0.000000000000000E+00  -9.936560852600000E-01   0.000000000000000E+00   0.000000000000000E+00   0.000000000000000E+00
   6.142338439600000E-01   8.865702076800000E+00   8.865702076800000E+00   0.000000000000000E+00  -9.936560852600000E-01   0.000000000000000E+00   0.000000000000000E+00   0.000000000000000E+00
   6.162520971700000E-01   8.894833053299999E+00   8.894833053299999E+00   0.000000000000000E+00  -9.936560852600000E-01   0.000000000000000E+00   0.000000000000000E+00   0.000000000000000E+00
   6.182703503800000E-01   8.923964029800000E+00   8.923964029800000E+00   0.000000000000000E+00  -9.936560852600000E-01   0.000000000000000E+00   0.000000000000000E+00   0.000000000000000E+00
   6.202886035900000E-01   8.953095006300000E+00   8.953095006300000E+00   0.000000000000000E+00  -9.936560852600000E-01   0.000000000000000E+00   0.000000000000000E+00   0.000000000000000E+00
   6.225494785200000E-01   8.985727925899999E+00   8.985727925899999E+00   0.000000000000000E+00  -9.936560852600000E-01   0.000000000000000E+00   0.000000000000000E+00   0.000000000000000E+00
   6.248103534600000E-01   9.018360845500000E+00   9.018360845500000E+00   0.000000000000000E+00  -9.936560852600000E-01   0.000000000000000E+00   0.000000000000000E+00   0.000000000000000E+00
   6.270712284000000E-01   9.050993765099999E+00   9.050993765099999E+00   0.000000000000000E+00  -9.936560852600000E-01   0.000000000000000E+00   0.000000000000000E+00   0.000000000000000E+00
   6.293321033400000E-01   9.083626684600000E+00   9.083626684600000E+00   0.000000000000000E+00  -9.936560852600000E-01   0.000000000000000E+00   0.000000000000000E+00   0.000000000000000E+00
   6.313371148400000E-01   9.112566533500001E+00   9.112566533500001E+00   0.000000000000000E+00  -9.936560852600000E-01   0.000000000000000E+00   0.000000000000000E+00   0.000000000000000E+00
   6.333421263300000E-01   9.141506382299999E+00   9.141506382299999E+00   0.000000000000000E+00  -9.936560852600000E-01   0.000000000000000E+00   0.000000000000000E+00   0.000000000000000E+00
   6.353471378300000E-01   9.170446231100000E+00   9.170446231100000E+00   0.000000000000000E+00  -9.936560852600000E-01   0.000000000000000E+00   0.000000000000000E+00   0.000000000000000E+00
   6.373521493199999E-01   9.199386079900000E+00   9.199386079900000E+00   0.000000000000000E+00  -9.936560852600000E-01   0.000000000000000E+00   0.000000000000000E+00   0.000000000000000E+00
   6.385920743800000E-01   9.217282856900001E+00   9.217282856900001E+00   0.000000000000000E+00  -9.936560852600000E-01   0.000000000000000E+00   0.000000000000000E+00   0.000000000000000E+00
   6.398319994400000E-01   9.235179634000000E+00   9.235179634000000E+00   0.000000000000000E+00  -9.936560852600000E-01   0.000000000000000E+00   0.000000000000000E+00   0.000000000000000E+00
   6.410719244899999E-01   9.253076411000000E+00   9.253076411000000E+00   0.000000000000000E+00  -9.936560852600000E-01   0.000000000000000E+00   0.000000000000000E+00   0.000000000000000E+00
   6.423118495500000E-01   9.270973188099999E+00   9.270973188099999E+00   0.000000000000000E+00  -9.936560852600000E-01   0.000000000000000E+00   0.000000000000000E+00   0.000000000000000E+00
   6.433054195300000E-01   9.285314135700000E+00   9.285314135700000E+00   0.000000000000000E+00  -9.936560852600000E-01   0.000000000000000E+00   0.000000000000000E+00   0.000000000000000E+00
   6.442989895100000E-01   9.299655083399999E+00   9.299655083399999E+00   0.000000000000000E+00  -9.936560852600000E-01   0.000000000000000E+00   0.000000000000000E+00   0.000000000000000E+00
   6.452925594900000E-01   9.313996031100000E+00   9.313996031100000E+00   0.000000000000000E+00  -9.936560852600000E-01   0.000000000000000E+00   0.000000000000000E+00   0.000000000000000E+00
   6.462861294700000E-01   9.328336978799999E+00   9.328336978799999E+00   0.000000000000000E+00  -9.936560852600000E-01   0.000000000000000E+00   0.000000000000000E+00   0.000000000000000E+00
   6.474023739500000E-01   9.344448580400000E+00   9.344448580400000E+00   0.000000000000000E+00  -9.936560852600000E-01   0.000000000000000E+00   0.000000000000000E+00   0.000000000000000E+00
   6.485186184300000E-01   9.360560182100000E+00   9.360560182100000E+00   0.000000000000000E+00  -9.936560852600000E-01   0.000000000000000E+00   0.000000000000000E+00   0.000000000000000E+00
   6.496348629100001E-01   9.376671783700001E+00   9.376671783700001E+00   0.000000000000000E+00  -9.936560852600000E-01   0.000000000000000E+00   0.000000000000000E+00   0.000000000000000E+00
   6.507511073900000E-01   9.392783385400000E+00   9.392783385400000E+00   0.000000000000000E+00  -9.936560852600000E-01   0.000000000000000E+00   0.000000000000000E+00   0.000000000000000E+00
   6.518328984000000E-01   9.408397694000000E+00   9.408397694000000E+00   0.000000000000000E+00  -9.936560852600000E-01   0.000000000000000E+00   0.000000000000000E+00   0.000000000000000E+00
   6.529146894000000E-01   9.424012002500000E+00   9.424012002500000E+00   0.000000000000000E+00  -9.936560852600000E-01   0.000000000000000E+00   0.000000000000000E+00   0.000000000000000E+00
   6.539964804100000E-01   9.439626311100000E+00   9.439626311100000E+00   0.000000000000000E+00  -9.936560852600000E-01   0.000000000000000E+00   0.000000000000000E+00   0.000000000000000E+00
   6.550782714200000E-01   9.455240619700000E+00   9.455240619700000E+00   0.000000000000000E+00  -9.936560852600000E-01   0.000000000000000E+00   0.000000000000000E+00   0.000000000000000E+00
   6.559946971900000E-01   9.468468086600000E+00   9.468468086600000E+00   0.000000000000000E+00  -9.936560852600000E-01   0.000000000000000E+00   0.000000000000000E+00   0.000000000000000E+00
   6.569111229600000E-01   9.481695553600000E+00   9.481695553600000E+00   0.000000000000000E+00  -9.936560852600000E-01   0.000000000000000E+00   0.000000000000000E+00   0.000000000000000E+00
   6.578275487400000E-01   9.494923020600000E+00   9.494923020600000E+00   0.000000000000000E+00  -9.936560852600000E-01   0.000000000000000E+00   0.000000000000000E+00   0.000000000000000E+00
   6.587439745100000E-01   9.508150487600000E+00   9.508150487600000E+00   0.000000000000000E+00  -9.936560852600000E-01   0.000000000000000E+00   0.000000000000000E+00   0.000000000000000E+00
   6.596325334900000E-01   9.520975732000000E+00   9.520975732000000E+00   0.000000000000000E+00  -9.936560852600000E-01   0.000000000000000E+00   0.000000000000000E+00   0.000000000000000E+00
   6.605210924700000E-01   9.533800976500000E+00   9.533800976500000E+00   0.000000000000000E+00  -9.936560852600000E-01   0.000000000000000E+00   0.000000000000000E+00   0.000000000000000E+00
   6.614096514500000E-01   9.546626220900000E+00   9.546626220900000E+00   0.000000000000000E+00  -9.936560852600000E-01   0.000000000000000E+00   0.000000000000000E+00   0.000000000000000E+00
   6.622982104300000E-01   9.559451465400000E+00   9.559451465400000E+00   0.000000000000000E+00  -9.936560852600000E-01   0.000000000000000E+00   0.000000000000000E+00   0.000000000000000E+00
   6.632414431400000E-01   9.573065857200000E+00   9.573065857200000E+00   0.000000000000000E+00  -9.936560852600000E-01   0.000000000000000E+00   0.000000000000000E+00   0.000000000000000E+00
   6.641846758500000E-01   9.586680249000000E+00   9.586680249000000E+00   0.000000000000000E+00  -9.936560852600000E-01   0.000000000000000E+00   0.000000000000000E+00   0.000000000000000E+00
   6.651279085700000E-01   9.600294640700000E+00   9.600294640700000E+00   0.000000000000000E+00  -9.936560852600000E-01   0.000000000000000E+00   0.000000000000000E+00   0.000000000000000E+00
   6.660711412800000E-01   9.613909032500001E+00   9.613909032500001E+00   0.000000000000000E+00  -9.936560852600000E-01   0.000000000000000E+00   0.000000000000000E+00   0.000000000000000E+00
   6.672101248700000E-01   9.630348845000000E+00   9.630348845000000E+00   0.000000000000000E+00  -9.936560852600000E-01   0.000000000000000E+00   0.000000000000000E+00   0.000000000000000E+00
   6.683491084600000E-01   9.646788657500000E+00   9.646788657500000E+00   0.000000000000000E+00  -9.936560852600000E-01   0.000000000000000E+00   0.000000000000000E+00   0.000000000000000E+00
   6.694880920600000E-01   9.663228469900000E+00   9.663228469900000E+00   0.000000000000000E+00  -9.936560852600000E-01   0.000000000000000E+00   0.000000000000000E+00   0.000000000000000E+00
   6.706270756500000E-01   9.679668282400000E+00   9.679668282400000E+00   0.000000000000000E+00  -9.936560852600000E-01   0.000000000000000E+00   0.000000000000000E+00   0.000000000000000E+00
   6.713232745100000E-01   9.689717047600000E+00   9.689717047600000E+00   0.000000000000000E+00  -9.936560852600000E-01   0.000000000000000E+00   0.000000000000000E+00   0.000000000000000E+00
   6.720194733700000E-01   9.699765812900001E+00   9.699765812900001E+00   0.000000000000000E+00  -9.936560852600000E-01   0.000000000000000E+00   0.000000000000000E+00   0.000000000000000E+00
   6.727156722400000E-01   9.709814578100000E+00   9.709814578100000E+00   0.000000000000000E+00  -9.936560852600000E-01   0.000000000000000E+00   0.000000000000000E+00   0.000000000000000E+00
   6.734118711000000E-01   9.719863343400000E+00   9.719863343400000E+00   0.000000000000000E+00  -9.936560852600000E-01   0.000000000000000E+00   0.000000000000000E+00   0.000000000000000E+00
   6.740066544300000E-01   9.728448301500000E+00   9.728448301500000E+00   0.000000000000000E+00  -9.936560852600000E-01   0.000000000000000E+00   0.000000000000000E+00   0.000000000000000E+00
   6.746014377700000E-01   9.737033259700000E+00   9.737033259700000E+00   0.000000000000000E+00  -9.936560852600000E-01   0.000000000000000E+00   0.000000000000000E+00   0.000000000000000E+00
   6.751962211100000E-01   9.745618217900001E+00   9.745618217900001E+00   0.000000000000000E+00  -9.936560852600000E-01   0.000000000000000E+00   0.000000000000000E+00   0.000000000000000E+00
   6.757910044500000E-01   9.754203176100001E+00   9.754203176100001E+00   0.000000000000000E+00  -9.936560852600000E-01   0.000000000000000E+00   0.000000000000000E+00   0.000000000000000E+00
   6.763665703200000E-01   9.762510753999999E+00   9.762510753999999E+00   0.000000000000000E+00  -9.936560852600000E-01   0.000000000000000E+00   0.000000000000000E+00   0.000000000000000E+00
   6.769421361900000E-01   9.770818331999999E+00   9.770818331999999E+00   0.000000000000000E+00  -9.936560852600000E-01   0.000000000000000E+00   0.000000000000000E+00   0.000000000000000E+00
   6.775177020599999E-01   9.779125909899999E+00   9.779125909899999E+00   0.000000000000000E+00  -9.936560852600000E-01   0.000000000000000E+00   0.000000000000000E+00   0.000000000000000E+00
   6.780932679300000E-01   9.787433487900000E+00   9.787433487900000E+00   0.000000000000000E+00  -9.936560852600000E-01   0.000000000000000E+00   0.000000000000000E+00   0.000000000000000E+00
   6.787620136800000E-01   9.797086001600000E+00   9.797086001600000E+00   0.000000000000000E+00  -9.936560852600000E-01   0.000000000000000E+00   0.000000000000000E+00   0.000000000000000E+00
   6.794307594300000E-01   9.806738515299999E+00   9.806738515299999E+00   0.000000000000000E+00  -9.936560852600000E-01   0.000000000000000E+00   0.000000000000000E+00   0.000000000000000E+00
   6.800995051800000E-01   9.816391029000000E+00   9.816391029000000E+00   0.000000000000000E+00  -9.936560852600000E-01   0.000000000000000E+00   0.000000000000000E+00   0.000000000000000E+00
   6.807682509400000E-01   9.826043542700001E+00   9.826043542700001E+00   0.000000000000000E+00  -9.936560852600000E-01   0.000000000000000E+00   0.000000000000000E+00   0.000000000000000E+00
   6.815663271200000E-01   9.837562780400001E+00   9.837562780400001E+00   0.000000000000000E+00  -9.936560852600000E-01   0.000000000000000E+00   0.000000000000000E+00   0.000000000000000E+00
   6.823644033000000E-01   9.849082018100001E+00   9.849082018100001E+00   0.000000000000000E+00  -9.936560852600000E-01   0.000000000000000E+00   0.000000000000000E+00   0.000000000000000E+00
   6.831624794800000E-01   9.860601255800001E+00   9.860601255800001E+00   0.000000000000000E+00  -9.936560852600000E-01   0.000000000000000E+00   0.000000000000000E+00   0.000000000000000E+00
   6.839605556600000E-01   9.872120493500001E+00   9.872120493500001E+00   0.000000000000000E+00  -9.936560852600000E-01   0.000000000000000E+00   0.000000000000000E+00   0.000000000000000E+00
   6.844308479700000E-01   9.878908578500001E+00   9.878908578500001E+00   0.000000000000000E+00  -9.936560852600000E-01   0.000000000000000E+00   0.000000000000000E+00   0.000000000000000E+00
   6.849011402800000E-01   9.885696663499999E+00   9.885696663499999E+00   0.000000000000000E+00  -9.936560852600000E-01   0.000000000000000E+00   0.000000000000000E+00   0.000000000000000E+00
   6.853714326000000E-01   9.892484748499999E+00   9.892484748499999E+00   0.000000000000000E+00  -9.936560852600000E-01   0.000000000000000E+00   0.000000000000000E+00   0.000000000000000E+00
   6.858417249100000E-01   9.899272833500000E+00   9.899272833500000E+00   0.000000000000000E+00  -9.936560852600000E-01   0.000000000000000E+00   0.000000000000000E+00   0.000000000000000E+00
   6.863071767800000E-01   9.905991052699999E+00   9.905991052699999E+00   0.000000000000000E+00  -9.936560852600000E-01   0.000000000000000E+00   0.000000000000000E+00   0.000000000000000E+00
   6.867726286600000E-01   9.912709272000001E+00   9.912709272000001E+00   0.000000000000000E+00  -9.936560852600000E-01   0.000000000000000E+00   0.000000000000000E+00   0.000000000000000E+00
   6.872380805300000E-01   9.919427491200000E+00   9.919427491200000E+00   0.000000000000000E+00  -9.936560852600000E-01   0.000000000000000E+00   0.000000000000000E+00   0.000000000000000E+00
   6.877035324000000E-01   9.926145710500000E+00   9.926145710500000E+00   0.000000000000000E+00  -9.936560852600000E-01   0.000000000000000E+00   0.000000000000000E+00   0.000000000000000E+00
   6.882568852600000E-01   9.934132671200000E+00   9.934132671200000E+00   0.000000000000000E+00  -9.936560852600000E-01   0.000000000000000E+00   0.000000000000000E+00   0.000000000000000E+00
   6.888102381200000E-01   9.942119631900001E+00   9.942119631900001E+00   0.000000000000000E+00  -9.936560852600000E-01   0.000000000000000E+00   0.000000000000000E+00   0.000000000000000E+00
   6.893635909700000E-01   9.950106592599999E+00   9.950106592599999E+00   0.000000000000000E+00  -9.936560852600000E-01   0.000000000000000E+00   0.000000000000000E+00   0.000000000000000E+00
   6.899169438300000E-01   9.958093553299999E+00   9.958093553299999E+00   0.000000000000000E+00  -9.936560852600000E-01   0.000000000000000E+00   0.000000000000000E+00   0.000000000000000E+00
   6.904688966300000E-01   9.966060305899999E+00   9.966060305899999E+00   0.000000000000000E+00  -9.936560852600000E-01   0.000000000000000E+00   0.000000000000000E+00   0.000000000000000E+00
   6.910208494300000E-01   9.974027058500001E+00   9.974027058500001E+00   0.000000000000000E+00  -9.936560852600000E-01   0.000000000000000E+00   0.000000000000000E+00   0.000000000000000E+00
   6.915728022199999E-01   9.981993811100001E+00   9.981993811100001E+00   0.000000000000000E+00  -9.936560852600000E-01   0.000000000000000E+00   0.000000000000000E+00   0.000000000000000E+00
   6.921247550200000E-01   9.989960563700000E+00   9.989960563700000E+00   0.000000000000000E+00  -9.936560852600000E-01   0.000000000000000E+00   0.000000000000000E+00   0.000000000000000E+00
   6.925403614000000E-01   9.995959325199999E+00   9.995959325199999E+00   0.000000000000000E+00  -9.936560852600000E-01   0.000000000000000E+00   0.000000000000000E+00   0.000000000000000E+00
   6.929559677800000E-01   1.000195808700000E+01   1.000195808700000E+01   0.000000000000000E+00  -9.936560852600000E-01   0.000000000000000E+00   0.000000000000000E+00   0.000000000000000E+00
   6.933715741599999E-01   1.000795684800000E+01   1.000795684800000E+01   0.000000000000000E+00  -9.936560852600000E-01   0.000000000000000E+00   0.000000000000000E+00   0.000000000000000E+00
   6.937871805300000E-01   1.001395561000000E+01   1.001395561000000E+01   0.000000000000000E+00  -9.936560852600000E-01   0.000000000000000E+00   0.000000000000000E+00   0.000000000000000E+00
   6.942957102200000E-01   1.002129560400000E+01   1.002129560400000E+01   0.000000000000000E+00  -9.936560852600000E-01   0.000000000000000E+00   0.000000000000000E+00   0.000000000000000E+00
   6.948042399100000E-01   1.002863559800000E+01   1.002863559800000E+01   0.000000000000000E+00  -9.936560852600000E-01   0.000000000000000E+00   0.000000000000000E+00   0.000000000000000E+00
   6.953127695900000E-01   1.003597559100000E+01   1.003597559100000E+01   0.000000000000000E+00  -9.936560852600000E-01   0.000000000000000E+00   0.000000000000000E+00   0.000000000000000E+00
   6.958212992800000E-01   1.004331558500000E+01   1.004331558500000E+01   0.000000000000000E+00  -9.936560852600000E-01   0.000000000000000E+00   0.000000000000000E+00   0.000000000000000E+00
   6.964076323300000E-01   1.005177857400000E+01   1.005177857400000E+01   0.000000000000000E+00  -9.936560852600000E-01   0.000000000000000E+00   0.000000000000000E+00   0.000000000000000E+00
   6.969939653900000E-01   1.006024156300000E+01   1.006024156300000E+01   0.000000000000000E+00  -9.936560852600000E-01   0.000000000000000E+00   0.000000000000000E+00   0.000000000000000E+00
   6.975802984400000E-01   1.006870455200000E+01   1.006870455200000E+01   0.000000000000000E+00  -9.936560852600000E-01   0.000000000000000E+00   0.000000000000000E+00   0.000000000000000E+00
   6.981666315000000E-01   1.007716754100000E+01   1.007716754100000E+01   0.000000000000000E+00  -9.936560852600000E-01   0.000000000000000E+00   0.000000000000000E+00   0.000000000000000E+00
   6.986602381000000E-01   1.008429213900000E+01   1.008429213900000E+01   0.000000000000000E+00  -9.936560852600000E-01   0.000000000000000E+00   0.000000000000000E+00   0.000000000000000E+00
   6.991538447000000E-01   1.009141673600000E+01   1.009141673600000E+01   0.000000000000000E+00  -9.936560852600000E-01   0.000000000000000E+00   0.000000000000000E+00   0.000000000000000E+00
   6.996474512999999E-01   1.009854133400000E+01   1.009854133400000E+01   0.000000000000000E+00  -9.936560852600000E-01   0.000000000000000E+00   0.000000000000000E+00   0.000000000000000E+00
   7.001410579000000E-01   1.010566593200000E+01   1.010566593200000E+01   0.000000000000000E+00  -9.936560852600000E-01   0.000000000000000E+00   0.000000000000000E+00   0.000000000000000E+00
   7.005836452000000E-01   1.011205412900000E+01   1.011205412900000E+01   0.000000000000000E+00  -9.936560852600000E-01   0.000000000000000E+00   0.000000000000000E+00   0.000000000000000E+00
   7.010262325000000E-01   1.011844232700000E+01   1.011844232700000E+01   0.000000000000000E+00  -9.936560852600000E-01   0.000000000000000E+00   0.000000000000000E+00   0.000000000000000E+00
   7.014688198000000E-01   1.012483052500000E+01   1.012483052500000E+01   0.000000000000000E+00  -9.936560852600000E-01   0.000000000000000E+00   0.000000000000000E+00   0.000000000000000E+00
   7.019114071000000E-01   1.013121872200000E+01   1.013121872200000E+01   0.000000000000000E+00  -9.936560852600000E-01   0.000000000000000E+00   0.000000000000000E+00   0.000000000000000E+00
   7.022832510200000E-01   1.013658582700000E+01   1.013658582700000E+01   0.000000000000000E+00  -9.936560852600000E-01   0.000000000000000E+00   0.000000000000000E+00   0.000000000000000E+00
   7.026550949300000E-01   1.014195293200000E+01   1.014195293200000E+01   0.000000000000000E+00  -9.936560852600000E-01   0.000000000000000E+00   0.000000000000000E+00   0.000000000000000E+00
   7.030269388500000E-01   1.014732003600000E+01   1.014732003600000E+01   0.000000000000000E+00  -9.936560852600000E-01   0.000000000000000E+00   0.000000000000000E+00   0.000000000000000E+00
   7.033987827700000E-01   1.015268714100000E+01   1.015268714100000E+01   0.000000000000000E+00  -9.936560852600000E-01   0.000000000000000E+00   0.000000000000000E+00   0.000000000000000E+00
   7.037982018700000E-01   1.015845225900000E+01   1.015845225900000E+01   0.000000000000000E+00  -9.936560852600000E-01   0.000000000000000E+00   0.000000000000000E+00   0.000000000000000E+00
   7.041976209800000E-01   1.016421737800000E+01   1.016421737800000E+01   0.000000000000000E+00  -9.936560852600000E-01   0.000000000000000E+00   0.000000000000000E+00   0.000000000000000E+00
   7.045970400800000E-01   1.016998249600000E+01   1.016998249600000E+01   0.000000000000000E+00  -9.936560852600000E-01   0.000000000000000E+00   0.000000000000000E+00   0.000000000000000E+00
   7.049964591800000E-01   1.017574761400000E+01   1.017574761400000E+01   0.000000000000000E+00  -9.936560852600000E-01   0.000000000000000E+00   0.000000000000000E+00   0.000000000000000E+00
   7.053750108800000E-01   1.018121153800000E+01   1.018121153800000E+01   0.000000000000000E+00  -9.936560852600000E-01   0.000000000000000E+00   0.000000000000000E+00   0.000000000000000E+00
   7.057535625800000E-01   1.018667546100000E+01   1.018667546100000E+01   0.000000000000000E+00  -9.936560852600000E-01   0.000000000000000E+00   0.000000000000000E+00   0.000000000000000E+00
   7.061321142800000E-01   1.019213938400000E+01   1.019213938400000E+01   0.000000000000000E+00  -9.936560852600000E-01   0.000000000000000E+00   0.000000000000000E+00   0.000000000000000E+00
   7.065106659800000E-01   1.019760330700000E+01   1.019760330700000E+01   0.000000000000000E+00  -9.936560852600000E-01   0.000000000000000E+00   0.000000000000000E+00   0.000000000000000E+00
   7.070527592900000E-01   1.020542775100000E+01   1.020542775100000E+01   0.000000000000000E+00  -9.936560852600000E-01   0.000000000000000E+00   0.000000000000000E+00   0.000000000000000E+00
   7.075948526100000E-01   1.021325219400000E+01   1.021325219400000E+01   0.000000000000000E+00  -9.936560852600000E-01   0.000000000000000E+00   0.000000000000000E+00   0.000000000000000E+00
   7.081369459300000E-01   1.022107663700000E+01   1.022107663700000E+01   0.000000000000000E+00  -9.936560852600000E-01   0.000000000000000E+00   0.000000000000000E+00   0.000000000000000E+00
   7.086790392400000E-01   1.022890108000000E+01   1.022890108000000E+01   0.000000000000000E+00  -9.936560852600000E-01   0.000000000000000E+00   0.000000000000000E+00   0.000000000000000E+00
   7.094846052900000E-01   1.024052842500000E+01   1.024052842500000E+01   0.000000000000000E+00  -9.936560852600000E-01   0.000000000000000E+00   0.000000000000000E+00   0.000000000000000E+00
   7.102901713300001E-01   1.025215576900000E+01   1.025215576900000E+01   0.000000000000000E+00  -9.936560852600000E-01   0.000000000000000E+00   0.000000000000000E+00   0.000000000000000E+00
   7.110957373700000E-01   1.026378311400000E+01   1.026378311400000E+01   0.000000000000000E+00  -9.936560852600000E-01   0.000000000000000E+00   0.000000000000000E+00   0.000000000000000E+00
   7.119013034200000E-01   1.027541045900000E+01   1.027541045900000E+01   0.000000000000000E+00  -9.936560852600000E-01   0.000000000000000E+00   0.000000000000000E+00   0.000000000000000E+00
   7.137040893900000E-01   1.030143143300000E+01   1.030143143300000E+01   0.000000000000000E+00  -9.936560852600000E-01   0.000000000000000E+00   0.000000000000000E+00   0.000000000000000E+00
   7.155068753600000E-01   1.032745240800000E+01   1.032745240800000E+01   0.000000000000000E+00  -9.936560852600000E-01   0.000000000000000E+00   0.000000000000000E+00   0.000000000000000E+00
   7.173096613400000E-01   1.035347338300000E+01   1.035347338300000E+01   0.000000000000000E+00  -9.936560852600000E-01   0.000000000000000E+00   0.000000000000000E+00   0.000000000000000E+00
   7.191124473100000E-01   1.037949435800000E+01   1.037949435800000E+01   0.000000000000000E+00  -9.936560852600000E-01   0.000000000000000E+00   0.000000000000000E+00   0.000000000000000E+00
   7.228615152900000E-01   1.043360749400000E+01   1.043360749400000E+01   0.000000000000000E+00  -9.936560852600000E-01   0.000000000000000E+00   0.000000000000000E+00   0.000000000000000E+00
   7.266105832800001E-01   1.048772063000000E+01   1.048772063000000E+01   0.000000000000000E+00  -9.936560852600000E-01   0.000000000000000E+00   0.000000000000000E+00   0.000000000000000E+00
   7.303596512600000E-01   1.054183376700000E+01   1.054183376700000E+01   0.000000000000000E+00  -9.936560852600000E-01   0.000000000000000E+00   0.000000000000000E+00   0.000000000000000E+00
   7.341087192500000E-01   1.059594690300000E+01   1.059594690300000E+01   0.000000000000000E+00  -9.936560852600000E-01   0.000000000000000E+00   0.000000000000000E+00   0.000000000000000E+00
   7.384223740200000E-01   1.065820914800000E+01   1.065820914800000E+01   0.000000000000000E+00  -9.936560852600000E-01   0.000000000000000E+00   0.000000000000000E+00   0.000000000000000E+00
   7.427360288000000E-01   1.072047139300000E+01   1.072047139300000E+01   0.000000000000000E+00  -9.936560852600000E-01   0.000000000000000E+00   0.000000000000000E+00   0.000000000000000E+00
   7.470496835700000E-01   1.078273363800000E+01   1.078273363800000E+01   0.000000000000000E+00  -9.936560852600000E-01   0.000000000000000E+00   0.000000000000000E+00   0.000000000000000E+00
   7.513633383500000E-01   1.084499588300000E+01   1.084499588300000E+01   0.000000000000000E+00  -9.936560852600000E-01   0.000000000000000E+00   0.000000000000000E+00   0.000000000000000E+00
   7.558424445200000E-01   1.090964621400000E+01   1.090964621400000E+01   0.000000000000000E+00  -9.936560852600000E-01   0.000000000000000E+00   0.000000000000000E+00   0.000000000000000E+00
   7.603215506900000E-01   1.097429654400000E+01   1.097429654400000E+01   0.000000000000000E+00  -9.936560852600000E-01   0.000000000000000E+00   0.000000000000000E+00   0.000000000000000E+00
   7.648006568700000E-01   1.103894687400000E+01   1.103894687400000E+01   0.000000000000000E+00  -9.936560852600000E-01   0.000000000000000E+00   0.000000000000000E+00   0.000000000000000E+00
   7.692797630400000E-01   1.110359720500000E+01   1.110359720500000E+01   0.000000000000000E+00  -9.936560852600000E-01   0.000000000000000E+00   0.000000000000000E+00   0.000000000000000E+00
   7.738600051700000E-01   1.116970730700000E+01   1.116970730700000E+01   0.000000000000000E+00  -9.936560852600000E-01   0.000000000000000E+00   0.000000000000000E+00   0.000000000000000E+00
   7.784402472900001E-01   1.123581740900000E+01   1.123581740900000E+01   0.000000000000000E+00  -9.936560852600000E-01   0.000000000000000E+00   0.000000000000000E+00   0.000000000000000E+00
   7.830204894200000E-01   1.130192751100000E+01   1.130192751100000E+01   0.000000000000000E+00  -9.936560852600000E-01   0.000000000000000E+00   0.000000000000000E+00   0.000000000000000E+00
   7.876007315400000E-01   1.136803761300000E+01   1.136803761300000E+01   0.000000000000000E+00  -9.936560852600000E-01   0.000000000000000E+00   0.000000000000000E+00   0.000000000000000E+00
   7.922759712200000E-01   1.143551888700000E+01   1.143551888700000E+01   0.000000000000000E+00  -9.936560852600000E-01   0.000000000000000E+00   0.000000000000000E+00   0.000000000000000E+00
   7.969512109000000E-01   1.150300016000000E+01   1.150300016000000E+01   0.000000000000000E+00  -9.936560852600000E-01   0.000000000000000E+00   0.000000000000000E+00   0.000000000000000E+00
   8.016264505800000E-01   1.157048143400000E+01   1.157048143400000E+01   0.000000000000000E+00  -9.936560852600000E-01   0.000000000000000E+00   0.000000000000000E+00   0.000000000000000E+00
   8.063016902600000E-01   1.163796270800000E+01   1.163796270800000E+01   0.000000000000000E+00  -9.936560852600000E-01   0.000000000000000E+00   0.000000000000000E+00   0.000000000000000E+00
   8.109445526700000E-01   1.170497665600000E+01   1.170497665600000E+01   0.000000000000000E+00  -9.936560852600000E-01   0.000000000000000E+00   0.000000000000000E+00   0.000000000000000E+00
   8.155874150700000E-01   1.177199060400000E+01   1.177199060400000E+01   0.000000000000000E+00  -9.936560852600000E-01   0.000000000000000E+00   0.000000000000000E+00   0.000000000000000E+00
   8.202302774800000E-01   1.183900455200000E+01   1.183900455200000E+01   0.000000000000000E+00  -9.936560852600000E-01   0.000000000000000E+00   0.000000000000000E+00   0.000000000000000E+00
   8.248731398800000E-01   1.190601850000000E+01   1.190601850000000E+01   0.000000000000000E+00  -9.936560852600000E-01   0.000000000000000E+00   0.000000000000000E+00   0.000000000000000E+00
   8.294612698400000E-01   1.197224245300000E+01   1.197224245300000E+01   0.000000000000000E+00  -9.936560852600000E-01   0.000000000000000E+00   0.000000000000000E+00   0.000000000000000E+00
   8.340493998000000E-01   1.203846640600000E+01   1.203846640600000E+01   0.000000000000000E+00  -9.936560852600000E-01   0.000000000000000E+00   0.000000000000000E+00   0.000000000000000E+00
   8.386375297599999E-01   1.210469035900000E+01   1.210469035900000E+01   0.000000000000000E+00  -9.936560852600000E-01   0.000000000000000E+00   0.000000000000000E+00   0.000000000000000E+00
   8.432256597200000E-01   1.217091431200000E+01   1.217091431200000E+01   0.000000000000000E+00  -9.936560852600000E-01   0.000000000000000E+00   0.000000000000000E+00   0.000000000000000E+00
   8.484849881800000E-01   1.224682618200000E+01   1.224682618200000E+01   0.000000000000000E+00  -9.936560852600000E-01   0.000000000000000E+00   0.000000000000000E+00   0.000000000000000E+00
   8.537443166399999E-01   1.232273805100000E+01   1.232273805100000E+01   0.000000000000000E+00  -9.936560852600000E-01   0.000000000000000E+00   0.000000000000000E+00   0.000000000000000E+00
   8.590036451000000E-01   1.239864992000000E+01   1.239864992000000E+01   0.000000000000000E+00  -9.936560852600000E-01   0.000000000000000E+00   0.000000000000000E+00   0.000000000000000E+00
   8.642629735600000E-01   1.247456178900000E+01   1.247456178900000E+01   0.000000000000000E+00  -9.936560852600000E-01   0.000000000000000E+00   0.000000000000000E+00   0.000000000000000E+00
   8.713351795600000E-01   1.257664029300000E+01   1.257664029300000E+01   0.000000000000000E+00  -9.936560852600000E-01   0.000000000000000E+00   0.000000000000000E+00   0.000000000000000E+00
   8.784073855500000E-01   1.267871879600000E+01   1.267871879600000E+01   0.000000000000000E+00  -9.936560852600000E-01   0.000000000000000E+00   0.000000000000000E+00   0.000000000000000E+00
   8.854795915400000E-01   1.278079729900000E+01   1.278079729900000E+01   0.000000000000000E+00  -9.936560852600000E-01   0.000000000000000E+00   0.000000000000000E+00   0.000000000000000E+00
   8.925517975300000E-01   1.288287580200000E+01   1.288287580200000E+01   0.000000000000000E+00  -9.936560852600000E-01   0.000000000000000E+00   0.000000000000000E+00   0.000000000000000E+00
   8.984085924700000E-01   1.296741135700000E+01   1.296741135700000E+01   0.000000000000000E+00  -9.936560852600000E-01   0.000000000000000E+00   0.000000000000000E+00   0.000000000000000E+00
   9.042653874100000E-01   1.305194691200000E+01   1.305194691200000E+01   0.000000000000000E+00  -9.936560852600000E-01   0.000000000000000E+00   0.000000000000000E+00   0.000000000000000E+00
   9.101221823500000E-01   1.313648246800000E+01   1.313648246800000E+01   0.000000000000000E+00  -9.936560852600000E-01   0.000000000000000E+00   0.000000000000000E+00   0.000000000000000E+00
   9.159789772900000E-01   1.322101802300000E+01   1.322101802300000E+01   0.000000000000000E+00  -9.936560852600000E-01   0.000000000000000E+00   0.000000000000000E+00   0.000000000000000E+00
   9.211755816300000E-01   1.329602454800000E+01   1.329602454800000E+01   0.000000000000000E+00  -9.936560852600000E-01   0.000000000000000E+00   0.000000000000000E+00   0.000000000000000E+00
   9.263721859800000E-01   1.337103107200000E+01   1.337103107200000E+01   0.000000000000000E+00  -9.936560852600000E-01   0.000000000000000E+00   0.000000000000000E+00   0.000000000000000E+00
   9.315687903200000E-01   1.344603759700000E+01   1.344603759700000E+01   0.000000000000000E+00  -9.936560852600000E-01   0.000000000000000E+00   0.000000000000000E+00   0.000000000000000E+00
   9.367653946600000E-01   1.352104412100000E+01   1.352104412100000E+01   0.000000000000000E+00  -9.936560852600000E-01   0.000000000000000E+00   0.000000000000000E+00   0.000000000000000E+00
   9.422333819299999E-01   1.359996772100000E+01   1.359996772100000E+01   0.000000000000000E+00  -9.936560852600000E-01   0.000000000000000E+00   0.000000000000000E+00   0.000000000000000E+00
   9.477013692000000E-01   1.367889132100000E+01   1.367889132100000E+01   0.000000000000000E+00  -9.936560852600000E-01   0.000000000000000E+00   0.000000000000000E+00   0.000000000000000E+00
   9.531693564700000E-01   1.375781492100000E+01   1.375781492100000E+01   0.000000000000000E+00  -9.936560852600000E-01   0.000000000000000E+00   0.000000000000000E+00   0.000000000000000E+00
   9.586373437400000E-01   1.383673852100000E+01   1.383673852100000E+01   0.000000000000000E+00  -9.936560852600000E-01   0.000000000000000E+00   0.000000000000000E+00   0.000000000000000E+00
   9.638076730100000E-01   1.391136579700000E+01   1.391136579700000E+01   0.000000000000000E+00  -9.936560852600000E-01   0.000000000000000E+00   0.000000000000000E+00   0.000000000000000E+00
   9.689780022800000E-01   1.398599307400000E+01   1.398599307400000E+01   0.000000000000000E+00  -9.936560852600000E-01   0.000000000000000E+00   0.000000000000000E+00   0.000000000000000E+00
   9.741483315400000E-01   1.406062035000000E+01   1.406062035000000E+01   0.000000000000000E+00  -9.936560852600000E-01   0.000000000000000E+00   0.000000000000000E+00   0.000000000000000E+00
   9.793186608100000E-01   1.413524762700000E+01   1.413524762700000E+01   0.000000000000000E+00  -9.936560852600000E-01   0.000000000000000E+00   0.000000000000000E+00   0.000000000000000E+00
   9.844889956100000E-01   1.420987498300000E+01   1.420987498300000E+01   0.000000000000000E+00  -9.936560852600000E-01   0.000000000000000E+00   0.000000000000000E+00   0.000000000000000E+00
   9.896593304100000E-01   1.428450233900000E+01   1.428450233900000E+01   0.000000000000000E+00  -9.936560852600000E-01   0.000000000000000E+00   0.000000000000000E+00   0.000000000000000E+00
   9.948296652000000E-01   1.435912969600000E+01   1.435912969600000E+01   0.000000000000000E+00  -9.936560852600000E-01   0.000000000000000E+00   0.000000000000000E+00   0.000000000000000E+00
   1.000000000000000E+00   1.443375705200000E+01   1.443375705200000E+01   0.000000000000000E+00  -9.936560852600000E-01   0.000000000000000E+00   0.000000000000000E+00   0.000000000000000E+00
