   0.000000000000000E+00  -2.702470429700000E-31   0.000000000000000E+00   0.000000000000000E+00  -9.993511076000000E-01   0.000000000000000E+00   0.000000000000000E+00   0.000000000000000E+00
   7.998638954900000E-03   1.154504114200000E-01   1.154504114200000E-01   0.000000000000000E+00  -9.993511076000000E-01   0.000000000000000E+00   0.000000000000000E+00   0.000000000000000E+00
   1.599727791000000E-02   2.309008228400000E-01   2.309008228400000E-01   0.000000000000000E+00  -9.993511076000000E-01   0.000000000000000E+00   0.000000000000000E+00   0.000000000000000E+00
   2.399591686500000E-02   3.463512342600000E-01   3.463512342600000E-01   0.000000000000000E+00  -9.993511076000000E-01   0.000000000000000E+00   0.000000000000000E+00   0.000000000000000E+00
   3.199455581900000E-02   4.618016456900000E-01   4.618016456900000E-01   0.000000000000000E+00  -9.993511076000000E-01   0.000000000000000E+00   0.000000000000000E+00   0.000000000000000E+00
   3.933292180800000E-02   5.677218375200000E-01   5.677218375200000E-01   0.000000000000000E+00  -9.993511076000000E-01   0.000000000000000E+00   0.000000000000000E+00   0.000000000000000E+00
   4.667128779600000E-02   6.736420293599999E-01   6.736420293599999E-01   0.000000000000000E+00  -9.993511076000000E-01   0.000000000000000E+00   0.000000000000000E+00   0.000000000000000E+00
   5.400965378500000E-02   7.795622211900000E-01   7.795622211900000E-01   0.000000000000000E+00  -9.993511076000000E-01   0.000000000000000E+00   0.000000000000000E+00   0.000000000000000E+00
   6.134801977300000E-02   8.854824130300000E-01   8.854824130300000E-01   0.000000000000000E+00  -9.993511076000000E-01   0.000000000000000E+00   0.000000000000000E+00   0.000000000000000E+00
   6.834271507799999E-02   9.864421457100000E-01   9.864421457100000E-01   0.000000000000000E+00  -9.993511076000000E-01   0.000000000000000E+00   0.000000000000000E+00   0.000000000000000E+00
   7.533741038300000E-02   1.087401878400000E+00   1.087401878400000E+00   0.000000000000000E+00  -9.993511076000000E-01   0.000000000000000E+00   0.000000000000000E+00   0.000000000000000E+00
   8.233210568800001E-02   1.188361611100000E+00   1.188361611100000E+00   0.000000000000000E+00  -9.993511076000000E-01   0.000000000000000E+00   0.000000000000000E+00   0.000000000000000E+00
   8.932680099199999E-02   1.289321343800000E+00   1.289321343800000E+00   0.000000000000000E+00  -9.993511076000000E-01   0.000000000000000E+00   0.000000000000000E+00   0.000000000000000E+00
   9.588506797900000E-02   1.383981776100000E+00   1.383981776100000E+00   0.000000000000000E+00  -9.993511076000000E-01   0.000000000000000E+00   0.000000000000000E+00   0.000000000000000E+00
   1.024433349700000E-01   1.478642208500000E+00   1.478642208500000E+00   0.000000000000000E+00  -9.993511076000000E-01   0.000000000000000E+00   0.000000000000000E+00   0.000000000000000E+00
   1.090016019500000E-01   1.573302640800000E+00   1.573302640800000E+00   0.000000000000000E+00  -9.993511076000000E-01   0.000000000000000E+00   0.000000000000000E+00   0.000000000000000E+00
   1.155598689400000E-01   1.667963073200000E+00   1.667963073200000E+00   0.000000000000000E+00  -9.993511076000000E-01   0.000000000000000E+00   0.000000000000000E+00   0.000000000000000E+00
   1.225333316900000E-01   1.768616340400000E+00   1.768616340400000E+00   0.000000000000000E+00  -9.993511076000000E-01   0.000000000000000E+00   0.000000000000000E+00   0.000000000000000E+00
   1.295067944500000E-01   1.869269607600000E+00   1.869269607600000E+00   0.000000000000000E+00  -9.993511076000000E-01   0.000000000000000E+00   0.000000000000000E+00   0.000000000000000E+00
   1.364802572000000E-01   1.969922874800000E+00   1.969922874800000E+00   0.000000000000000E+00  -9.993511076000000E-01   0.000000000000000E+00   0.000000000000000E+00   0.000000000000000E+00
   1.434537199500000E-01   2.070576142000000E+00   2.070576142000000E+00   0.000000000000000E+00  -9.993511076000000E-01   0.000000000000000E+00   0.000000000000000E+00   0.000000000000000E+00
   1.508388205900000E-01   2.177170890400000E+00   2.177170890400000E+00   0.000000000000000E+00  -9.993511076000000E-01   0.000000000000000E+00   0.000000000000000E+00   0.000000000000000E+00
   1.582239212200000E-01   2.283765638700000E+00   2.283765638700000E+00   0.000000000000000E+00  -9.993511076000000E-01   0.000000000000000E+00   0.000000000000000E+00   0.000000000000000E+00
   1.656090218600000E-01   2.390360387100000E+00   2.390360387100000E+00   0.000000000000000E+00  -9.993511076000000E-01   0.000000000000000E+00   0.000000000000000E+00   0.000000000000000E+00
   1.729941224900000E-01   2.496955135400000E+00   2.496955135400000E+00   0.000000000000000E+00  -9.993511076000000E-01   0.000000000000000E+00   0.000000000000000E+00   0.000000000000000E+00
   1.785527453500000E-01   2.577186947300000E+00   2.577186947300000E+00   0.000000000000000E+00  -9.993511076000000E-01   0.000000000000000E+00   0.000000000000000E+00   0.000000000000000E+00
   1.841113682100000E-01   2.657418759200000E+00   2.657418759200000E+00   0.000000000000000E+00  -9.993511076000000E-01   0.000000000000000E+00   0.000000000000000E+00   0.000000000000000E+00
   1.896699910700000E-01   2.737650571100000E+00   2.737650571100000E+00   0.000000000000000E+00  -9.993511076000000E-01   0.000000000000000E+00   0.000000000000000E+00   0.000000000000000E+00
   1.952286139300000E-01   2.817882383000000E+00   2.817882383000000E+00   0.000000000000000E+00  -9.993511076000000E-01   0.000000000000000E+00   0.000000000000000E+00   0.000000000000000E+00
   2.009197975600000E-01   2.900027544900000E+00   2.900027544900000E+00   0.000000000000000E+00  -9.993511076000000E-01   0.000000000000000E+00   0.000000000000000E+00   0.000000000000000E+00
   2.066109811900000E-01   2.982172706700000E+00   2.982172706700000E+00   0.000000000000000E+00  -9.993511076000000E-01   0.000000000000000E+00   0.000000000000000E+00   0.000000000000000E+00
   2.123021648200000E-01   3.064317868600000E+00   3.064317868600000E+00   0.000000000000000E+00  -9.993511076000000E-01   0.000000000000000E+00   0.000000000000000E+00   0.000000000000000E+00
   2.179933484400000E-01   3.146463030400000E+00   3.146463030400000E+00   0.000000000000000E+00  -9.993511076000000E-01   0.000000000000000E+00   0.000000000000000E+00   0.000000000000000E+00
   2.232220198700000E-01   3.221932403500000E+00   3.221932403500000E+00   0.000000000000000E+00  -9.993511076000000E-01   0.000000000000000E+00   0.000000000000000E+00   0.000000000000000E+00
   2.284506913000000E-01   3.297401776500000E+00   3.297401776500000E+00   0.000000000000000E+00  -9.993511076000000E-01   0.000000000000000E+00   0.000000000000000E+00   0.000000000000000E+00
   2.336793627200000E-01   3.372871149600000E+00   3.372871149600000E+00   0.000000000000000E+00  -9.993511076000000E-01   0.000000000000000E+00   0.000000000000000E+00   0.000000000000000E+00
   2.389080341500000E-01   3.448340522600000E+00   3.448340522600000E+00   0.000000000000000E+00  -9.993511076000000E-01   0.000000000000000E+00   0.000000000000000E+00   0.000000000000000E+00
   2.435642370500000E-01   3.515547024200000E+00   3.515547024200000E+00   0.000000000000000E+00  -9.993511076000000E-01   0.000000000000000E+00   0.000000000000000E+00   0.000000000000000E+00
   2.482204399600000E-01   3.582753525700000E+00   3.582753525700000E+00   0.000000000000000E+00  -9.993511076000000E-01   0.000000000000000E+00   0.000000000000000E+00   0.000000000000000E+00
   2.528766428700000E-01   3.649960027300000E+00   3.649960027300000E+00   0.000000000000000E+00  -9.993511076000000E-01   0.000000000000000E+00   0.000000000000000E+00   0.000000000000000E+00
   2.575328457700000E-01   3.717166528800000E+00   3.717166528800000E+00   0.000000000000000E+00  -9.993511076000000E-01   0.000000000000000E+00   0.000000000000000E+00   0.000000000000000E+00
   2.610857182400000E-01   3.768447826800000E+00   3.768447826800000E+00   0.000000000000000E+00  -9.993511076000000E-01   0.000000000000000E+00   0.000000000000000E+00   0.000000000000000E+00
   2.646385907000000E-01   3.819729124800000E+00   3.819729124800000E+00   0.000000000000000E+00  -9.993511076000000E-01   0.000000000000000E+00   0.000000000000000E+00   0.000000000000000E+00
   2.681914631700000E-01   3.871010422800000E+00   3.871010422800000E+00   0.000000000000000E+00  -9.993511076000000E-01   0.000000000000000E+00   0.000000000000000E+00   0.000000000000000E+00
   2.717443356300000E-01   3.922291720800000E+00   3.922291720800000E+00   0.000000000000000E+00  -9.993511076000000E-01   0.000000000000000E+00   0.000000000000000E+00   0.000000000000000E+00
   2.751547867000000E-01   3.971517342900000E+00   3.971517342900000E+00   0.000000000000000E+00  -9.993511076000000E-01   0.000000000000000E+00   0.000000000000000E+00   0.000000000000000E+00
   2.785652377700000E-01   4.020742965000000E+00   4.020742965000000E+00   0.000000000000000E+00  -9.993511076000000E-01   0.000000000000000E+00   0.000000000000000E+00   0.000000000000000E+00
   2.819756888300000E-01   4.069968587200000E+00   4.069968587200000E+00   0.000000000000000E+00  -9.993511076000000E-01   0.000000000000000E+00   0.000000000000000E+00   0.000000000000000E+00
   2.853861399000000E-01   4.119194209300000E+00   4.119194209300000E+00   0.000000000000000E+00  -9.993511076000000E-01   0.000000000000000E+00   0.000000000000000E+00   0.000000000000000E+00
   2.881920585800000E-01   4.159694157900000E+00   4.159694157900000E+00   0.000000000000000E+00  -9.993511076000000E-01   0.000000000000000E+00   0.000000000000000E+00   0.000000000000000E+00
   2.909979772600000E-01   4.200194106400000E+00   4.200194106400000E+00   0.000000000000000E+00  -9.993511076000000E-01   0.000000000000000E+00   0.000000000000000E+00   0.000000000000000E+00
   2.938038959500000E-01   4.240694055000000E+00   4.240694055000000E+00   0.000000000000000E+00  -9.993511076000000E-01   0.000000000000000E+00   0.000000000000000E+00   0.000000000000000E+00
   2.966098146300000E-01   4.281194003600000E+00   4.281194003600000E+00   0.000000000000000E+00  -9.993511076000000E-01   0.000000000000000E+00   0.000000000000000E+00   0.000000000000000E+00
   2.994749101800000E-01   4.322548096700000E+00   4.322548096700000E+00   0.000000000000000E+00  -9.993511076000000E-01   0.000000000000000E+00   0.000000000000000E+00   0.000000000000000E+00
   3.023400057400000E-01   4.363902189900000E+00   4.363902189900000E+00   0.000000000000000E+00  -9.993511076000000E-01   0.000000000000000E+00   0.000000000000000E+00   0.000000000000000E+00
   3.052051012900000E-01   4.405256283000000E+00   4.405256283000000E+00   0.000000000000000E+00  -9.993511076000000E-01   0.000000000000000E+00   0.000000000000000E+00   0.000000000000000E+00
   3.080701968400000E-01   4.446610376200000E+00   4.446610376200000E+00   0.000000000000000E+00  -9.993511076000000E-01   0.000000000000000E+00   0.000000000000000E+00   0.000000000000000E+00
   3.116835591200000E-01   4.498764769400000E+00   4.498764769400000E+00   0.000000000000000E+00  -9.993511076000000E-01   0.000000000000000E+00   0.000000000000000E+00   0.000000000000000E+00
   3.152969213900000E-01   4.550919162600000E+00   4.550919162600000E+00   0.000000000000000E+00  -9.993511076000000E-01   0.000000000000000E+00   0.000000000000000E+00   0.000000000000000E+00
   3.189102836700000E-01   4.603073555900000E+00   4.603073555900000E+00   0.000000000000000E+00  -9.993511076000000E-01   0.000000000000000E+00   0.000000000000000E+00   0.000000000000000E+00
   3.225236459400000E-01   4.655227949100000E+00   4.655227949100000E+00   0.000000000000000E+00  -9.993511076000000E-01   0.000000000000000E+00   0.000000000000000E+00   0.000000000000000E+00
   3.262207405600000E-01   4.708590914500000E+00   4.708590914500000E+00   0.000000000000000E+00  -9.993511076000000E-01   0.000000000000000E+00   0.000000000000000E+00   0.000000000000000E+00
   3.299178351700000E-01   4.761953880000000E+00   4.761953880000000E+00   0.000000000000000E+00  -9.993511076000000E-01   0.000000000000000E+00   0.000000000000000E+00   0.000000000000000E+00
   3.336149297800000E-01   4.815316845400000E+00   4.815316845400000E+00   0.000000000000000E+00  -9.993511076000000E-01   0.000000000000000E+00   0.000000000000000E+00   0.000000000000000E+00
   3.373120244000000E-01   4.868679810900000E+00   4.868679810900000E+00   0.000000000000000E+00  -9.993511076000000E-01   0.000000000000000E+00   0.000000000000000E+00   0.000000000000000E+00
   3.416406465900000E-01   4.931158091900000E+00   4.931158091900000E+00   0.000000000000000E+00  -9.993511076000000E-01   0.000000000000000E+00   0.000000000000000E+00   0.000000000000000E+00
   3.459692687700000E-01   4.993636372900000E+00   4.993636372900000E+00   0.000000000000000E+00  -9.993511076000000E-01   0.000000000000000E+00   0.000000000000000E+00   0.000000000000000E+00
   3.502978909600000E-01   5.056114653900000E+00   5.056114653900000E+00   0.000000000000000E+00  -9.993511076000000E-01   0.000000000000000E+00   0.000000000000000E+00   0.000000000000000E+00
   3.546265131500000E-01   5.118592935000000E+00   5.118592935000000E+00   0.000000000000000E+00  -9.993511076000000E-01   0.000000000000000E+00   0.000000000000000E+00   0.000000000000000E+00
   3.580807749500000E-01   5.168450910600000E+00   5.168450910600000E+00   0.000000000000000E+00  -9.993511076000000E-01   0.000000000000000E+00   0.000000000000000E+00   0.000000000000000E+00
   3.615350367400000E-01   5.218308886200000E+00   5.218308886200000E+00   0.000000000000000E+00  -9.993511076000000E-01   0.000000000000000E+00   0.000000000000000E+00   0.000000000000000E+00
   3.649892985400000E-01   5.268166861800000E+00   5.268166861800000E+00   0.000000000000000E+00  -9.993511076000000E-01   0.000000000000000E+00   0.000000000000000E+00   0.000000000000000E+00
   3.684435603400000E-01   5.318024837400000E+00   5.318024837400000E+00   0.000000000000000E+00  -9.993511076000000E-01   0.000000000000000E+00   0.000000000000000E+00   0.000000000000000E+00
   3.717194381900000E-01   5.365308062400000E+00   5.365308062400000E+00   0.000000000000000E+00  -9.993511076000000E-01   0.000000000000000E+00   0.000000000000000E+00   0.000000000000000E+00
   3.749953160400000E-01   5.412591287400000E+00   5.412591287400000E+00   0.000000000000000E+00  -9.993511076000000E-01   0.000000000000000E+00   0.000000000000000E+00   0.000000000000000E+00
   3.782711939000000E-01   5.459874512500000E+00   5.459874512500000E+00   0.000000000000000E+00  -9.993511076000000E-01   0.000000000000000E+00   0.000000000000000E+00   0.000000000000000E+00
   3.815470717500000E-01   5.507157737500000E+00   5.507157737500000E+00   0.000000000000000E+00  -9.993511076000000E-01   0.000000000000000E+00   0.000000000000000E+00   0.000000000000000E+00
   3.848664198800000E-01   5.555068402000000E+00   5.555068402000000E+00   0.000000000000000E+00  -9.993511076000000E-01   0.000000000000000E+00   0.000000000000000E+00   0.000000000000000E+00
   3.881857680200000E-01   5.602979066600000E+00   5.602979066600000E+00   0.000000000000000E+00  -9.993511076000000E-01   0.000000000000000E+00   0.000000000000000E+00   0.000000000000000E+00
   3.915051161500000E-01   5.650889731100000E+00   5.650889731100000E+00   0.000000000000000E+00  -9.993511076000000E-01   0.000000000000000E+00   0.000000000000000E+00   0.000000000000000E+00
   3.948244642800000E-01   5.698800395700000E+00   5.698800395700000E+00   0.000000000000000E+00  -9.993511076000000E-01   0.000000000000000E+00   0.000000000000000E+00   0.000000000000000E+00
   3.988182863200000E-01   5.756446252700000E+00   5.756446252700000E+00   0.000000000000000E+00  -9.993511076000000E-01   0.000000000000000E+00   0.000000000000000E+00   0.000000000000000E+00
   4.028121083600000E-01   5.814092109700000E+00   5.814092109700000E+00   0.000000000000000E+00  -9.993511076000000E-01   0.000000000000000E+00   0.000000000000000E+00   0.000000000000000E+00
   4.068059304000000E-01   5.871737966700000E+00   5.871737966700000E+00   0.000000000000000E+00  -9.993511076000000E-01   0.000000000000000E+00   0.000000000000000E+00   0.000000000000000E+00
   4.107997524400000E-01   5.929383823700000E+00   5.929383823700000E+00   0.000000000000000E+00  -9.993511076000000E-01   0.000000000000000E+00   0.000000000000000E+00   0.000000000000000E+00
   4.158399537000000E-01   6.002132864300000E+00   6.002132864300000E+00   0.000000000000000E+00  -9.993511076000000E-01   0.000000000000000E+00   0.000000000000000E+00   0.000000000000000E+00
   4.208801549600000E-01   6.074881904800000E+00   6.074881904800000E+00   0.000000000000000E+00  -9.993511076000000E-01   0.000000000000000E+00   0.000000000000000E+00   0.000000000000000E+00
   4.259203562300000E-01   6.147630945300000E+00   6.147630945300000E+00   0.000000000000000E+00  -9.993511076000000E-01   0.000000000000000E+00   0.000000000000000E+00   0.000000000000000E+00
   4.309605574900000E-01   6.220379985800000E+00   6.220379985800000E+00   0.000000000000000E+00  -9.993511076000000E-01   0.000000000000000E+00   0.000000000000000E+00   0.000000000000000E+00
   4.353770760700000E-01   6.284126942000000E+00   6.284126942000000E+00   0.000000000000000E+00  -9.993511076000000E-01   0.000000000000000E+00   0.000000000000000E+00   0.000000000000000E+00
   4.397935946500000E-01   6.347873898200000E+00   6.347873898200000E+00   0.000000000000000E+00  -9.993511076000000E-01   0.000000000000000E+00   0.000000000000000E+00   0.000000000000000E+00
   4.442101132300000E-01   6.411620854400000E+00   6.411620854400000E+00   0.000000000000000E+00  -9.993511076000000E-01   0.000000000000000E+00   0.000000000000000E+00   0.000000000000000E+00
   4.486266318100000E-01   6.475367810600000E+00   6.475367810600000E+00   0.000000000000000E+00  -9.993511076000000E-01   0.000000000000000E+00   0.000000000000000E+00   0.000000000000000E+00
   4.528294235600000E-01   6.536029885700000E+00   6.536029885700000E+00   0.000000000000000E+00  -9.993511076000000E-01   0.000000000000000E+00   0.000000000000000E+00   0.000000000000000E+00
   4.570322153100000E-01   6.596691960800000E+00   6.596691960800000E+00   0.000000000000000E+00  -9.993511076000000E-01   0.000000000000000E+00   0.000000000000000E+00   0.000000000000000E+00
   4.612350070700000E-01   6.657354035900000E+00   6.657354035900000E+00   0.000000000000000E+00  -9.993511076000000E-01   0.000000000000000E+00   0.000000000000000E+00   0.000000000000000E+00
   4.654377988200000E-01   6.718016111000000E+00   6.718016111000000E+00   0.000000000000000E+00  -9.993511076000000E-01   0.000000000000000E+00   0.000000000000000E+00   0.000000000000000E+00
   4.697983023800000E-01   6.780954559900000E+00   6.780954559900000E+00   0.000000000000000E+00  -9.993511076000000E-01   0.000000000000000E+00   0.000000000000000E+00   0.000000000000000E+00
   4.741588059300000E-01   6.843893008900000E+00   6.843893008900000E+00   0.000000000000000E+00  -9.993511076000000E-01   0.000000000000000E+00   0.000000000000000E+00   0.000000000000000E+00
   4.785193094800000E-01   6.906831457800000E+00   6.906831457800000E+00   0.000000000000000E+00  -9.993511076000000E-01   0.000000000000000E+00   0.000000000000000E+00   0.000000000000000E+00
   4.828798130400000E-01   6.969769906700000E+00   6.969769906700000E+00   0.000000000000000E+00  -9.993511076000000E-01   0.000000000000000E+00   0.000000000000000E+00   0.000000000000000E+00
   4.869454677200000E-01   7.028452578600000E+00   7.028452578600000E+00   0.000000000000000E+00  -9.993511076000000E-01   0.000000000000000E+00   0.000000000000000E+00   0.000000000000000E+00
   4.910111223900000E-01   7.087135250500000E+00   7.087135250500000E+00   0.000000000000000E+00  -9.993511076000000E-01   0.000000000000000E+00   0.000000000000000E+00   0.000000000000000E+00
   4.950767770700000E-01   7.145817922300000E+00   7.145817922300000E+00   0.000000000000000E+00  -9.993511076000000E-01   0.000000000000000E+00   0.000000000000000E+00   0.000000000000000E+00
   4.991424317500000E-01   7.204500594200000E+00   7.204500594200000E+00   0.000000000000000E+00  -9.993511076000000E-01   0.000000000000000E+00   0.000000000000000E+00   0.000000000000000E+00
   5.024780076499999E-01   7.252645486300000E+00   7.252645486300000E+00   0.000000000000000E+00  -9.993511076000000E-01   0.000000000000000E+00   0.000000000000000E+00   0.000000000000000E+00
   5.058135835399999E-01   7.300790378400000E+00   7.300790378400000E+00   0.000000000000000E+00  -9.993511076000000E-01   0.000000000000000E+00   0.000000000000000E+00   0.000000000000000E+00
   5.091491594400001E-01   7.348935270500000E+00   7.348935270500000E+00   0.000000000000000E+00  -9.993511076000000E-01   0.000000000000000E+00   0.000000000000000E+00   0.000000000000000E+00
   5.124847353300001E-01   7.397080162600000E+00   7.397080162600000E+00   0.000000000000000E+00  -9.993511076000000E-01   0.000000000000000E+00   0.000000000000000E+00   0.000000000000000E+00
   5.155257910500000E-01   7.440974022000000E+00   7.440974022000000E+00   0.000000000000000E+00  -9.993511076000000E-01   0.000000000000000E+00   0.000000000000000E+00   0.000000000000000E+00
   5.185668467700000E-01   7.484867881500000E+00   7.484867881500000E+00   0.000000000000000E+00  -9.993511076000000E-01   0.000000000000000E+00   0.000000000000000E+00   0.000000000000000E+00
   5.216079024900000E-01   7.528761740900000E+00   7.528761740900000E+00   0.000000000000000E+00  -9.993511076000000E-01   0.000000000000000E+00   0.000000000000000E+00   0.000000000000000E+00
   5.246489582000000E-01   7.572655600300000E+00   7.572655600300000E+00   0.000000000000000E+00  -9.993511076000000E-01   0.000000000000000E+00   0.000000000000000E+00   0.000000000000000E+00
   5.280255246000000E-01   7.621392139300000E+00   7.621392139300000E+00   0.000000000000000E+00  -9.993511076000000E-01   0.000000000000000E+00   0.000000000000000E+00   0.000000000000000E+00
   5.314020909900000E-01   7.670128678300000E+00   7.670128678300000E+00   0.000000000000000E+00  -9.993511076000000E-01   0.000000000000000E+00   0.000000000000000E+00   0.000000000000000E+00
   5.347786573800000E-01   7.718865217300000E+00   7.718865217300000E+00   0.000000000000000E+00  -9.993511076000000E-01   0.000000000000000E+00   0.000000000000000E+00   0.000000000000000E+00
   5.381552237800000E-01   7.767601756200000E+00   7.767601756200000E+00   0.000000000000000E+00  -9.993511076000000E-01   0.000000000000000E+00   0.000000000000000E+00   0.000000000000000E+00
   5.408668772800000E-01   7.806741104200000E+00   7.806741104200000E+00   0.000000000000000E+00  -9.993511076000000E-01   0.000000000000000E+00   0.000000000000000E+00   0.000000000000000E+00
   5.435785307900000E-01   7.845880452100000E+00   7.845880452100000E+00   0.000000000000000E+00  -9.993511076000000E-01   0.000000000000000E+00   0.000000000000000E+00   0.000000000000000E+00
   5.462901843000000E-01   7.885019800100000E+00   7.885019800100000E+00   0.000000000000000E+00  -9.993511076000000E-01   0.000000000000000E+00   0.000000000000000E+00   0.000000000000000E+00
   5.490018378100000E-01   7.924159148000000E+00   7.924159148000000E+00   0.000000000000000E+00  -9.993511076000000E-01   0.000000000000000E+00   0.000000000000000E+00   0.000000000000000E+00
   5.516265139400000E-01   7.962043085700000E+00   7.962043085700000E+00   0.000000000000000E+00  -9.993511076000000E-01   0.000000000000000E+00   0.000000000000000E+00   0.000000000000000E+00
   5.542511900800000E-01   7.999927023400000E+00   7.999927023400000E+00   0.000000000000000E+00  -9.993511076000000E-01   0.000000000000000E+00   0.000000000000000E+00   0.000000000000000E+00
   5.568758662200000E-01   8.037810961200000E+00   8.037810961200000E+00   0.000000000000000E+00  -9.993511076000000E-01   0.000000000000000E+00   0.000000000000000E+00   0.000000000000000E+00
   5.595005423600000E-01   8.075694898900000E+00   8.075694898900000E+00   0.000000000000000E+00  -9.993511076000000E-01   0.000000000000000E+00   0.000000000000000E+00   0.000000000000000E+00
   5.622444048600000E-01   8.115299143600000E+00   8.115299143600000E+00   0.000000000000000E+00  -9.993511076000000E-01   0.000000000000000E+00   0.000000000000000E+00   0.000000000000000E+00
   5.649882673600000E-01   8.154903388299999E+00   8.154903388299999E+00   0.000000000000000E+00  -9.993511076000000E-01   0.000000000000000E+00   0.000000000000000E+00   0.000000000000000E+00
   5.677321298600000E-01   8.194507633000001E+00   8.194507633000001E+00   0.000000000000000E+00  -9.993511076000000E-01   0.000000000000000E+00   0.000000000000000E+00   0.000000000000000E+00
   5.704759923600000E-01   8.234111877700000E+00   8.234111877700000E+00   0.000000000000000E+00  -9.993511076000000E-01   0.000000000000000E+00   0.000000000000000E+00   0.000000000000000E+00
   5.730671536000000E-01   8.271512069500000E+00   8.271512069500000E+00   0.000000000000000E+00  -9.993511076000000E-01   0.000000000000000E+00   0.000000000000000E+00   0.000000000000000E+00
   5.756583148400000E-01   8.308912261300000E+00   8.308912261300000E+00   0.000000000000000E+00  -9.993511076000000E-01   0.000000000000000E+00   0.000000000000000E+00   0.000000000000000E+00
   5.782494760800000E-01   8.346312453099999E+00   8.346312453099999E+00   0.000000000000000E+00  -9.993511076000000E-01   0.000000000000000E+00   0.000000000000000E+00   0.000000000000000E+00
   5.808406373100000E-01   8.383712644899999E+00   8.383712644899999E+00   0.000000000000000E+00  -9.993511076000000E-01   0.000000000000000E+00   0.000000000000000E+00   0.000000000000000E+00
   5.838930369999999E-01   8.427770240399999E+00   8.427770240399999E+00   0.000000000000000E+00  -9.993511076000000E-01   0.000000000000000E+00   0.000000000000000E+00   0.000000000000000E+00
   5.869454366900000E-01   8.471827835899999E+00   8.471827835899999E+00   0.000000000000000E+00  -9.993511076000000E-01   0.000000000000000E+00   0.000000000000000E+00   0.000000000000000E+00
   5.899978363800000E-01   8.515885431499999E+00   8.515885431499999E+00   0.000000000000000E+00  -9.993511076000000E-01   0.000000000000000E+00   0.000000000000000E+00   0.000000000000000E+00
   5.930502360600000E-01   8.559943026999999E+00   8.559943026999999E+00   0.000000000000000E+00  -9.993511076000000E-01   0.000000000000000E+00   0.000000000000000E+00   0.000000000000000E+00
   5.961652980100000E-01   8.604905074400000E+00   8.604905074400000E+00   0.000000000000000E+00  -9.993511076000000E-01   0.000000000000000E+00   0.000000000000000E+00   0.000000000000000E+00
   5.992803599600000E-01   8.649867121800000E+00   8.649867121800000E+00   0.000000000000000E+00  -9.993511076000000E-01   0.000000000000000E+00   0.000000000000000E+00   0.000000000000000E+00
   6.023954219200000E-01   8.694829169200000E+00   8.694829169200000E+00   0.000000000000000E+00  -9.993511076000000E-01   0.000000000000000E+00   0.000000000000000E+00   0.000000000000000E+00
   6.055104838699999E-01   8.739791216600000E+00   8.739791216600000E+00   0.000000000000000E+00  -9.993511076000000E-01   0.000000000000000E+00   0.000000000000000E+00   0.000000000000000E+00
   6.085765134100000E-01   8.784045542099999E+00   8.784045542099999E+00   0.000000000000000E+00  -9.993511076000000E-01   0.000000000000000E+00   0.000000000000000E+00   0.000000000000000E+00
   6.116425429600000E-01   8.828299867700000E+00   8.828299867700000E+00   0.000000000000000E+00  -9.993511076000000E-01   0.000000000000000E+00   0.000000000000000E+00   0.000000000000000E+00
   6.147085725000000E-01   8.872554193299999E+00   8.872554193299999E+00   0.000000000000000E+00  -9.993511076000000E-01   0.000000000000000E+00   0.000000000000000E+00   0.000000000000000E+00
   6.177746020500000E-01   8.916808518800000E+00   8.916808518800000E+00   0.000000000000000E+00  -9.993511076000000E-01   0.000000000000000E+00   0.000000000000000E+00   0.000000000000000E+00
   6.206557223600000E-01   8.958393909400000E+00   8.958393909400000E+00   0.000000000000000E+00  -9.993511076000000E-01   0.000000000000000E+00   0.000000000000000E+00   0.000000000000000E+00
   6.235368426700000E-01   8.999979300000000E+00   8.999979300000000E+00   0.000000000000000E+00  -9.993511076000000E-01   0.000000000000000E+00   0.000000000000000E+00   0.000000000000000E+00
   6.264179629800000E-01   9.041564690600000E+00   9.041564690600000E+00   0.000000000000000E+00  -9.993511076000000E-01   0.000000000000000E+00   0.000000000000000E+00   0.000000000000000E+00
   6.292990832899999E-01   9.083150081199999E+00   9.083150081199999E+00   0.000000000000000E+00  -9.993511076000000E-01   0.000000000000000E+00   0.000000000000000E+00   0.000000000000000E+00
   6.317950741800000E-01   9.119176607400000E+00   9.119176607400000E+00   0.000000000000000E+00  -9.993511076000000E-01   0.000000000000000E+00   0.000000000000000E+00   0.000000000000000E+00
   6.342910650700000E-01   9.155203133500001E+00   9.155203133500001E+00   0.000000000000000E+00  -9.993511076000000E-01   0.000000000000000E+00   0.000000000000000E+00   0.000000000000000E+00
   6.367870559600000E-01   9.191229659699999E+00   9.191229659699999E+00   0.000000000000000E+00  -9.993511076000000E-01   0.000000000000000E+00   0.000000000000000E+00   0.000000000000000E+00
   6.392830468600000E-01   9.227256185800000E+00   9.227256185800000E+00   0.000000000000000E+00  -9.993511076000000E-01   0.000000000000000E+00   0.000000000000000E+00   0.000000000000000E+00
   6.418468346800000E-01   9.264261276299999E+00   9.264261276299999E+00   0.000000000000000E+00  -9.993511076000000E-01   0.000000000000000E+00   0.000000000000000E+00   0.000000000000000E+00
   6.444106225000000E-01   9.301266366900000E+00   9.301266366900000E+00   0.000000000000000E+00  -9.993511076000000E-01   0.000000000000000E+00   0.000000000000000E+00   0.000000000000000E+00
   6.469744103200000E-01   9.338271457399999E+00   9.338271457399999E+00   0.000000000000000E+00  -9.993511076000000E-01   0.000000000000000E+00   0.000000000000000E+00   0.000000000000000E+00
   6.495381981400000E-01   9.375276547900000E+00   9.375276547900000E+00   0.000000000000000E+00  -9.993511076000000E-01   0.000000000000000E+00   0.000000000000000E+00   0.000000000000000E+00
   6.520744588300000E-01   9.411884318600000E+00   9.411884318600000E+00   0.000000000000000E+00  -9.993511076000000E-01   0.000000000000000E+00   0.000000000000000E+00   0.000000000000000E+00
   6.546107195200001E-01   9.448492089200000E+00   9.448492089200000E+00   0.000000000000000E+00  -9.993511076000000E-01   0.000000000000000E+00   0.000000000000000E+00   0.000000000000000E+00
   6.571469802100000E-01   9.485099859800000E+00   9.485099859800000E+00   0.000000000000000E+00  -9.993511076000000E-01   0.000000000000000E+00   0.000000000000000E+00   0.000000000000000E+00
   6.596832409000000E-01   9.521707630400000E+00   9.521707630400000E+00   0.000000000000000E+00  -9.993511076000000E-01   0.000000000000000E+00   0.000000000000000E+00   0.000000000000000E+00
   6.624523246000000E-01   9.561675911700000E+00   9.561675911700000E+00   0.000000000000000E+00  -9.993511076000000E-01   0.000000000000000E+00   0.000000000000000E+00   0.000000000000000E+00
   6.652214082900000E-01   9.601644193100000E+00   9.601644193100000E+00   0.000000000000000E+00  -9.993511076000000E-01   0.000000000000000E+00   0.000000000000000E+00   0.000000000000000E+00
   6.679904919900000E-01   9.641612474400000E+00   9.641612474400000E+00   0.000000000000000E+00  -9.993511076000000E-01   0.000000000000000E+00   0.000000000000000E+00   0.000000000000000E+00
   6.707595756800000E-01   9.681580755700001E+00   9.681580755700001E+00   0.000000000000000E+00  -9.993511076000000E-01   0.000000000000000E+00   0.000000000000000E+00   0.000000000000000E+00
   6.742255814100000E-01   9.731608240200000E+00   9.731608240200000E+00   0.000000000000000E+00  -9.993511076000000E-01   0.000000000000000E+00   0.000000000000000E+00   0.000000000000000E+00
   6.776915871300000E-01   9.781635724799999E+00   9.781635724799999E+00   0.000000000000000E+00  -9.993511076000000E-01   0.000000000000000E+00   0.000000000000000E+00   0.000000000000000E+00
   6.811575928500000E-01   9.831663209300000E+00   9.831663209300000E+00   0.000000000000000E+00  -9.993511076000000E-01   0.000000000000000E+00   0.000000000000000E+00   0.000000000000000E+00
   6.846235985700000E-01   9.881690693900000E+00   9.881690693900000E+00   0.000000000000000E+00  -9.993511076000000E-01   0.000000000000000E+00   0.000000000000000E+00   0.000000000000000E+00
   6.872851748000000E-01   9.920107238500000E+00   9.920107238500000E+00   0.000000000000000E+00  -9.993511076000000E-01   0.000000000000000E+00   0.000000000000000E+00   0.000000000000000E+00
   6.899467510300000E-01   9.958523783200000E+00   9.958523783200000E+00   0.000000000000000E+00  -9.993511076000000E-01   0.000000000000000E+00   0.000000000000000E+00   0.000000000000000E+00
   6.926083272600000E-01   9.996940327800001E+00   9.996940327800001E+00   0.000000000000000E+00  -9.993511076000000E-01   0.000000000000000E+00   0.000000000000000E+00   0.000000000000000E+00
   6.952699034800000E-01   1.003535687200000E+01   1.003535687200000E+01   0.000000000000000E+00  -9.993511076000000E-01   0.000000000000000E+00   0.000000000000000E+00   0.000000000000000E+00
   6.977154741000000E-01   1.007065564500000E+01   1.007065564500000E+01   0.000000000000000E+00  -9.993511076000000E-01   0.000000000000000E+00   0.000000000000000E+00   0.000000000000000E+00
   7.001610447100000E-01   1.010595441700000E+01   1.010595441700000E+01   0.000000000000000E+00  -9.993511076000000E-01   0.000000000000000E+00   0.000000000000000E+00   0.000000000000000E+00
   7.026066153300000E-01   1.014125318900000E+01   1.014125318900000E+01   0.000000000000000E+00  -9.993511076000000E-01   0.000000000000000E+00   0.000000000000000E+00   0.000000000000000E+00
   7.050521859400000E-01   1.017655196100000E+01   1.017655196100000E+01   0.000000000000000E+00  -9.993511076000000E-01   0.000000000000000E+00   0.000000000000000E+00   0.000000000000000E+00
   7.076005922900001E-01   1.021333503900000E+01   1.021333503900000E+01   0.000000000000000E+00  -9.993511076000000E-01   0.000000000000000E+00   0.000000000000000E+00   0.000000000000000E+00
   7.101489986400000E-01   1.025011811700000E+01   1.025011811700000E+01   0.000000000000000E+00  -9.993511076000000E-01   0.000000000000000E+00   0.000000000000000E+00   0.000000000000000E+00
   7.126974049900000E-01   1.028690119500000E+01   1.028690119500000E+01   0.000000000000000E+00  -9.993511076000000E-01   0.000000000000000E+00   0.000000000000000E+00   0.000000000000000E+00
   7.152458113400000E-01   1.032368427300000E+01   1.032368427300000E+01   0.000000000000000E+00  -9.993511076000000E-01   0.000000000000000E+00   0.000000000000000E+00   0.000000000000000E+00
   7.174656971000000E-01   1.035572556500000E+01   1.035572556500000E+01   0.000000000000000E+00  -9.993511076000000E-01   0.000000000000000E+00   0.000000000000000E+00   0.000000000000000E+00
   7.196855828600000E-01   1.038776685700000E+01   1.038776685700000E+01   0.000000000000000E+00  -9.993511076000000E-01   0.000000000000000E+00   0.000000000000000E+00   0.000000000000000E+00
   7.219054686200000E-01   1.041980814900000E+01   1.041980814900000E+01   0.000000000000000E+00  -9.993511076000000E-01   0.000000000000000E+00   0.000000000000000E+00   0.000000000000000E+00
   7.241253543800000E-01   1.045184944000000E+01   1.045184944000000E+01   0.000000000000000E+00  -9.993511076000000E-01   0.000000000000000E+00   0.000000000000000E+00   0.000000000000000E+00
   7.265072561500000E-01   1.048622923200000E+01   1.048622923200000E+01   0.000000000000000E+00  -9.993511076000000E-01   0.000000000000000E+00   0.000000000000000E+00   0.000000000000000E+00
   7.288891579200000E-01   1.052060902300000E+01   1.052060902300000E+01   0.000000000000000E+00  -9.993511076000000E-01   0.000000000000000E+00   0.000000000000000E+00   0.000000000000000E+00
   7.312710596999999E-01   1.055498881500000E+01   1.055498881500000E+01   0.000000000000000E+00  -9.993511076000000E-01   0.000000000000000E+00   0.000000000000000E+00   0.000000000000000E+00
   7.336529614700000E-01   1.058936860600000E+01   1.058936860600000E+01   0.000000000000000E+00  -9.993511076000000E-01   0.000000000000000E+00   0.000000000000000E+00   0.000000000000000E+00
   7.359530445600000E-01   1.062256744700000E+01   1.062256744700000E+01   0.000000000000000E+00  -9.993511076000000E-01   0.000000000000000E+00   0.000000000000000E+00   0.000000000000000E+00
   7.382531276400000E-01   1.065576628700000E+01   1.065576628700000E+01   0.000000000000000E+00  -9.993511076000000E-01   0.000000000000000E+00   0.000000000000000E+00   0.000000000000000E+00
   7.405532107300000E-01   1.068896512800000E+01   1.068896512800000E+01   0.000000000000000E+00  -9.993511076000000E-01   0.000000000000000E+00   0.000000000000000E+00   0.000000000000000E+00
   7.428532938200000E-01   1.072216396800000E+01   1.072216396800000E+01   0.000000000000000E+00  -9.993511076000000E-01   0.000000000000000E+00   0.000000000000000E+00   0.000000000000000E+00
   7.449666539200001E-01   1.075266769500000E+01   1.075266769500000E+01   0.000000000000000E+00  -9.993511076000000E-01   0.000000000000000E+00   0.000000000000000E+00   0.000000000000000E+00
   7.470800140200000E-01   1.078317142100000E+01   1.078317142100000E+01   0.000000000000000E+00  -9.993511076000000E-01   0.000000000000000E+00   0.000000000000000E+00   0.000000000000000E+00
   7.491933741300000E-01   1.081367514700000E+01   1.081367514700000E+01   0.000000000000000E+00  -9.993511076000000E-01   0.000000000000000E+00   0.000000000000000E+00   0.000000000000000E+00
   7.513067342300001E-01   1.084417887300000E+01   1.084417887300000E+01   0.000000000000000E+00  -9.993511076000000E-01   0.000000000000000E+00   0.000000000000000E+00   0.000000000000000E+00
   7.531653620400000E-01   1.087100585600000E+01   1.087100585600000E+01   0.000000000000000E+00  -9.993511076000000E-01   0.000000000000000E+00   0.000000000000000E+00   0.000000000000000E+00
   7.550239898400000E-01   1.089783283800000E+01   1.089783283800000E+01   0.000000000000000E+00  -9.993511076000000E-01   0.000000000000000E+00   0.000000000000000E+00   0.000000000000000E+00
   7.568826176500000E-01   1.092465982000000E+01   1.092465982000000E+01   0.000000000000000E+00  -9.993511076000000E-01   0.000000000000000E+00   0.000000000000000E+00   0.000000000000000E+00
   7.587412454600000E-01   1.095148680200000E+01   1.095148680200000E+01   0.000000000000000E+00  -9.993511076000000E-01   0.000000000000000E+00   0.000000000000000E+00   0.000000000000000E+00
   7.604747023200000E-01   1.097650709700000E+01   1.097650709700000E+01   0.000000000000000E+00  -9.993511076000000E-01   0.000000000000000E+00   0.000000000000000E+00   0.000000000000000E+00
   7.622081591700000E-01   1.100152739300000E+01   1.100152739300000E+01   0.000000000000000E+00  -9.993511076000000E-01   0.000000000000000E+00   0.000000000000000E+00   0.000000000000000E+00
   7.639416160300000E-01   1.102654768800000E+01   1.102654768800000E+01   0.000000000000000E+00  -9.993511076000000E-01   0.000000000000000E+00   0.000000000000000E+00   0.000000000000000E+00
   7.656750728900000E-01   1.105156798300000E+01   1.105156798300000E+01   0.000000000000000E+00  -9.993511076000000E-01   0.000000000000000E+00   0.000000000000000E+00   0.000000000000000E+00
   7.675882396000000E-01   1.107918216600000E+01   1.107918216600000E+01   0.000000000000000E+00  -9.993511076000000E-01   0.000000000000000E+00   0.000000000000000E+00   0.000000000000000E+00
   7.695014063100000E-01   1.110679635000000E+01   1.110679635000000E+01   0.000000000000000E+00  -9.993511076000000E-01   0.000000000000000E+00   0.000000000000000E+00   0.000000000000000E+00
   7.714145730200000E-01   1.113441053300000E+01   1.113441053300000E+01   0.000000000000000E+00  -9.993511076000000E-01   0.000000000000000E+00   0.000000000000000E+00   0.000000000000000E+00
   7.733277397300000E-01   1.116202471700000E+01   1.116202471700000E+01   0.000000000000000E+00  -9.993511076000000E-01   0.000000000000000E+00   0.000000000000000E+00   0.000000000000000E+00
   7.751899886700000E-01   1.118890396600000E+01   1.118890396600000E+01   0.000000000000000E+00  -9.993511076000000E-01   0.000000000000000E+00   0.000000000000000E+00   0.000000000000000E+00
   7.770522376100000E-01   1.121578321400000E+01   1.121578321400000E+01   0.000000000000000E+00  -9.993511076000000E-01   0.000000000000000E+00   0.000000000000000E+00   0.000000000000000E+00
   7.789144865600000E-01   1.124266246300000E+01   1.124266246300000E+01   0.000000000000000E+00  -9.993511076000000E-01   0.000000000000000E+00   0.000000000000000E+00   0.000000000000000E+00
   7.807767355000000E-01   1.126954171200000E+01   1.126954171200000E+01   0.000000000000000E+00  -9.993511076000000E-01   0.000000000000000E+00   0.000000000000000E+00   0.000000000000000E+00
   7.826330165299999E-01   1.129633482200000E+01   1.129633482200000E+01   0.000000000000000E+00  -9.993511076000000E-01   0.000000000000000E+00   0.000000000000000E+00   0.000000000000000E+00
   7.844892975700000E-01   1.132312793100000E+01   1.132312793100000E+01   0.000000000000000E+00  -9.993511076000000E-01   0.000000000000000E+00   0.000000000000000E+00   0.000000000000000E+00
   7.863455786000000E-01   1.134992104000000E+01   1.134992104000000E+01   0.000000000000000E+00  -9.993511076000000E-01   0.000000000000000E+00   0.000000000000000E+00   0.000000000000000E+00
   7.882018596300000E-01   1.137671415000000E+01   1.137671415000000E+01   0.000000000000000E+00  -9.993511076000000E-01   0.000000000000000E+00   0.000000000000000E+00   0.000000000000000E+00
   7.910334295600000E-01   1.141758434200000E+01   1.141758434200000E+01   0.000000000000000E+00  -9.993511076000000E-01   0.000000000000000E+00   0.000000000000000E+00   0.000000000000000E+00
   7.938649994900000E-01   1.145845453500000E+01   1.145845453500000E+01   0.000000000000000E+00  -9.993511076000000E-01   0.000000000000000E+00   0.000000000000000E+00   0.000000000000000E+00
   7.966965694200000E-01   1.149932472700000E+01   1.149932472700000E+01   0.000000000000000E+00  -9.993511076000000E-01   0.000000000000000E+00   0.000000000000000E+00   0.000000000000000E+00
   7.995281393500000E-01   1.154019492000000E+01   1.154019492000000E+01   0.000000000000000E+00  -9.993511076000000E-01   0.000000000000000E+00   0.000000000000000E+00   0.000000000000000E+00
   8.024849317400000E-01   1.158287254300000E+01   1.158287254300000E+01   0.000000000000000E+00  -9.993511076000000E-01   0.000000000000000E+00   0.000000000000000E+00   0.000000000000000E+00
   8.054417241300000E-01   1.162555016600000E+01   1.162555016600000E+01   0.000000000000000E+00  -9.993511076000000E-01   0.000000000000000E+00   0.000000000000000E+00   0.000000000000000E+00
   8.083985165200001E-01   1.166822778900000E+01   1.166822778900000E+01   0.000000000000000E+00  -9.993511076000000E-01   0.000000000000000E+00   0.000000000000000E+00   0.000000000000000E+00
   8.113553089100000E-01   1.171090541200000E+01   1.171090541200000E+01   0.000000000000000E+00  -9.993511076000000E-01   0.000000000000000E+00   0.000000000000000E+00   0.000000000000000E+00
   8.134044467300000E-01   1.174048216900000E+01   1.174048216900000E+01   0.000000000000000E+00  -9.993511076000000E-01   0.000000000000000E+00   0.000000000000000E+00   0.000000000000000E+00
   8.154535845500001E-01   1.177005892700000E+01   1.177005892700000E+01   0.000000000000000E+00  -9.993511076000000E-01   0.000000000000000E+00   0.000000000000000E+00   0.000000000000000E+00
   8.175027223700000E-01   1.179963568400000E+01   1.179963568400000E+01   0.000000000000000E+00  -9.993511076000000E-01   0.000000000000000E+00   0.000000000000000E+00   0.000000000000000E+00
   8.195518601900000E-01   1.182921244200000E+01   1.182921244200000E+01   0.000000000000000E+00  -9.993511076000000E-01   0.000000000000000E+00   0.000000000000000E+00   0.000000000000000E+00
   8.214386265100000E-01   1.185644556800000E+01   1.185644556800000E+01   0.000000000000000E+00  -9.993511076000000E-01   0.000000000000000E+00   0.000000000000000E+00   0.000000000000000E+00
   8.233253928299999E-01   1.188367869500000E+01   1.188367869500000E+01   0.000000000000000E+00  -9.993511076000000E-01   0.000000000000000E+00   0.000000000000000E+00   0.000000000000000E+00
   8.252121591500000E-01   1.191091182200000E+01   1.191091182200000E+01   0.000000000000000E+00  -9.993511076000000E-01   0.000000000000000E+00   0.000000000000000E+00   0.000000000000000E+00
   8.270989254800000E-01   1.193814494800000E+01   1.193814494800000E+01   0.000000000000000E+00  -9.993511076000000E-01   0.000000000000000E+00   0.000000000000000E+00   0.000000000000000E+00
   8.298133143999999E-01   1.197732377900000E+01   1.197732377900000E+01   0.000000000000000E+00  -9.993511076000000E-01   0.000000000000000E+00   0.000000000000000E+00   0.000000000000000E+00
   8.325277033200000E-01   1.201650260900000E+01   1.201650260900000E+01   0.000000000000000E+00  -9.993511076000000E-01   0.000000000000000E+00   0.000000000000000E+00   0.000000000000000E+00
   8.352420922400000E-01   1.205568143900000E+01   1.205568143900000E+01   0.000000000000000E+00  -9.993511076000000E-01   0.000000000000000E+00   0.000000000000000E+00   0.000000000000000E+00
   8.379564811600000E-01   1.209486026900000E+01   1.209486026900000E+01   0.000000000000000E+00  -9.993511076000000E-01   0.000000000000000E+00   0.000000000000000E+00   0.000000000000000E+00
   8.396793371900000E-01   1.211972755500000E+01   1.211972755500000E+01   0.000000000000000E+00  -9.993511076000000E-01   0.000000000000000E+00   0.000000000000000E+00   0.000000000000000E+00
   8.414021932200000E-01   1.214459484000000E+01   1.214459484000000E+01   0.000000000000000E+00  -9.993511076000000E-01   0.000000000000000E+00   0.000000000000000E+00   0.000000000000000E+00
   8.431250492500000E-01   1.216946212500000E+01   1.216946212500000E+01   0.000000000000000E+00  -9.993511076000000E-01   0.000000000000000E+00   0.000000000000000E+00   0.000000000000000E+00
   8.448479052800000E-01   1.219432941100000E+01   1.219432941100000E+01   0.000000000000000E+00  -9.993511076000000E-01   0.000000000000000E+00   0.000000000000000E+00   0.000000000000000E+00
   8.467673876300000E-01   1.222203475300000E+01   1.222203475300000E+01   0.000000000000000E+00  -9.993511076000000E-01   0.000000000000000E+00   0.000000000000000E+00   0.000000000000000E+00
   8.486868699900000E-01   1.224974009500000E+01   1.224974009500000E+01   0.000000000000000E+00  -9.993511076000000E-01   0.000000000000000E+00   0.000000000000000E+00   0.000000000000000E+00
   8.506063523500000E-01   1.227744543700000E+01   1.227744543700000E+01   0.000000000000000E+00  -9.993511076000000E-01   0.000000000000000E+00   0.000000000000000E+00   0.000000000000000E+00
   8.525258347000000E-01   1.230515077900000E+01   1.230515077900000E+01   0.000000000000000E+00  -9.993511076000000E-01   0.000000000000000E+00   0.000000000000000E+00   0.000000000000000E+00
   8.549868182900000E-01   1.234067201800000E+01   1.234067201800000E+01   0.000000000000000E+00  -9.993511076000000E-01   0.000000000000000E+00   0.000000000000000E+00   0.000000000000000E+00
   8.574478018800000E-01   1.237619325700000E+01   1.237619325700000E+01   0.000000000000000E+00  -9.993511076000000E-01   0.000000000000000E+00   0.000000000000000E+00   0.000000000000000E+00
   8.599087854800000E-01   1.241171449600000E+01   1.241171449600000E+01   0.000000000000000E+00  -9.993511076000000E-01   0.000000000000000E+00   0.000000000000000E+00   0.000000000000000E+00
   8.623697690700000E-01   1.244723573600000E+01   1.244723573600000E+01   0.000000000000000E+00  -9.993511076000000E-01   0.000000000000000E+00   0.000000000000000E+00   0.000000000000000E+00
   8.647246032200000E-01   1.248122484000000E+01   1.248122484000000E+01   0.000000000000000E+00  -9.993511076000000E-01   0.000000000000000E+00   0.000000000000000E+00   0.000000000000000E+00
   8.670794373800000E-01   1.251521394400000E+01   1.251521394400000E+01   0.000000000000000E+00  -9.993511076000000E-01   0.000000000000000E+00   0.000000000000000E+00   0.000000000000000E+00
   8.694342715300000E-01   1.254920304800000E+01   1.254920304800000E+01   0.000000000000000E+00  -9.993511076000000E-01   0.000000000000000E+00   0.000000000000000E+00   0.000000000000000E+00
   8.717891056900000E-01   1.258319215200000E+01   1.258319215200000E+01   0.000000000000000E+00  -9.993511076000000E-01   0.000000000000000E+00   0.000000000000000E+00   0.000000000000000E+00
   8.743404977800000E-01   1.262001832600000E+01   1.262001832600000E+01   0.000000000000000E+00  -9.993511076000000E-01   0.000000000000000E+00   0.000000000000000E+00   0.000000000000000E+00
   8.768918898800000E-01   1.265684449900000E+01   1.265684449900000E+01   0.000000000000000E+00  -9.993511076000000E-01   0.000000000000000E+00   0.000000000000000E+00   0.000000000000000E+00
   8.794432819700000E-01   1.269367067300000E+01   1.269367067300000E+01   0.000000000000000E+00  -9.993511076000000E-01   0.000000000000000E+00   0.000000000000000E+00   0.000000000000000E+00
   8.819946740700000E-01   1.273049684700000E+01   1.273049684700000E+01   0.000000000000000E+00  -9.993511076000000E-01   0.000000000000000E+00   0.000000000000000E+00   0.000000000000000E+00
   8.839118168600000E-01   1.275816842000000E+01   1.275816842000000E+01   0.000000000000000E+00  -9.993511076000000E-01   0.000000000000000E+00   0.000000000000000E+00   0.000000000000000E+00
   8.858289596500000E-01   1.278583999300000E+01   1.278583999300000E+01   0.000000000000000E+00  -9.993511076000000E-01   0.000000000000000E+00   0.000000000000000E+00   0.000000000000000E+00
   8.877461024400000E-01   1.281351156700000E+01   1.281351156700000E+01   0.000000000000000E+00  -9.993511076000000E-01   0.000000000000000E+00   0.000000000000000E+00   0.000000000000000E+00
   8.896632452400000E-01   1.284118314000000E+01   1.284118314000000E+01   0.000000000000000E+00  -9.993511076000000E-01   0.000000000000000E+00   0.000000000000000E+00   0.000000000000000E+00
   8.914968520700000E-01   1.286764897500000E+01   1.286764897500000E+01   0.000000000000000E+00  -9.993511076000000E-01   0.000000000000000E+00   0.000000000000000E+00   0.000000000000000E+00
   8.933304589100000E-01   1.289411481100000E+01   1.289411481100000E+01   0.000000000000000E+00  -9.993511076000000E-01   0.000000000000000E+00   0.000000000000000E+00   0.000000000000000E+00
   8.951640657400000E-01   1.292058064700000E+01   1.292058064700000E+01   0.000000000000000E+00  -9.993511076000000E-01   0.000000000000000E+00   0.000000000000000E+00   0.000000000000000E+00
   8.969976725700000E-01   1.294704648200000E+01   1.294704648200000E+01   0.000000000000000E+00  -9.993511076000000E-01   0.000000000000000E+00   0.000000000000000E+00   0.000000000000000E+00
   8.994912549000000E-01   1.298303824400000E+01   1.298303824400000E+01   0.000000000000000E+00  -9.993511076000000E-01   0.000000000000000E+00   0.000000000000000E+00   0.000000000000000E+00
   9.019848372300000E-01   1.301903000500000E+01   1.301903000500000E+01   0.000000000000000E+00  -9.993511076000000E-01   0.000000000000000E+00   0.000000000000000E+00   0.000000000000000E+00
   9.044784195600000E-01   1.305502176700000E+01   1.305502176700000E+01   0.000000000000000E+00  -9.993511076000000E-01   0.000000000000000E+00   0.000000000000000E+00   0.000000000000000E+00
   9.069720018900000E-01   1.309101352800000E+01   1.309101352800000E+01   0.000000000000000E+00  -9.993511076000000E-01   0.000000000000000E+00   0.000000000000000E+00   0.000000000000000E+00
   9.091178989100001E-01   1.312198688400000E+01   1.312198688400000E+01   0.000000000000000E+00  -9.993511076000000E-01   0.000000000000000E+00   0.000000000000000E+00   0.000000000000000E+00
   9.112637959300000E-01   1.315296024100000E+01   1.315296024100000E+01   0.000000000000000E+00  -9.993511076000000E-01   0.000000000000000E+00   0.000000000000000E+00   0.000000000000000E+00
   9.134096929400000E-01   1.318393359700000E+01   1.318393359700000E+01   0.000000000000000E+00  -9.993511076000000E-01   0.000000000000000E+00   0.000000000000000E+00   0.000000000000000E+00
   9.155555899600000E-01   1.321490695300000E+01   1.321490695300000E+01   0.000000000000000E+00  -9.993511076000000E-01   0.000000000000000E+00   0.000000000000000E+00   0.000000000000000E+00
   9.176340240500001E-01   1.324490656600000E+01   1.324490656600000E+01   0.000000000000000E+00  -9.993511076000000E-01   0.000000000000000E+00   0.000000000000000E+00   0.000000000000000E+00
   9.197124581500000E-01   1.327490617900000E+01   1.327490617900000E+01   0.000000000000000E+00  -9.993511076000000E-01   0.000000000000000E+00   0.000000000000000E+00   0.000000000000000E+00
   9.217908922500000E-01   1.330490579100000E+01   1.330490579100000E+01   0.000000000000000E+00  -9.993511076000000E-01   0.000000000000000E+00   0.000000000000000E+00   0.000000000000000E+00
   9.238693263400000E-01   1.333490540400000E+01   1.333490540400000E+01   0.000000000000000E+00  -9.993511076000000E-01   0.000000000000000E+00   0.000000000000000E+00   0.000000000000000E+00
   9.266290106100000E-01   1.337473801700000E+01   1.337473801700000E+01   0.000000000000000E+00  -9.993511076000000E-01   0.000000000000000E+00   0.000000000000000E+00   0.000000000000000E+00
   9.293886948800000E-01   1.341457062900000E+01   1.341457062900000E+01   0.000000000000000E+00  -9.993511076000000E-01   0.000000000000000E+00   0.000000000000000E+00   0.000000000000000E+00
   9.321483791500000E-01   1.345440324100000E+01   1.345440324100000E+01   0.000000000000000E+00  -9.993511076000000E-01   0.000000000000000E+00   0.000000000000000E+00   0.000000000000000E+00
   9.349080634200000E-01   1.349423585300000E+01   1.349423585300000E+01   0.000000000000000E+00  -9.993511076000000E-01   0.000000000000000E+00   0.000000000000000E+00   0.000000000000000E+00
   9.380623391900000E-01   1.353976390300000E+01   1.353976390300000E+01   0.000000000000000E+00  -9.993511076000000E-01   0.000000000000000E+00   0.000000000000000E+00   0.000000000000000E+00
   9.412166149600000E-01   1.358529195400000E+01   1.358529195400000E+01   0.000000000000000E+00  -9.993511076000000E-01   0.000000000000000E+00   0.000000000000000E+00   0.000000000000000E+00
   9.443708907300000E-01   1.363082000400000E+01   1.363082000400000E+01   0.000000000000000E+00  -9.993511076000000E-01   0.000000000000000E+00   0.000000000000000E+00   0.000000000000000E+00
   9.475251665000000E-01   1.367634805400000E+01   1.367634805400000E+01   0.000000000000000E+00  -9.993511076000000E-01   0.000000000000000E+00   0.000000000000000E+00   0.000000000000000E+00
   9.506706636700000E-01   1.372174939600000E+01   1.372174939600000E+01   0.000000000000000E+00  -9.993511076000000E-01   0.000000000000000E+00   0.000000000000000E+00   0.000000000000000E+00
   9.538161608400000E-01   1.376715073800000E+01   1.376715073800000E+01   0.000000000000000E+00  -9.993511076000000E-01   0.000000000000000E+00   0.000000000000000E+00   0.000000000000000E+00
   9.569616580200000E-01   1.381255208000000E+01   1.381255208000000E+01   0.000000000000000E+00  -9.993511076000000E-01   0.000000000000000E+00   0.000000000000000E+00   0.000000000000000E+00
   9.601071551900000E-01   1.385795342200000E+01   1.385795342200000E+01   0.000000000000000E+00  -9.993511076000000E-01   0.000000000000000E+00   0.000000000000000E+00   0.000000000000000E+00
   9.633294095500000E-01   1.390446265800000E+01   1.390446265800000E+01   0.000000000000000E+00  -9.993511076000000E-01   0.000000000000000E+00   0.000000000000000E+00   0.000000000000000E+00
   9.665516639100000E-01   1.395097189500000E+01   1.395097189500000E+01   0.000000000000000E+00  -9.993511076000000E-01   0.000000000000000E+00   0.000000000000000E+00   0.000000000000000E+00
   9.697739182700000E-01   1.399748113200000E+01   1.399748113200000E+01   0.000000000000000E+00  -9.993511076000000E-01   0.000000000000000E+00   0.000000000000000E+00   0.000000000000000E+00
   9.729961726300000E-01   1.404399036800000E+01   1.404399036800000E+01   0.000000000000000E+00  -9.993511076000000E-01   0.000000000000000E+00   0.000000000000000E+00   0.000000000000000E+00
   9.763717269700000E-01   1.409271229900000E+01   1.409271229900000E+01   0.000000000000000E+00  -9.993511076000000E-01   0.000000000000000E+00   0.000000000000000E+00   0.000000000000000E+00
   9.797472813100000E-01   1.414143423100000E+01   1.414143423100000E+01   0.000000000000000E+00  -9.993511076000000E-01   0.000000000000000E+00   0.000000000000000E+00   0.000000000000000E+00
   9.831228356400000E-01   1.419015616200000E+01   1.419015616200000E+01   0.000000000000000E+00  -9.993511076000000E-01   0.000000000000000E+00   0.000000000000000E+00   0.000000000000000E+00
   9.864983899799999E-01   1.423887809300000E+01   1.423887809300000E+01   0.000000000000000E+00  -9.993511076000000E-01   0.000000000000000E+00   0.000000000000000E+00   0.000000000000000E+00
   9.898737924900000E-01   1.428759783300000E+01   1.428759783300000E+01   0.000000000000000E+00  -9.993511076000000E-01   0.000000000000000E+00   0.000000000000000E+00   0.000000000000000E+00
   9.932491949900000E-01   1.433631757300000E+01   1.433631757300000E+01   0.000000000000000E+00  -9.993511076000000E-01   0.000000000000000E+00   0.000000000000000E+00   0.000000000000000E+00
   9.966245975000000E-01   1.438503731200000E+01   1.438503731200000E+01   0.000000000000000E+00  -9.993511076000000E-01   0.000000000000000E+00   0.000000000000000E+00   0.000000000000000E+00
   1.000000000000000E+00   1.443375705200000E+01   1.443375705200000E+01   0.000000000000000E+00  -9.993511076000000E-01   0.000000000000000E+00   0.000000000000000E+00   0.000000000000000E+00
