   0.000000000000000E+00  -1.281761912600000E-30   0.000000000000000E+00   0.000000000000000E+00  -9.996830476500000E-01   0.000000000000000E+00   0.000000000000000E+00   0.000000000000000E+00
   7.836372670900000E-03   1.131082993000000E-01   1.131082993000000E-01   0.000000000000000E+00  -9.996830476500000E-01   0.000000000000000E+00   0.000000000000000E+00   0.000000000000000E+00
   1.567274534200000E-02   2.262165986000000E-01   2.262165986000000E-01   0.000000000000000E+00  -9.996830476500000E-01   0.000000000000000E+00   0.000000000000000E+00   0.000000000000000E+00
   2.350911801300000E-02   3.393248979000000E-01   3.393248979000000E-01   0.000000000000000E+00  -9.996830476500000E-01   0.000000000000000E+00   0.000000000000000E+00   0.000000000000000E+00
   3.134549068300000E-02   4.524331972000000E-01   4.524331972000000E-01   0.000000000000000E+00  -9.996830476500000E-01   0.000000000000000E+00   0.000000000000000E+00   0.000000000000000E+00
   3.897192766500000E-02   5.625113357700000E-01   5.625113357700000E-01   0.000000000000000E+00  -9.996830476500000E-01   0.000000000000000E+00   0.000000000000000E+00   0.000000000000000E+00
   4.659836464700000E-02   6.725894743400000E-01   6.725894743400000E-01   0.000000000000000E+00  -9.996830476500000E-01   0.000000000000000E+00   0.000000000000000E+00   0.000000000000000E+00
   5.422480162900000E-02   7.826676129100000E-01   7.826676129100000E-01   0.000000000000000E+00  -9.996830476500000E-01   0.000000000000000E+00   0.000000000000000E+00   0.000000000000000E+00
   6.185123861100000E-02   8.927457514700000E-01   8.927457514700000E-01   0.000000000000000E+00  -9.996830476500000E-01   0.000000000000000E+00   0.000000000000000E+00   0.000000000000000E+00
   6.874906429100000E-02   9.923072915200000E-01   9.923072915200000E-01   0.000000000000000E+00  -9.996830476500000E-01   0.000000000000000E+00   0.000000000000000E+00   0.000000000000000E+00
   7.564688997000001E-02   1.091868831600000E+00   1.091868831600000E+00   0.000000000000000E+00  -9.996830476500000E-01   0.000000000000000E+00   0.000000000000000E+00   0.000000000000000E+00
   8.254471565000000E-02   1.191430371600000E+00   1.191430371600000E+00   0.000000000000000E+00  -9.996830476500000E-01   0.000000000000000E+00   0.000000000000000E+00   0.000000000000000E+00
   8.944254133000000E-02   1.290991911700000E+00   1.290991911700000E+00   0.000000000000000E+00  -9.996830476500000E-01   0.000000000000000E+00   0.000000000000000E+00   0.000000000000000E+00
   9.564366851500000E-02   1.380497474900000E+00   1.380497474900000E+00   0.000000000000000E+00  -9.996830476500000E-01   0.000000000000000E+00   0.000000000000000E+00   0.000000000000000E+00
   1.018447957000000E-01   1.470003038100000E+00   1.470003038100000E+00   0.000000000000000E+00  -9.996830476500000E-01   0.000000000000000E+00   0.000000000000000E+00   0.000000000000000E+00
   1.080459228800000E-01   1.559508601400000E+00   1.559508601400000E+00   0.000000000000000E+00  -9.996830476500000E-01   0.000000000000000E+00   0.000000000000000E+00   0.000000000000000E+00
   1.142470500700000E-01   1.649014164600000E+00   1.649014164600000E+00   0.000000000000000E+00  -9.996830476500000E-01   0.000000000000000E+00   0.000000000000000E+00   0.000000000000000E+00
   1.191644587700000E-01   1.719990847100000E+00   1.719990847100000E+00   0.000000000000000E+00  -9.996830476500000E-01   0.000000000000000E+00   0.000000000000000E+00   0.000000000000000E+00
   1.240818674700000E-01   1.790967529600000E+00   1.790967529600000E+00   0.000000000000000E+00  -9.996830476500000E-01   0.000000000000000E+00   0.000000000000000E+00   0.000000000000000E+00
   1.289992761700000E-01   1.861944212100000E+00   1.861944212100000E+00   0.000000000000000E+00  -9.996830476500000E-01   0.000000000000000E+00   0.000000000000000E+00   0.000000000000000E+00
   1.339166848700000E-01   1.932920894600000E+00   1.932920894600000E+00   0.000000000000000E+00  -9.996830476500000E-01   0.000000000000000E+00   0.000000000000000E+00   0.000000000000000E+00
   1.406480719700000E-01   2.030080100700000E+00   2.030080100700000E+00   0.000000000000000E+00  -9.996830476500000E-01   0.000000000000000E+00   0.000000000000000E+00   0.000000000000000E+00
   1.473794590800000E-01   2.127239306800000E+00   2.127239306800000E+00   0.000000000000000E+00  -9.996830476500000E-01   0.000000000000000E+00   0.000000000000000E+00   0.000000000000000E+00
   1.541108461900000E-01   2.224398513000000E+00   2.224398513000000E+00   0.000000000000000E+00  -9.996830476500000E-01   0.000000000000000E+00   0.000000000000000E+00   0.000000000000000E+00
   1.608422333000000E-01   2.321557719100000E+00   2.321557719100000E+00   0.000000000000000E+00  -9.996830476500000E-01   0.000000000000000E+00   0.000000000000000E+00   0.000000000000000E+00
   1.665626212500000E-01   2.404124409000000E+00   2.404124409000000E+00   0.000000000000000E+00  -9.996830476500000E-01   0.000000000000000E+00   0.000000000000000E+00   0.000000000000000E+00
   1.722830092000000E-01   2.486691099000000E+00   2.486691099000000E+00   0.000000000000000E+00  -9.996830476500000E-01   0.000000000000000E+00   0.000000000000000E+00   0.000000000000000E+00
   1.780033971500000E-01   2.569257788900000E+00   2.569257788900000E+00   0.000000000000000E+00  -9.996830476500000E-01   0.000000000000000E+00   0.000000000000000E+00   0.000000000000000E+00
   1.837237851000000E-01   2.651824478800000E+00   2.651824478800000E+00   0.000000000000000E+00  -9.996830476500000E-01   0.000000000000000E+00   0.000000000000000E+00   0.000000000000000E+00
   1.885305087200000E-01   2.721203559800000E+00   2.721203559800000E+00   0.000000000000000E+00  -9.996830476500000E-01   0.000000000000000E+00   0.000000000000000E+00   0.000000000000000E+00
   1.933372323400000E-01   2.790582640700000E+00   2.790582640700000E+00   0.000000000000000E+00  -9.996830476500000E-01   0.000000000000000E+00   0.000000000000000E+00   0.000000000000000E+00
   1.981439559600000E-01   2.859961721600000E+00   2.859961721600000E+00   0.000000000000000E+00  -9.996830476500000E-01   0.000000000000000E+00   0.000000000000000E+00   0.000000000000000E+00
   2.029506795700000E-01   2.929340802500000E+00   2.929340802500000E+00   0.000000000000000E+00  -9.996830476500000E-01   0.000000000000000E+00   0.000000000000000E+00   0.000000000000000E+00
   2.075265643100000E-01   2.995388011100000E+00   2.995388011100000E+00   0.000000000000000E+00  -9.996830476500000E-01   0.000000000000000E+00   0.000000000000000E+00   0.000000000000000E+00
   2.121024490500000E-01   3.061435219700000E+00   3.061435219700000E+00   0.000000000000000E+00  -9.996830476500000E-01   0.000000000000000E+00   0.000000000000000E+00   0.000000000000000E+00
   2.166783337800000E-01   3.127482428300000E+00   3.127482428300000E+00   0.000000000000000E+00  -9.996830476500000E-01   0.000000000000000E+00   0.000000000000000E+00   0.000000000000000E+00
   2.212542185200000E-01   3.193529636800000E+00   3.193529636800000E+00   0.000000000000000E+00  -9.996830476500000E-01   0.000000000000000E+00   0.000000000000000E+00   0.000000000000000E+00
   2.252670797400000E-01   3.251450300800000E+00   3.251450300800000E+00   0.000000000000000E+00  -9.996830476500000E-01   0.000000000000000E+00   0.000000000000000E+00   0.000000000000000E+00
   2.292799409600000E-01   3.309370964700000E+00   3.309370964700000E+00   0.000000000000000E+00  -9.996830476500000E-01   0.000000000000000E+00   0.000000000000000E+00   0.000000000000000E+00
   2.332928021800000E-01   3.367291628700000E+00   3.367291628700000E+00   0.000000000000000E+00  -9.996830476500000E-01   0.000000000000000E+00   0.000000000000000E+00   0.000000000000000E+00
   2.373056634000000E-01   3.425212292600000E+00   3.425212292600000E+00   0.000000000000000E+00  -9.996830476500000E-01   0.000000000000000E+00   0.000000000000000E+00   0.000000000000000E+00
   2.407577155700000E-01   3.475038374900000E+00   3.475038374900000E+00   0.000000000000000E+00  -9.996830476500000E-01   0.000000000000000E+00   0.000000000000000E+00   0.000000000000000E+00
   2.442097677300000E-01   3.524864457100000E+00   3.524864457100000E+00   0.000000000000000E+00  -9.996830476500000E-01   0.000000000000000E+00   0.000000000000000E+00   0.000000000000000E+00
   2.476618198900000E-01   3.574690539300000E+00   3.574690539300000E+00   0.000000000000000E+00  -9.996830476500000E-01   0.000000000000000E+00   0.000000000000000E+00   0.000000000000000E+00
   2.511138720500000E-01   3.624516621600000E+00   3.624516621600000E+00   0.000000000000000E+00  -9.996830476500000E-01   0.000000000000000E+00   0.000000000000000E+00   0.000000000000000E+00
   2.547216955000000E-01   3.676591068800000E+00   3.676591068800000E+00   0.000000000000000E+00  -9.996830476500000E-01   0.000000000000000E+00   0.000000000000000E+00   0.000000000000000E+00
   2.583295189600000E-01   3.728665516000000E+00   3.728665516000000E+00   0.000000000000000E+00  -9.996830476500000E-01   0.000000000000000E+00   0.000000000000000E+00   0.000000000000000E+00
   2.619373424100000E-01   3.780739963200000E+00   3.780739963200000E+00   0.000000000000000E+00  -9.996830476500000E-01   0.000000000000000E+00   0.000000000000000E+00   0.000000000000000E+00
   2.655451658600000E-01   3.832814410400000E+00   3.832814410400000E+00   0.000000000000000E+00  -9.996830476500000E-01   0.000000000000000E+00   0.000000000000000E+00   0.000000000000000E+00
   2.692066693200000E-01   3.885663661800000E+00   3.885663661800000E+00   0.000000000000000E+00  -9.996830476500000E-01   0.000000000000000E+00   0.000000000000000E+00   0.000000000000000E+00
   2.728681727800000E-01   3.938512913200000E+00   3.938512913200000E+00   0.000000000000000E+00  -9.996830476500000E-01   0.000000000000000E+00   0.000000000000000E+00   0.000000000000000E+00
   2.765296762500000E-01   3.991362164600000E+00   3.991362164600000E+00   0.000000000000000E+00  -9.996830476500000E-01   0.000000000000000E+00   0.000000000000000E+00   0.000000000000000E+00
   2.801911797100000E-01   4.044211416000000E+00   4.044211416000000E+00   0.000000000000000E+00  -9.996830476500000E-01   0.000000000000000E+00   0.000000000000000E+00   0.000000000000000E+00
   2.861871711700000E-01   4.130756100100000E+00   4.130756100100000E+00   0.000000000000000E+00  -9.996830476500000E-01   0.000000000000000E+00   0.000000000000000E+00   0.000000000000000E+00
   2.921831626400000E-01   4.217300784300000E+00   4.217300784300000E+00   0.000000000000000E+00  -9.996830476500000E-01   0.000000000000000E+00   0.000000000000000E+00   0.000000000000000E+00
   2.981791541100000E-01   4.303845468400000E+00   4.303845468400000E+00   0.000000000000000E+00  -9.996830476500000E-01   0.000000000000000E+00   0.000000000000000E+00   0.000000000000000E+00
   3.041751455800000E-01   4.390390152500000E+00   4.390390152500000E+00   0.000000000000000E+00  -9.996830476500000E-01   0.000000000000000E+00   0.000000000000000E+00   0.000000000000000E+00
   3.086640577100000E-01   4.455182019700000E+00   4.455182019700000E+00   0.000000000000000E+00  -9.996830476500000E-01   0.000000000000000E+00   0.000000000000000E+00   0.000000000000000E+00
   3.131529698500000E-01   4.519973886900000E+00   4.519973886900000E+00   0.000000000000000E+00  -9.996830476500000E-01   0.000000000000000E+00   0.000000000000000E+00   0.000000000000000E+00
   3.176418819900000E-01   4.584765754200000E+00   4.584765754200000E+00   0.000000000000000E+00  -9.996830476500000E-01   0.000000000000000E+00   0.000000000000000E+00   0.000000000000000E+00
   3.221307941200000E-01   4.649557621400000E+00   4.649557621400000E+00   0.000000000000000E+00  -9.996830476500000E-01   0.000000000000000E+00   0.000000000000000E+00   0.000000000000000E+00
   3.262508902800000E-01   4.709026088300000E+00   4.709026088300000E+00   0.000000000000000E+00  -9.996830476500000E-01   0.000000000000000E+00   0.000000000000000E+00   0.000000000000000E+00
   3.303709864400000E-01   4.768494555300000E+00   4.768494555300000E+00   0.000000000000000E+00  -9.996830476500000E-01   0.000000000000000E+00   0.000000000000000E+00   0.000000000000000E+00
   3.344910825900000E-01   4.827963022200000E+00   4.827963022200000E+00   0.000000000000000E+00  -9.996830476500000E-01   0.000000000000000E+00   0.000000000000000E+00   0.000000000000000E+00
   3.386111787500000E-01   4.887431489200000E+00   4.887431489200000E+00   0.000000000000000E+00  -9.996830476500000E-01   0.000000000000000E+00   0.000000000000000E+00   0.000000000000000E+00
   3.423347827100000E-01   4.941177084000000E+00   4.941177084000000E+00   0.000000000000000E+00  -9.996830476500000E-01   0.000000000000000E+00   0.000000000000000E+00   0.000000000000000E+00
   3.460583866600000E-01   4.994922678900000E+00   4.994922678900000E+00   0.000000000000000E+00  -9.996830476500000E-01   0.000000000000000E+00   0.000000000000000E+00   0.000000000000000E+00
   3.497819906200000E-01   5.048668273800000E+00   5.048668273800000E+00   0.000000000000000E+00  -9.996830476500000E-01   0.000000000000000E+00   0.000000000000000E+00   0.000000000000000E+00
   3.535055945800000E-01   5.102413868600000E+00   5.102413868600000E+00   0.000000000000000E+00  -9.996830476500000E-01   0.000000000000000E+00   0.000000000000000E+00   0.000000000000000E+00
   3.569929220100000E-01   5.152749105600000E+00   5.152749105600000E+00   0.000000000000000E+00  -9.996830476500000E-01   0.000000000000000E+00   0.000000000000000E+00   0.000000000000000E+00
   3.604802494500000E-01   5.203084342700000E+00   5.203084342700000E+00   0.000000000000000E+00  -9.996830476500000E-01   0.000000000000000E+00   0.000000000000000E+00   0.000000000000000E+00
   3.639675768900000E-01   5.253419579700000E+00   5.253419579700000E+00   0.000000000000000E+00  -9.996830476500000E-01   0.000000000000000E+00   0.000000000000000E+00   0.000000000000000E+00
   3.674549043300000E-01   5.303754816700000E+00   5.303754816700000E+00   0.000000000000000E+00  -9.996830476500000E-01   0.000000000000000E+00   0.000000000000000E+00   0.000000000000000E+00
   3.709416338900000E-01   5.354081424000000E+00   5.354081424000000E+00   0.000000000000000E+00  -9.996830476500000E-01   0.000000000000000E+00   0.000000000000000E+00   0.000000000000000E+00
   3.744283634400000E-01   5.404408031300000E+00   5.404408031300000E+00   0.000000000000000E+00  -9.996830476500000E-01   0.000000000000000E+00   0.000000000000000E+00   0.000000000000000E+00
   3.779150930000000E-01   5.454734638600000E+00   5.454734638600000E+00   0.000000000000000E+00  -9.996830476500000E-01   0.000000000000000E+00   0.000000000000000E+00   0.000000000000000E+00
   3.814018225500000E-01   5.505061245900000E+00   5.505061245900000E+00   0.000000000000000E+00  -9.996830476500000E-01   0.000000000000000E+00   0.000000000000000E+00   0.000000000000000E+00
   3.852825547900000E-01   5.561074792200000E+00   5.561074792200000E+00   0.000000000000000E+00  -9.996830476500000E-01   0.000000000000000E+00   0.000000000000000E+00   0.000000000000000E+00
   3.891632870300000E-01   5.617088338500000E+00   5.617088338500000E+00   0.000000000000000E+00  -9.996830476500000E-01   0.000000000000000E+00   0.000000000000000E+00   0.000000000000000E+00
   3.930440192600000E-01   5.673101884800000E+00   5.673101884800000E+00   0.000000000000000E+00  -9.996830476500000E-01   0.000000000000000E+00   0.000000000000000E+00   0.000000000000000E+00
   3.969247515000000E-01   5.729115431100000E+00   5.729115431100000E+00   0.000000000000000E+00  -9.996830476500000E-01   0.000000000000000E+00   0.000000000000000E+00   0.000000000000000E+00
   4.019016295100000E-01   5.800950479200000E+00   5.800950479200000E+00   0.000000000000000E+00  -9.996830476500000E-01   0.000000000000000E+00   0.000000000000000E+00   0.000000000000000E+00
   4.068785075300000E-01   5.872785527300000E+00   5.872785527300000E+00   0.000000000000000E+00  -9.996830476500000E-01   0.000000000000000E+00   0.000000000000000E+00   0.000000000000000E+00
   4.118553855400000E-01   5.944620575400000E+00   5.944620575400000E+00   0.000000000000000E+00  -9.996830476500000E-01   0.000000000000000E+00   0.000000000000000E+00   0.000000000000000E+00
   4.168322635500000E-01   6.016455623500000E+00   6.016455623500000E+00   0.000000000000000E+00  -9.996830476500000E-01   0.000000000000000E+00   0.000000000000000E+00   0.000000000000000E+00
   4.217000753800000E-01   6.086716436800000E+00   6.086716436800000E+00   0.000000000000000E+00  -9.996830476500000E-01   0.000000000000000E+00   0.000000000000000E+00   0.000000000000000E+00
   4.265678872100000E-01   6.156977250100000E+00   6.156977250100000E+00   0.000000000000000E+00  -9.996830476500000E-01   0.000000000000000E+00   0.000000000000000E+00   0.000000000000000E+00
   4.314356990400000E-01   6.227238063400000E+00   6.227238063400000E+00   0.000000000000000E+00  -9.996830476500000E-01   0.000000000000000E+00   0.000000000000000E+00   0.000000000000000E+00
   4.363035108600000E-01   6.297498876700000E+00   6.297498876700000E+00   0.000000000000000E+00  -9.996830476500000E-01   0.000000000000000E+00   0.000000000000000E+00   0.000000000000000E+00
   4.395206939900000E-01   6.343934916400000E+00   6.343934916400000E+00   0.000000000000000E+00  -9.996830476500000E-01   0.000000000000000E+00   0.000000000000000E+00   0.000000000000000E+00
   4.427378771100000E-01   6.390370956000000E+00   6.390370956000000E+00   0.000000000000000E+00  -9.996830476500000E-01   0.000000000000000E+00   0.000000000000000E+00   0.000000000000000E+00
   4.459550602400000E-01   6.436806995600000E+00   6.436806995600000E+00   0.000000000000000E+00  -9.996830476500000E-01   0.000000000000000E+00   0.000000000000000E+00   0.000000000000000E+00
   4.491722433600000E-01   6.483243035200000E+00   6.483243035200000E+00   0.000000000000000E+00  -9.996830476500000E-01   0.000000000000000E+00   0.000000000000000E+00   0.000000000000000E+00
   4.530040202700000E-01   6.538549972100000E+00   6.538549972100000E+00   0.000000000000000E+00  -9.996830476500000E-01   0.000000000000000E+00   0.000000000000000E+00   0.000000000000000E+00
   4.568357971700000E-01   6.593856909000000E+00   6.593856909000000E+00   0.000000000000000E+00  -9.996830476500000E-01   0.000000000000000E+00   0.000000000000000E+00   0.000000000000000E+00
   4.606675740700000E-01   6.649163845900000E+00   6.649163845900000E+00   0.000000000000000E+00  -9.996830476500000E-01   0.000000000000000E+00   0.000000000000000E+00   0.000000000000000E+00
   4.644993509700000E-01   6.704470782800000E+00   6.704470782800000E+00   0.000000000000000E+00  -9.996830476500000E-01   0.000000000000000E+00   0.000000000000000E+00   0.000000000000000E+00
   4.682503797300000E-01   6.758612220500000E+00   6.758612220500000E+00   0.000000000000000E+00  -9.996830476500000E-01   0.000000000000000E+00   0.000000000000000E+00   0.000000000000000E+00
   4.720014084800000E-01   6.812753658200000E+00   6.812753658200000E+00   0.000000000000000E+00  -9.996830476500000E-01   0.000000000000000E+00   0.000000000000000E+00   0.000000000000000E+00
   4.757524372400000E-01   6.866895096000000E+00   6.866895096000000E+00   0.000000000000000E+00  -9.996830476500000E-01   0.000000000000000E+00   0.000000000000000E+00   0.000000000000000E+00
   4.795034659900000E-01   6.921036533700000E+00   6.921036533700000E+00   0.000000000000000E+00  -9.996830476500000E-01   0.000000000000000E+00   0.000000000000000E+00   0.000000000000000E+00
   4.830836542700000E-01   6.972712101600000E+00   6.972712101600000E+00   0.000000000000000E+00  -9.996830476500000E-01   0.000000000000000E+00   0.000000000000000E+00   0.000000000000000E+00
   4.866638425500000E-01   7.024387669400000E+00   7.024387669400000E+00   0.000000000000000E+00  -9.996830476500000E-01   0.000000000000000E+00   0.000000000000000E+00   0.000000000000000E+00
   4.902440308400000E-01   7.076063237300000E+00   7.076063237300000E+00   0.000000000000000E+00  -9.996830476500000E-01   0.000000000000000E+00   0.000000000000000E+00   0.000000000000000E+00
   4.938242191200000E-01   7.127738805100000E+00   7.127738805100000E+00   0.000000000000000E+00  -9.996830476500000E-01   0.000000000000000E+00   0.000000000000000E+00   0.000000000000000E+00
   4.973406793800000E-01   7.178494538200000E+00   7.178494538200000E+00   0.000000000000000E+00  -9.996830476500000E-01   0.000000000000000E+00   0.000000000000000E+00   0.000000000000000E+00
   5.008571396400000E-01   7.229250271300000E+00   7.229250271300000E+00   0.000000000000000E+00  -9.996830476500000E-01   0.000000000000000E+00   0.000000000000000E+00   0.000000000000000E+00
   5.043735999000000E-01   7.280006004400000E+00   7.280006004400000E+00   0.000000000000000E+00  -9.996830476500000E-01   0.000000000000000E+00   0.000000000000000E+00   0.000000000000000E+00
   5.078900601600000E-01   7.330761737500000E+00   7.330761737500000E+00   0.000000000000000E+00  -9.996830476500000E-01   0.000000000000000E+00   0.000000000000000E+00   0.000000000000000E+00
   5.110856821600001E-01   7.376886569100000E+00   7.376886569100000E+00   0.000000000000000E+00  -9.996830476500000E-01   0.000000000000000E+00   0.000000000000000E+00   0.000000000000000E+00
   5.142813041600000E-01   7.423011400700000E+00   7.423011400700000E+00   0.000000000000000E+00  -9.996830476500000E-01   0.000000000000000E+00   0.000000000000000E+00   0.000000000000000E+00
   5.174769261600000E-01   7.469136232200000E+00   7.469136232200000E+00   0.000000000000000E+00  -9.996830476500000E-01   0.000000000000000E+00   0.000000000000000E+00   0.000000000000000E+00
   5.206725481600000E-01   7.515261063800000E+00   7.515261063800000E+00   0.000000000000000E+00  -9.996830476500000E-01   0.000000000000000E+00   0.000000000000000E+00   0.000000000000000E+00
   5.238419033500000E-01   7.561006766600000E+00   7.561006766600000E+00   0.000000000000000E+00  -9.996830476500000E-01   0.000000000000000E+00   0.000000000000000E+00   0.000000000000000E+00
   5.270112585400000E-01   7.606752469400000E+00   7.606752469400000E+00   0.000000000000000E+00  -9.996830476500000E-01   0.000000000000000E+00   0.000000000000000E+00   0.000000000000000E+00
   5.301806137200000E-01   7.652498172100000E+00   7.652498172100000E+00   0.000000000000000E+00  -9.996830476500000E-01   0.000000000000000E+00   0.000000000000000E+00   0.000000000000000E+00
   5.333499689100000E-01   7.698243874900000E+00   7.698243874900000E+00   0.000000000000000E+00  -9.996830476500000E-01   0.000000000000000E+00   0.000000000000000E+00   0.000000000000000E+00
   5.363644909900001E-01   7.741754754200000E+00   7.741754754200000E+00   0.000000000000000E+00  -9.996830476500000E-01   0.000000000000000E+00   0.000000000000000E+00   0.000000000000000E+00
   5.393790130600000E-01   7.785265633500000E+00   7.785265633500000E+00   0.000000000000000E+00  -9.996830476500000E-01   0.000000000000000E+00   0.000000000000000E+00   0.000000000000000E+00
   5.423935351400000E-01   7.828776512800000E+00   7.828776512800000E+00   0.000000000000000E+00  -9.996830476500000E-01   0.000000000000000E+00   0.000000000000000E+00   0.000000000000000E+00
   5.454080572200000E-01   7.872287392100000E+00   7.872287392100000E+00   0.000000000000000E+00  -9.996830476500000E-01   0.000000000000000E+00   0.000000000000000E+00   0.000000000000000E+00
   5.488248241600000E-01   7.921604176000000E+00   7.921604176000000E+00   0.000000000000000E+00  -9.996830476500000E-01   0.000000000000000E+00   0.000000000000000E+00   0.000000000000000E+00
   5.522415911000000E-01   7.970920959900000E+00   7.970920959900000E+00   0.000000000000000E+00  -9.996830476500000E-01   0.000000000000000E+00   0.000000000000000E+00   0.000000000000000E+00
   5.556583580400000E-01   8.020237743799999E+00   8.020237743799999E+00   0.000000000000000E+00  -9.996830476500000E-01   0.000000000000000E+00   0.000000000000000E+00   0.000000000000000E+00
   5.590751249700000E-01   8.069554527699999E+00   8.069554527699999E+00   0.000000000000000E+00  -9.996830476500000E-01   0.000000000000000E+00   0.000000000000000E+00   0.000000000000000E+00
   5.631464554400000E-01   8.128319122600001E+00   8.128319122600001E+00   0.000000000000000E+00  -9.996830476500000E-01   0.000000000000000E+00   0.000000000000000E+00   0.000000000000000E+00
   5.672177859100000E-01   8.187083717400000E+00   8.187083717400000E+00   0.000000000000000E+00  -9.996830476500000E-01   0.000000000000000E+00   0.000000000000000E+00   0.000000000000000E+00
   5.712891163800000E-01   8.245848312300000E+00   8.245848312300000E+00   0.000000000000000E+00  -9.996830476500000E-01   0.000000000000000E+00   0.000000000000000E+00   0.000000000000000E+00
   5.753604468500000E-01   8.304612907199999E+00   8.304612907199999E+00   0.000000000000000E+00  -9.996830476500000E-01   0.000000000000000E+00   0.000000000000000E+00   0.000000000000000E+00
   5.788919581600001E-01   8.355585883500000E+00   8.355585883500000E+00   0.000000000000000E+00  -9.996830476500000E-01   0.000000000000000E+00   0.000000000000000E+00   0.000000000000000E+00
   5.824234694700000E-01   8.406558859800001E+00   8.406558859800001E+00   0.000000000000000E+00  -9.996830476500000E-01   0.000000000000000E+00   0.000000000000000E+00   0.000000000000000E+00
   5.859549807800000E-01   8.457531835999999E+00   8.457531835999999E+00   0.000000000000000E+00  -9.996830476500000E-01   0.000000000000000E+00   0.000000000000000E+00   0.000000000000000E+00
   5.894864920900000E-01   8.508504812300000E+00   8.508504812300000E+00   0.000000000000000E+00  -9.996830476500000E-01   0.000000000000000E+00   0.000000000000000E+00   0.000000000000000E+00
   5.927557046100000E-01   8.555691831500001E+00   8.555691831500001E+00   0.000000000000000E+00  -9.996830476500000E-01   0.000000000000000E+00   0.000000000000000E+00   0.000000000000000E+00
   5.960249171300001E-01   8.602878850800000E+00   8.602878850800000E+00   0.000000000000000E+00  -9.996830476500000E-01   0.000000000000000E+00   0.000000000000000E+00   0.000000000000000E+00
   5.992941296400000E-01   8.650065870000001E+00   8.650065870000001E+00   0.000000000000000E+00  -9.996830476500000E-01   0.000000000000000E+00   0.000000000000000E+00   0.000000000000000E+00
   6.025633421600000E-01   8.697252889200000E+00   8.697252889200000E+00   0.000000000000000E+00  -9.996830476500000E-01   0.000000000000000E+00   0.000000000000000E+00   0.000000000000000E+00
   6.054461672700000E-01   8.738862886400000E+00   8.738862886400000E+00   0.000000000000000E+00  -9.996830476500000E-01   0.000000000000000E+00   0.000000000000000E+00   0.000000000000000E+00
   6.083289923800000E-01   8.780472883700000E+00   8.780472883700000E+00   0.000000000000000E+00  -9.996830476500000E-01   0.000000000000000E+00   0.000000000000000E+00   0.000000000000000E+00
   6.112118174900000E-01   8.822082880900000E+00   8.822082880900000E+00   0.000000000000000E+00  -9.996830476500000E-01   0.000000000000000E+00   0.000000000000000E+00   0.000000000000000E+00
   6.140946425900000E-01   8.863692878100000E+00   8.863692878100000E+00   0.000000000000000E+00  -9.996830476500000E-01   0.000000000000000E+00   0.000000000000000E+00   0.000000000000000E+00
   6.162744069500000E-01   8.895155067299999E+00   8.895155067299999E+00   0.000000000000000E+00  -9.996830476500000E-01   0.000000000000000E+00   0.000000000000000E+00   0.000000000000000E+00
   6.184541713100000E-01   8.926617256500000E+00   8.926617256500000E+00   0.000000000000000E+00  -9.996830476500000E-01   0.000000000000000E+00   0.000000000000000E+00   0.000000000000000E+00
   6.206339356700000E-01   8.958079445699999E+00   8.958079445699999E+00   0.000000000000000E+00  -9.996830476500000E-01   0.000000000000000E+00   0.000000000000000E+00   0.000000000000000E+00
   6.228137000300000E-01   8.989541634900000E+00   8.989541634900000E+00   0.000000000000000E+00  -9.996830476500000E-01   0.000000000000000E+00   0.000000000000000E+00   0.000000000000000E+00
   6.248432640700000E-01   9.018835869200000E+00   9.018835869200000E+00   0.000000000000000E+00  -9.996830476500000E-01   0.000000000000000E+00   0.000000000000000E+00   0.000000000000000E+00
   6.268728281100000E-01   9.048130103500000E+00   9.048130103500000E+00   0.000000000000000E+00  -9.996830476500000E-01   0.000000000000000E+00   0.000000000000000E+00   0.000000000000000E+00
   6.289023921500000E-01   9.077424337800000E+00   9.077424337800000E+00   0.000000000000000E+00  -9.996830476500000E-01   0.000000000000000E+00   0.000000000000000E+00   0.000000000000000E+00
   6.309319561900000E-01   9.106718572000000E+00   9.106718572000000E+00   0.000000000000000E+00  -9.996830476500000E-01   0.000000000000000E+00   0.000000000000000E+00   0.000000000000000E+00
   6.329694042800000E-01   9.136126602699999E+00   9.136126602699999E+00   0.000000000000000E+00  -9.996830476500000E-01   0.000000000000000E+00   0.000000000000000E+00   0.000000000000000E+00
   6.350068523600000E-01   9.165534633300000E+00   9.165534633300000E+00   0.000000000000000E+00  -9.996830476500000E-01   0.000000000000000E+00   0.000000000000000E+00   0.000000000000000E+00
   6.370443004400000E-01   9.194942663999999E+00   9.194942663999999E+00   0.000000000000000E+00  -9.996830476500000E-01   0.000000000000000E+00   0.000000000000000E+00   0.000000000000000E+00
   6.390817485300000E-01   9.224350694600000E+00   9.224350694600000E+00   0.000000000000000E+00  -9.996830476500000E-01   0.000000000000000E+00   0.000000000000000E+00   0.000000000000000E+00
   6.413009487200000E-01   9.256382091100001E+00   9.256382091100001E+00   0.000000000000000E+00  -9.996830476500000E-01   0.000000000000000E+00   0.000000000000000E+00   0.000000000000000E+00
   6.435201489200000E-01   9.288413487500000E+00   9.288413487500000E+00   0.000000000000000E+00  -9.996830476500000E-01   0.000000000000000E+00   0.000000000000000E+00   0.000000000000000E+00
   6.457393491100000E-01   9.320444884000000E+00   9.320444884000000E+00   0.000000000000000E+00  -9.996830476500000E-01   0.000000000000000E+00   0.000000000000000E+00   0.000000000000000E+00
   6.479585493100000E-01   9.352476280499999E+00   9.352476280499999E+00   0.000000000000000E+00  -9.996830476500000E-01   0.000000000000000E+00   0.000000000000000E+00   0.000000000000000E+00
   6.501362642600000E-01   9.383908889000001E+00   9.383908889000001E+00   0.000000000000000E+00  -9.996830476500000E-01   0.000000000000000E+00   0.000000000000000E+00   0.000000000000000E+00
   6.523139792200000E-01   9.415341497600000E+00   9.415341497600000E+00   0.000000000000000E+00  -9.996830476500000E-01   0.000000000000000E+00   0.000000000000000E+00   0.000000000000000E+00
   6.544916941700000E-01   9.446774106199999E+00   9.446774106199999E+00   0.000000000000000E+00  -9.996830476500000E-01   0.000000000000000E+00   0.000000000000000E+00   0.000000000000000E+00
   6.566694091300000E-01   9.478206714800001E+00   9.478206714800001E+00   0.000000000000000E+00  -9.996830476500000E-01   0.000000000000000E+00   0.000000000000000E+00   0.000000000000000E+00
   6.588548370200000E-01   9.509750650100001E+00   9.509750650100001E+00   0.000000000000000E+00  -9.996830476500000E-01   0.000000000000000E+00   0.000000000000000E+00   0.000000000000000E+00
   6.610402649100000E-01   9.541294585299999E+00   9.541294585299999E+00   0.000000000000000E+00  -9.996830476500000E-01   0.000000000000000E+00   0.000000000000000E+00   0.000000000000000E+00
   6.632256928000000E-01   9.572838520500000E+00   9.572838520500000E+00   0.000000000000000E+00  -9.996830476500000E-01   0.000000000000000E+00   0.000000000000000E+00   0.000000000000000E+00
   6.654111206900000E-01   9.604382455800000E+00   9.604382455800000E+00   0.000000000000000E+00  -9.996830476500000E-01   0.000000000000000E+00   0.000000000000000E+00   0.000000000000000E+00
   6.675994929500000E-01   9.635968889200001E+00   9.635968889200001E+00   0.000000000000000E+00  -9.996830476500000E-01   0.000000000000000E+00   0.000000000000000E+00   0.000000000000000E+00
   6.697878652000000E-01   9.667555322700000E+00   9.667555322700000E+00   0.000000000000000E+00  -9.996830476500000E-01   0.000000000000000E+00   0.000000000000000E+00   0.000000000000000E+00
   6.719762374500000E-01   9.699141756100000E+00   9.699141756100000E+00   0.000000000000000E+00  -9.996830476500000E-01   0.000000000000000E+00   0.000000000000000E+00   0.000000000000000E+00
   6.741646097100000E-01   9.730728189600001E+00   9.730728189600001E+00   0.000000000000000E+00  -9.996830476500000E-01   0.000000000000000E+00   0.000000000000000E+00   0.000000000000000E+00
   6.764236289000000E-01   9.763334323700001E+00   9.763334323700001E+00   0.000000000000000E+00  -9.996830476500000E-01   0.000000000000000E+00   0.000000000000000E+00   0.000000000000000E+00
   6.786826480800000E-01   9.795940457800000E+00   9.795940457800000E+00   0.000000000000000E+00  -9.996830476500000E-01   0.000000000000000E+00   0.000000000000000E+00   0.000000000000000E+00
   6.809416672700001E-01   9.828546592000000E+00   9.828546592000000E+00   0.000000000000000E+00  -9.996830476500000E-01   0.000000000000000E+00   0.000000000000000E+00   0.000000000000000E+00
   6.832006864600000E-01   9.861152726100000E+00   9.861152726100000E+00   0.000000000000000E+00  -9.996830476500000E-01   0.000000000000000E+00   0.000000000000000E+00   0.000000000000000E+00
   6.853124610600000E-01   9.891633567600000E+00   9.891633567600000E+00   0.000000000000000E+00  -9.996830476500000E-01   0.000000000000000E+00   0.000000000000000E+00   0.000000000000000E+00
   6.874242356500000E-01   9.922114409000001E+00   9.922114409000001E+00   0.000000000000000E+00  -9.996830476500000E-01   0.000000000000000E+00   0.000000000000000E+00   0.000000000000000E+00
   6.895360102500000E-01   9.952595250500000E+00   9.952595250500000E+00   0.000000000000000E+00  -9.996830476500000E-01   0.000000000000000E+00   0.000000000000000E+00   0.000000000000000E+00
   6.916477848400000E-01   9.983076091899999E+00   9.983076091899999E+00   0.000000000000000E+00  -9.996830476500000E-01   0.000000000000000E+00   0.000000000000000E+00   0.000000000000000E+00
   6.939993049299999E-01   1.001701736200000E+01   1.001701736200000E+01   0.000000000000000E+00  -9.996830476500000E-01   0.000000000000000E+00   0.000000000000000E+00   0.000000000000000E+00
   6.963508250300000E-01   1.005095863100000E+01   1.005095863100000E+01   0.000000000000000E+00  -9.996830476500000E-01   0.000000000000000E+00   0.000000000000000E+00   0.000000000000000E+00
   6.987023451200000E-01   1.008489990100000E+01   1.008489990100000E+01   0.000000000000000E+00  -9.996830476500000E-01   0.000000000000000E+00   0.000000000000000E+00   0.000000000000000E+00
   7.010538652100000E-01   1.011884117100000E+01   1.011884117100000E+01   0.000000000000000E+00  -9.996830476500000E-01   0.000000000000000E+00   0.000000000000000E+00   0.000000000000000E+00
   7.030674708100000E-01   1.014790506500000E+01   1.014790506500000E+01   0.000000000000000E+00  -9.996830476500000E-01   0.000000000000000E+00   0.000000000000000E+00   0.000000000000000E+00
   7.050810764000000E-01   1.017696895900000E+01   1.017696895900000E+01   0.000000000000000E+00  -9.996830476500000E-01   0.000000000000000E+00   0.000000000000000E+00   0.000000000000000E+00
   7.070946819900000E-01   1.020603285300000E+01   1.020603285300000E+01   0.000000000000000E+00  -9.996830476500000E-01   0.000000000000000E+00   0.000000000000000E+00   0.000000000000000E+00
   7.091082875900000E-01   1.023509674700000E+01   1.023509674700000E+01   0.000000000000000E+00  -9.996830476500000E-01   0.000000000000000E+00   0.000000000000000E+00   0.000000000000000E+00
   7.110314915000000E-01   1.026285580500000E+01   1.026285580500000E+01   0.000000000000000E+00  -9.996830476500000E-01   0.000000000000000E+00   0.000000000000000E+00   0.000000000000000E+00
   7.129546954200000E-01   1.029061486300000E+01   1.029061486300000E+01   0.000000000000000E+00  -9.996830476500000E-01   0.000000000000000E+00   0.000000000000000E+00   0.000000000000000E+00
   7.148778993300000E-01   1.031837392100000E+01   1.031837392100000E+01   0.000000000000000E+00  -9.996830476500000E-01   0.000000000000000E+00   0.000000000000000E+00   0.000000000000000E+00
   7.168011032500000E-01   1.034613297900000E+01   1.034613297900000E+01   0.000000000000000E+00  -9.996830476500000E-01   0.000000000000000E+00   0.000000000000000E+00   0.000000000000000E+00
   7.190316923400000E-01   1.037832876000000E+01   1.037832876000000E+01   0.000000000000000E+00  -9.996830476500000E-01   0.000000000000000E+00   0.000000000000000E+00   0.000000000000000E+00
   7.212622814300000E-01   1.041052454100000E+01   1.041052454100000E+01   0.000000000000000E+00  -9.996830476500000E-01   0.000000000000000E+00   0.000000000000000E+00   0.000000000000000E+00
   7.234928705200000E-01   1.044272032200000E+01   1.044272032200000E+01   0.000000000000000E+00  -9.996830476500000E-01   0.000000000000000E+00   0.000000000000000E+00   0.000000000000000E+00
   7.257234596100000E-01   1.047491610300000E+01   1.047491610300000E+01   0.000000000000000E+00  -9.996830476500000E-01   0.000000000000000E+00   0.000000000000000E+00   0.000000000000000E+00
   7.281200746900000E-01   1.050950826300000E+01   1.050950826300000E+01   0.000000000000000E+00  -9.996830476500000E-01   0.000000000000000E+00   0.000000000000000E+00   0.000000000000000E+00
   7.305166897699999E-01   1.054410042300000E+01   1.054410042300000E+01   0.000000000000000E+00  -9.996830476500000E-01   0.000000000000000E+00   0.000000000000000E+00   0.000000000000000E+00
   7.329133048399999E-01   1.057869258200000E+01   1.057869258200000E+01   0.000000000000000E+00  -9.996830476500000E-01   0.000000000000000E+00   0.000000000000000E+00   0.000000000000000E+00
   7.353099199200001E-01   1.061328474200000E+01   1.061328474200000E+01   0.000000000000000E+00  -9.996830476500000E-01   0.000000000000000E+00   0.000000000000000E+00   0.000000000000000E+00
   7.376421904000000E-01   1.064694816800000E+01   1.064694816800000E+01   0.000000000000000E+00  -9.996830476500000E-01   0.000000000000000E+00   0.000000000000000E+00   0.000000000000000E+00
   7.399744608700000E-01   1.068061159300000E+01   1.068061159300000E+01   0.000000000000000E+00  -9.996830476500000E-01   0.000000000000000E+00   0.000000000000000E+00   0.000000000000000E+00
   7.423067313500000E-01   1.071427501800000E+01   1.071427501800000E+01   0.000000000000000E+00  -9.996830476500000E-01   0.000000000000000E+00   0.000000000000000E+00   0.000000000000000E+00
   7.446390018300000E-01   1.074793844400000E+01   1.074793844400000E+01   0.000000000000000E+00  -9.996830476500000E-01   0.000000000000000E+00   0.000000000000000E+00   0.000000000000000E+00
   7.467172489800000E-01   1.077793535800000E+01   1.077793535800000E+01   0.000000000000000E+00  -9.996830476500000E-01   0.000000000000000E+00   0.000000000000000E+00   0.000000000000000E+00
   7.487954961300000E-01   1.080793227300000E+01   1.080793227300000E+01   0.000000000000000E+00  -9.996830476500000E-01   0.000000000000000E+00   0.000000000000000E+00   0.000000000000000E+00
   7.508737432800000E-01   1.083792918700000E+01   1.083792918700000E+01   0.000000000000000E+00  -9.996830476500000E-01   0.000000000000000E+00   0.000000000000000E+00   0.000000000000000E+00
   7.529519904300001E-01   1.086792610200000E+01   1.086792610200000E+01   0.000000000000000E+00  -9.996830476500000E-01   0.000000000000000E+00   0.000000000000000E+00   0.000000000000000E+00
   7.548302316600000E-01   1.089503617900000E+01   1.089503617900000E+01   0.000000000000000E+00  -9.996830476500000E-01   0.000000000000000E+00   0.000000000000000E+00   0.000000000000000E+00
   7.567084728900000E-01   1.092214625700000E+01   1.092214625700000E+01   0.000000000000000E+00  -9.996830476500000E-01   0.000000000000000E+00   0.000000000000000E+00   0.000000000000000E+00
   7.585867141200000E-01   1.094925633500000E+01   1.094925633500000E+01   0.000000000000000E+00  -9.996830476500000E-01   0.000000000000000E+00   0.000000000000000E+00   0.000000000000000E+00
   7.604649553500000E-01   1.097636641200000E+01   1.097636641200000E+01   0.000000000000000E+00  -9.996830476500000E-01   0.000000000000000E+00   0.000000000000000E+00   0.000000000000000E+00
   7.621755194399999E-01   1.100105627900000E+01   1.100105627900000E+01   0.000000000000000E+00  -9.996830476500000E-01   0.000000000000000E+00   0.000000000000000E+00   0.000000000000000E+00
   7.638860835400000E-01   1.102574614500000E+01   1.102574614500000E+01   0.000000000000000E+00  -9.996830476500000E-01   0.000000000000000E+00   0.000000000000000E+00   0.000000000000000E+00
   7.655966476300000E-01   1.105043601200000E+01   1.105043601200000E+01   0.000000000000000E+00  -9.996830476500000E-01   0.000000000000000E+00   0.000000000000000E+00   0.000000000000000E+00
   7.673072117200000E-01   1.107512587800000E+01   1.107512587800000E+01   0.000000000000000E+00  -9.996830476500000E-01   0.000000000000000E+00   0.000000000000000E+00   0.000000000000000E+00
   7.688801849400000E-01   1.109782979100000E+01   1.109782979100000E+01   0.000000000000000E+00  -9.996830476500000E-01   0.000000000000000E+00   0.000000000000000E+00   0.000000000000000E+00
   7.704531581500000E-01   1.112053370500000E+01   1.112053370500000E+01   0.000000000000000E+00  -9.996830476500000E-01   0.000000000000000E+00   0.000000000000000E+00   0.000000000000000E+00
   7.720261313600000E-01   1.114323761800000E+01   1.114323761800000E+01   0.000000000000000E+00  -9.996830476500000E-01   0.000000000000000E+00   0.000000000000000E+00   0.000000000000000E+00
   7.735991045700000E-01   1.116594153100000E+01   1.116594153100000E+01   0.000000000000000E+00  -9.996830476500000E-01   0.000000000000000E+00   0.000000000000000E+00   0.000000000000000E+00
   7.753827053100000E-01   1.119168559100000E+01   1.119168559100000E+01   0.000000000000000E+00  -9.996830476500000E-01   0.000000000000000E+00   0.000000000000000E+00   0.000000000000000E+00
   7.771663060500000E-01   1.121742965000000E+01   1.121742965000000E+01   0.000000000000000E+00  -9.996830476500000E-01   0.000000000000000E+00   0.000000000000000E+00   0.000000000000000E+00
   7.789499067800000E-01   1.124317371000000E+01   1.124317371000000E+01   0.000000000000000E+00  -9.996830476500000E-01   0.000000000000000E+00   0.000000000000000E+00   0.000000000000000E+00
   7.807335075200000E-01   1.126891777000000E+01   1.126891777000000E+01   0.000000000000000E+00  -9.996830476500000E-01   0.000000000000000E+00   0.000000000000000E+00   0.000000000000000E+00
   7.828240153200000E-01   1.129909165200000E+01   1.129909165200000E+01   0.000000000000000E+00  -9.996830476500000E-01   0.000000000000000E+00   0.000000000000000E+00   0.000000000000000E+00
   7.849145231200000E-01   1.132926553300000E+01   1.132926553300000E+01   0.000000000000000E+00  -9.996830476500000E-01   0.000000000000000E+00   0.000000000000000E+00   0.000000000000000E+00
   7.870050309200000E-01   1.135943941500000E+01   1.135943941500000E+01   0.000000000000000E+00  -9.996830476500000E-01   0.000000000000000E+00   0.000000000000000E+00   0.000000000000000E+00
   7.890955387200000E-01   1.138961329700000E+01   1.138961329700000E+01   0.000000000000000E+00  -9.996830476500000E-01   0.000000000000000E+00   0.000000000000000E+00   0.000000000000000E+00
   7.912847536399999E-01   1.142121189300000E+01   1.142121189300000E+01   0.000000000000000E+00  -9.996830476500000E-01   0.000000000000000E+00   0.000000000000000E+00   0.000000000000000E+00
   7.934739685600000E-01   1.145281048900000E+01   1.145281048900000E+01   0.000000000000000E+00  -9.996830476500000E-01   0.000000000000000E+00   0.000000000000000E+00   0.000000000000000E+00
   7.956631834800000E-01   1.148440908600000E+01   1.148440908600000E+01   0.000000000000000E+00  -9.996830476500000E-01   0.000000000000000E+00   0.000000000000000E+00   0.000000000000000E+00
   7.978523984000000E-01   1.151600768200000E+01   1.151600768200000E+01   0.000000000000000E+00  -9.996830476500000E-01   0.000000000000000E+00   0.000000000000000E+00   0.000000000000000E+00
   8.000597078700000E-01   1.154786745100000E+01   1.154786745100000E+01   0.000000000000000E+00  -9.996830476500000E-01   0.000000000000000E+00   0.000000000000000E+00   0.000000000000000E+00
   8.022670173499999E-01   1.157972721900000E+01   1.157972721900000E+01   0.000000000000000E+00  -9.996830476500000E-01   0.000000000000000E+00   0.000000000000000E+00   0.000000000000000E+00
   8.044743268300000E-01   1.161158698800000E+01   1.161158698800000E+01   0.000000000000000E+00  -9.996830476500000E-01   0.000000000000000E+00   0.000000000000000E+00   0.000000000000000E+00
   8.066816363100000E-01   1.164344675700000E+01   1.164344675700000E+01   0.000000000000000E+00  -9.996830476500000E-01   0.000000000000000E+00   0.000000000000000E+00   0.000000000000000E+00
   8.089350398000000E-01   1.167597183500000E+01   1.167597183500000E+01   0.000000000000000E+00  -9.996830476500000E-01   0.000000000000000E+00   0.000000000000000E+00   0.000000000000000E+00
   8.111884432899999E-01   1.170849691400000E+01   1.170849691400000E+01   0.000000000000000E+00  -9.996830476500000E-01   0.000000000000000E+00   0.000000000000000E+00   0.000000000000000E+00
   8.134418467800000E-01   1.174102199200000E+01   1.174102199200000E+01   0.000000000000000E+00  -9.996830476500000E-01   0.000000000000000E+00   0.000000000000000E+00   0.000000000000000E+00
   8.156952502700000E-01   1.177354707100000E+01   1.177354707100000E+01   0.000000000000000E+00  -9.996830476500000E-01   0.000000000000000E+00   0.000000000000000E+00   0.000000000000000E+00
   8.185384569400000E-01   1.181458522500000E+01   1.181458522500000E+01   0.000000000000000E+00  -9.996830476500000E-01   0.000000000000000E+00   0.000000000000000E+00   0.000000000000000E+00
   8.213816636200000E-01   1.185562338000000E+01   1.185562338000000E+01   0.000000000000000E+00  -9.996830476500000E-01   0.000000000000000E+00   0.000000000000000E+00   0.000000000000000E+00
   8.242248702900000E-01   1.189666153400000E+01   1.189666153400000E+01   0.000000000000000E+00  -9.996830476500000E-01   0.000000000000000E+00   0.000000000000000E+00   0.000000000000000E+00
   8.270680769700000E-01   1.193769968800000E+01   1.193769968800000E+01   0.000000000000000E+00  -9.996830476500000E-01   0.000000000000000E+00   0.000000000000000E+00   0.000000000000000E+00
   8.301253197900000E-01   1.198182718900000E+01   1.198182718900000E+01   0.000000000000000E+00  -9.996830476500000E-01   0.000000000000000E+00   0.000000000000000E+00   0.000000000000000E+00
   8.331825626100000E-01   1.202595468900000E+01   1.202595468900000E+01   0.000000000000000E+00  -9.996830476500000E-01   0.000000000000000E+00   0.000000000000000E+00   0.000000000000000E+00
   8.362398054300000E-01   1.207008218900000E+01   1.207008218900000E+01   0.000000000000000E+00  -9.996830476500000E-01   0.000000000000000E+00   0.000000000000000E+00   0.000000000000000E+00
   8.392970482600000E-01   1.211420968900000E+01   1.211420968900000E+01   0.000000000000000E+00  -9.996830476500000E-01   0.000000000000000E+00   0.000000000000000E+00   0.000000000000000E+00
   8.420439518900000E-01   1.215385782900000E+01   1.215385782900000E+01   0.000000000000000E+00  -9.996830476500000E-01   0.000000000000000E+00   0.000000000000000E+00   0.000000000000000E+00
   8.447908555200000E-01   1.219350596800000E+01   1.219350596800000E+01   0.000000000000000E+00  -9.996830476500000E-01   0.000000000000000E+00   0.000000000000000E+00   0.000000000000000E+00
   8.475377591500000E-01   1.223315410800000E+01   1.223315410800000E+01   0.000000000000000E+00  -9.996830476500000E-01   0.000000000000000E+00   0.000000000000000E+00   0.000000000000000E+00
   8.502846627800000E-01   1.227280224800000E+01   1.227280224800000E+01   0.000000000000000E+00  -9.996830476500000E-01   0.000000000000000E+00   0.000000000000000E+00   0.000000000000000E+00
   8.526954371900000E-01   1.230759878000000E+01   1.230759878000000E+01   0.000000000000000E+00  -9.996830476500000E-01   0.000000000000000E+00   0.000000000000000E+00   0.000000000000000E+00
   8.551062115900000E-01   1.234239531200000E+01   1.234239531200000E+01   0.000000000000000E+00  -9.996830476500000E-01   0.000000000000000E+00   0.000000000000000E+00   0.000000000000000E+00
   8.575169860000000E-01   1.237719184400000E+01   1.237719184400000E+01   0.000000000000000E+00  -9.996830476500000E-01   0.000000000000000E+00   0.000000000000000E+00   0.000000000000000E+00
   8.599277604100000E-01   1.241198837600000E+01   1.241198837600000E+01   0.000000000000000E+00  -9.996830476500000E-01   0.000000000000000E+00   0.000000000000000E+00   0.000000000000000E+00
   8.629535524100000E-01   1.245566192300000E+01   1.245566192300000E+01   0.000000000000000E+00  -9.996830476500000E-01   0.000000000000000E+00   0.000000000000000E+00   0.000000000000000E+00
   8.659793444200000E-01   1.249933546900000E+01   1.249933546900000E+01   0.000000000000000E+00  -9.996830476500000E-01   0.000000000000000E+00   0.000000000000000E+00   0.000000000000000E+00
   8.690051364200000E-01   1.254300901600000E+01   1.254300901600000E+01   0.000000000000000E+00  -9.996830476500000E-01   0.000000000000000E+00   0.000000000000000E+00   0.000000000000000E+00
   8.720309284300000E-01   1.258668256300000E+01   1.258668256300000E+01   0.000000000000000E+00  -9.996830476500000E-01   0.000000000000000E+00   0.000000000000000E+00   0.000000000000000E+00
   8.752414307500000E-01   1.263302217300000E+01   1.263302217300000E+01   0.000000000000000E+00  -9.996830476500000E-01   0.000000000000000E+00   0.000000000000000E+00   0.000000000000000E+00
   8.784519330700000E-01   1.267936178400000E+01   1.267936178400000E+01   0.000000000000000E+00  -9.996830476500000E-01   0.000000000000000E+00   0.000000000000000E+00   0.000000000000000E+00
   8.816624353900000E-01   1.272570139400000E+01   1.272570139400000E+01   0.000000000000000E+00  -9.996830476500000E-01   0.000000000000000E+00   0.000000000000000E+00   0.000000000000000E+00
   8.848729377100000E-01   1.277204100500000E+01   1.277204100500000E+01   0.000000000000000E+00  -9.996830476500000E-01   0.000000000000000E+00   0.000000000000000E+00   0.000000000000000E+00
   8.875389877700000E-01   1.281052212400000E+01   1.281052212400000E+01   0.000000000000000E+00  -9.996830476500000E-01   0.000000000000000E+00   0.000000000000000E+00   0.000000000000000E+00
   8.902050378200000E-01   1.284900324200000E+01   1.284900324200000E+01   0.000000000000000E+00  -9.996830476500000E-01   0.000000000000000E+00   0.000000000000000E+00   0.000000000000000E+00
   8.928710878800000E-01   1.288748436100000E+01   1.288748436100000E+01   0.000000000000000E+00  -9.996830476500000E-01   0.000000000000000E+00   0.000000000000000E+00   0.000000000000000E+00
   8.955371379400000E-01   1.292596548000000E+01   1.292596548000000E+01   0.000000000000000E+00  -9.996830476500000E-01   0.000000000000000E+00   0.000000000000000E+00   0.000000000000000E+00
   8.978659576100000E-01   1.295957909700000E+01   1.295957909700000E+01   0.000000000000000E+00  -9.996830476500000E-01   0.000000000000000E+00   0.000000000000000E+00   0.000000000000000E+00
   9.001947772900000E-01   1.299319271500000E+01   1.299319271500000E+01   0.000000000000000E+00  -9.996830476500000E-01   0.000000000000000E+00   0.000000000000000E+00   0.000000000000000E+00
   9.025235969600000E-01   1.302680633200000E+01   1.302680633200000E+01   0.000000000000000E+00  -9.996830476500000E-01   0.000000000000000E+00   0.000000000000000E+00   0.000000000000000E+00
   9.048524166300000E-01   1.306041995000000E+01   1.306041995000000E+01   0.000000000000000E+00  -9.996830476500000E-01   0.000000000000000E+00   0.000000000000000E+00   0.000000000000000E+00
   9.070745104800000E-01   1.309249311200000E+01   1.309249311200000E+01   0.000000000000000E+00  -9.996830476500000E-01   0.000000000000000E+00   0.000000000000000E+00   0.000000000000000E+00
   9.092966043300000E-01   1.312456627500000E+01   1.312456627500000E+01   0.000000000000000E+00  -9.996830476500000E-01   0.000000000000000E+00   0.000000000000000E+00   0.000000000000000E+00
   9.115186981800000E-01   1.315663943800000E+01   1.315663943800000E+01   0.000000000000000E+00  -9.996830476500000E-01   0.000000000000000E+00   0.000000000000000E+00   0.000000000000000E+00
   9.137407920200000E-01   1.318871260100000E+01   1.318871260100000E+01   0.000000000000000E+00  -9.996830476500000E-01   0.000000000000000E+00   0.000000000000000E+00   0.000000000000000E+00
   9.159937968500000E-01   1.322123192500000E+01   1.322123192500000E+01   0.000000000000000E+00  -9.996830476500000E-01   0.000000000000000E+00   0.000000000000000E+00   0.000000000000000E+00
   9.182468016699999E-01   1.325375124900000E+01   1.325375124900000E+01   0.000000000000000E+00  -9.996830476500000E-01   0.000000000000000E+00   0.000000000000000E+00   0.000000000000000E+00
   9.204998064900000E-01   1.328627057300000E+01   1.328627057300000E+01   0.000000000000000E+00  -9.996830476500000E-01   0.000000000000000E+00   0.000000000000000E+00   0.000000000000000E+00
   9.227528113100000E-01   1.331878989800000E+01   1.331878989800000E+01   0.000000000000000E+00  -9.996830476500000E-01   0.000000000000000E+00   0.000000000000000E+00   0.000000000000000E+00
   9.252811319799999E-01   1.335528306400000E+01   1.335528306400000E+01   0.000000000000000E+00  -9.996830476500000E-01   0.000000000000000E+00   0.000000000000000E+00   0.000000000000000E+00
   9.278094526600000E-01   1.339177623000000E+01   1.339177623000000E+01   0.000000000000000E+00  -9.996830476500000E-01   0.000000000000000E+00   0.000000000000000E+00   0.000000000000000E+00
   9.303377733300000E-01   1.342826939600000E+01   1.342826939600000E+01   0.000000000000000E+00  -9.996830476500000E-01   0.000000000000000E+00   0.000000000000000E+00   0.000000000000000E+00
   9.328660940000000E-01   1.346476256300000E+01   1.346476256300000E+01   0.000000000000000E+00  -9.996830476500000E-01   0.000000000000000E+00   0.000000000000000E+00   0.000000000000000E+00
   9.357840953400000E-01   1.350688028500000E+01   1.350688028500000E+01   0.000000000000000E+00  -9.996830476500000E-01   0.000000000000000E+00   0.000000000000000E+00   0.000000000000000E+00
   9.387020966900000E-01   1.354899800800000E+01   1.354899800800000E+01   0.000000000000000E+00  -9.996830476500000E-01   0.000000000000000E+00   0.000000000000000E+00   0.000000000000000E+00
   9.416200980300000E-01   1.359111573000000E+01   1.359111573000000E+01   0.000000000000000E+00  -9.996830476500000E-01   0.000000000000000E+00   0.000000000000000E+00   0.000000000000000E+00
   9.445380993800000E-01   1.363323345300000E+01   1.363323345300000E+01   0.000000000000000E+00  -9.996830476500000E-01   0.000000000000000E+00   0.000000000000000E+00   0.000000000000000E+00
   9.485979426600000E-01   1.369183224400000E+01   1.369183224400000E+01   0.000000000000000E+00  -9.996830476500000E-01   0.000000000000000E+00   0.000000000000000E+00   0.000000000000000E+00
   9.526577859399999E-01   1.375043103600000E+01   1.375043103600000E+01   0.000000000000000E+00  -9.996830476500000E-01   0.000000000000000E+00   0.000000000000000E+00   0.000000000000000E+00
   9.567176292200000E-01   1.380902982800000E+01   1.380902982800000E+01   0.000000000000000E+00  -9.996830476500000E-01   0.000000000000000E+00   0.000000000000000E+00   0.000000000000000E+00
   9.607774725000000E-01   1.386762861900000E+01   1.386762861900000E+01   0.000000000000000E+00  -9.996830476500000E-01   0.000000000000000E+00   0.000000000000000E+00   0.000000000000000E+00
   9.638478658900000E-01   1.391194593100000E+01   1.391194593100000E+01   0.000000000000000E+00  -9.996830476500000E-01   0.000000000000000E+00   0.000000000000000E+00   0.000000000000000E+00
   9.669182592700000E-01   1.395626324300000E+01   1.395626324300000E+01   0.000000000000000E+00  -9.996830476500000E-01   0.000000000000000E+00   0.000000000000000E+00   0.000000000000000E+00
   9.699886526600000E-01   1.400058055600000E+01   1.400058055600000E+01   0.000000000000000E+00  -9.996830476500000E-01   0.000000000000000E+00   0.000000000000000E+00   0.000000000000000E+00
   9.730590460500000E-01   1.404489786800000E+01   1.404489786800000E+01   0.000000000000000E+00  -9.996830476500000E-01   0.000000000000000E+00   0.000000000000000E+00   0.000000000000000E+00
   9.764266573800000E-01   1.409350515200000E+01   1.409350515200000E+01   0.000000000000000E+00  -9.996830476500000E-01   0.000000000000000E+00   0.000000000000000E+00   0.000000000000000E+00
   9.797942687100000E-01   1.414211243500000E+01   1.414211243500000E+01   0.000000000000000E+00  -9.996830476500000E-01   0.000000000000000E+00   0.000000000000000E+00   0.000000000000000E+00
   9.831618800300000E-01   1.419071971900000E+01   1.419071971900000E+01   0.000000000000000E+00  -9.996830476500000E-01   0.000000000000000E+00   0.000000000000000E+00   0.000000000000000E+00
   9.865294913600000E-01   1.423932700300000E+01   1.423932700300000E+01   0.000000000000000E+00  -9.996830476500000E-01   0.000000000000000E+00   0.000000000000000E+00   0.000000000000000E+00
   9.898971185200000E-01   1.428793451500000E+01   1.428793451500000E+01   0.000000000000000E+00  -9.996830476500000E-01   0.000000000000000E+00   0.000000000000000E+00   0.000000000000000E+00
   9.932647456800000E-01   1.433654202700000E+01   1.433654202700000E+01   0.000000000000000E+00  -9.996830476500000E-01   0.000000000000000E+00   0.000000000000000E+00   0.000000000000000E+00
   9.966323728399999E-01   1.438514954000000E+01   1.438514954000000E+01   0.000000000000000E+00  -9.996830476500000E-01   0.000000000000000E+00   0.000000000000000E+00   0.000000000000000E+00
   1.000000000000000E+00   1.443375705200000E+01   1.443375705200000E+01   0.000000000000000E+00  -9.996830476500000E-01   0.000000000000000E+00   0.000000000000000E+00   0.000000000000000E+00
