   0.000000000000000E+00   9.648901166900001E-31   0.000000000000000E+00   0.000000000000000E+00  -9.995500961600000E-01   0.000000000000000E+00   0.000000000000000E+00   0.000000000000000E+00
   7.423379738700000E-03   1.071472596500000E-01   1.071472596500000E-01   0.000000000000000E+00  -9.995500961600000E-01   0.000000000000000E+00   0.000000000000000E+00   0.000000000000000E+00
   1.484675947700000E-02   2.142945193100000E-01   2.142945193100000E-01   0.000000000000000E+00  -9.995500961600000E-01   0.000000000000000E+00   0.000000000000000E+00   0.000000000000000E+00
   2.227013921600000E-02   3.214417789600000E-01   3.214417789600000E-01   0.000000000000000E+00  -9.995500961600000E-01   0.000000000000000E+00   0.000000000000000E+00   0.000000000000000E+00
   2.969351895500000E-02   4.285890386100000E-01   4.285890386100000E-01   0.000000000000000E+00  -9.995500961600000E-01   0.000000000000000E+00   0.000000000000000E+00   0.000000000000000E+00
   3.748520098900000E-02   5.410522841199999E-01   5.410522841199999E-01   0.000000000000000E+00  -9.995500961600000E-01   0.000000000000000E+00   0.000000000000000E+00   0.000000000000000E+00
   4.527688302300000E-02   6.535155296200000E-01   6.535155296200000E-01   0.000000000000000E+00  -9.995500961600000E-01   0.000000000000000E+00   0.000000000000000E+00   0.000000000000000E+00
   5.306856505600000E-02   7.659787751200000E-01   7.659787751200000E-01   0.000000000000000E+00  -9.995500961600000E-01   0.000000000000000E+00   0.000000000000000E+00   0.000000000000000E+00
   6.086024709000000E-02   8.784420206300000E-01   8.784420206300000E-01   0.000000000000000E+00  -9.995500961600000E-01   0.000000000000000E+00   0.000000000000000E+00   0.000000000000000E+00
   6.717935759099999E-02   9.696505263800000E-01   9.696505263800000E-01   0.000000000000000E+00  -9.995500961600000E-01   0.000000000000000E+00   0.000000000000000E+00   0.000000000000000E+00
   7.349846809100000E-02   1.060859032100000E+00   1.060859032100000E+00   0.000000000000000E+00  -9.995500961600000E-01   0.000000000000000E+00   0.000000000000000E+00   0.000000000000000E+00
   7.981757859200000E-02   1.152067537900000E+00   1.152067537900000E+00   0.000000000000000E+00  -9.995500961600000E-01   0.000000000000000E+00   0.000000000000000E+00   0.000000000000000E+00
   8.613668909199999E-02   1.243276043600000E+00   1.243276043600000E+00   0.000000000000000E+00  -9.995500961600000E-01   0.000000000000000E+00   0.000000000000000E+00   0.000000000000000E+00
   9.266620073600000E-02   1.337521428400000E+00   1.337521428400000E+00   0.000000000000000E+00  -9.995500961600000E-01   0.000000000000000E+00   0.000000000000000E+00   0.000000000000000E+00
   9.919571238000000E-02   1.431766813100000E+00   1.431766813100000E+00   0.000000000000000E+00  -9.995500961600000E-01   0.000000000000000E+00   0.000000000000000E+00   0.000000000000000E+00
   1.057252240200000E-01   1.526012197800000E+00   1.526012197800000E+00   0.000000000000000E+00  -9.995500961600000E-01   0.000000000000000E+00   0.000000000000000E+00   0.000000000000000E+00
   1.122547356700000E-01   1.620257582600000E+00   1.620257582600000E+00   0.000000000000000E+00  -9.995500961600000E-01   0.000000000000000E+00   0.000000000000000E+00   0.000000000000000E+00
   1.191139699000000E-01   1.719262103000000E+00   1.719262103000000E+00   0.000000000000000E+00  -9.995500961600000E-01   0.000000000000000E+00   0.000000000000000E+00   0.000000000000000E+00
   1.259732041300000E-01   1.818266623500000E+00   1.818266623500000E+00   0.000000000000000E+00  -9.995500961600000E-01   0.000000000000000E+00   0.000000000000000E+00   0.000000000000000E+00
   1.328324383600000E-01   1.917271144000000E+00   1.917271144000000E+00   0.000000000000000E+00  -9.995500961600000E-01   0.000000000000000E+00   0.000000000000000E+00   0.000000000000000E+00
   1.396916726000000E-01   2.016275664500000E+00   2.016275664500000E+00   0.000000000000000E+00  -9.995500961600000E-01   0.000000000000000E+00   0.000000000000000E+00   0.000000000000000E+00
   1.446350987500000E-01   2.087627876500000E+00   2.087627876500000E+00   0.000000000000000E+00  -9.995500961600000E-01   0.000000000000000E+00   0.000000000000000E+00   0.000000000000000E+00
   1.495785249000000E-01   2.158980088600000E+00   2.158980088600000E+00   0.000000000000000E+00  -9.995500961600000E-01   0.000000000000000E+00   0.000000000000000E+00   0.000000000000000E+00
   1.545219510500000E-01   2.230332300600000E+00   2.230332300600000E+00   0.000000000000000E+00  -9.995500961600000E-01   0.000000000000000E+00   0.000000000000000E+00   0.000000000000000E+00
   1.594653772000000E-01   2.301684512700000E+00   2.301684512700000E+00   0.000000000000000E+00  -9.995500961600000E-01   0.000000000000000E+00   0.000000000000000E+00   0.000000000000000E+00
   1.641723631200000E-01   2.369624003900000E+00   2.369624003900000E+00   0.000000000000000E+00  -9.995500961600000E-01   0.000000000000000E+00   0.000000000000000E+00   0.000000000000000E+00
   1.688793490400000E-01   2.437563495100000E+00   2.437563495100000E+00   0.000000000000000E+00  -9.995500961600000E-01   0.000000000000000E+00   0.000000000000000E+00   0.000000000000000E+00
   1.735863349500000E-01   2.505502986300000E+00   2.505502986300000E+00   0.000000000000000E+00  -9.995500961600000E-01   0.000000000000000E+00   0.000000000000000E+00   0.000000000000000E+00
   1.782933208700000E-01   2.573442477500000E+00   2.573442477500000E+00   0.000000000000000E+00  -9.995500961600000E-01   0.000000000000000E+00   0.000000000000000E+00   0.000000000000000E+00
   1.839358251200000E-01   2.654885013000000E+00   2.654885013000000E+00   0.000000000000000E+00  -9.995500961600000E-01   0.000000000000000E+00   0.000000000000000E+00   0.000000000000000E+00
   1.895783293700000E-01   2.736327548500000E+00   2.736327548500000E+00   0.000000000000000E+00  -9.995500961600000E-01   0.000000000000000E+00   0.000000000000000E+00   0.000000000000000E+00
   1.952208336300000E-01   2.817770084000000E+00   2.817770084000000E+00   0.000000000000000E+00  -9.995500961600000E-01   0.000000000000000E+00   0.000000000000000E+00   0.000000000000000E+00
   2.008633378800000E-01   2.899212619600000E+00   2.899212619600000E+00   0.000000000000000E+00  -9.995500961600000E-01   0.000000000000000E+00   0.000000000000000E+00   0.000000000000000E+00
   2.082479865000000E-01   3.005800843800000E+00   3.005800843800000E+00   0.000000000000000E+00  -9.995500961600000E-01   0.000000000000000E+00   0.000000000000000E+00   0.000000000000000E+00
   2.156326351300000E-01   3.112389068000000E+00   3.112389068000000E+00   0.000000000000000E+00  -9.995500961600000E-01   0.000000000000000E+00   0.000000000000000E+00   0.000000000000000E+00
   2.230172837600000E-01   3.218977292200000E+00   3.218977292200000E+00   0.000000000000000E+00  -9.995500961600000E-01   0.000000000000000E+00   0.000000000000000E+00   0.000000000000000E+00
   2.304019323900000E-01   3.325565516500000E+00   3.325565516500000E+00   0.000000000000000E+00  -9.995500961600000E-01   0.000000000000000E+00   0.000000000000000E+00   0.000000000000000E+00
   2.354801503300000E-01   3.398863280500000E+00   3.398863280500000E+00   0.000000000000000E+00  -9.995500961600000E-01   0.000000000000000E+00   0.000000000000000E+00   0.000000000000000E+00
   2.405583682800000E-01   3.472161044500000E+00   3.472161044500000E+00   0.000000000000000E+00  -9.995500961600000E-01   0.000000000000000E+00   0.000000000000000E+00   0.000000000000000E+00
   2.456365862200000E-01   3.545458808500000E+00   3.545458808500000E+00   0.000000000000000E+00  -9.995500961600000E-01   0.000000000000000E+00   0.000000000000000E+00   0.000000000000000E+00
   2.507148041600000E-01   3.618756572600000E+00   3.618756572600000E+00   0.000000000000000E+00  -9.995500961600000E-01   0.000000000000000E+00   0.000000000000000E+00   0.000000000000000E+00
   2.556365262300000E-01   3.689795513200000E+00   3.689795513200000E+00   0.000000000000000E+00  -9.995500961600000E-01   0.000000000000000E+00   0.000000000000000E+00   0.000000000000000E+00
   2.605582483000000E-01   3.760834453800000E+00   3.760834453800000E+00   0.000000000000000E+00  -9.995500961600000E-01   0.000000000000000E+00   0.000000000000000E+00   0.000000000000000E+00
   2.654799703600000E-01   3.831873394400000E+00   3.831873394400000E+00   0.000000000000000E+00  -9.995500961600000E-01   0.000000000000000E+00   0.000000000000000E+00   0.000000000000000E+00
   2.704016924300000E-01   3.902912335000000E+00   3.902912335000000E+00   0.000000000000000E+00  -9.995500961600000E-01   0.000000000000000E+00   0.000000000000000E+00   0.000000000000000E+00
   2.749303847700000E-01   3.968278380000000E+00   3.968278380000000E+00   0.000000000000000E+00  -9.995500961600000E-01   0.000000000000000E+00   0.000000000000000E+00   0.000000000000000E+00
   2.794590771100000E-01   4.033644425000000E+00   4.033644425000000E+00   0.000000000000000E+00  -9.995500961600000E-01   0.000000000000000E+00   0.000000000000000E+00   0.000000000000000E+00
   2.839877694500000E-01   4.099010470000000E+00   4.099010470000000E+00   0.000000000000000E+00  -9.995500961600000E-01   0.000000000000000E+00   0.000000000000000E+00   0.000000000000000E+00
   2.885164618000000E-01   4.164376515100000E+00   4.164376515100000E+00   0.000000000000000E+00  -9.995500961600000E-01   0.000000000000000E+00   0.000000000000000E+00   0.000000000000000E+00
   2.932962893400000E-01   4.233367384500000E+00   4.233367384500000E+00   0.000000000000000E+00  -9.995500961600000E-01   0.000000000000000E+00   0.000000000000000E+00   0.000000000000000E+00
   2.980761168800000E-01   4.302358254000000E+00   4.302358254000000E+00   0.000000000000000E+00  -9.995500961600000E-01   0.000000000000000E+00   0.000000000000000E+00   0.000000000000000E+00
   3.028559444200000E-01   4.371349123400000E+00   4.371349123400000E+00   0.000000000000000E+00  -9.995500961600000E-01   0.000000000000000E+00   0.000000000000000E+00   0.000000000000000E+00
   3.076357719600000E-01   4.440339992900000E+00   4.440339992900000E+00   0.000000000000000E+00  -9.995500961600000E-01   0.000000000000000E+00   0.000000000000000E+00   0.000000000000000E+00
   3.114558992600000E-01   4.495478782300000E+00   4.495478782300000E+00   0.000000000000000E+00  -9.995500961600000E-01   0.000000000000000E+00   0.000000000000000E+00   0.000000000000000E+00
   3.152760265600000E-01   4.550617571700000E+00   4.550617571700000E+00   0.000000000000000E+00  -9.995500961600000E-01   0.000000000000000E+00   0.000000000000000E+00   0.000000000000000E+00
   3.190961538600000E-01   4.605756361100000E+00   4.605756361100000E+00   0.000000000000000E+00  -9.995500961600000E-01   0.000000000000000E+00   0.000000000000000E+00   0.000000000000000E+00
   3.229162811700000E-01   4.660895150500000E+00   4.660895150500000E+00   0.000000000000000E+00  -9.995500961600000E-01   0.000000000000000E+00   0.000000000000000E+00   0.000000000000000E+00
   3.265878481700000E-01   4.713889656600000E+00   4.713889656600000E+00   0.000000000000000E+00  -9.995500961600000E-01   0.000000000000000E+00   0.000000000000000E+00   0.000000000000000E+00
   3.302594151700000E-01   4.766884162800000E+00   4.766884162800000E+00   0.000000000000000E+00  -9.995500961600000E-01   0.000000000000000E+00   0.000000000000000E+00   0.000000000000000E+00
   3.339309821800000E-01   4.819878668900000E+00   4.819878668900000E+00   0.000000000000000E+00  -9.995500961600000E-01   0.000000000000000E+00   0.000000000000000E+00   0.000000000000000E+00
   3.376025491800000E-01   4.872873175000000E+00   4.872873175000000E+00   0.000000000000000E+00  -9.995500961600000E-01   0.000000000000000E+00   0.000000000000000E+00   0.000000000000000E+00
   3.414137560300000E-01   4.927883208800000E+00   4.927883208800000E+00   0.000000000000000E+00  -9.995500961600000E-01   0.000000000000000E+00   0.000000000000000E+00   0.000000000000000E+00
   3.452249628800000E-01   4.982893242500000E+00   4.982893242500000E+00   0.000000000000000E+00  -9.995500961600000E-01   0.000000000000000E+00   0.000000000000000E+00   0.000000000000000E+00
   3.490361697300000E-01   5.037903276300000E+00   5.037903276300000E+00   0.000000000000000E+00  -9.995500961600000E-01   0.000000000000000E+00   0.000000000000000E+00   0.000000000000000E+00
   3.528473765800000E-01   5.092913310000000E+00   5.092913310000000E+00   0.000000000000000E+00  -9.995500961600000E-01   0.000000000000000E+00   0.000000000000000E+00   0.000000000000000E+00
   3.568459315300000E-01   5.150627480700000E+00   5.150627480700000E+00   0.000000000000000E+00  -9.995500961600000E-01   0.000000000000000E+00   0.000000000000000E+00   0.000000000000000E+00
   3.608444864700000E-01   5.208341651300000E+00   5.208341651300000E+00   0.000000000000000E+00  -9.995500961600000E-01   0.000000000000000E+00   0.000000000000000E+00   0.000000000000000E+00
   3.648430414200000E-01   5.266055822000000E+00   5.266055822000000E+00   0.000000000000000E+00  -9.995500961600000E-01   0.000000000000000E+00   0.000000000000000E+00   0.000000000000000E+00
   3.688415963600000E-01   5.323769992600000E+00   5.323769992600000E+00   0.000000000000000E+00  -9.995500961600000E-01   0.000000000000000E+00   0.000000000000000E+00   0.000000000000000E+00
   3.729608487700000E-01   5.383226281100000E+00   5.383226281100000E+00   0.000000000000000E+00  -9.995500961600000E-01   0.000000000000000E+00   0.000000000000000E+00   0.000000000000000E+00
   3.770801011800000E-01   5.442682569600000E+00   5.442682569600000E+00   0.000000000000000E+00  -9.995500961600000E-01   0.000000000000000E+00   0.000000000000000E+00   0.000000000000000E+00
   3.811993535900000E-01   5.502138858100000E+00   5.502138858100000E+00   0.000000000000000E+00  -9.995500961600000E-01   0.000000000000000E+00   0.000000000000000E+00   0.000000000000000E+00
   3.853186060000000E-01   5.561595146600000E+00   5.561595146600000E+00   0.000000000000000E+00  -9.995500961600000E-01   0.000000000000000E+00   0.000000000000000E+00   0.000000000000000E+00
   3.900355193800000E-01   5.629677928300000E+00   5.629677928300000E+00   0.000000000000000E+00  -9.995500961600000E-01   0.000000000000000E+00   0.000000000000000E+00   0.000000000000000E+00
   3.947524327500000E-01   5.697760710100000E+00   5.697760710100000E+00   0.000000000000000E+00  -9.995500961600000E-01   0.000000000000000E+00   0.000000000000000E+00   0.000000000000000E+00
   3.994693461300000E-01   5.765843491800000E+00   5.765843491800000E+00   0.000000000000000E+00  -9.995500961600000E-01   0.000000000000000E+00   0.000000000000000E+00   0.000000000000000E+00
   4.041862595100000E-01   5.833926273500000E+00   5.833926273500000E+00   0.000000000000000E+00  -9.995500961600000E-01   0.000000000000000E+00   0.000000000000000E+00   0.000000000000000E+00
   4.090078743600000E-01   5.903520290900000E+00   5.903520290900000E+00   0.000000000000000E+00  -9.995500961600000E-01   0.000000000000000E+00   0.000000000000000E+00   0.000000000000000E+00
   4.138294892200000E-01   5.973114308400000E+00   5.973114308400000E+00   0.000000000000000E+00  -9.995500961600000E-01   0.000000000000000E+00   0.000000000000000E+00   0.000000000000000E+00
   4.186511040800000E-01   6.042708325900000E+00   6.042708325900000E+00   0.000000000000000E+00  -9.995500961600000E-01   0.000000000000000E+00   0.000000000000000E+00   0.000000000000000E+00
   4.234727189400000E-01   6.112302343300000E+00   6.112302343300000E+00   0.000000000000000E+00  -9.995500961600000E-01   0.000000000000000E+00   0.000000000000000E+00   0.000000000000000E+00
   4.276636455300000E-01   6.172793159500000E+00   6.172793159500000E+00   0.000000000000000E+00  -9.995500961600000E-01   0.000000000000000E+00   0.000000000000000E+00   0.000000000000000E+00
   4.318545721200000E-01   6.233283975700000E+00   6.233283975700000E+00   0.000000000000000E+00  -9.995500961600000E-01   0.000000000000000E+00   0.000000000000000E+00   0.000000000000000E+00
   4.360454987000000E-01   6.293774791900000E+00   6.293774791900000E+00   0.000000000000000E+00  -9.995500961600000E-01   0.000000000000000E+00   0.000000000000000E+00   0.000000000000000E+00
   4.402364252900000E-01   6.354265608100000E+00   6.354265608100000E+00   0.000000000000000E+00  -9.995500961600000E-01   0.000000000000000E+00   0.000000000000000E+00   0.000000000000000E+00
   4.436698816400000E-01   6.403823282900000E+00   6.403823282900000E+00   0.000000000000000E+00  -9.995500961600000E-01   0.000000000000000E+00   0.000000000000000E+00   0.000000000000000E+00
   4.471033379900000E-01   6.453380957600000E+00   6.453380957600000E+00   0.000000000000000E+00  -9.995500961600000E-01   0.000000000000000E+00   0.000000000000000E+00   0.000000000000000E+00
   4.505367943300000E-01   6.502938632400000E+00   6.502938632400000E+00   0.000000000000000E+00  -9.995500961600000E-01   0.000000000000000E+00   0.000000000000000E+00   0.000000000000000E+00
   4.539702506800000E-01   6.552496307100000E+00   6.552496307100000E+00   0.000000000000000E+00  -9.995500961600000E-01   0.000000000000000E+00   0.000000000000000E+00   0.000000000000000E+00
   4.570363625500000E-01   6.596751820900000E+00   6.596751820900000E+00   0.000000000000000E+00  -9.995500961600000E-01   0.000000000000000E+00   0.000000000000000E+00   0.000000000000000E+00
   4.601024744200000E-01   6.641007334800000E+00   6.641007334800000E+00   0.000000000000000E+00  -9.995500961600000E-01   0.000000000000000E+00   0.000000000000000E+00   0.000000000000000E+00
   4.631685862900000E-01   6.685262848600000E+00   6.685262848600000E+00   0.000000000000000E+00  -9.995500961600000E-01   0.000000000000000E+00   0.000000000000000E+00   0.000000000000000E+00
   4.662346981600000E-01   6.729518362400000E+00   6.729518362400000E+00   0.000000000000000E+00  -9.995500961600000E-01   0.000000000000000E+00   0.000000000000000E+00   0.000000000000000E+00
   4.690401441200000E-01   6.770011487800000E+00   6.770011487800000E+00   0.000000000000000E+00  -9.995500961600000E-01   0.000000000000000E+00   0.000000000000000E+00   0.000000000000000E+00
   4.718455900800000E-01   6.810504613200000E+00   6.810504613200000E+00   0.000000000000000E+00  -9.995500961600000E-01   0.000000000000000E+00   0.000000000000000E+00   0.000000000000000E+00
   4.746510360400000E-01   6.850997738600000E+00   6.850997738600000E+00   0.000000000000000E+00  -9.995500961600000E-01   0.000000000000000E+00   0.000000000000000E+00   0.000000000000000E+00
   4.774564820000000E-01   6.891490864000000E+00   6.891490864000000E+00   0.000000000000000E+00  -9.995500961600000E-01   0.000000000000000E+00   0.000000000000000E+00   0.000000000000000E+00
   4.800988164000000E-01   6.929629676900000E+00   6.929629676900000E+00   0.000000000000000E+00  -9.995500961600000E-01   0.000000000000000E+00   0.000000000000000E+00   0.000000000000000E+00
   4.827411508100000E-01   6.967768489700000E+00   6.967768489700000E+00   0.000000000000000E+00  -9.995500961600000E-01   0.000000000000000E+00   0.000000000000000E+00   0.000000000000000E+00
   4.853834852100000E-01   7.005907302600000E+00   7.005907302600000E+00   0.000000000000000E+00  -9.995500961600000E-01   0.000000000000000E+00   0.000000000000000E+00   0.000000000000000E+00
   4.880258196200000E-01   7.044046115400000E+00   7.044046115400000E+00   0.000000000000000E+00  -9.995500961600000E-01   0.000000000000000E+00   0.000000000000000E+00   0.000000000000000E+00
   4.908117302900000E-01   7.084257273300000E+00   7.084257273300000E+00   0.000000000000000E+00  -9.995500961600000E-01   0.000000000000000E+00   0.000000000000000E+00   0.000000000000000E+00
   4.935976409700000E-01   7.124468431200000E+00   7.124468431200000E+00   0.000000000000000E+00  -9.995500961600000E-01   0.000000000000000E+00   0.000000000000000E+00   0.000000000000000E+00
   4.963835516400000E-01   7.164679589000000E+00   7.164679589000000E+00   0.000000000000000E+00  -9.995500961600000E-01   0.000000000000000E+00   0.000000000000000E+00   0.000000000000000E+00
   4.991694623200000E-01   7.204890746900000E+00   7.204890746900000E+00   0.000000000000000E+00  -9.995500961600000E-01   0.000000000000000E+00   0.000000000000000E+00   0.000000000000000E+00
   5.018308766500000E-01   7.243304954800000E+00   7.243304954800000E+00   0.000000000000000E+00  -9.995500961600000E-01   0.000000000000000E+00   0.000000000000000E+00   0.000000000000000E+00
   5.044922909800000E-01   7.281719162600000E+00   7.281719162600000E+00   0.000000000000000E+00  -9.995500961600000E-01   0.000000000000000E+00   0.000000000000000E+00   0.000000000000000E+00
   5.071537053100000E-01   7.320133370500000E+00   7.320133370500000E+00   0.000000000000000E+00  -9.995500961600000E-01   0.000000000000000E+00   0.000000000000000E+00   0.000000000000000E+00
   5.098151196500000E-01   7.358547578400000E+00   7.358547578400000E+00   0.000000000000000E+00  -9.995500961600000E-01   0.000000000000000E+00   0.000000000000000E+00   0.000000000000000E+00
   5.127272809900000E-01   7.400581007700000E+00   7.400581007700000E+00   0.000000000000000E+00  -9.995500961600000E-01   0.000000000000000E+00   0.000000000000000E+00   0.000000000000000E+00
   5.156394423300000E-01   7.442614437100000E+00   7.442614437100000E+00   0.000000000000000E+00  -9.995500961600000E-01   0.000000000000000E+00   0.000000000000000E+00   0.000000000000000E+00
   5.185516036800000E-01   7.484647866400000E+00   7.484647866400000E+00   0.000000000000000E+00  -9.995500961600000E-01   0.000000000000000E+00   0.000000000000000E+00   0.000000000000000E+00
   5.214637650200000E-01   7.526681295700000E+00   7.526681295700000E+00   0.000000000000000E+00  -9.995500961600000E-01   0.000000000000000E+00   0.000000000000000E+00   0.000000000000000E+00
   5.244862990500000E-01   7.570307817600000E+00   7.570307817600000E+00   0.000000000000000E+00  -9.995500961600000E-01   0.000000000000000E+00   0.000000000000000E+00   0.000000000000000E+00
   5.275088330900000E-01   7.613934339500000E+00   7.613934339500000E+00   0.000000000000000E+00  -9.995500961600000E-01   0.000000000000000E+00   0.000000000000000E+00   0.000000000000000E+00
   5.305313671200000E-01   7.657560861500000E+00   7.657560861500000E+00   0.000000000000000E+00  -9.995500961600000E-01   0.000000000000000E+00   0.000000000000000E+00   0.000000000000000E+00
   5.335539011500000E-01   7.701187383400000E+00   7.701187383400000E+00   0.000000000000000E+00  -9.995500961600000E-01   0.000000000000000E+00   0.000000000000000E+00   0.000000000000000E+00
   5.365609827300000E-01   7.744590868300000E+00   7.744590868300000E+00   0.000000000000000E+00  -9.995500961600000E-01   0.000000000000000E+00   0.000000000000000E+00   0.000000000000000E+00
   5.395680643000000E-01   7.787994353200000E+00   7.787994353200000E+00   0.000000000000000E+00  -9.995500961600000E-01   0.000000000000000E+00   0.000000000000000E+00   0.000000000000000E+00
   5.425751458800000E-01   7.831397838100000E+00   7.831397838100000E+00   0.000000000000000E+00  -9.995500961600000E-01   0.000000000000000E+00   0.000000000000000E+00   0.000000000000000E+00
   5.455822274600000E-01   7.874801323000000E+00   7.874801323000000E+00   0.000000000000000E+00  -9.995500961600000E-01   0.000000000000000E+00   0.000000000000000E+00   0.000000000000000E+00
   5.485938871600000E-01   7.918270887400000E+00   7.918270887400000E+00   0.000000000000000E+00  -9.995500961600000E-01   0.000000000000000E+00   0.000000000000000E+00   0.000000000000000E+00
   5.516055468600000E-01   7.961740451900000E+00   7.961740451900000E+00   0.000000000000000E+00  -9.995500961600000E-01   0.000000000000000E+00   0.000000000000000E+00   0.000000000000000E+00
   5.546172065600000E-01   8.005210016300000E+00   8.005210016300000E+00   0.000000000000000E+00  -9.995500961600000E-01   0.000000000000000E+00   0.000000000000000E+00   0.000000000000000E+00
   5.576288662600000E-01   8.048679580800000E+00   8.048679580800000E+00   0.000000000000000E+00  -9.995500961600000E-01   0.000000000000000E+00   0.000000000000000E+00   0.000000000000000E+00
   5.606998692700000E-01   8.093005692100000E+00   8.093005692100000E+00   0.000000000000000E+00  -9.995500961600000E-01   0.000000000000000E+00   0.000000000000000E+00   0.000000000000000E+00
   5.637708722800000E-01   8.137331803500000E+00   8.137331803500000E+00   0.000000000000000E+00  -9.995500961600000E-01   0.000000000000000E+00   0.000000000000000E+00   0.000000000000000E+00
   5.668418752900000E-01   8.181657914900001E+00   8.181657914900001E+00   0.000000000000000E+00  -9.995500961600000E-01   0.000000000000000E+00   0.000000000000000E+00   0.000000000000000E+00
   5.699128783000000E-01   8.225984026200001E+00   8.225984026200001E+00   0.000000000000000E+00  -9.995500961600000E-01   0.000000000000000E+00   0.000000000000000E+00   0.000000000000000E+00
   5.728930382500000E-01   8.268998930900000E+00   8.268998930900000E+00   0.000000000000000E+00  -9.995500961600000E-01   0.000000000000000E+00   0.000000000000000E+00   0.000000000000000E+00
   5.758731982000000E-01   8.312013835600000E+00   8.312013835600000E+00   0.000000000000000E+00  -9.995500961600000E-01   0.000000000000000E+00   0.000000000000000E+00   0.000000000000000E+00
   5.788533581500001E-01   8.355028740200000E+00   8.355028740200000E+00   0.000000000000000E+00  -9.995500961600000E-01   0.000000000000000E+00   0.000000000000000E+00   0.000000000000000E+00
   5.818335180999999E-01   8.398043644900000E+00   8.398043644900000E+00   0.000000000000000E+00  -9.995500961600000E-01   0.000000000000000E+00   0.000000000000000E+00   0.000000000000000E+00
   5.852258998600000E-01   8.447008459199999E+00   8.447008459199999E+00   0.000000000000000E+00  -9.995500961600000E-01   0.000000000000000E+00   0.000000000000000E+00   0.000000000000000E+00
   5.886182816300000E-01   8.495973273400001E+00   8.495973273400001E+00   0.000000000000000E+00  -9.995500961600000E-01   0.000000000000000E+00   0.000000000000000E+00   0.000000000000000E+00
   5.920106634000000E-01   8.544938087700000E+00   8.544938087700000E+00   0.000000000000000E+00  -9.995500961600000E-01   0.000000000000000E+00   0.000000000000000E+00   0.000000000000000E+00
   5.954030451700000E-01   8.593902902000000E+00   8.593902902000000E+00   0.000000000000000E+00  -9.995500961600000E-01   0.000000000000000E+00   0.000000000000000E+00   0.000000000000000E+00
   5.995558344000000E-01   8.653843252900000E+00   8.653843252900000E+00   0.000000000000000E+00  -9.995500961600000E-01   0.000000000000000E+00   0.000000000000000E+00   0.000000000000000E+00
   6.037086236400000E-01   8.713783603800000E+00   8.713783603800000E+00   0.000000000000000E+00  -9.995500961600000E-01   0.000000000000000E+00   0.000000000000000E+00   0.000000000000000E+00
   6.078614128800000E-01   8.773723954799999E+00   8.773723954799999E+00   0.000000000000000E+00  -9.995500961600000E-01   0.000000000000000E+00   0.000000000000000E+00   0.000000000000000E+00
   6.120142021200000E-01   8.833664305699999E+00   8.833664305699999E+00   0.000000000000000E+00  -9.995500961600000E-01   0.000000000000000E+00   0.000000000000000E+00   0.000000000000000E+00
   6.145792026800000E-01   8.870686900700001E+00   8.870686900700001E+00   0.000000000000000E+00  -9.995500961600000E-01   0.000000000000000E+00   0.000000000000000E+00   0.000000000000000E+00
   6.171442032400000E-01   8.907709495600001E+00   8.907709495600001E+00   0.000000000000000E+00  -9.995500961600000E-01   0.000000000000000E+00   0.000000000000000E+00   0.000000000000000E+00
   6.197092038000001E-01   8.944732090500001E+00   8.944732090500001E+00   0.000000000000000E+00  -9.995500961600000E-01   0.000000000000000E+00   0.000000000000000E+00   0.000000000000000E+00
   6.222742043600000E-01   8.981754685500000E+00   8.981754685500000E+00   0.000000000000000E+00  -9.995500961600000E-01   0.000000000000000E+00   0.000000000000000E+00   0.000000000000000E+00
   6.247823819600000E-01   9.017957111499999E+00   9.017957111499999E+00   0.000000000000000E+00  -9.995500961600000E-01   0.000000000000000E+00   0.000000000000000E+00   0.000000000000000E+00
   6.272905595500000E-01   9.054159537600000E+00   9.054159537600000E+00   0.000000000000000E+00  -9.995500961600000E-01   0.000000000000000E+00   0.000000000000000E+00   0.000000000000000E+00
   6.297987371500000E-01   9.090361963599999E+00   9.090361963599999E+00   0.000000000000000E+00  -9.995500961600000E-01   0.000000000000000E+00   0.000000000000000E+00   0.000000000000000E+00
   6.323069147400000E-01   9.126564389700000E+00   9.126564389700000E+00   0.000000000000000E+00  -9.995500961600000E-01   0.000000000000000E+00   0.000000000000000E+00   0.000000000000000E+00
   6.347272353300000E-01   9.161498709000000E+00   9.161498709000000E+00   0.000000000000000E+00  -9.995500961600000E-01   0.000000000000000E+00   0.000000000000000E+00   0.000000000000000E+00
   6.371475559100001E-01   9.196433028300000E+00   9.196433028300000E+00   0.000000000000000E+00  -9.995500961600000E-01   0.000000000000000E+00   0.000000000000000E+00   0.000000000000000E+00
   6.395678765000000E-01   9.231367347600001E+00   9.231367347600001E+00   0.000000000000000E+00  -9.995500961600000E-01   0.000000000000000E+00   0.000000000000000E+00   0.000000000000000E+00
   6.419881970800000E-01   9.266301666900000E+00   9.266301666900000E+00   0.000000000000000E+00  -9.995500961600000E-01   0.000000000000000E+00   0.000000000000000E+00   0.000000000000000E+00
   6.443921943900000E-01   9.301000380000000E+00   9.301000380000000E+00   0.000000000000000E+00  -9.995500961600000E-01   0.000000000000000E+00   0.000000000000000E+00   0.000000000000000E+00
   6.467961917000000E-01   9.335699093100001E+00   9.335699093100001E+00   0.000000000000000E+00  -9.995500961600000E-01   0.000000000000000E+00   0.000000000000000E+00   0.000000000000000E+00
   6.492001890000000E-01   9.370397806200000E+00   9.370397806200000E+00   0.000000000000000E+00  -9.995500961600000E-01   0.000000000000000E+00   0.000000000000000E+00   0.000000000000000E+00
   6.516041863100001E-01   9.405096519300001E+00   9.405096519300001E+00   0.000000000000000E+00  -9.995500961600000E-01   0.000000000000000E+00   0.000000000000000E+00   0.000000000000000E+00
   6.541044409300000E-01   9.441184587000000E+00   9.441184587000000E+00   0.000000000000000E+00  -9.995500961600000E-01   0.000000000000000E+00   0.000000000000000E+00   0.000000000000000E+00
   6.566046955400000E-01   9.477272654600000E+00   9.477272654600000E+00   0.000000000000000E+00  -9.995500961600000E-01   0.000000000000000E+00   0.000000000000000E+00   0.000000000000000E+00
   6.591049501600000E-01   9.513360722300000E+00   9.513360722300000E+00   0.000000000000000E+00  -9.995500961600000E-01   0.000000000000000E+00   0.000000000000000E+00   0.000000000000000E+00
   6.616052047700000E-01   9.549448790000000E+00   9.549448790000000E+00   0.000000000000000E+00  -9.995500961600000E-01   0.000000000000000E+00   0.000000000000000E+00   0.000000000000000E+00
   6.640491066200001E-01   9.584723475600001E+00   9.584723475600001E+00   0.000000000000000E+00  -9.995500961600000E-01   0.000000000000000E+00   0.000000000000000E+00   0.000000000000000E+00
   6.664930084700000E-01   9.619998161200000E+00   9.619998161200000E+00   0.000000000000000E+00  -9.995500961600000E-01   0.000000000000000E+00   0.000000000000000E+00   0.000000000000000E+00
   6.689369103300000E-01   9.655272846800001E+00   9.655272846800001E+00   0.000000000000000E+00  -9.995500961600000E-01   0.000000000000000E+00   0.000000000000000E+00   0.000000000000000E+00
   6.713808121800000E-01   9.690547532400000E+00   9.690547532400000E+00   0.000000000000000E+00  -9.995500961600000E-01   0.000000000000000E+00   0.000000000000000E+00   0.000000000000000E+00
   6.736209392600000E-01   9.722880982400000E+00   9.722880982400000E+00   0.000000000000000E+00  -9.995500961600000E-01   0.000000000000000E+00   0.000000000000000E+00   0.000000000000000E+00
   6.758610663400000E-01   9.755214432400001E+00   9.755214432400001E+00   0.000000000000000E+00  -9.995500961600000E-01   0.000000000000000E+00   0.000000000000000E+00   0.000000000000000E+00
   6.781011934200000E-01   9.787547882500000E+00   9.787547882500000E+00   0.000000000000000E+00  -9.995500961600000E-01   0.000000000000000E+00   0.000000000000000E+00   0.000000000000000E+00
   6.803413205000000E-01   9.819881332500000E+00   9.819881332500000E+00   0.000000000000000E+00  -9.995500961600000E-01   0.000000000000000E+00   0.000000000000000E+00   0.000000000000000E+00
   6.824588276500000E-01   9.850444916200001E+00   9.850444916200001E+00   0.000000000000000E+00  -9.995500961600000E-01   0.000000000000000E+00   0.000000000000000E+00   0.000000000000000E+00
   6.845763347900000E-01   9.881008500000000E+00   9.881008500000000E+00   0.000000000000000E+00  -9.995500961600000E-01   0.000000000000000E+00   0.000000000000000E+00   0.000000000000000E+00
   6.866938419400000E-01   9.911572083699999E+00   9.911572083699999E+00   0.000000000000000E+00  -9.995500961600000E-01   0.000000000000000E+00   0.000000000000000E+00   0.000000000000000E+00
   6.888113490900000E-01   9.942135667400001E+00   9.942135667400001E+00   0.000000000000000E+00  -9.995500961600000E-01   0.000000000000000E+00   0.000000000000000E+00   0.000000000000000E+00
   6.911703913900000E-01   9.976185510900001E+00   9.976185510900001E+00   0.000000000000000E+00  -9.995500961600000E-01   0.000000000000000E+00   0.000000000000000E+00   0.000000000000000E+00
   6.935294336900000E-01   1.001023535400000E+01   1.001023535400000E+01   0.000000000000000E+00  -9.995500961600000E-01   0.000000000000000E+00   0.000000000000000E+00   0.000000000000000E+00
   6.958884759900000E-01   1.004428519800000E+01   1.004428519800000E+01   0.000000000000000E+00  -9.995500961600000E-01   0.000000000000000E+00   0.000000000000000E+00   0.000000000000000E+00
   6.982475182900000E-01   1.007833504100000E+01   1.007833504100000E+01   0.000000000000000E+00  -9.995500961600000E-01   0.000000000000000E+00   0.000000000000000E+00   0.000000000000000E+00
   7.007292898900001E-01   1.011415633000000E+01   1.011415633000000E+01   0.000000000000000E+00  -9.995500961600000E-01   0.000000000000000E+00   0.000000000000000E+00   0.000000000000000E+00
   7.032110615000000E-01   1.014997761800000E+01   1.014997761800000E+01   0.000000000000000E+00  -9.995500961600000E-01   0.000000000000000E+00   0.000000000000000E+00   0.000000000000000E+00
   7.056928331000000E-01   1.018579890600000E+01   1.018579890600000E+01   0.000000000000000E+00  -9.995500961600000E-01   0.000000000000000E+00   0.000000000000000E+00   0.000000000000000E+00
   7.081746047100000E-01   1.022162019500000E+01   1.022162019500000E+01   0.000000000000000E+00  -9.995500961600000E-01   0.000000000000000E+00   0.000000000000000E+00   0.000000000000000E+00
   7.101370154100000E-01   1.024994515400000E+01   1.024994515400000E+01   0.000000000000000E+00  -9.995500961600000E-01   0.000000000000000E+00   0.000000000000000E+00   0.000000000000000E+00
   7.120994261100000E-01   1.027827011300000E+01   1.027827011300000E+01   0.000000000000000E+00  -9.995500961600000E-01   0.000000000000000E+00   0.000000000000000E+00   0.000000000000000E+00
   7.140618368100000E-01   1.030659507300000E+01   1.030659507300000E+01   0.000000000000000E+00  -9.995500961600000E-01   0.000000000000000E+00   0.000000000000000E+00   0.000000000000000E+00
   7.160242475100000E-01   1.033492003200000E+01   1.033492003200000E+01   0.000000000000000E+00  -9.995500961600000E-01   0.000000000000000E+00   0.000000000000000E+00   0.000000000000000E+00
   7.177968271200000E-01   1.036050501500000E+01   1.036050501500000E+01   0.000000000000000E+00  -9.995500961600000E-01   0.000000000000000E+00   0.000000000000000E+00   0.000000000000000E+00
   7.195694067200000E-01   1.038608999900000E+01   1.038608999900000E+01   0.000000000000000E+00  -9.995500961600000E-01   0.000000000000000E+00   0.000000000000000E+00   0.000000000000000E+00
   7.213419863200000E-01   1.041167498200000E+01   1.041167498200000E+01   0.000000000000000E+00  -9.995500961600000E-01   0.000000000000000E+00   0.000000000000000E+00   0.000000000000000E+00
   7.231145659200000E-01   1.043725996500000E+01   1.043725996500000E+01   0.000000000000000E+00  -9.995500961600000E-01   0.000000000000000E+00   0.000000000000000E+00   0.000000000000000E+00
   7.256477125500000E-01   1.047382278800000E+01   1.047382278800000E+01   0.000000000000000E+00  -9.995500961600000E-01   0.000000000000000E+00   0.000000000000000E+00   0.000000000000000E+00
   7.281808591800000E-01   1.051038561100000E+01   1.051038561100000E+01   0.000000000000000E+00  -9.995500961600000E-01   0.000000000000000E+00   0.000000000000000E+00   0.000000000000000E+00
   7.307140058000000E-01   1.054694843400000E+01   1.054694843400000E+01   0.000000000000000E+00  -9.995500961600000E-01   0.000000000000000E+00   0.000000000000000E+00   0.000000000000000E+00
   7.332471524300000E-01   1.058351125700000E+01   1.058351125700000E+01   0.000000000000000E+00  -9.995500961600000E-01   0.000000000000000E+00   0.000000000000000E+00   0.000000000000000E+00
   7.356003803000000E-01   1.061747717700000E+01   1.061747717700000E+01   0.000000000000000E+00  -9.995500961600000E-01   0.000000000000000E+00   0.000000000000000E+00   0.000000000000000E+00
   7.379536081700000E-01   1.065144309600000E+01   1.065144309600000E+01   0.000000000000000E+00  -9.995500961600000E-01   0.000000000000000E+00   0.000000000000000E+00   0.000000000000000E+00
   7.403068360400000E-01   1.068540901500000E+01   1.068540901500000E+01   0.000000000000000E+00  -9.995500961600000E-01   0.000000000000000E+00   0.000000000000000E+00   0.000000000000000E+00
   7.426600639099999E-01   1.071937493500000E+01   1.071937493500000E+01   0.000000000000000E+00  -9.995500961600000E-01   0.000000000000000E+00   0.000000000000000E+00   0.000000000000000E+00
   7.446494697900000E-01   1.074808953600000E+01   1.074808953600000E+01   0.000000000000000E+00  -9.995500961600000E-01   0.000000000000000E+00   0.000000000000000E+00   0.000000000000000E+00
   7.466388756600000E-01   1.077680413700000E+01   1.077680413700000E+01   0.000000000000000E+00  -9.995500961600000E-01   0.000000000000000E+00   0.000000000000000E+00   0.000000000000000E+00
   7.486282815400001E-01   1.080551873800000E+01   1.080551873800000E+01   0.000000000000000E+00  -9.995500961600000E-01   0.000000000000000E+00   0.000000000000000E+00   0.000000000000000E+00
   7.506176874100000E-01   1.083423333900000E+01   1.083423333900000E+01   0.000000000000000E+00  -9.995500961600000E-01   0.000000000000000E+00   0.000000000000000E+00   0.000000000000000E+00
   7.527781966800000E-01   1.086541760500000E+01   1.086541760500000E+01   0.000000000000000E+00  -9.995500961600000E-01   0.000000000000000E+00   0.000000000000000E+00   0.000000000000000E+00
   7.549387059500000E-01   1.089660187100000E+01   1.089660187100000E+01   0.000000000000000E+00  -9.995500961600000E-01   0.000000000000000E+00   0.000000000000000E+00   0.000000000000000E+00
   7.570992152200000E-01   1.092778613700000E+01   1.092778613700000E+01   0.000000000000000E+00  -9.995500961600000E-01   0.000000000000000E+00   0.000000000000000E+00   0.000000000000000E+00
   7.592597245000000E-01   1.095897040300000E+01   1.095897040300000E+01   0.000000000000000E+00  -9.995500961600000E-01   0.000000000000000E+00   0.000000000000000E+00   0.000000000000000E+00
   7.617302415900000E-01   1.099462924600000E+01   1.099462924600000E+01   0.000000000000000E+00  -9.995500961600000E-01   0.000000000000000E+00   0.000000000000000E+00   0.000000000000000E+00
   7.642007586900000E-01   1.103028809000000E+01   1.103028809000000E+01   0.000000000000000E+00  -9.995500961600000E-01   0.000000000000000E+00   0.000000000000000E+00   0.000000000000000E+00
   7.666712757900001E-01   1.106594693400000E+01   1.106594693400000E+01   0.000000000000000E+00  -9.995500961600000E-01   0.000000000000000E+00   0.000000000000000E+00   0.000000000000000E+00
   7.691417928900000E-01   1.110160577700000E+01   1.110160577700000E+01   0.000000000000000E+00  -9.995500961600000E-01   0.000000000000000E+00   0.000000000000000E+00   0.000000000000000E+00
   7.714860299300000E-01   1.113544192500000E+01   1.113544192500000E+01   0.000000000000000E+00  -9.995500961600000E-01   0.000000000000000E+00   0.000000000000000E+00   0.000000000000000E+00
   7.738302669600000E-01   1.116927807300000E+01   1.116927807300000E+01   0.000000000000000E+00  -9.995500961600000E-01   0.000000000000000E+00   0.000000000000000E+00   0.000000000000000E+00
   7.761745040000000E-01   1.120311422100000E+01   1.120311422100000E+01   0.000000000000000E+00  -9.995500961600000E-01   0.000000000000000E+00   0.000000000000000E+00   0.000000000000000E+00
   7.785187410300000E-01   1.123695036800000E+01   1.123695036800000E+01   0.000000000000000E+00  -9.995500961600000E-01   0.000000000000000E+00   0.000000000000000E+00   0.000000000000000E+00
   7.807046629600000E-01   1.126850143500000E+01   1.126850143500000E+01   0.000000000000000E+00  -9.995500961600000E-01   0.000000000000000E+00   0.000000000000000E+00   0.000000000000000E+00
   7.828905849000000E-01   1.130005250100000E+01   1.130005250100000E+01   0.000000000000000E+00  -9.995500961600000E-01   0.000000000000000E+00   0.000000000000000E+00   0.000000000000000E+00
   7.850765068300000E-01   1.133160356700000E+01   1.133160356700000E+01   0.000000000000000E+00  -9.995500961600000E-01   0.000000000000000E+00   0.000000000000000E+00   0.000000000000000E+00
   7.872624287600000E-01   1.136315463300000E+01   1.136315463300000E+01   0.000000000000000E+00  -9.995500961600000E-01   0.000000000000000E+00   0.000000000000000E+00   0.000000000000000E+00
   7.891502613400000E-01   1.139040315000000E+01   1.139040315000000E+01   0.000000000000000E+00  -9.995500961600000E-01   0.000000000000000E+00   0.000000000000000E+00   0.000000000000000E+00
   7.910380939100000E-01   1.141765166600000E+01   1.141765166600000E+01   0.000000000000000E+00  -9.995500961600000E-01   0.000000000000000E+00   0.000000000000000E+00   0.000000000000000E+00
   7.929259264800000E-01   1.144490018300000E+01   1.144490018300000E+01   0.000000000000000E+00  -9.995500961600000E-01   0.000000000000000E+00   0.000000000000000E+00   0.000000000000000E+00
   7.948137590500000E-01   1.147214870000000E+01   1.147214870000000E+01   0.000000000000000E+00  -9.995500961600000E-01   0.000000000000000E+00   0.000000000000000E+00   0.000000000000000E+00
   7.968050538900000E-01   1.150089056600000E+01   1.150089056600000E+01   0.000000000000000E+00  -9.995500961600000E-01   0.000000000000000E+00   0.000000000000000E+00   0.000000000000000E+00
   7.987963487400001E-01   1.152963243200000E+01   1.152963243200000E+01   0.000000000000000E+00  -9.995500961600000E-01   0.000000000000000E+00   0.000000000000000E+00   0.000000000000000E+00
   8.007876435800000E-01   1.155837429800000E+01   1.155837429800000E+01   0.000000000000000E+00  -9.995500961600000E-01   0.000000000000000E+00   0.000000000000000E+00   0.000000000000000E+00
   8.027789384300000E-01   1.158711616400000E+01   1.158711616400000E+01   0.000000000000000E+00  -9.995500961600000E-01   0.000000000000000E+00   0.000000000000000E+00   0.000000000000000E+00
   8.046749391900000E-01   1.161448257800000E+01   1.161448257800000E+01   0.000000000000000E+00  -9.995500961600000E-01   0.000000000000000E+00   0.000000000000000E+00   0.000000000000000E+00
   8.065709399600000E-01   1.164184899300000E+01   1.164184899300000E+01   0.000000000000000E+00  -9.995500961600000E-01   0.000000000000000E+00   0.000000000000000E+00   0.000000000000000E+00
   8.084669407300000E-01   1.166921540700000E+01   1.166921540700000E+01   0.000000000000000E+00  -9.995500961600000E-01   0.000000000000000E+00   0.000000000000000E+00   0.000000000000000E+00
   8.103629414900000E-01   1.169658182100000E+01   1.169658182100000E+01   0.000000000000000E+00  -9.995500961600000E-01   0.000000000000000E+00   0.000000000000000E+00   0.000000000000000E+00
   8.121154804900000E-01   1.172187754400000E+01   1.172187754400000E+01   0.000000000000000E+00  -9.995500961600000E-01   0.000000000000000E+00   0.000000000000000E+00   0.000000000000000E+00
   8.138680194900000E-01   1.174717326600000E+01   1.174717326600000E+01   0.000000000000000E+00  -9.995500961600000E-01   0.000000000000000E+00   0.000000000000000E+00   0.000000000000000E+00
   8.156205585000000E-01   1.177246898800000E+01   1.177246898800000E+01   0.000000000000000E+00  -9.995500961600000E-01   0.000000000000000E+00   0.000000000000000E+00   0.000000000000000E+00
   8.173730975000000E-01   1.179776471000000E+01   1.179776471000000E+01   0.000000000000000E+00  -9.995500961600000E-01   0.000000000000000E+00   0.000000000000000E+00   0.000000000000000E+00
   8.197203762800001E-01   1.183164476200000E+01   1.183164476200000E+01   0.000000000000000E+00  -9.995500961600000E-01   0.000000000000000E+00   0.000000000000000E+00   0.000000000000000E+00
   8.220676550700000E-01   1.186552481400000E+01   1.186552481400000E+01   0.000000000000000E+00  -9.995500961600000E-01   0.000000000000000E+00   0.000000000000000E+00   0.000000000000000E+00
   8.244149338500000E-01   1.189940486500000E+01   1.189940486500000E+01   0.000000000000000E+00  -9.995500961600000E-01   0.000000000000000E+00   0.000000000000000E+00   0.000000000000000E+00
   8.267622126400000E-01   1.193328491700000E+01   1.193328491700000E+01   0.000000000000000E+00  -9.995500961600000E-01   0.000000000000000E+00   0.000000000000000E+00   0.000000000000000E+00
   8.294490114100000E-01   1.197206551800000E+01   1.197206551800000E+01   0.000000000000000E+00  -9.995500961600000E-01   0.000000000000000E+00   0.000000000000000E+00   0.000000000000000E+00
   8.321358101800000E-01   1.201084611800000E+01   1.201084611800000E+01   0.000000000000000E+00  -9.995500961600000E-01   0.000000000000000E+00   0.000000000000000E+00   0.000000000000000E+00
   8.348226089600000E-01   1.204962671900000E+01   1.204962671900000E+01   0.000000000000000E+00  -9.995500961600000E-01   0.000000000000000E+00   0.000000000000000E+00   0.000000000000000E+00
   8.375094077300000E-01   1.208840732000000E+01   1.208840732000000E+01   0.000000000000000E+00  -9.995500961600000E-01   0.000000000000000E+00   0.000000000000000E+00   0.000000000000000E+00
   8.402574540000000E-01   1.212807195200000E+01   1.212807195200000E+01   0.000000000000000E+00  -9.995500961600000E-01   0.000000000000000E+00   0.000000000000000E+00   0.000000000000000E+00
   8.430055002700000E-01   1.216773658400000E+01   1.216773658400000E+01   0.000000000000000E+00  -9.995500961600000E-01   0.000000000000000E+00   0.000000000000000E+00   0.000000000000000E+00
   8.457535465500000E-01   1.220740121700000E+01   1.220740121700000E+01   0.000000000000000E+00  -9.995500961600000E-01   0.000000000000000E+00   0.000000000000000E+00   0.000000000000000E+00
   8.485015928200000E-01   1.224706584900000E+01   1.224706584900000E+01   0.000000000000000E+00  -9.995500961600000E-01   0.000000000000000E+00   0.000000000000000E+00   0.000000000000000E+00
   8.510770179600000E-01   1.228423891000000E+01   1.228423891000000E+01   0.000000000000000E+00  -9.995500961600000E-01   0.000000000000000E+00   0.000000000000000E+00   0.000000000000000E+00
   8.536524431000000E-01   1.232141197000000E+01   1.232141197000000E+01   0.000000000000000E+00  -9.995500961600000E-01   0.000000000000000E+00   0.000000000000000E+00   0.000000000000000E+00
   8.562278682300000E-01   1.235858503100000E+01   1.235858503100000E+01   0.000000000000000E+00  -9.995500961600000E-01   0.000000000000000E+00   0.000000000000000E+00   0.000000000000000E+00
   8.588032933700001E-01   1.239575809200000E+01   1.239575809200000E+01   0.000000000000000E+00  -9.995500961600000E-01   0.000000000000000E+00   0.000000000000000E+00   0.000000000000000E+00
   8.611813910400000E-01   1.243008297600000E+01   1.243008297600000E+01   0.000000000000000E+00  -9.995500961600000E-01   0.000000000000000E+00   0.000000000000000E+00   0.000000000000000E+00
   8.635594887000000E-01   1.246440786000000E+01   1.246440786000000E+01   0.000000000000000E+00  -9.995500961600000E-01   0.000000000000000E+00   0.000000000000000E+00   0.000000000000000E+00
   8.659375863700000E-01   1.249873274400000E+01   1.249873274400000E+01   0.000000000000000E+00  -9.995500961600000E-01   0.000000000000000E+00   0.000000000000000E+00   0.000000000000000E+00
   8.683156840400000E-01   1.253305762800000E+01   1.253305762800000E+01   0.000000000000000E+00  -9.995500961600000E-01   0.000000000000000E+00   0.000000000000000E+00   0.000000000000000E+00
   8.705720974500000E-01   1.256562615100000E+01   1.256562615100000E+01   0.000000000000000E+00  -9.995500961600000E-01   0.000000000000000E+00   0.000000000000000E+00   0.000000000000000E+00
   8.728285108600000E-01   1.259819467400000E+01   1.259819467400000E+01   0.000000000000000E+00  -9.995500961600000E-01   0.000000000000000E+00   0.000000000000000E+00   0.000000000000000E+00
   8.750849242800000E-01   1.263076319700000E+01   1.263076319700000E+01   0.000000000000000E+00  -9.995500961600000E-01   0.000000000000000E+00   0.000000000000000E+00   0.000000000000000E+00
   8.773413376900000E-01   1.266333172000000E+01   1.266333172000000E+01   0.000000000000000E+00  -9.995500961600000E-01   0.000000000000000E+00   0.000000000000000E+00   0.000000000000000E+00
   8.798972621600000E-01   1.270022331300000E+01   1.270022331300000E+01   0.000000000000000E+00  -9.995500961600000E-01   0.000000000000000E+00   0.000000000000000E+00   0.000000000000000E+00
   8.824531866200001E-01   1.273711490500000E+01   1.273711490500000E+01   0.000000000000000E+00  -9.995500961600000E-01   0.000000000000000E+00   0.000000000000000E+00   0.000000000000000E+00
   8.850091110900000E-01   1.277400649800000E+01   1.277400649800000E+01   0.000000000000000E+00  -9.995500961600000E-01   0.000000000000000E+00   0.000000000000000E+00   0.000000000000000E+00
   8.875650355500000E-01   1.281089809100000E+01   1.281089809100000E+01   0.000000000000000E+00  -9.995500961600000E-01   0.000000000000000E+00   0.000000000000000E+00   0.000000000000000E+00
   8.901859062700000E-01   1.284872710200000E+01   1.284872710200000E+01   0.000000000000000E+00  -9.995500961600000E-01   0.000000000000000E+00   0.000000000000000E+00   0.000000000000000E+00
   8.928067770000000E-01   1.288655611400000E+01   1.288655611400000E+01   0.000000000000000E+00  -9.995500961600000E-01   0.000000000000000E+00   0.000000000000000E+00   0.000000000000000E+00
   8.954276477200001E-01   1.292438512500000E+01   1.292438512500000E+01   0.000000000000000E+00  -9.995500961600000E-01   0.000000000000000E+00   0.000000000000000E+00   0.000000000000000E+00
   8.980485184400000E-01   1.296221413600000E+01   1.296221413600000E+01   0.000000000000000E+00  -9.995500961600000E-01   0.000000000000000E+00   0.000000000000000E+00   0.000000000000000E+00
   9.007523664500000E-01   1.300124082100000E+01   1.300124082100000E+01   0.000000000000000E+00  -9.995500961600000E-01   0.000000000000000E+00   0.000000000000000E+00   0.000000000000000E+00
   9.034562144500000E-01   1.304026750700000E+01   1.304026750700000E+01   0.000000000000000E+00  -9.995500961600000E-01   0.000000000000000E+00   0.000000000000000E+00   0.000000000000000E+00
   9.061600624600000E-01   1.307929419200000E+01   1.307929419200000E+01   0.000000000000000E+00  -9.995500961600000E-01   0.000000000000000E+00   0.000000000000000E+00   0.000000000000000E+00
   9.088639104600000E-01   1.311832087700000E+01   1.311832087700000E+01   0.000000000000000E+00  -9.995500961600000E-01   0.000000000000000E+00   0.000000000000000E+00   0.000000000000000E+00
   9.115404651900000E-01   1.315695361800000E+01   1.315695361800000E+01   0.000000000000000E+00  -9.995500961600000E-01   0.000000000000000E+00   0.000000000000000E+00   0.000000000000000E+00
   9.142170199200000E-01   1.319558635800000E+01   1.319558635800000E+01   0.000000000000000E+00  -9.995500961600000E-01   0.000000000000000E+00   0.000000000000000E+00   0.000000000000000E+00
   9.168935746500000E-01   1.323421909900000E+01   1.323421909900000E+01   0.000000000000000E+00  -9.995500961600000E-01   0.000000000000000E+00   0.000000000000000E+00   0.000000000000000E+00
   9.195701293800000E-01   1.327285184000000E+01   1.327285184000000E+01   0.000000000000000E+00  -9.995500961600000E-01   0.000000000000000E+00   0.000000000000000E+00   0.000000000000000E+00
   9.219940871900000E-01   1.330783865800000E+01   1.330783865800000E+01   0.000000000000000E+00  -9.995500961600000E-01   0.000000000000000E+00   0.000000000000000E+00   0.000000000000000E+00
   9.244180450000000E-01   1.334282547600000E+01   1.334282547600000E+01   0.000000000000000E+00  -9.995500961600000E-01   0.000000000000000E+00   0.000000000000000E+00   0.000000000000000E+00
   9.268420028100000E-01   1.337781229400000E+01   1.337781229400000E+01   0.000000000000000E+00  -9.995500961600000E-01   0.000000000000000E+00   0.000000000000000E+00   0.000000000000000E+00
   9.292659606100000E-01   1.341279911200000E+01   1.341279911200000E+01   0.000000000000000E+00  -9.995500961600000E-01   0.000000000000000E+00   0.000000000000000E+00   0.000000000000000E+00
   9.318288432800000E-01   1.344979113800000E+01   1.344979113800000E+01   0.000000000000000E+00  -9.995500961600000E-01   0.000000000000000E+00   0.000000000000000E+00   0.000000000000000E+00
   9.343917259500000E-01   1.348678316400000E+01   1.348678316400000E+01   0.000000000000000E+00  -9.995500961600000E-01   0.000000000000000E+00   0.000000000000000E+00   0.000000000000000E+00
   9.369546086100000E-01   1.352377518900000E+01   1.352377518900000E+01   0.000000000000000E+00  -9.995500961600000E-01   0.000000000000000E+00   0.000000000000000E+00   0.000000000000000E+00
   9.395174912800000E-01   1.356076721500000E+01   1.356076721500000E+01   0.000000000000000E+00  -9.995500961600000E-01   0.000000000000000E+00   0.000000000000000E+00   0.000000000000000E+00
   9.424263442500000E-01   1.360275289200000E+01   1.360275289200000E+01   0.000000000000000E+00  -9.995500961600000E-01   0.000000000000000E+00   0.000000000000000E+00   0.000000000000000E+00
   9.453351972100000E-01   1.364473856900000E+01   1.364473856900000E+01   0.000000000000000E+00  -9.995500961600000E-01   0.000000000000000E+00   0.000000000000000E+00   0.000000000000000E+00
   9.482440501800000E-01   1.368672424600000E+01   1.368672424600000E+01   0.000000000000000E+00  -9.995500961600000E-01   0.000000000000000E+00   0.000000000000000E+00   0.000000000000000E+00
   9.511529031400000E-01   1.372870992300000E+01   1.372870992300000E+01   0.000000000000000E+00  -9.995500961600000E-01   0.000000000000000E+00   0.000000000000000E+00   0.000000000000000E+00
   9.542935629300000E-01   1.377404144400000E+01   1.377404144400000E+01   0.000000000000000E+00  -9.995500961600000E-01   0.000000000000000E+00   0.000000000000000E+00   0.000000000000000E+00
   9.574342227100000E-01   1.381937296400000E+01   1.381937296400000E+01   0.000000000000000E+00  -9.995500961600000E-01   0.000000000000000E+00   0.000000000000000E+00   0.000000000000000E+00
   9.605748824900000E-01   1.386470448400000E+01   1.386470448400000E+01   0.000000000000000E+00  -9.995500961600000E-01   0.000000000000000E+00   0.000000000000000E+00   0.000000000000000E+00
   9.637155422800000E-01   1.391003600400000E+01   1.391003600400000E+01   0.000000000000000E+00  -9.995500961600000E-01   0.000000000000000E+00   0.000000000000000E+00   0.000000000000000E+00
   9.670327278200000E-01   1.395791545500000E+01   1.395791545500000E+01   0.000000000000000E+00  -9.995500961600000E-01   0.000000000000000E+00   0.000000000000000E+00   0.000000000000000E+00
   9.703499133600000E-01   1.400579490500000E+01   1.400579490500000E+01   0.000000000000000E+00  -9.995500961600000E-01   0.000000000000000E+00   0.000000000000000E+00   0.000000000000000E+00
   9.736670989000000E-01   1.405367435500000E+01   1.405367435500000E+01   0.000000000000000E+00  -9.995500961600000E-01   0.000000000000000E+00   0.000000000000000E+00   0.000000000000000E+00
   9.769842844400000E-01   1.410155380500000E+01   1.410155380500000E+01   0.000000000000000E+00  -9.995500961600000E-01   0.000000000000000E+00   0.000000000000000E+00   0.000000000000000E+00
   9.798612428100000E-01   1.414307912300000E+01   1.414307912300000E+01   0.000000000000000E+00  -9.995500961600000E-01   0.000000000000000E+00   0.000000000000000E+00   0.000000000000000E+00
   9.827382011800000E-01   1.418460444200000E+01   1.418460444200000E+01   0.000000000000000E+00  -9.995500961600000E-01   0.000000000000000E+00   0.000000000000000E+00   0.000000000000000E+00
   9.856151595500000E-01   1.422612976000000E+01   1.422612976000000E+01   0.000000000000000E+00  -9.995500961600000E-01   0.000000000000000E+00   0.000000000000000E+00   0.000000000000000E+00
   9.884921179100000E-01   1.426765507800000E+01   1.426765507800000E+01   0.000000000000000E+00  -9.995500961600000E-01   0.000000000000000E+00   0.000000000000000E+00   0.000000000000000E+00
   9.913690884300000E-01   1.430918057100000E+01   1.430918057100000E+01   0.000000000000000E+00  -9.995500961600000E-01   0.000000000000000E+00   0.000000000000000E+00   0.000000000000000E+00
   9.942460589600000E-01   1.435070606500000E+01   1.435070606500000E+01   0.000000000000000E+00  -9.995500961600000E-01   0.000000000000000E+00   0.000000000000000E+00   0.000000000000000E+00
   9.971230294800000E-01   1.439223155800000E+01   1.439223155800000E+01   0.000000000000000E+00  -9.995500961600000E-01   0.000000000000000E+00   0.000000000000000E+00   0.000000000000000E+00
   1.000000000000000E+00   1.443375705200000E+01   1.443375705200000E+01   0.000000000000000E+00  -9.995500961600000E-01   0.000000000000000E+00   0.000000000000000E+00   0.000000000000000E+00
