   0.000000000000000E+00   1.375545134600000E-30   0.000000000000000E+00   0.000000000000000E+00  -9.998913977900000E-01   0.000000000000000E+00   0.000000000000000E+00   0.000000000000000E+00
   5.378960362300000E-03   7.763860706200000E-02   7.763860706200000E-02   0.000000000000000E+00  -9.998913977900000E-01   0.000000000000000E+00   0.000000000000000E+00   0.000000000000000E+00
   1.075792072500000E-02   1.552772141200000E-01   1.552772141200000E-01   0.000000000000000E+00  -9.998913977900000E-01   0.000000000000000E+00   0.000000000000000E+00   0.000000000000000E+00
   1.613688108700000E-02   2.329158211900000E-01   2.329158211900000E-01   0.000000000000000E+00  -9.998913977900000E-01   0.000000000000000E+00   0.000000000000000E+00   0.000000000000000E+00
   2.151584144900000E-02   3.105544282500000E-01   3.105544282500000E-01   0.000000000000000E+00  -9.998913977900000E-01   0.000000000000000E+00   0.000000000000000E+00   0.000000000000000E+00
   2.795232744700000E-02   4.034571034100000E-01   4.034571034100000E-01   0.000000000000000E+00  -9.998913977900000E-01   0.000000000000000E+00   0.000000000000000E+00   0.000000000000000E+00
   3.438881344500000E-02   4.963597785700000E-01   4.963597785700000E-01   0.000000000000000E+00  -9.998913977900000E-01   0.000000000000000E+00   0.000000000000000E+00   0.000000000000000E+00
   4.082529944300000E-02   5.892624537300000E-01   5.892624537300000E-01   0.000000000000000E+00  -9.998913977900000E-01   0.000000000000000E+00   0.000000000000000E+00   0.000000000000000E+00
   4.726178544100000E-02   6.821651289000000E-01   6.821651289000000E-01   0.000000000000000E+00  -9.998913977900000E-01   0.000000000000000E+00   0.000000000000000E+00   0.000000000000000E+00
   5.320742091600000E-02   7.679829868600000E-01   7.679829868600000E-01   0.000000000000000E+00  -9.998913977900000E-01   0.000000000000000E+00   0.000000000000000E+00   0.000000000000000E+00
   5.915305639000000E-02   8.538008448200000E-01   8.538008448200000E-01   0.000000000000000E+00  -9.998913977900000E-01   0.000000000000000E+00   0.000000000000000E+00   0.000000000000000E+00
   6.509869186500000E-02   9.396187027900000E-01   9.396187027900000E-01   0.000000000000000E+00  -9.998913977900000E-01   0.000000000000000E+00   0.000000000000000E+00   0.000000000000000E+00
   7.104432734000000E-02   1.025436560700000E+00   1.025436560700000E+00   0.000000000000000E+00  -9.998913977900000E-01   0.000000000000000E+00   0.000000000000000E+00   0.000000000000000E+00
   7.859488397300000E-02   1.134419460800000E+00   1.134419460800000E+00   0.000000000000000E+00  -9.998913977900000E-01   0.000000000000000E+00   0.000000000000000E+00   0.000000000000000E+00
   8.614544060700000E-02   1.243402360900000E+00   1.243402360900000E+00   0.000000000000000E+00  -9.998913977900000E-01   0.000000000000000E+00   0.000000000000000E+00   0.000000000000000E+00
   9.369599724000000E-02   1.352385260900000E+00   1.352385260900000E+00   0.000000000000000E+00  -9.998913977900000E-01   0.000000000000000E+00   0.000000000000000E+00   0.000000000000000E+00
   1.012465538700000E-01   1.461368161000000E+00   1.461368161000000E+00   0.000000000000000E+00  -9.998913977900000E-01   0.000000000000000E+00   0.000000000000000E+00   0.000000000000000E+00
   1.071433461300000E-01   1.546481027800000E+00   1.546481027800000E+00   0.000000000000000E+00  -9.998913977900000E-01   0.000000000000000E+00   0.000000000000000E+00   0.000000000000000E+00
   1.130401383900000E-01   1.631593894600000E+00   1.631593894600000E+00   0.000000000000000E+00  -9.998913977900000E-01   0.000000000000000E+00   0.000000000000000E+00   0.000000000000000E+00
   1.189369306500000E-01   1.716706761500000E+00   1.716706761500000E+00   0.000000000000000E+00  -9.998913977900000E-01   0.000000000000000E+00   0.000000000000000E+00   0.000000000000000E+00
   1.248337229100000E-01   1.801819628300000E+00   1.801819628300000E+00   0.000000000000000E+00  -9.998913977900000E-01   0.000000000000000E+00   0.000000000000000E+00   0.000000000000000E+00
   1.295011838400000E-01   1.869188625500000E+00   1.869188625500000E+00   0.000000000000000E+00  -9.998913977900000E-01   0.000000000000000E+00   0.000000000000000E+00   0.000000000000000E+00
   1.341686447700000E-01   1.936557622600000E+00   1.936557622600000E+00   0.000000000000000E+00  -9.998913977900000E-01   0.000000000000000E+00   0.000000000000000E+00   0.000000000000000E+00
   1.388361057100000E-01   2.003926619800000E+00   2.003926619800000E+00   0.000000000000000E+00  -9.998913977900000E-01   0.000000000000000E+00   0.000000000000000E+00   0.000000000000000E+00
   1.435035666400000E-01   2.071295617000000E+00   2.071295617000000E+00   0.000000000000000E+00  -9.998913977900000E-01   0.000000000000000E+00   0.000000000000000E+00   0.000000000000000E+00
   1.486812716000000E-01   2.146029352400000E+00   2.146029352400000E+00   0.000000000000000E+00  -9.998913977900000E-01   0.000000000000000E+00   0.000000000000000E+00   0.000000000000000E+00
   1.538589765500000E-01   2.220763087800000E+00   2.220763087800000E+00   0.000000000000000E+00  -9.998913977900000E-01   0.000000000000000E+00   0.000000000000000E+00   0.000000000000000E+00
   1.590366815100000E-01   2.295496823300000E+00   2.295496823300000E+00   0.000000000000000E+00  -9.998913977900000E-01   0.000000000000000E+00   0.000000000000000E+00   0.000000000000000E+00
   1.642143864700000E-01   2.370230558700000E+00   2.370230558700000E+00   0.000000000000000E+00  -9.998913977900000E-01   0.000000000000000E+00   0.000000000000000E+00   0.000000000000000E+00
   1.691195776400000E-01   2.441030896400000E+00   2.441030896400000E+00   0.000000000000000E+00  -9.998913977900000E-01   0.000000000000000E+00   0.000000000000000E+00   0.000000000000000E+00
   1.740247688100000E-01   2.511831234000000E+00   2.511831234000000E+00   0.000000000000000E+00  -9.998913977900000E-01   0.000000000000000E+00   0.000000000000000E+00   0.000000000000000E+00
   1.789299599800000E-01   2.582631571700000E+00   2.582631571700000E+00   0.000000000000000E+00  -9.998913977900000E-01   0.000000000000000E+00   0.000000000000000E+00   0.000000000000000E+00
   1.838351511500000E-01   2.653431909300000E+00   2.653431909300000E+00   0.000000000000000E+00  -9.998913977900000E-01   0.000000000000000E+00   0.000000000000000E+00   0.000000000000000E+00
   1.889287984800000E-01   2.726952377400000E+00   2.726952377400000E+00   0.000000000000000E+00  -9.998913977900000E-01   0.000000000000000E+00   0.000000000000000E+00   0.000000000000000E+00
   1.940224458100000E-01   2.800472845500000E+00   2.800472845500000E+00   0.000000000000000E+00  -9.998913977900000E-01   0.000000000000000E+00   0.000000000000000E+00   0.000000000000000E+00
   1.991160931400000E-01   2.873993313600000E+00   2.873993313600000E+00   0.000000000000000E+00  -9.998913977900000E-01   0.000000000000000E+00   0.000000000000000E+00   0.000000000000000E+00
   2.042097404700000E-01   2.947513781700000E+00   2.947513781700000E+00   0.000000000000000E+00  -9.998913977900000E-01   0.000000000000000E+00   0.000000000000000E+00   0.000000000000000E+00
   2.087036042100000E-01   3.012377119000000E+00   3.012377119000000E+00   0.000000000000000E+00  -9.998913977900000E-01   0.000000000000000E+00   0.000000000000000E+00   0.000000000000000E+00
   2.131974679400000E-01   3.077240456400000E+00   3.077240456400000E+00   0.000000000000000E+00  -9.998913977900000E-01   0.000000000000000E+00   0.000000000000000E+00   0.000000000000000E+00
   2.176913316800000E-01   3.142103793800000E+00   3.142103793800000E+00   0.000000000000000E+00  -9.998913977900000E-01   0.000000000000000E+00   0.000000000000000E+00   0.000000000000000E+00
   2.221851954100000E-01   3.206967131200000E+00   3.206967131200000E+00   0.000000000000000E+00  -9.998913977900000E-01   0.000000000000000E+00   0.000000000000000E+00   0.000000000000000E+00
   2.268381685900000E-01   3.274127015600000E+00   3.274127015600000E+00   0.000000000000000E+00  -9.998913977900000E-01   0.000000000000000E+00   0.000000000000000E+00   0.000000000000000E+00
   2.314911417700000E-01   3.341286900000000E+00   3.341286900000000E+00   0.000000000000000E+00  -9.998913977900000E-01   0.000000000000000E+00   0.000000000000000E+00   0.000000000000000E+00
   2.361441149500000E-01   3.408446784400000E+00   3.408446784400000E+00   0.000000000000000E+00  -9.998913977900000E-01   0.000000000000000E+00   0.000000000000000E+00   0.000000000000000E+00
   2.407970881300000E-01   3.475606668900000E+00   3.475606668900000E+00   0.000000000000000E+00  -9.998913977900000E-01   0.000000000000000E+00   0.000000000000000E+00   0.000000000000000E+00
   2.464836905500000E-01   3.557685706700000E+00   3.557685706700000E+00   0.000000000000000E+00  -9.998913977900000E-01   0.000000000000000E+00   0.000000000000000E+00   0.000000000000000E+00
   2.521702929700000E-01   3.639764744500000E+00   3.639764744500000E+00   0.000000000000000E+00  -9.998913977900000E-01   0.000000000000000E+00   0.000000000000000E+00   0.000000000000000E+00
   2.578568953900000E-01   3.721843782300000E+00   3.721843782300000E+00   0.000000000000000E+00  -9.998913977900000E-01   0.000000000000000E+00   0.000000000000000E+00   0.000000000000000E+00
   2.635434978200000E-01   3.803922820100000E+00   3.803922820100000E+00   0.000000000000000E+00  -9.998913977900000E-01   0.000000000000000E+00   0.000000000000000E+00   0.000000000000000E+00
   2.684901791600000E-01   3.875322016800000E+00   3.875322016800000E+00   0.000000000000000E+00  -9.998913977900000E-01   0.000000000000000E+00   0.000000000000000E+00   0.000000000000000E+00
   2.734368605000000E-01   3.946721213500000E+00   3.946721213500000E+00   0.000000000000000E+00  -9.998913977900000E-01   0.000000000000000E+00   0.000000000000000E+00   0.000000000000000E+00
   2.783835418400000E-01   4.018120410200000E+00   4.018120410200000E+00   0.000000000000000E+00  -9.998913977900000E-01   0.000000000000000E+00   0.000000000000000E+00   0.000000000000000E+00
   2.833302231800000E-01   4.089519606900000E+00   4.089519606900000E+00   0.000000000000000E+00  -9.998913977900000E-01   0.000000000000000E+00   0.000000000000000E+00   0.000000000000000E+00
   2.882051073800000E-01   4.159882501100000E+00   4.159882501100000E+00   0.000000000000000E+00  -9.998913977900000E-01   0.000000000000000E+00   0.000000000000000E+00   0.000000000000000E+00
   2.930799915900000E-01   4.230245395400000E+00   4.230245395400000E+00   0.000000000000000E+00  -9.998913977900000E-01   0.000000000000000E+00   0.000000000000000E+00   0.000000000000000E+00
   2.979548757900000E-01   4.300608289600000E+00   4.300608289600000E+00   0.000000000000000E+00  -9.998913977900000E-01   0.000000000000000E+00   0.000000000000000E+00   0.000000000000000E+00
   3.028297599900000E-01   4.370971183900000E+00   4.370971183900000E+00   0.000000000000000E+00  -9.998913977900000E-01   0.000000000000000E+00   0.000000000000000E+00   0.000000000000000E+00
   3.070342162100000E-01   4.431657283400000E+00   4.431657283400000E+00   0.000000000000000E+00  -9.998913977900000E-01   0.000000000000000E+00   0.000000000000000E+00   0.000000000000000E+00
   3.112386724200000E-01   4.492343382900000E+00   4.492343382900000E+00   0.000000000000000E+00  -9.998913977900000E-01   0.000000000000000E+00   0.000000000000000E+00   0.000000000000000E+00
   3.154431286300000E-01   4.553029482400000E+00   4.553029482400000E+00   0.000000000000000E+00  -9.998913977900000E-01   0.000000000000000E+00   0.000000000000000E+00   0.000000000000000E+00
   3.196475848400000E-01   4.613715581900000E+00   4.613715581900000E+00   0.000000000000000E+00  -9.998913977900000E-01   0.000000000000000E+00   0.000000000000000E+00   0.000000000000000E+00
   3.238052708100000E-01   4.673726611100000E+00   4.673726611100000E+00   0.000000000000000E+00  -9.998913977900000E-01   0.000000000000000E+00   0.000000000000000E+00   0.000000000000000E+00
   3.279629567800000E-01   4.733737640200000E+00   4.733737640200000E+00   0.000000000000000E+00  -9.998913977900000E-01   0.000000000000000E+00   0.000000000000000E+00   0.000000000000000E+00
   3.321206427500000E-01   4.793748669400000E+00   4.793748669400000E+00   0.000000000000000E+00  -9.998913977900000E-01   0.000000000000000E+00   0.000000000000000E+00   0.000000000000000E+00
   3.362783287200000E-01   4.853759698500000E+00   4.853759698500000E+00   0.000000000000000E+00  -9.998913977900000E-01   0.000000000000000E+00   0.000000000000000E+00   0.000000000000000E+00
   3.404650337200000E-01   4.914189581400000E+00   4.914189581400000E+00   0.000000000000000E+00  -9.998913977900000E-01   0.000000000000000E+00   0.000000000000000E+00   0.000000000000000E+00
   3.446517387300000E-01   4.974619464300000E+00   4.974619464300000E+00   0.000000000000000E+00  -9.998913977900000E-01   0.000000000000000E+00   0.000000000000000E+00   0.000000000000000E+00
   3.488384437300000E-01   5.035049347200000E+00   5.035049347200000E+00   0.000000000000000E+00  -9.998913977900000E-01   0.000000000000000E+00   0.000000000000000E+00   0.000000000000000E+00
   3.530251487400000E-01   5.095479230100000E+00   5.095479230100000E+00   0.000000000000000E+00  -9.998913977900000E-01   0.000000000000000E+00   0.000000000000000E+00   0.000000000000000E+00
   3.568150602200000E-01   5.150181891700000E+00   5.150181891700000E+00   0.000000000000000E+00  -9.998913977900000E-01   0.000000000000000E+00   0.000000000000000E+00   0.000000000000000E+00
   3.606049717100000E-01   5.204884553400000E+00   5.204884553400000E+00   0.000000000000000E+00  -9.998913977900000E-01   0.000000000000000E+00   0.000000000000000E+00   0.000000000000000E+00
   3.643948831900000E-01   5.259587215000000E+00   5.259587215000000E+00   0.000000000000000E+00  -9.998913977900000E-01   0.000000000000000E+00   0.000000000000000E+00   0.000000000000000E+00
   3.681847946800000E-01   5.314289876700000E+00   5.314289876700000E+00   0.000000000000000E+00  -9.998913977900000E-01   0.000000000000000E+00   0.000000000000000E+00   0.000000000000000E+00
   3.710603244000000E-01   5.355794574100000E+00   5.355794574100000E+00   0.000000000000000E+00  -9.998913977900000E-01   0.000000000000000E+00   0.000000000000000E+00   0.000000000000000E+00
   3.739358541200000E-01   5.397299271400000E+00   5.397299271400000E+00   0.000000000000000E+00  -9.998913977900000E-01   0.000000000000000E+00   0.000000000000000E+00   0.000000000000000E+00
   3.768113838400000E-01   5.438803968800000E+00   5.438803968800000E+00   0.000000000000000E+00  -9.998913977900000E-01   0.000000000000000E+00   0.000000000000000E+00   0.000000000000000E+00
   3.796869135700000E-01   5.480308666200000E+00   5.480308666200000E+00   0.000000000000000E+00  -9.998913977900000E-01   0.000000000000000E+00   0.000000000000000E+00   0.000000000000000E+00
   3.832799186400000E-01   5.532169228500000E+00   5.532169228500000E+00   0.000000000000000E+00  -9.998913977900000E-01   0.000000000000000E+00   0.000000000000000E+00   0.000000000000000E+00
   3.868729237100000E-01   5.584029790900000E+00   5.584029790900000E+00   0.000000000000000E+00  -9.998913977900000E-01   0.000000000000000E+00   0.000000000000000E+00   0.000000000000000E+00
   3.904659287900000E-01   5.635890353200000E+00   5.635890353200000E+00   0.000000000000000E+00  -9.998913977900000E-01   0.000000000000000E+00   0.000000000000000E+00   0.000000000000000E+00
   3.940589338600000E-01   5.687750915500000E+00   5.687750915500000E+00   0.000000000000000E+00  -9.998913977900000E-01   0.000000000000000E+00   0.000000000000000E+00   0.000000000000000E+00
   3.978027138200000E-01   5.741787725900000E+00   5.741787725900000E+00   0.000000000000000E+00  -9.998913977900000E-01   0.000000000000000E+00   0.000000000000000E+00   0.000000000000000E+00
   4.015464937900000E-01   5.795824536400000E+00   5.795824536400000E+00   0.000000000000000E+00  -9.998913977900000E-01   0.000000000000000E+00   0.000000000000000E+00   0.000000000000000E+00
   4.052902737500000E-01   5.849861346800000E+00   5.849861346800000E+00   0.000000000000000E+00  -9.998913977900000E-01   0.000000000000000E+00   0.000000000000000E+00   0.000000000000000E+00
   4.090340537100000E-01   5.903898157300000E+00   5.903898157300000E+00   0.000000000000000E+00  -9.998913977900000E-01   0.000000000000000E+00   0.000000000000000E+00   0.000000000000000E+00
   4.125509463000000E-01   5.954660130400000E+00   5.954660130400000E+00   0.000000000000000E+00  -9.998913977900000E-01   0.000000000000000E+00   0.000000000000000E+00   0.000000000000000E+00
   4.160678388800000E-01   6.005422103500000E+00   6.005422103500000E+00   0.000000000000000E+00  -9.998913977900000E-01   0.000000000000000E+00   0.000000000000000E+00   0.000000000000000E+00
   4.195847314600000E-01   6.056184076700000E+00   6.056184076700000E+00   0.000000000000000E+00  -9.998913977900000E-01   0.000000000000000E+00   0.000000000000000E+00   0.000000000000000E+00
   4.231016240500000E-01   6.106946049800000E+00   6.106946049800000E+00   0.000000000000000E+00  -9.998913977900000E-01   0.000000000000000E+00   0.000000000000000E+00   0.000000000000000E+00
   4.265836170300000E-01   6.157204290600000E+00   6.157204290600000E+00   0.000000000000000E+00  -9.998913977900000E-01   0.000000000000000E+00   0.000000000000000E+00   0.000000000000000E+00
   4.300656100200000E-01   6.207462531500000E+00   6.207462531500000E+00   0.000000000000000E+00  -9.998913977900000E-01   0.000000000000000E+00   0.000000000000000E+00   0.000000000000000E+00
   4.335476030100000E-01   6.257720772300000E+00   6.257720772300000E+00   0.000000000000000E+00  -9.998913977900000E-01   0.000000000000000E+00   0.000000000000000E+00   0.000000000000000E+00
   4.370295960000000E-01   6.307979013100000E+00   6.307979013100000E+00   0.000000000000000E+00  -9.998913977900000E-01   0.000000000000000E+00   0.000000000000000E+00   0.000000000000000E+00
   4.407897562600000E-01   6.362252252800000E+00   6.362252252800000E+00   0.000000000000000E+00  -9.998913977900000E-01   0.000000000000000E+00   0.000000000000000E+00   0.000000000000000E+00
   4.445499165100000E-01   6.416525492500000E+00   6.416525492500000E+00   0.000000000000000E+00  -9.998913977900000E-01   0.000000000000000E+00   0.000000000000000E+00   0.000000000000000E+00
   4.483100767700000E-01   6.470798732100000E+00   6.470798732100000E+00   0.000000000000000E+00  -9.998913977900000E-01   0.000000000000000E+00   0.000000000000000E+00   0.000000000000000E+00
   4.520702370300000E-01   6.525071971800000E+00   6.525071971800000E+00   0.000000000000000E+00  -9.998913977900000E-01   0.000000000000000E+00   0.000000000000000E+00   0.000000000000000E+00
   4.554174860100000E-01   6.573385350300000E+00   6.573385350300000E+00   0.000000000000000E+00  -9.998913977900000E-01   0.000000000000000E+00   0.000000000000000E+00   0.000000000000000E+00
   4.587647349900000E-01   6.621698728900000E+00   6.621698728900000E+00   0.000000000000000E+00  -9.998913977900000E-01   0.000000000000000E+00   0.000000000000000E+00   0.000000000000000E+00
   4.621119839700000E-01   6.670012107400000E+00   6.670012107400000E+00   0.000000000000000E+00  -9.998913977900000E-01   0.000000000000000E+00   0.000000000000000E+00   0.000000000000000E+00
   4.654592329500000E-01   6.718325486000000E+00   6.718325486000000E+00   0.000000000000000E+00  -9.998913977900000E-01   0.000000000000000E+00   0.000000000000000E+00   0.000000000000000E+00
   4.684239316400000E-01   6.761117226600000E+00   6.761117226600000E+00   0.000000000000000E+00  -9.998913977900000E-01   0.000000000000000E+00   0.000000000000000E+00   0.000000000000000E+00
   4.713886303200000E-01   6.803908967200000E+00   6.803908967200000E+00   0.000000000000000E+00  -9.998913977900000E-01   0.000000000000000E+00   0.000000000000000E+00   0.000000000000000E+00
   4.743533290100000E-01   6.846700707700000E+00   6.846700707700000E+00   0.000000000000000E+00  -9.998913977900000E-01   0.000000000000000E+00   0.000000000000000E+00   0.000000000000000E+00
   4.773180277000000E-01   6.889492448300000E+00   6.889492448300000E+00   0.000000000000000E+00  -9.998913977900000E-01   0.000000000000000E+00   0.000000000000000E+00   0.000000000000000E+00
   4.800048908400000E-01   6.928273978200000E+00   6.928273978200000E+00   0.000000000000000E+00  -9.998913977900000E-01   0.000000000000000E+00   0.000000000000000E+00   0.000000000000000E+00
   4.826917539900000E-01   6.967055508000000E+00   6.967055508000000E+00   0.000000000000000E+00  -9.998913977900000E-01   0.000000000000000E+00   0.000000000000000E+00   0.000000000000000E+00
   4.853786171300000E-01   7.005837037900000E+00   7.005837037900000E+00   0.000000000000000E+00  -9.998913977900000E-01   0.000000000000000E+00   0.000000000000000E+00   0.000000000000000E+00
   4.880654802800000E-01   7.044618567800000E+00   7.044618567800000E+00   0.000000000000000E+00  -9.998913977900000E-01   0.000000000000000E+00   0.000000000000000E+00   0.000000000000000E+00
   4.906568591300000E-01   7.082021900500000E+00   7.082021900500000E+00   0.000000000000000E+00  -9.998913977900000E-01   0.000000000000000E+00   0.000000000000000E+00   0.000000000000000E+00
   4.932482379800000E-01   7.119425233300000E+00   7.119425233300000E+00   0.000000000000000E+00  -9.998913977900000E-01   0.000000000000000E+00   0.000000000000000E+00   0.000000000000000E+00
   4.958396168300000E-01   7.156828566100000E+00   7.156828566100000E+00   0.000000000000000E+00  -9.998913977900000E-01   0.000000000000000E+00   0.000000000000000E+00   0.000000000000000E+00
   4.984309956800000E-01   7.194231898900000E+00   7.194231898900000E+00   0.000000000000000E+00  -9.998913977900000E-01   0.000000000000000E+00   0.000000000000000E+00   0.000000000000000E+00
   5.012009361799999E-01   7.234212547000000E+00   7.234212547000000E+00   0.000000000000000E+00  -9.998913977900000E-01   0.000000000000000E+00   0.000000000000000E+00   0.000000000000000E+00
   5.039708766700000E-01   7.274193195100000E+00   7.274193195100000E+00   0.000000000000000E+00  -9.998913977900000E-01   0.000000000000000E+00   0.000000000000000E+00   0.000000000000000E+00
   5.067408171600000E-01   7.314173843200000E+00   7.314173843200000E+00   0.000000000000000E+00  -9.998913977900000E-01   0.000000000000000E+00   0.000000000000000E+00   0.000000000000000E+00
   5.095107576500000E-01   7.354154491400000E+00   7.354154491400000E+00   0.000000000000000E+00  -9.998913977900000E-01   0.000000000000000E+00   0.000000000000000E+00   0.000000000000000E+00
   5.126400154500000E-01   7.399321438100000E+00   7.399321438100000E+00   0.000000000000000E+00  -9.998913977900000E-01   0.000000000000000E+00   0.000000000000000E+00   0.000000000000000E+00
   5.157692732400000E-01   7.444488384800000E+00   7.444488384800000E+00   0.000000000000000E+00  -9.998913977900000E-01   0.000000000000000E+00   0.000000000000000E+00   0.000000000000000E+00
   5.188985310300001E-01   7.489655331500000E+00   7.489655331500000E+00   0.000000000000000E+00  -9.998913977900000E-01   0.000000000000000E+00   0.000000000000000E+00   0.000000000000000E+00
   5.220277888200000E-01   7.534822278300000E+00   7.534822278300000E+00   0.000000000000000E+00  -9.998913977900000E-01   0.000000000000000E+00   0.000000000000000E+00   0.000000000000000E+00
   5.251455917300000E-01   7.579823888000000E+00   7.579823888000000E+00   0.000000000000000E+00  -9.998913977900000E-01   0.000000000000000E+00   0.000000000000000E+00   0.000000000000000E+00
   5.282633946400001E-01   7.624825497700000E+00   7.624825497700000E+00   0.000000000000000E+00  -9.998913977900000E-01   0.000000000000000E+00   0.000000000000000E+00   0.000000000000000E+00
   5.313811975500000E-01   7.669827107400000E+00   7.669827107400000E+00   0.000000000000000E+00  -9.998913977900000E-01   0.000000000000000E+00   0.000000000000000E+00   0.000000000000000E+00
   5.344990004600000E-01   7.714828717100000E+00   7.714828717100000E+00   0.000000000000000E+00  -9.998913977900000E-01   0.000000000000000E+00   0.000000000000000E+00   0.000000000000000E+00
   5.373434414500000E-01   7.755884687300000E+00   7.755884687300000E+00   0.000000000000000E+00  -9.998913977900000E-01   0.000000000000000E+00   0.000000000000000E+00   0.000000000000000E+00
   5.401878824300000E-01   7.796940657500000E+00   7.796940657500000E+00   0.000000000000000E+00  -9.998913977900000E-01   0.000000000000000E+00   0.000000000000000E+00   0.000000000000000E+00
   5.430323234200000E-01   7.837996627700000E+00   7.837996627700000E+00   0.000000000000000E+00  -9.998913977900000E-01   0.000000000000000E+00   0.000000000000000E+00   0.000000000000000E+00
   5.458767644100000E-01   7.879052597800000E+00   7.879052597800000E+00   0.000000000000000E+00  -9.998913977900000E-01   0.000000000000000E+00   0.000000000000000E+00   0.000000000000000E+00
   5.489393359700000E-01   7.923257011700000E+00   7.923257011700000E+00   0.000000000000000E+00  -9.998913977900000E-01   0.000000000000000E+00   0.000000000000000E+00   0.000000000000000E+00
   5.520019075400000E-01   7.967461425600000E+00   7.967461425600000E+00   0.000000000000000E+00  -9.998913977900000E-01   0.000000000000000E+00   0.000000000000000E+00   0.000000000000000E+00
   5.550644791000000E-01   8.011665839599999E+00   8.011665839599999E+00   0.000000000000000E+00  -9.998913977900000E-01   0.000000000000000E+00   0.000000000000000E+00   0.000000000000000E+00
   5.581270506700000E-01   8.055870253500000E+00   8.055870253500000E+00   0.000000000000000E+00  -9.998913977900000E-01   0.000000000000000E+00   0.000000000000000E+00   0.000000000000000E+00
   5.609119154500000E-01   8.096066315200000E+00   8.096066315200000E+00   0.000000000000000E+00  -9.998913977900000E-01   0.000000000000000E+00   0.000000000000000E+00   0.000000000000000E+00
   5.636967802300000E-01   8.136262376900000E+00   8.136262376900000E+00   0.000000000000000E+00  -9.998913977900000E-01   0.000000000000000E+00   0.000000000000000E+00   0.000000000000000E+00
   5.664816450200000E-01   8.176458438599999E+00   8.176458438599999E+00   0.000000000000000E+00  -9.998913977900000E-01   0.000000000000000E+00   0.000000000000000E+00   0.000000000000000E+00
   5.692665098000000E-01   8.216654500300001E+00   8.216654500300001E+00   0.000000000000000E+00  -9.998913977900000E-01   0.000000000000000E+00   0.000000000000000E+00   0.000000000000000E+00
   5.733692157000000E-01   8.275871960500000E+00   8.275871960500000E+00   0.000000000000000E+00  -9.998913977900000E-01   0.000000000000000E+00   0.000000000000000E+00   0.000000000000000E+00
   5.774719215900000E-01   8.335089420599999E+00   8.335089420599999E+00   0.000000000000000E+00  -9.998913977900000E-01   0.000000000000000E+00   0.000000000000000E+00   0.000000000000000E+00
   5.815746274900000E-01   8.394306880800000E+00   8.394306880800000E+00   0.000000000000000E+00  -9.998913977900000E-01   0.000000000000000E+00   0.000000000000000E+00   0.000000000000000E+00
   5.856773333900001E-01   8.453524340900000E+00   8.453524340900000E+00   0.000000000000000E+00  -9.998913977900000E-01   0.000000000000000E+00   0.000000000000000E+00   0.000000000000000E+00
   5.898838790900000E-01   8.514240599700001E+00   8.514240599700001E+00   0.000000000000000E+00  -9.998913977900000E-01   0.000000000000000E+00   0.000000000000000E+00   0.000000000000000E+00
   5.940904248000000E-01   8.574956858500000E+00   8.574956858500000E+00   0.000000000000000E+00  -9.998913977900000E-01   0.000000000000000E+00   0.000000000000000E+00   0.000000000000000E+00
   5.982969705100000E-01   8.635673117300000E+00   8.635673117300000E+00   0.000000000000000E+00  -9.998913977900000E-01   0.000000000000000E+00   0.000000000000000E+00   0.000000000000000E+00
   6.025035162200000E-01   8.696389376100001E+00   8.696389376100001E+00   0.000000000000000E+00  -9.998913977900000E-01   0.000000000000000E+00   0.000000000000000E+00   0.000000000000000E+00
   6.058562295000000E-01   8.744781625000000E+00   8.744781625000000E+00   0.000000000000000E+00  -9.998913977900000E-01   0.000000000000000E+00   0.000000000000000E+00   0.000000000000000E+00
   6.092089427800000E-01   8.793173874000001E+00   8.793173874000001E+00   0.000000000000000E+00  -9.998913977900000E-01   0.000000000000000E+00   0.000000000000000E+00   0.000000000000000E+00
   6.125616560600000E-01   8.841566123000000E+00   8.841566123000000E+00   0.000000000000000E+00  -9.998913977900000E-01   0.000000000000000E+00   0.000000000000000E+00   0.000000000000000E+00
   6.159143693400000E-01   8.889958371900001E+00   8.889958371900001E+00   0.000000000000000E+00  -9.998913977900000E-01   0.000000000000000E+00   0.000000000000000E+00   0.000000000000000E+00
   6.193638849500001E-01   8.939747842199999E+00   8.939747842199999E+00   0.000000000000000E+00  -9.998913977900000E-01   0.000000000000000E+00   0.000000000000000E+00   0.000000000000000E+00
   6.228134005700000E-01   8.989537312500000E+00   8.989537312500000E+00   0.000000000000000E+00  -9.998913977900000E-01   0.000000000000000E+00   0.000000000000000E+00   0.000000000000000E+00
   6.262629161800000E-01   9.039326782800000E+00   9.039326782800000E+00   0.000000000000000E+00  -9.998913977900000E-01   0.000000000000000E+00   0.000000000000000E+00   0.000000000000000E+00
   6.297124317900000E-01   9.089116253100000E+00   9.089116253100000E+00   0.000000000000000E+00  -9.998913977900000E-01   0.000000000000000E+00   0.000000000000000E+00   0.000000000000000E+00
   6.330949212700000E-01   9.137938284500001E+00   9.137938284500001E+00   0.000000000000000E+00  -9.998913977900000E-01   0.000000000000000E+00   0.000000000000000E+00   0.000000000000000E+00
   6.364774107600000E-01   9.186760315900001E+00   9.186760315900001E+00   0.000000000000000E+00  -9.998913977900000E-01   0.000000000000000E+00   0.000000000000000E+00   0.000000000000000E+00
   6.398599002399999E-01   9.235582347399999E+00   9.235582347399999E+00   0.000000000000000E+00  -9.998913977900000E-01   0.000000000000000E+00   0.000000000000000E+00   0.000000000000000E+00
   6.432423897200000E-01   9.284404378800000E+00   9.284404378800000E+00   0.000000000000000E+00  -9.998913977900000E-01   0.000000000000000E+00   0.000000000000000E+00   0.000000000000000E+00
   6.462771901800000E-01   9.328207951200000E+00   9.328207951200000E+00   0.000000000000000E+00  -9.998913977900000E-01   0.000000000000000E+00   0.000000000000000E+00   0.000000000000000E+00
   6.493119906300000E-01   9.372011523699999E+00   9.372011523699999E+00   0.000000000000000E+00  -9.998913977900000E-01   0.000000000000000E+00   0.000000000000000E+00   0.000000000000000E+00
   6.523467910900000E-01   9.415815096199999E+00   9.415815096199999E+00   0.000000000000000E+00  -9.998913977900000E-01   0.000000000000000E+00   0.000000000000000E+00   0.000000000000000E+00
   6.553815915400000E-01   9.459618668699999E+00   9.459618668699999E+00   0.000000000000000E+00  -9.998913977900000E-01   0.000000000000000E+00   0.000000000000000E+00   0.000000000000000E+00
   6.582088254100000E-01   9.500426275500001E+00   9.500426275500001E+00   0.000000000000000E+00  -9.998913977900000E-01   0.000000000000000E+00   0.000000000000000E+00   0.000000000000000E+00
   6.610360592900000E-01   9.541233882400000E+00   9.541233882400000E+00   0.000000000000000E+00  -9.998913977900000E-01   0.000000000000000E+00   0.000000000000000E+00   0.000000000000000E+00
   6.638632931600000E-01   9.582041489200000E+00   9.582041489200000E+00   0.000000000000000E+00  -9.998913977900000E-01   0.000000000000000E+00   0.000000000000000E+00   0.000000000000000E+00
   6.666905270300000E-01   9.622849095999999E+00   9.622849095999999E+00   0.000000000000000E+00  -9.998913977900000E-01   0.000000000000000E+00   0.000000000000000E+00   0.000000000000000E+00
   6.693486591400000E-01   9.661215929100001E+00   9.661215929100001E+00   0.000000000000000E+00  -9.998913977900000E-01   0.000000000000000E+00   0.000000000000000E+00   0.000000000000000E+00
   6.720067912400000E-01   9.699582762100000E+00   9.699582762100000E+00   0.000000000000000E+00  -9.998913977900000E-01   0.000000000000000E+00   0.000000000000000E+00   0.000000000000000E+00
   6.746649233499999E-01   9.737949595100000E+00   9.737949595100000E+00   0.000000000000000E+00  -9.998913977900000E-01   0.000000000000000E+00   0.000000000000000E+00   0.000000000000000E+00
   6.773230554500000E-01   9.776316428199999E+00   9.776316428199999E+00   0.000000000000000E+00  -9.998913977900000E-01   0.000000000000000E+00   0.000000000000000E+00   0.000000000000000E+00
   6.799484609500001E-01   9.814210893200000E+00   9.814210893200000E+00   0.000000000000000E+00  -9.998913977900000E-01   0.000000000000000E+00   0.000000000000000E+00   0.000000000000000E+00
   6.825738664500000E-01   9.852105358299999E+00   9.852105358299999E+00   0.000000000000000E+00  -9.998913977900000E-01   0.000000000000000E+00   0.000000000000000E+00   0.000000000000000E+00
   6.851992719400000E-01   9.889999823400000E+00   9.889999823400000E+00   0.000000000000000E+00  -9.998913977900000E-01   0.000000000000000E+00   0.000000000000000E+00   0.000000000000000E+00
   6.878246774400000E-01   9.927894288499999E+00   9.927894288499999E+00   0.000000000000000E+00  -9.998913977900000E-01   0.000000000000000E+00   0.000000000000000E+00   0.000000000000000E+00
   6.907783761800000E-01   9.970527258500001E+00   9.970527258500001E+00   0.000000000000000E+00  -9.998913977900000E-01   0.000000000000000E+00   0.000000000000000E+00   0.000000000000000E+00
   6.937320749200000E-01   1.001316022900000E+01   1.001316022900000E+01   0.000000000000000E+00  -9.998913977900000E-01   0.000000000000000E+00   0.000000000000000E+00   0.000000000000000E+00
   6.966857736600000E-01   1.005579319900000E+01   1.005579319900000E+01   0.000000000000000E+00  -9.998913977900000E-01   0.000000000000000E+00   0.000000000000000E+00   0.000000000000000E+00
   6.996394724000000E-01   1.009842616900000E+01   1.009842616900000E+01   0.000000000000000E+00  -9.998913977900000E-01   0.000000000000000E+00   0.000000000000000E+00   0.000000000000000E+00
   7.030503462400000E-01   1.014765789300000E+01   1.014765789300000E+01   0.000000000000000E+00  -9.998913977900000E-01   0.000000000000000E+00   0.000000000000000E+00   0.000000000000000E+00
   7.064612200800000E-01   1.019688961700000E+01   1.019688961700000E+01   0.000000000000000E+00  -9.998913977900000E-01   0.000000000000000E+00   0.000000000000000E+00   0.000000000000000E+00
   7.098720939299999E-01   1.024612134200000E+01   1.024612134200000E+01   0.000000000000000E+00  -9.998913977900000E-01   0.000000000000000E+00   0.000000000000000E+00   0.000000000000000E+00
   7.132829677700000E-01   1.029535306600000E+01   1.029535306600000E+01   0.000000000000000E+00  -9.998913977900000E-01   0.000000000000000E+00   0.000000000000000E+00   0.000000000000000E+00
   7.162622678300000E-01   1.033835555900000E+01   1.033835555900000E+01   0.000000000000000E+00  -9.998913977900000E-01   0.000000000000000E+00   0.000000000000000E+00   0.000000000000000E+00
   7.192415678900000E-01   1.038135805300000E+01   1.038135805300000E+01   0.000000000000000E+00  -9.998913977900000E-01   0.000000000000000E+00   0.000000000000000E+00   0.000000000000000E+00
   7.222208679500000E-01   1.042436054600000E+01   1.042436054600000E+01   0.000000000000000E+00  -9.998913977900000E-01   0.000000000000000E+00   0.000000000000000E+00   0.000000000000000E+00
   7.252001680100000E-01   1.046736303900000E+01   1.046736303900000E+01   0.000000000000000E+00  -9.998913977900000E-01   0.000000000000000E+00   0.000000000000000E+00   0.000000000000000E+00
   7.273983200200000E-01   1.049909063100000E+01   1.049909063100000E+01   0.000000000000000E+00  -9.998913977900000E-01   0.000000000000000E+00   0.000000000000000E+00   0.000000000000000E+00
   7.295964720200000E-01   1.053081822300000E+01   1.053081822300000E+01   0.000000000000000E+00  -9.998913977900000E-01   0.000000000000000E+00   0.000000000000000E+00   0.000000000000000E+00
   7.317946240200000E-01   1.056254581500000E+01   1.056254581500000E+01   0.000000000000000E+00  -9.998913977900000E-01   0.000000000000000E+00   0.000000000000000E+00   0.000000000000000E+00
   7.339927760300000E-01   1.059427340700000E+01   1.059427340700000E+01   0.000000000000000E+00  -9.998913977900000E-01   0.000000000000000E+00   0.000000000000000E+00   0.000000000000000E+00
   7.359020664500000E-01   1.062183164100000E+01   1.062183164100000E+01   0.000000000000000E+00  -9.998913977900000E-01   0.000000000000000E+00   0.000000000000000E+00   0.000000000000000E+00
   7.378113568800000E-01   1.064938987500000E+01   1.064938987500000E+01   0.000000000000000E+00  -9.998913977900000E-01   0.000000000000000E+00   0.000000000000000E+00   0.000000000000000E+00
   7.397206473100000E-01   1.067694811000000E+01   1.067694811000000E+01   0.000000000000000E+00  -9.998913977900000E-01   0.000000000000000E+00   0.000000000000000E+00   0.000000000000000E+00
   7.416299377300000E-01   1.070450634400000E+01   1.070450634400000E+01   0.000000000000000E+00  -9.998913977900000E-01   0.000000000000000E+00   0.000000000000000E+00   0.000000000000000E+00
   7.436569049800000E-01   1.073376309600000E+01   1.073376309600000E+01   0.000000000000000E+00  -9.998913977900000E-01   0.000000000000000E+00   0.000000000000000E+00   0.000000000000000E+00
   7.456838722200000E-01   1.076301984900000E+01   1.076301984900000E+01   0.000000000000000E+00  -9.998913977900000E-01   0.000000000000000E+00   0.000000000000000E+00   0.000000000000000E+00
   7.477108394700001E-01   1.079227660200000E+01   1.079227660200000E+01   0.000000000000000E+00  -9.998913977900000E-01   0.000000000000000E+00   0.000000000000000E+00   0.000000000000000E+00
   7.497378067100000E-01   1.082153335500000E+01   1.082153335500000E+01   0.000000000000000E+00  -9.998913977900000E-01   0.000000000000000E+00   0.000000000000000E+00   0.000000000000000E+00
   7.520318667400000E-01   1.085464526000000E+01   1.085464526000000E+01   0.000000000000000E+00  -9.998913977900000E-01   0.000000000000000E+00   0.000000000000000E+00   0.000000000000000E+00
   7.543259267700000E-01   1.088775716500000E+01   1.088775716500000E+01   0.000000000000000E+00  -9.998913977900000E-01   0.000000000000000E+00   0.000000000000000E+00   0.000000000000000E+00
   7.566199868000000E-01   1.092086907000000E+01   1.092086907000000E+01   0.000000000000000E+00  -9.998913977900000E-01   0.000000000000000E+00   0.000000000000000E+00   0.000000000000000E+00
   7.589140468200000E-01   1.095398097500000E+01   1.095398097500000E+01   0.000000000000000E+00  -9.998913977900000E-01   0.000000000000000E+00   0.000000000000000E+00   0.000000000000000E+00
   7.610860244200000E-01   1.098533077200000E+01   1.098533077200000E+01   0.000000000000000E+00  -9.998913977900000E-01   0.000000000000000E+00   0.000000000000000E+00   0.000000000000000E+00
   7.632580020200000E-01   1.101668056900000E+01   1.101668056900000E+01   0.000000000000000E+00  -9.998913977900000E-01   0.000000000000000E+00   0.000000000000000E+00   0.000000000000000E+00
   7.654299796200000E-01   1.104803036600000E+01   1.104803036600000E+01   0.000000000000000E+00  -9.998913977900000E-01   0.000000000000000E+00   0.000000000000000E+00   0.000000000000000E+00
   7.676019572200000E-01   1.107938016300000E+01   1.107938016300000E+01   0.000000000000000E+00  -9.998913977900000E-01   0.000000000000000E+00   0.000000000000000E+00   0.000000000000000E+00
   7.700470153600000E-01   1.111467153800000E+01   1.111467153800000E+01   0.000000000000000E+00  -9.998913977900000E-01   0.000000000000000E+00   0.000000000000000E+00   0.000000000000000E+00
   7.724920735000000E-01   1.114996291300000E+01   1.114996291300000E+01   0.000000000000000E+00  -9.998913977900000E-01   0.000000000000000E+00   0.000000000000000E+00   0.000000000000000E+00
   7.749371316400000E-01   1.118525428900000E+01   1.118525428900000E+01   0.000000000000000E+00  -9.998913977900000E-01   0.000000000000000E+00   0.000000000000000E+00   0.000000000000000E+00
   7.773821897800000E-01   1.122054566400000E+01   1.122054566400000E+01   0.000000000000000E+00  -9.998913977900000E-01   0.000000000000000E+00   0.000000000000000E+00   0.000000000000000E+00
   7.799046088600000E-01   1.125695364800000E+01   1.125695364800000E+01   0.000000000000000E+00  -9.998913977900000E-01   0.000000000000000E+00   0.000000000000000E+00   0.000000000000000E+00
   7.824270279500000E-01   1.129336163200000E+01   1.129336163200000E+01   0.000000000000000E+00  -9.998913977900000E-01   0.000000000000000E+00   0.000000000000000E+00   0.000000000000000E+00
   7.849494470300000E-01   1.132976961700000E+01   1.132976961700000E+01   0.000000000000000E+00  -9.998913977900000E-01   0.000000000000000E+00   0.000000000000000E+00   0.000000000000000E+00
   7.874718661100000E-01   1.136617760100000E+01   1.136617760100000E+01   0.000000000000000E+00  -9.998913977900000E-01   0.000000000000000E+00   0.000000000000000E+00   0.000000000000000E+00
   7.898296199800000E-01   1.140020884700000E+01   1.140020884700000E+01   0.000000000000000E+00  -9.998913977900000E-01   0.000000000000000E+00   0.000000000000000E+00   0.000000000000000E+00
   7.921873738500000E-01   1.143424009400000E+01   1.143424009400000E+01   0.000000000000000E+00  -9.998913977900000E-01   0.000000000000000E+00   0.000000000000000E+00   0.000000000000000E+00
   7.945451277200000E-01   1.146827134000000E+01   1.146827134000000E+01   0.000000000000000E+00  -9.998913977900000E-01   0.000000000000000E+00   0.000000000000000E+00   0.000000000000000E+00
   7.969028815900000E-01   1.150230258700000E+01   1.150230258700000E+01   0.000000000000000E+00  -9.998913977900000E-01   0.000000000000000E+00   0.000000000000000E+00   0.000000000000000E+00
   7.989352575000001E-01   1.153163740700000E+01   1.153163740700000E+01   0.000000000000000E+00  -9.998913977900000E-01   0.000000000000000E+00   0.000000000000000E+00   0.000000000000000E+00
   8.009676334100000E-01   1.156097222700000E+01   1.156097222700000E+01   0.000000000000000E+00  -9.998913977900000E-01   0.000000000000000E+00   0.000000000000000E+00   0.000000000000000E+00
   8.030000093200000E-01   1.159030704700000E+01   1.159030704700000E+01   0.000000000000000E+00  -9.998913977900000E-01   0.000000000000000E+00   0.000000000000000E+00   0.000000000000000E+00
   8.050323852400000E-01   1.161964186700000E+01   1.161964186700000E+01   0.000000000000000E+00  -9.998913977900000E-01   0.000000000000000E+00   0.000000000000000E+00   0.000000000000000E+00
   8.069504695900001E-01   1.164732703100000E+01   1.164732703100000E+01   0.000000000000000E+00  -9.998913977900000E-01   0.000000000000000E+00   0.000000000000000E+00   0.000000000000000E+00
   8.088685539500000E-01   1.167501219500000E+01   1.167501219500000E+01   0.000000000000000E+00  -9.998913977900000E-01   0.000000000000000E+00   0.000000000000000E+00   0.000000000000000E+00
   8.107866383000000E-01   1.170269735800000E+01   1.170269735800000E+01   0.000000000000000E+00  -9.998913977900000E-01   0.000000000000000E+00   0.000000000000000E+00   0.000000000000000E+00
   8.127047226600000E-01   1.173038252200000E+01   1.173038252200000E+01   0.000000000000000E+00  -9.998913977900000E-01   0.000000000000000E+00   0.000000000000000E+00   0.000000000000000E+00
   8.149976591900000E-01   1.176347821100000E+01   1.176347821100000E+01   0.000000000000000E+00  -9.998913977900000E-01   0.000000000000000E+00   0.000000000000000E+00   0.000000000000000E+00
   8.172905957300000E-01   1.179657390000000E+01   1.179657390000000E+01   0.000000000000000E+00  -9.998913977900000E-01   0.000000000000000E+00   0.000000000000000E+00   0.000000000000000E+00
   8.195835322600000E-01   1.182966958900000E+01   1.182966958900000E+01   0.000000000000000E+00  -9.998913977900000E-01   0.000000000000000E+00   0.000000000000000E+00   0.000000000000000E+00
   8.218764688000000E-01   1.186276527700000E+01   1.186276527700000E+01   0.000000000000000E+00  -9.998913977900000E-01   0.000000000000000E+00   0.000000000000000E+00   0.000000000000000E+00
   8.243645907300000E-01   1.189867822500000E+01   1.189867822500000E+01   0.000000000000000E+00  -9.998913977900000E-01   0.000000000000000E+00   0.000000000000000E+00   0.000000000000000E+00
   8.268527126600000E-01   1.193459117200000E+01   1.193459117200000E+01   0.000000000000000E+00  -9.998913977900000E-01   0.000000000000000E+00   0.000000000000000E+00   0.000000000000000E+00
   8.293408345900000E-01   1.197050412000000E+01   1.197050412000000E+01   0.000000000000000E+00  -9.998913977900000E-01   0.000000000000000E+00   0.000000000000000E+00   0.000000000000000E+00
   8.318289565200000E-01   1.200641706700000E+01   1.200641706700000E+01   0.000000000000000E+00  -9.998913977900000E-01   0.000000000000000E+00   0.000000000000000E+00   0.000000000000000E+00
   8.339434906900000E-01   1.203693774000000E+01   1.203693774000000E+01   0.000000000000000E+00  -9.998913977900000E-01   0.000000000000000E+00   0.000000000000000E+00   0.000000000000000E+00
   8.360580248700000E-01   1.206745841200000E+01   1.206745841200000E+01   0.000000000000000E+00  -9.998913977900000E-01   0.000000000000000E+00   0.000000000000000E+00   0.000000000000000E+00
   8.381725590400000E-01   1.209797908500000E+01   1.209797908500000E+01   0.000000000000000E+00  -9.998913977900000E-01   0.000000000000000E+00   0.000000000000000E+00   0.000000000000000E+00
   8.402870932199999E-01   1.212849975700000E+01   1.212849975700000E+01   0.000000000000000E+00  -9.998913977900000E-01   0.000000000000000E+00   0.000000000000000E+00   0.000000000000000E+00
   8.422490142800000E-01   1.215681764900000E+01   1.215681764900000E+01   0.000000000000000E+00  -9.998913977900000E-01   0.000000000000000E+00   0.000000000000000E+00   0.000000000000000E+00
   8.442109353300000E-01   1.218513554100000E+01   1.218513554100000E+01   0.000000000000000E+00  -9.998913977900000E-01   0.000000000000000E+00   0.000000000000000E+00   0.000000000000000E+00
   8.461728563900000E-01   1.221345343300000E+01   1.221345343300000E+01   0.000000000000000E+00  -9.998913977900000E-01   0.000000000000000E+00   0.000000000000000E+00   0.000000000000000E+00
   8.481347774500000E-01   1.224177132500000E+01   1.224177132500000E+01   0.000000000000000E+00  -9.998913977900000E-01   0.000000000000000E+00   0.000000000000000E+00   0.000000000000000E+00
   8.503115703900000E-01   1.227319062500000E+01   1.227319062500000E+01   0.000000000000000E+00  -9.998913977900000E-01   0.000000000000000E+00   0.000000000000000E+00   0.000000000000000E+00
   8.524883633300000E-01   1.230460992600000E+01   1.230460992600000E+01   0.000000000000000E+00  -9.998913977900000E-01   0.000000000000000E+00   0.000000000000000E+00   0.000000000000000E+00
   8.546651562699999E-01   1.233602922600000E+01   1.233602922600000E+01   0.000000000000000E+00  -9.998913977900000E-01   0.000000000000000E+00   0.000000000000000E+00   0.000000000000000E+00
   8.568419492100000E-01   1.236744852700000E+01   1.236744852700000E+01   0.000000000000000E+00  -9.998913977900000E-01   0.000000000000000E+00   0.000000000000000E+00   0.000000000000000E+00
   8.591548012800000E-01   1.240083167200000E+01   1.240083167200000E+01   0.000000000000000E+00  -9.998913977900000E-01   0.000000000000000E+00   0.000000000000000E+00   0.000000000000000E+00
   8.614676533600000E-01   1.243421481700000E+01   1.243421481700000E+01   0.000000000000000E+00  -9.998913977900000E-01   0.000000000000000E+00   0.000000000000000E+00   0.000000000000000E+00
   8.637805054400000E-01   1.246759796200000E+01   1.246759796200000E+01   0.000000000000000E+00  -9.998913977900000E-01   0.000000000000000E+00   0.000000000000000E+00   0.000000000000000E+00
   8.660933575100001E-01   1.250098110700000E+01   1.250098110700000E+01   0.000000000000000E+00  -9.998913977900000E-01   0.000000000000000E+00   0.000000000000000E+00   0.000000000000000E+00
   8.680041053300001E-01   1.252856037700000E+01   1.252856037700000E+01   0.000000000000000E+00  -9.998913977900000E-01   0.000000000000000E+00   0.000000000000000E+00   0.000000000000000E+00
   8.699148531599999E-01   1.255613964600000E+01   1.255613964600000E+01   0.000000000000000E+00  -9.998913977900000E-01   0.000000000000000E+00   0.000000000000000E+00   0.000000000000000E+00
   8.718256009799999E-01   1.258371891600000E+01   1.258371891600000E+01   0.000000000000000E+00  -9.998913977900000E-01   0.000000000000000E+00   0.000000000000000E+00   0.000000000000000E+00
   8.737363488000000E-01   1.261129818600000E+01   1.261129818600000E+01   0.000000000000000E+00  -9.998913977900000E-01   0.000000000000000E+00   0.000000000000000E+00   0.000000000000000E+00
   8.755810549400000E-01   1.263792422600000E+01   1.263792422600000E+01   0.000000000000000E+00  -9.998913977900000E-01   0.000000000000000E+00   0.000000000000000E+00   0.000000000000000E+00
   8.774257610800000E-01   1.266455026700000E+01   1.266455026700000E+01   0.000000000000000E+00  -9.998913977900000E-01   0.000000000000000E+00   0.000000000000000E+00   0.000000000000000E+00
   8.792704672100000E-01   1.269117630700000E+01   1.269117630700000E+01   0.000000000000000E+00  -9.998913977900000E-01   0.000000000000000E+00   0.000000000000000E+00   0.000000000000000E+00
   8.811151733500000E-01   1.271780234700000E+01   1.271780234700000E+01   0.000000000000000E+00  -9.998913977900000E-01   0.000000000000000E+00   0.000000000000000E+00   0.000000000000000E+00
   8.830493209300000E-01   1.274571936300000E+01   1.274571936300000E+01   0.000000000000000E+00  -9.998913977900000E-01   0.000000000000000E+00   0.000000000000000E+00   0.000000000000000E+00
   8.849834685100000E-01   1.277363638000000E+01   1.277363638000000E+01   0.000000000000000E+00  -9.998913977900000E-01   0.000000000000000E+00   0.000000000000000E+00   0.000000000000000E+00
   8.869176160900000E-01   1.280155339600000E+01   1.280155339600000E+01   0.000000000000000E+00  -9.998913977900000E-01   0.000000000000000E+00   0.000000000000000E+00   0.000000000000000E+00
   8.888517636700000E-01   1.282947041200000E+01   1.282947041200000E+01   0.000000000000000E+00  -9.998913977900000E-01   0.000000000000000E+00   0.000000000000000E+00   0.000000000000000E+00
   8.910992408400000E-01   1.286190995200000E+01   1.286190995200000E+01   0.000000000000000E+00  -9.998913977900000E-01   0.000000000000000E+00   0.000000000000000E+00   0.000000000000000E+00
   8.933467180100000E-01   1.289434949100000E+01   1.289434949100000E+01   0.000000000000000E+00  -9.998913977900000E-01   0.000000000000000E+00   0.000000000000000E+00   0.000000000000000E+00
   8.955941951800001E-01   1.292678903000000E+01   1.292678903000000E+01   0.000000000000000E+00  -9.998913977900000E-01   0.000000000000000E+00   0.000000000000000E+00   0.000000000000000E+00
   8.978416723500000E-01   1.295922857000000E+01   1.295922857000000E+01   0.000000000000000E+00  -9.998913977900000E-01   0.000000000000000E+00   0.000000000000000E+00   0.000000000000000E+00
   9.006284170100000E-01   1.299945176500000E+01   1.299945176500000E+01   0.000000000000000E+00  -9.998913977900000E-01   0.000000000000000E+00   0.000000000000000E+00   0.000000000000000E+00
   9.034151616700000E-01   1.303967496100000E+01   1.303967496100000E+01   0.000000000000000E+00  -9.998913977900000E-01   0.000000000000000E+00   0.000000000000000E+00   0.000000000000000E+00
   9.062019063300000E-01   1.307989815600000E+01   1.307989815600000E+01   0.000000000000000E+00  -9.998913977900000E-01   0.000000000000000E+00   0.000000000000000E+00   0.000000000000000E+00
   9.089886509900000E-01   1.312012135100000E+01   1.312012135100000E+01   0.000000000000000E+00  -9.998913977900000E-01   0.000000000000000E+00   0.000000000000000E+00   0.000000000000000E+00
   9.118902677500000E-01   1.316200258300000E+01   1.316200258300000E+01   0.000000000000000E+00  -9.998913977900000E-01   0.000000000000000E+00   0.000000000000000E+00   0.000000000000000E+00
   9.147918845100000E-01   1.320388381400000E+01   1.320388381400000E+01   0.000000000000000E+00  -9.998913977900000E-01   0.000000000000000E+00   0.000000000000000E+00   0.000000000000000E+00
   9.176935012700000E-01   1.324576504500000E+01   1.324576504500000E+01   0.000000000000000E+00  -9.998913977900000E-01   0.000000000000000E+00   0.000000000000000E+00   0.000000000000000E+00
   9.205951180200000E-01   1.328764627700000E+01   1.328764627700000E+01   0.000000000000000E+00  -9.998913977900000E-01   0.000000000000000E+00   0.000000000000000E+00   0.000000000000000E+00
   9.231085201400000E-01   1.332392411200000E+01   1.332392411200000E+01   0.000000000000000E+00  -9.998913977900000E-01   0.000000000000000E+00   0.000000000000000E+00   0.000000000000000E+00
   9.256219222500000E-01   1.336020194800000E+01   1.336020194800000E+01   0.000000000000000E+00  -9.998913977900000E-01   0.000000000000000E+00   0.000000000000000E+00   0.000000000000000E+00
   9.281353243600000E-01   1.339647978300000E+01   1.339647978300000E+01   0.000000000000000E+00  -9.998913977900000E-01   0.000000000000000E+00   0.000000000000000E+00   0.000000000000000E+00
   9.306487264700000E-01   1.343275761900000E+01   1.343275761900000E+01   0.000000000000000E+00  -9.998913977900000E-01   0.000000000000000E+00   0.000000000000000E+00   0.000000000000000E+00
   9.326549455599999E-01   1.346171489800000E+01   1.346171489800000E+01   0.000000000000000E+00  -9.998913977900000E-01   0.000000000000000E+00   0.000000000000000E+00   0.000000000000000E+00
   9.346611646500000E-01   1.349067217700000E+01   1.349067217700000E+01   0.000000000000000E+00  -9.998913977900000E-01   0.000000000000000E+00   0.000000000000000E+00   0.000000000000000E+00
   9.366673837400000E-01   1.351962945500000E+01   1.351962945500000E+01   0.000000000000000E+00  -9.998913977900000E-01   0.000000000000000E+00   0.000000000000000E+00   0.000000000000000E+00
   9.386736028300000E-01   1.354858673400000E+01   1.354858673400000E+01   0.000000000000000E+00  -9.998913977900000E-01   0.000000000000000E+00   0.000000000000000E+00   0.000000000000000E+00
   9.406783828800001E-01   1.357752324200000E+01   1.357752324200000E+01   0.000000000000000E+00  -9.998913977900000E-01   0.000000000000000E+00   0.000000000000000E+00   0.000000000000000E+00
   9.426831629200000E-01   1.360645975100000E+01   1.360645975100000E+01   0.000000000000000E+00  -9.998913977900000E-01   0.000000000000000E+00   0.000000000000000E+00   0.000000000000000E+00
   9.446879429600000E-01   1.363539625900000E+01   1.363539625900000E+01   0.000000000000000E+00  -9.998913977900000E-01   0.000000000000000E+00   0.000000000000000E+00   0.000000000000000E+00
   9.466927230000000E-01   1.366433276700000E+01   1.366433276700000E+01   0.000000000000000E+00  -9.998913977900000E-01   0.000000000000000E+00   0.000000000000000E+00   0.000000000000000E+00
   9.500978367200000E-01   1.371348135100000E+01   1.371348135100000E+01   0.000000000000000E+00  -9.998913977900000E-01   0.000000000000000E+00   0.000000000000000E+00   0.000000000000000E+00
   9.535029504400000E-01   1.376262993500000E+01   1.376262993500000E+01   0.000000000000000E+00  -9.998913977900000E-01   0.000000000000000E+00   0.000000000000000E+00   0.000000000000000E+00
   9.569080641600000E-01   1.381177851900000E+01   1.381177851900000E+01   0.000000000000000E+00  -9.998913977900000E-01   0.000000000000000E+00   0.000000000000000E+00   0.000000000000000E+00
   9.603131778700000E-01   1.386092710300000E+01   1.386092710300000E+01   0.000000000000000E+00  -9.998913977900000E-01   0.000000000000000E+00   0.000000000000000E+00   0.000000000000000E+00
   9.634126094000000E-01   1.390566354500000E+01   1.390566354500000E+01   0.000000000000000E+00  -9.998913977900000E-01   0.000000000000000E+00   0.000000000000000E+00   0.000000000000000E+00
   9.665120409300000E-01   1.395039998700000E+01   1.395039998700000E+01   0.000000000000000E+00  -9.998913977900000E-01   0.000000000000000E+00   0.000000000000000E+00   0.000000000000000E+00
   9.696114724700000E-01   1.399513642800000E+01   1.399513642800000E+01   0.000000000000000E+00  -9.998913977900000E-01   0.000000000000000E+00   0.000000000000000E+00   0.000000000000000E+00
   9.727109040000000E-01   1.403987287000000E+01   1.403987287000000E+01   0.000000000000000E+00  -9.998913977900000E-01   0.000000000000000E+00   0.000000000000000E+00   0.000000000000000E+00
   9.760956558000000E-01   1.408872755500000E+01   1.408872755500000E+01   0.000000000000000E+00  -9.998913977900000E-01   0.000000000000000E+00   0.000000000000000E+00   0.000000000000000E+00
   9.794804076000000E-01   1.413758224000000E+01   1.413758224000000E+01   0.000000000000000E+00  -9.998913977900000E-01   0.000000000000000E+00   0.000000000000000E+00   0.000000000000000E+00
   9.828651594000000E-01   1.418643692600000E+01   1.418643692600000E+01   0.000000000000000E+00  -9.998913977900000E-01   0.000000000000000E+00   0.000000000000000E+00   0.000000000000000E+00
   9.862499112000001E-01   1.423529161100000E+01   1.423529161100000E+01   0.000000000000000E+00  -9.998913977900000E-01   0.000000000000000E+00   0.000000000000000E+00   0.000000000000000E+00
   9.896874334000000E-01   1.428490797100000E+01   1.428490797100000E+01   0.000000000000000E+00  -9.998913977900000E-01   0.000000000000000E+00   0.000000000000000E+00   0.000000000000000E+00
   9.931249556000000E-01   1.433452433100000E+01   1.433452433100000E+01   0.000000000000000E+00  -9.998913977900000E-01   0.000000000000000E+00   0.000000000000000E+00   0.000000000000000E+00
   9.965624778000000E-01   1.438414069200000E+01   1.438414069200000E+01   0.000000000000000E+00  -9.998913977900000E-01   0.000000000000000E+00   0.000000000000000E+00   0.000000000000000E+00
   1.000000000000000E+00   1.443375705200000E+01   1.443375705200000E+01   0.000000000000000E+00  -9.998913977900000E-01   0.000000000000000E+00   0.000000000000000E+00   0.000000000000000E+00
