   0.000000000000000E+00   8.234409874199999E-31   0.000000000000000E+00   0.000000000000000E+00  -9.635414604200000E-01   0.000000000000000E+00   0.000000000000000E+00   0.000000000000000E+00
   3.298978043400000E-02   4.761664759800000E-01   4.761664759800000E-01   0.000000000000000E+00  -9.635414604200000E-01   0.000000000000000E+00   0.000000000000000E+00   0.000000000000000E+00
   6.597956086700001E-02   9.523329519600000E-01   9.523329519600000E-01   0.000000000000000E+00  -9.635414604200000E-01   0.000000000000000E+00   0.000000000000000E+00   0.000000000000000E+00
   9.896934130100001E-02   1.428499427900000E+00   1.428499427900000E+00   0.000000000000000E+00  -9.635414604200000E-01   0.000000000000000E+00   0.000000000000000E+00   0.000000000000000E+00
   1.319591217300000E-01   1.904665903900000E+00   1.904665903900000E+00   0.000000000000000E+00  -9.635414604200000E-01   0.000000000000000E+00   0.000000000000000E+00   0.000000000000000E+00
   1.535733312400000E-01   2.216640152700000E+00   2.216640152700000E+00   0.000000000000000E+00  -9.635414604200000E-01   0.000000000000000E+00   0.000000000000000E+00   0.000000000000000E+00
   1.751875407400000E-01   2.528614401600000E+00   2.528614401600000E+00   0.000000000000000E+00  -9.635414604200000E-01   0.000000000000000E+00   0.000000000000000E+00   0.000000000000000E+00
   1.968017502400000E-01   2.840588650400000E+00   2.840588650400000E+00   0.000000000000000E+00  -9.635414604200000E-01   0.000000000000000E+00   0.000000000000000E+00   0.000000000000000E+00
   2.184159597400000E-01   3.152562899200000E+00   3.152562899200000E+00   0.000000000000000E+00  -9.635414604200000E-01   0.000000000000000E+00   0.000000000000000E+00   0.000000000000000E+00
   2.342581850400000E-01   3.381225730400000E+00   3.381225730400000E+00   0.000000000000000E+00  -9.635414604200000E-01   0.000000000000000E+00   0.000000000000000E+00   0.000000000000000E+00
   2.501004103400000E-01   3.609888561500000E+00   3.609888561500000E+00   0.000000000000000E+00  -9.635414604200000E-01   0.000000000000000E+00   0.000000000000000E+00   0.000000000000000E+00
   2.659426356400000E-01   3.838551392600000E+00   3.838551392600000E+00   0.000000000000000E+00  -9.635414604200000E-01   0.000000000000000E+00   0.000000000000000E+00   0.000000000000000E+00
   2.817848609400000E-01   4.067214223800000E+00   4.067214223800000E+00   0.000000000000000E+00  -9.635414604200000E-01   0.000000000000000E+00   0.000000000000000E+00   0.000000000000000E+00
   2.949378502800000E-01   4.257061276400000E+00   4.257061276400000E+00   0.000000000000000E+00  -9.635414604200000E-01   0.000000000000000E+00   0.000000000000000E+00   0.000000000000000E+00
   3.080908396200000E-01   4.446908329100000E+00   4.446908329100000E+00   0.000000000000000E+00  -9.635414604200000E-01   0.000000000000000E+00   0.000000000000000E+00   0.000000000000000E+00
   3.212438289600000E-01   4.636755381700000E+00   4.636755381700000E+00   0.000000000000000E+00  -9.635414604200000E-01   0.000000000000000E+00   0.000000000000000E+00   0.000000000000000E+00
   3.343968183100000E-01   4.826602434400000E+00   4.826602434400000E+00   0.000000000000000E+00  -9.635414604200000E-01   0.000000000000000E+00   0.000000000000000E+00   0.000000000000000E+00
   3.466895838300000E-01   5.004033225400000E+00   5.004033225400000E+00   0.000000000000000E+00  -9.635414604200000E-01   0.000000000000000E+00   0.000000000000000E+00   0.000000000000000E+00
   3.589823493500000E-01   5.181464016400000E+00   5.181464016400000E+00   0.000000000000000E+00  -9.635414604200000E-01   0.000000000000000E+00   0.000000000000000E+00   0.000000000000000E+00
   3.712751148700000E-01   5.358894807400000E+00   5.358894807400000E+00   0.000000000000000E+00  -9.635414604200000E-01   0.000000000000000E+00   0.000000000000000E+00   0.000000000000000E+00
   3.835678803900000E-01   5.536325598500000E+00   5.536325598500000E+00   0.000000000000000E+00  -9.635414604200000E-01   0.000000000000000E+00   0.000000000000000E+00   0.000000000000000E+00
   3.925931041200000E-01   5.666593485200000E+00   5.666593485200000E+00   0.000000000000000E+00  -9.635414604200000E-01   0.000000000000000E+00   0.000000000000000E+00   0.000000000000000E+00
   4.016183278600000E-01   5.796861371900000E+00   5.796861371900000E+00   0.000000000000000E+00  -9.635414604200000E-01   0.000000000000000E+00   0.000000000000000E+00   0.000000000000000E+00
   4.106435515900000E-01   5.927129258600000E+00   5.927129258600000E+00   0.000000000000000E+00  -9.635414604200000E-01   0.000000000000000E+00   0.000000000000000E+00   0.000000000000000E+00
   4.196687753200000E-01   6.057397145300000E+00   6.057397145300000E+00   0.000000000000000E+00  -9.635414604200000E-01   0.000000000000000E+00   0.000000000000000E+00   0.000000000000000E+00
   4.273626347900000E-01   6.168448443700000E+00   6.168448443700000E+00   0.000000000000000E+00  -9.635414604200000E-01   0.000000000000000E+00   0.000000000000000E+00   0.000000000000000E+00
   4.350564942600000E-01   6.279499742100000E+00   6.279499742100000E+00   0.000000000000000E+00  -9.635414604200000E-01   0.000000000000000E+00   0.000000000000000E+00   0.000000000000000E+00
   4.427503537400000E-01   6.390551040500000E+00   6.390551040500000E+00   0.000000000000000E+00  -9.635414604200000E-01   0.000000000000000E+00   0.000000000000000E+00   0.000000000000000E+00
   4.504442132100000E-01   6.501602338900000E+00   6.501602338900000E+00   0.000000000000000E+00  -9.635414604200000E-01   0.000000000000000E+00   0.000000000000000E+00   0.000000000000000E+00
   4.568708175000000E-01   6.594362383900000E+00   6.594362383900000E+00   0.000000000000000E+00  -9.635414604200000E-01   0.000000000000000E+00   0.000000000000000E+00   0.000000000000000E+00
   4.632974217900000E-01   6.687122428900000E+00   6.687122428900000E+00   0.000000000000000E+00  -9.635414604200000E-01   0.000000000000000E+00   0.000000000000000E+00   0.000000000000000E+00
   4.697240260800000E-01   6.779882473900000E+00   6.779882473900000E+00   0.000000000000000E+00  -9.635414604200000E-01   0.000000000000000E+00   0.000000000000000E+00   0.000000000000000E+00
   4.761506303700000E-01   6.872642518900000E+00   6.872642518900000E+00   0.000000000000000E+00  -9.635414604200000E-01   0.000000000000000E+00   0.000000000000000E+00   0.000000000000000E+00
   4.815567473200000E-01   6.950673097600000E+00   6.950673097600000E+00   0.000000000000000E+00  -9.635414604200000E-01   0.000000000000000E+00   0.000000000000000E+00   0.000000000000000E+00
   4.869628642800000E-01   7.028703676400000E+00   7.028703676400000E+00   0.000000000000000E+00  -9.635414604200000E-01   0.000000000000000E+00   0.000000000000000E+00   0.000000000000000E+00
   4.923689812400000E-01   7.106734255100000E+00   7.106734255100000E+00   0.000000000000000E+00  -9.635414604200000E-01   0.000000000000000E+00   0.000000000000000E+00   0.000000000000000E+00
   4.977750981900000E-01   7.184764833800000E+00   7.184764833800000E+00   0.000000000000000E+00  -9.635414604200000E-01   0.000000000000000E+00   0.000000000000000E+00   0.000000000000000E+00
   5.019338829000000E-01   7.244791722000000E+00   7.244791722000000E+00   0.000000000000000E+00  -9.635414604200000E-01   0.000000000000000E+00   0.000000000000000E+00   0.000000000000000E+00
   5.060926676100000E-01   7.304818610100000E+00   7.304818610100000E+00   0.000000000000000E+00  -9.635414604200000E-01   0.000000000000000E+00   0.000000000000000E+00   0.000000000000000E+00
   5.102514523200000E-01   7.364845498200000E+00   7.364845498200000E+00   0.000000000000000E+00  -9.635414604200000E-01   0.000000000000000E+00   0.000000000000000E+00   0.000000000000000E+00
   5.144102370300000E-01   7.424872386400000E+00   7.424872386400000E+00   0.000000000000000E+00  -9.635414604200000E-01   0.000000000000000E+00   0.000000000000000E+00   0.000000000000000E+00
   5.180902001400000E-01   7.477988079900000E+00   7.477988079900000E+00   0.000000000000000E+00  -9.635414604200000E-01   0.000000000000000E+00   0.000000000000000E+00   0.000000000000000E+00
   5.217701632600000E-01   7.531103773500000E+00   7.531103773500000E+00   0.000000000000000E+00  -9.635414604200000E-01   0.000000000000000E+00   0.000000000000000E+00   0.000000000000000E+00
   5.254501263700000E-01   7.584219467000000E+00   7.584219467000000E+00   0.000000000000000E+00  -9.635414604200000E-01   0.000000000000000E+00   0.000000000000000E+00   0.000000000000000E+00
   5.291300894900000E-01   7.637335160600000E+00   7.637335160600000E+00   0.000000000000000E+00  -9.635414604200000E-01   0.000000000000000E+00   0.000000000000000E+00   0.000000000000000E+00
   5.317398798500000E-01   7.675004240700000E+00   7.675004240700000E+00   0.000000000000000E+00  -9.635414604200000E-01   0.000000000000000E+00   0.000000000000000E+00   0.000000000000000E+00
   5.343496702200000E-01   7.712673320800000E+00   7.712673320800000E+00   0.000000000000000E+00  -9.635414604200000E-01   0.000000000000000E+00   0.000000000000000E+00   0.000000000000000E+00
   5.369594605900000E-01   7.750342400900000E+00   7.750342400900000E+00   0.000000000000000E+00  -9.635414604200000E-01   0.000000000000000E+00   0.000000000000000E+00   0.000000000000000E+00
   5.395692509600000E-01   7.788011481000000E+00   7.788011481000000E+00   0.000000000000000E+00  -9.635414604200000E-01   0.000000000000000E+00   0.000000000000000E+00   0.000000000000000E+00
   5.422608177100000E-01   7.826860901700000E+00   7.826860901700000E+00   0.000000000000000E+00  -9.635414604200000E-01   0.000000000000000E+00   0.000000000000000E+00   0.000000000000000E+00
   5.449523844700001E-01   7.865710322300000E+00   7.865710322300000E+00   0.000000000000000E+00  -9.635414604200000E-01   0.000000000000000E+00   0.000000000000000E+00   0.000000000000000E+00
   5.476439512200000E-01   7.904559743000000E+00   7.904559743000000E+00   0.000000000000000E+00  -9.635414604200000E-01   0.000000000000000E+00   0.000000000000000E+00   0.000000000000000E+00
   5.503355179800000E-01   7.943409163600000E+00   7.943409163600000E+00   0.000000000000000E+00  -9.635414604200000E-01   0.000000000000000E+00   0.000000000000000E+00   0.000000000000000E+00
   5.538481762500000E-01   7.994110019700000E+00   7.994110019700000E+00   0.000000000000000E+00  -9.635414604200000E-01   0.000000000000000E+00   0.000000000000000E+00   0.000000000000000E+00
   5.573608345200000E-01   8.044810875800000E+00   8.044810875800000E+00   0.000000000000000E+00  -9.635414604200000E-01   0.000000000000000E+00   0.000000000000000E+00   0.000000000000000E+00
   5.608734928000000E-01   8.095511731900000E+00   8.095511731900000E+00   0.000000000000000E+00  -9.635414604200000E-01   0.000000000000000E+00   0.000000000000000E+00   0.000000000000000E+00
   5.643861510700000E-01   8.146212587999999E+00   8.146212587999999E+00   0.000000000000000E+00  -9.635414604200000E-01   0.000000000000000E+00   0.000000000000000E+00   0.000000000000000E+00
   5.672046618800000E-01   8.186894288400000E+00   8.186894288400000E+00   0.000000000000000E+00  -9.635414604200000E-01   0.000000000000000E+00   0.000000000000000E+00   0.000000000000000E+00
   5.700231726900000E-01   8.227575988700000E+00   8.227575988700000E+00   0.000000000000000E+00  -9.635414604200000E-01   0.000000000000000E+00   0.000000000000000E+00   0.000000000000000E+00
   5.728416835100000E-01   8.268257689000000E+00   8.268257689000000E+00   0.000000000000000E+00  -9.635414604200000E-01   0.000000000000000E+00   0.000000000000000E+00   0.000000000000000E+00
   5.756601943200000E-01   8.308939389300001E+00   8.308939389300001E+00   0.000000000000000E+00  -9.635414604200000E-01   0.000000000000000E+00   0.000000000000000E+00   0.000000000000000E+00
   5.784811153800000E-01   8.349655878600000E+00   8.349655878600000E+00   0.000000000000000E+00  -9.635414604200000E-01   0.000000000000000E+00   0.000000000000000E+00   0.000000000000000E+00
   5.813020364500000E-01   8.390372367900000E+00   8.390372367900000E+00   0.000000000000000E+00  -9.635414604200000E-01   0.000000000000000E+00   0.000000000000000E+00   0.000000000000000E+00
   5.841229575100000E-01   8.431088857200001E+00   8.431088857200001E+00   0.000000000000000E+00  -9.635414604200000E-01   0.000000000000000E+00   0.000000000000000E+00   0.000000000000000E+00
   5.869438785700000E-01   8.471805346500000E+00   8.471805346500000E+00   0.000000000000000E+00  -9.635414604200000E-01   0.000000000000000E+00   0.000000000000000E+00   0.000000000000000E+00
   5.899363217300000E-01   8.514997544000000E+00   8.514997544000000E+00   0.000000000000000E+00  -9.635414604200000E-01   0.000000000000000E+00   0.000000000000000E+00   0.000000000000000E+00
   5.929287648900000E-01   8.558189741500000E+00   8.558189741500000E+00   0.000000000000000E+00  -9.635414604200000E-01   0.000000000000000E+00   0.000000000000000E+00   0.000000000000000E+00
   5.959212080400000E-01   8.601381939099999E+00   8.601381939099999E+00   0.000000000000000E+00  -9.635414604200000E-01   0.000000000000000E+00   0.000000000000000E+00   0.000000000000000E+00
   5.989136512000000E-01   8.644574136599999E+00   8.644574136599999E+00   0.000000000000000E+00  -9.635414604200000E-01   0.000000000000000E+00   0.000000000000000E+00   0.000000000000000E+00
   6.017500687300000E-01   8.685514298099999E+00   8.685514298099999E+00   0.000000000000000E+00  -9.635414604200000E-01   0.000000000000000E+00   0.000000000000000E+00   0.000000000000000E+00
   6.045864862600000E-01   8.726454459499999E+00   8.726454459499999E+00   0.000000000000000E+00  -9.635414604200000E-01   0.000000000000000E+00   0.000000000000000E+00   0.000000000000000E+00
   6.074229037800000E-01   8.767394620999999E+00   8.767394620999999E+00   0.000000000000000E+00  -9.635414604200000E-01   0.000000000000000E+00   0.000000000000000E+00   0.000000000000000E+00
   6.102593213100000E-01   8.808334782499999E+00   8.808334782499999E+00   0.000000000000000E+00  -9.635414604200000E-01   0.000000000000000E+00   0.000000000000000E+00   0.000000000000000E+00
   6.130115520700000E-01   8.848059812600001E+00   8.848059812600001E+00   0.000000000000000E+00  -9.635414604200000E-01   0.000000000000000E+00   0.000000000000000E+00   0.000000000000000E+00
   6.157637828300000E-01   8.887784842800000E+00   8.887784842800000E+00   0.000000000000000E+00  -9.635414604200000E-01   0.000000000000000E+00   0.000000000000000E+00   0.000000000000000E+00
   6.185160135900000E-01   8.927509873000000E+00   8.927509873000000E+00   0.000000000000000E+00  -9.635414604200000E-01   0.000000000000000E+00   0.000000000000000E+00   0.000000000000000E+00
   6.212682443500001E-01   8.967234903100000E+00   8.967234903100000E+00   0.000000000000000E+00  -9.635414604200000E-01   0.000000000000000E+00   0.000000000000000E+00   0.000000000000000E+00
   6.233884186300001E-01   8.997836983499999E+00   8.997836983499999E+00   0.000000000000000E+00  -9.635414604200000E-01   0.000000000000000E+00   0.000000000000000E+00   0.000000000000000E+00
   6.255085929000000E-01   9.028439063800000E+00   9.028439063800000E+00   0.000000000000000E+00  -9.635414604200000E-01   0.000000000000000E+00   0.000000000000000E+00   0.000000000000000E+00
   6.276287671700000E-01   9.059041144200000E+00   9.059041144200000E+00   0.000000000000000E+00  -9.635414604200000E-01   0.000000000000000E+00   0.000000000000000E+00   0.000000000000000E+00
   6.297489414400000E-01   9.089643224600000E+00   9.089643224600000E+00   0.000000000000000E+00  -9.635414604200000E-01   0.000000000000000E+00   0.000000000000000E+00   0.000000000000000E+00
   6.317325731700000E-01   9.118274482900000E+00   9.118274482900000E+00   0.000000000000000E+00  -9.635414604200000E-01   0.000000000000000E+00   0.000000000000000E+00   0.000000000000000E+00
   6.337162048900000E-01   9.146905741299999E+00   9.146905741299999E+00   0.000000000000000E+00  -9.635414604200000E-01   0.000000000000000E+00   0.000000000000000E+00   0.000000000000000E+00
   6.356998366100000E-01   9.175536999600000E+00   9.175536999600000E+00   0.000000000000000E+00  -9.635414604200000E-01   0.000000000000000E+00   0.000000000000000E+00   0.000000000000000E+00
   6.376834683300000E-01   9.204168257999999E+00   9.204168257999999E+00   0.000000000000000E+00  -9.635414604200000E-01   0.000000000000000E+00   0.000000000000000E+00   0.000000000000000E+00
   6.396880042200001E-01   9.233101241900000E+00   9.233101241900000E+00   0.000000000000000E+00  -9.635414604200000E-01   0.000000000000000E+00   0.000000000000000E+00   0.000000000000000E+00
   6.416925401000000E-01   9.262034225900001E+00   9.262034225900001E+00   0.000000000000000E+00  -9.635414604200000E-01   0.000000000000000E+00   0.000000000000000E+00   0.000000000000000E+00
   6.436970759900000E-01   9.290967209900000E+00   9.290967209900000E+00   0.000000000000000E+00  -9.635414604200000E-01   0.000000000000000E+00   0.000000000000000E+00   0.000000000000000E+00
   6.457016118700000E-01   9.319900193800001E+00   9.319900193800001E+00   0.000000000000000E+00  -9.635414604200000E-01   0.000000000000000E+00   0.000000000000000E+00   0.000000000000000E+00
   6.476763214200000E-01   9.348402671700001E+00   9.348402671700001E+00   0.000000000000000E+00  -9.635414604200000E-01   0.000000000000000E+00   0.000000000000000E+00   0.000000000000000E+00
   6.496510309700000E-01   9.376905149600001E+00   9.376905149600001E+00   0.000000000000000E+00  -9.635414604200000E-01   0.000000000000000E+00   0.000000000000000E+00   0.000000000000000E+00
   6.516257405200000E-01   9.405407627500001E+00   9.405407627500001E+00   0.000000000000000E+00  -9.635414604200000E-01   0.000000000000000E+00   0.000000000000000E+00   0.000000000000000E+00
   6.536004500700000E-01   9.433910105400001E+00   9.433910105400001E+00   0.000000000000000E+00  -9.635414604200000E-01   0.000000000000000E+00   0.000000000000000E+00   0.000000000000000E+00
   6.554370528200000E-01   9.460419183300001E+00   9.460419183300001E+00   0.000000000000000E+00  -9.635414604200000E-01   0.000000000000000E+00   0.000000000000000E+00   0.000000000000000E+00
   6.572736555699999E-01   9.486928261199999E+00   9.486928261199999E+00   0.000000000000000E+00  -9.635414604200000E-01   0.000000000000000E+00   0.000000000000000E+00   0.000000000000000E+00
   6.591102583300000E-01   9.513437339199999E+00   9.513437339199999E+00   0.000000000000000E+00  -9.635414604200000E-01   0.000000000000000E+00   0.000000000000000E+00   0.000000000000000E+00
   6.609468610800000E-01   9.539946417099999E+00   9.539946417099999E+00   0.000000000000000E+00  -9.635414604200000E-01   0.000000000000000E+00   0.000000000000000E+00   0.000000000000000E+00
   6.628851325200000E-01   9.567922956200000E+00   9.567922956200000E+00   0.000000000000000E+00  -9.635414604200000E-01   0.000000000000000E+00   0.000000000000000E+00   0.000000000000000E+00
   6.648234039599999E-01   9.595899495199999E+00   9.595899495199999E+00   0.000000000000000E+00  -9.635414604200000E-01   0.000000000000000E+00   0.000000000000000E+00   0.000000000000000E+00
   6.667616753900000E-01   9.623876034200000E+00   9.623876034200000E+00   0.000000000000000E+00  -9.635414604200000E-01   0.000000000000000E+00   0.000000000000000E+00   0.000000000000000E+00
   6.686999468300000E-01   9.651852573299999E+00   9.651852573299999E+00   0.000000000000000E+00  -9.635414604200000E-01   0.000000000000000E+00   0.000000000000000E+00   0.000000000000000E+00
   6.712820898200000E-01   9.689122597800001E+00   9.689122597800001E+00   0.000000000000000E+00  -9.635414604200000E-01   0.000000000000000E+00   0.000000000000000E+00   0.000000000000000E+00
   6.738642328000000E-01   9.726392622300001E+00   9.726392622300001E+00   0.000000000000000E+00  -9.635414604200000E-01   0.000000000000000E+00   0.000000000000000E+00   0.000000000000000E+00
   6.764463757900000E-01   9.763662646800000E+00   9.763662646800000E+00   0.000000000000000E+00  -9.635414604200000E-01   0.000000000000000E+00   0.000000000000000E+00   0.000000000000000E+00
   6.790285187700000E-01   9.800932671400000E+00   9.800932671400000E+00   0.000000000000000E+00  -9.635414604200000E-01   0.000000000000000E+00   0.000000000000000E+00   0.000000000000000E+00
   6.816478433199999E-01   9.838739365500000E+00   9.838739365500000E+00   0.000000000000000E+00  -9.635414604200000E-01   0.000000000000000E+00   0.000000000000000E+00   0.000000000000000E+00
   6.842671678600000E-01   9.876546059500001E+00   9.876546059500001E+00   0.000000000000000E+00  -9.635414604200000E-01   0.000000000000000E+00   0.000000000000000E+00   0.000000000000000E+00
   6.868864924000000E-01   9.914352753599999E+00   9.914352753599999E+00   0.000000000000000E+00  -9.635414604200000E-01   0.000000000000000E+00   0.000000000000000E+00   0.000000000000000E+00
   6.895058169500000E-01   9.952159447700000E+00   9.952159447700000E+00   0.000000000000000E+00  -9.635414604200000E-01   0.000000000000000E+00   0.000000000000000E+00   0.000000000000000E+00
   6.917372703700000E-01   9.984367704400000E+00   9.984367704400000E+00   0.000000000000000E+00  -9.635414604200000E-01   0.000000000000000E+00   0.000000000000000E+00   0.000000000000000E+00
   6.939687238000000E-01   1.001657596100000E+01   1.001657596100000E+01   0.000000000000000E+00  -9.635414604200000E-01   0.000000000000000E+00   0.000000000000000E+00   0.000000000000000E+00
   6.962001772300001E-01   1.004878421800000E+01   1.004878421800000E+01   0.000000000000000E+00  -9.635414604200000E-01   0.000000000000000E+00   0.000000000000000E+00   0.000000000000000E+00
   6.984316306500000E-01   1.008099247400000E+01   1.008099247400000E+01   0.000000000000000E+00  -9.635414604200000E-01   0.000000000000000E+00   0.000000000000000E+00   0.000000000000000E+00
   6.998983193500000E-01   1.010216230300000E+01   1.010216230300000E+01   0.000000000000000E+00  -9.635414604200000E-01   0.000000000000000E+00   0.000000000000000E+00   0.000000000000000E+00
   7.013650080500000E-01   1.012333213100000E+01   1.012333213100000E+01   0.000000000000000E+00  -9.635414604200000E-01   0.000000000000000E+00   0.000000000000000E+00   0.000000000000000E+00
   7.028316967500000E-01   1.014450195900000E+01   1.014450195900000E+01   0.000000000000000E+00  -9.635414604200000E-01   0.000000000000000E+00   0.000000000000000E+00   0.000000000000000E+00
   7.042983854400000E-01   1.016567178800000E+01   1.016567178800000E+01   0.000000000000000E+00  -9.635414604200000E-01   0.000000000000000E+00   0.000000000000000E+00   0.000000000000000E+00
   7.056858656700000E-01   1.018569834000000E+01   1.018569834000000E+01   0.000000000000000E+00  -9.635414604200000E-01   0.000000000000000E+00   0.000000000000000E+00   0.000000000000000E+00
   7.070733458900000E-01   1.020572489300000E+01   1.020572489300000E+01   0.000000000000000E+00  -9.635414604200000E-01   0.000000000000000E+00   0.000000000000000E+00   0.000000000000000E+00
   7.084608261200001E-01   1.022575144500000E+01   1.022575144500000E+01   0.000000000000000E+00  -9.635414604200000E-01   0.000000000000000E+00   0.000000000000000E+00   0.000000000000000E+00
   7.098483063400000E-01   1.024577799800000E+01   1.024577799800000E+01   0.000000000000000E+00  -9.635414604200000E-01   0.000000000000000E+00   0.000000000000000E+00   0.000000000000000E+00
   7.112494044100000E-01   1.026600110700000E+01   1.026600110700000E+01   0.000000000000000E+00  -9.635414604200000E-01   0.000000000000000E+00   0.000000000000000E+00   0.000000000000000E+00
   7.126505024799999E-01   1.028622421600000E+01   1.028622421600000E+01   0.000000000000000E+00  -9.635414604200000E-01   0.000000000000000E+00   0.000000000000000E+00   0.000000000000000E+00
   7.140516005500001E-01   1.030644732500000E+01   1.030644732500000E+01   0.000000000000000E+00  -9.635414604200000E-01   0.000000000000000E+00   0.000000000000000E+00   0.000000000000000E+00
   7.154526986200000E-01   1.032667043400000E+01   1.032667043400000E+01   0.000000000000000E+00  -9.635414604200000E-01   0.000000000000000E+00   0.000000000000000E+00   0.000000000000000E+00
   7.168110695100000E-01   1.034627682900000E+01   1.034627682900000E+01   0.000000000000000E+00  -9.635414604200000E-01   0.000000000000000E+00   0.000000000000000E+00   0.000000000000000E+00
   7.181694404000000E-01   1.036588322500000E+01   1.036588322500000E+01   0.000000000000000E+00  -9.635414604200000E-01   0.000000000000000E+00   0.000000000000000E+00   0.000000000000000E+00
   7.195278112900000E-01   1.038548962000000E+01   1.038548962000000E+01   0.000000000000000E+00  -9.635414604200000E-01   0.000000000000000E+00   0.000000000000000E+00   0.000000000000000E+00
   7.208861821900000E-01   1.040509601600000E+01   1.040509601600000E+01   0.000000000000000E+00  -9.635414604200000E-01   0.000000000000000E+00   0.000000000000000E+00   0.000000000000000E+00
   7.221344930400000E-01   1.042311383100000E+01   1.042311383100000E+01   0.000000000000000E+00  -9.635414604200000E-01   0.000000000000000E+00   0.000000000000000E+00   0.000000000000000E+00
   7.233828038900000E-01   1.044113164700000E+01   1.044113164700000E+01   0.000000000000000E+00  -9.635414604200000E-01   0.000000000000000E+00   0.000000000000000E+00   0.000000000000000E+00
   7.246311147500000E-01   1.045914946300000E+01   1.045914946300000E+01   0.000000000000000E+00  -9.635414604200000E-01   0.000000000000000E+00   0.000000000000000E+00   0.000000000000000E+00
   7.258794256000000E-01   1.047716727800000E+01   1.047716727800000E+01   0.000000000000000E+00  -9.635414604200000E-01   0.000000000000000E+00   0.000000000000000E+00   0.000000000000000E+00
   7.269622929100000E-01   1.049279712200000E+01   1.049279712200000E+01   0.000000000000000E+00  -9.635414604200000E-01   0.000000000000000E+00   0.000000000000000E+00   0.000000000000000E+00
   7.280451602100000E-01   1.050842696500000E+01   1.050842696500000E+01   0.000000000000000E+00  -9.635414604200000E-01   0.000000000000000E+00   0.000000000000000E+00   0.000000000000000E+00
   7.291280275200001E-01   1.052405680900000E+01   1.052405680900000E+01   0.000000000000000E+00  -9.635414604200000E-01   0.000000000000000E+00   0.000000000000000E+00   0.000000000000000E+00
   7.302108948200000E-01   1.053968665300000E+01   1.053968665300000E+01   0.000000000000000E+00  -9.635414604200000E-01   0.000000000000000E+00   0.000000000000000E+00   0.000000000000000E+00
   7.314520918500000E-01   1.055760178900000E+01   1.055760178900000E+01   0.000000000000000E+00  -9.635414604200000E-01   0.000000000000000E+00   0.000000000000000E+00   0.000000000000000E+00
   7.326932888700000E-01   1.057551692500000E+01   1.057551692500000E+01   0.000000000000000E+00  -9.635414604200000E-01   0.000000000000000E+00   0.000000000000000E+00   0.000000000000000E+00
   7.339344859000000E-01   1.059343206200000E+01   1.059343206200000E+01   0.000000000000000E+00  -9.635414604200000E-01   0.000000000000000E+00   0.000000000000000E+00   0.000000000000000E+00
   7.351756829300000E-01   1.061134719800000E+01   1.061134719800000E+01   0.000000000000000E+00  -9.635414604200000E-01   0.000000000000000E+00   0.000000000000000E+00   0.000000000000000E+00
   7.363039854300000E-01   1.062763284200000E+01   1.062763284200000E+01   0.000000000000000E+00  -9.635414604200000E-01   0.000000000000000E+00   0.000000000000000E+00   0.000000000000000E+00
   7.374322879400000E-01   1.064391848600000E+01   1.064391848600000E+01   0.000000000000000E+00  -9.635414604200000E-01   0.000000000000000E+00   0.000000000000000E+00   0.000000000000000E+00
   7.385605904400000E-01   1.066020413100000E+01   1.066020413100000E+01   0.000000000000000E+00  -9.635414604200000E-01   0.000000000000000E+00   0.000000000000000E+00   0.000000000000000E+00
   7.396888929400000E-01   1.067648977500000E+01   1.067648977500000E+01   0.000000000000000E+00  -9.635414604200000E-01   0.000000000000000E+00   0.000000000000000E+00   0.000000000000000E+00
   7.405221647000000E-01   1.068851701700000E+01   1.068851701700000E+01   0.000000000000000E+00  -9.635414604200000E-01   0.000000000000000E+00   0.000000000000000E+00   0.000000000000000E+00
   7.413554364500000E-01   1.070054425900000E+01   1.070054425900000E+01   0.000000000000000E+00  -9.635414604200000E-01   0.000000000000000E+00   0.000000000000000E+00   0.000000000000000E+00
   7.421887082100000E-01   1.071257150100000E+01   1.071257150100000E+01   0.000000000000000E+00  -9.635414604200000E-01   0.000000000000000E+00   0.000000000000000E+00   0.000000000000000E+00
   7.430219799600000E-01   1.072459874300000E+01   1.072459874300000E+01   0.000000000000000E+00  -9.635414604200000E-01   0.000000000000000E+00   0.000000000000000E+00   0.000000000000000E+00
   7.437166909600000E-01   1.073462603300000E+01   1.073462603300000E+01   0.000000000000000E+00  -9.635414604200000E-01   0.000000000000000E+00   0.000000000000000E+00   0.000000000000000E+00
   7.444114019500000E-01   1.074465332300000E+01   1.074465332300000E+01   0.000000000000000E+00  -9.635414604200000E-01   0.000000000000000E+00   0.000000000000000E+00   0.000000000000000E+00
   7.451061129500000E-01   1.075468061200000E+01   1.075468061200000E+01   0.000000000000000E+00  -9.635414604200000E-01   0.000000000000000E+00   0.000000000000000E+00   0.000000000000000E+00
   7.458008239500000E-01   1.076470790200000E+01   1.076470790200000E+01   0.000000000000000E+00  -9.635414604200000E-01   0.000000000000000E+00   0.000000000000000E+00   0.000000000000000E+00
   7.465345445200000E-01   1.077529824700000E+01   1.077529824700000E+01   0.000000000000000E+00  -9.635414604200000E-01   0.000000000000000E+00   0.000000000000000E+00   0.000000000000000E+00
   7.472682651000000E-01   1.078588859100000E+01   1.078588859100000E+01   0.000000000000000E+00  -9.635414604200000E-01   0.000000000000000E+00   0.000000000000000E+00   0.000000000000000E+00
   7.480019856700000E-01   1.079647893600000E+01   1.079647893600000E+01   0.000000000000000E+00  -9.635414604200000E-01   0.000000000000000E+00   0.000000000000000E+00   0.000000000000000E+00
   7.487357062500000E-01   1.080706928000000E+01   1.080706928000000E+01   0.000000000000000E+00  -9.635414604200000E-01   0.000000000000000E+00   0.000000000000000E+00   0.000000000000000E+00
   7.495638667300000E-01   1.081902274700000E+01   1.081902274700000E+01   0.000000000000000E+00  -9.635414604200000E-01   0.000000000000000E+00   0.000000000000000E+00   0.000000000000000E+00
   7.503920272000000E-01   1.083097621400000E+01   1.083097621400000E+01   0.000000000000000E+00  -9.635414604200000E-01   0.000000000000000E+00   0.000000000000000E+00   0.000000000000000E+00
   7.512201876800000E-01   1.084292968200000E+01   1.084292968200000E+01   0.000000000000000E+00  -9.635414604200000E-01   0.000000000000000E+00   0.000000000000000E+00   0.000000000000000E+00
   7.520483481600000E-01   1.085488314900000E+01   1.085488314900000E+01   0.000000000000000E+00  -9.635414604200000E-01   0.000000000000000E+00   0.000000000000000E+00   0.000000000000000E+00
   7.527778259800000E-01   1.086541225400000E+01   1.086541225400000E+01   0.000000000000000E+00  -9.635414604200000E-01   0.000000000000000E+00   0.000000000000000E+00   0.000000000000000E+00
   7.535073038000000E-01   1.087594136000000E+01   1.087594136000000E+01   0.000000000000000E+00  -9.635414604200000E-01   0.000000000000000E+00   0.000000000000000E+00   0.000000000000000E+00
   7.542367816200000E-01   1.088647046600000E+01   1.088647046600000E+01   0.000000000000000E+00  -9.635414604200000E-01   0.000000000000000E+00   0.000000000000000E+00   0.000000000000000E+00
   7.549662594400000E-01   1.089699957100000E+01   1.089699957100000E+01   0.000000000000000E+00  -9.635414604200000E-01   0.000000000000000E+00   0.000000000000000E+00   0.000000000000000E+00
   7.555783979200000E-01   1.090583502900000E+01   1.090583502900000E+01   0.000000000000000E+00  -9.635414604200000E-01   0.000000000000000E+00   0.000000000000000E+00   0.000000000000000E+00
   7.561905363900000E-01   1.091467048700000E+01   1.091467048700000E+01   0.000000000000000E+00  -9.635414604200000E-01   0.000000000000000E+00   0.000000000000000E+00   0.000000000000000E+00
   7.568026748700000E-01   1.092350594500000E+01   1.092350594500000E+01   0.000000000000000E+00  -9.635414604200000E-01   0.000000000000000E+00   0.000000000000000E+00   0.000000000000000E+00
   7.574148133400000E-01   1.093234140300000E+01   1.093234140300000E+01   0.000000000000000E+00  -9.635414604200000E-01   0.000000000000000E+00   0.000000000000000E+00   0.000000000000000E+00
   7.580350605000000E-01   1.094129390000000E+01   1.094129390000000E+01   0.000000000000000E+00  -9.635414604200000E-01   0.000000000000000E+00   0.000000000000000E+00   0.000000000000000E+00
   7.586553076600000E-01   1.095024639700000E+01   1.095024639700000E+01   0.000000000000000E+00  -9.635414604200000E-01   0.000000000000000E+00   0.000000000000000E+00   0.000000000000000E+00
   7.592755548100000E-01   1.095919889400000E+01   1.095919889400000E+01   0.000000000000000E+00  -9.635414604200000E-01   0.000000000000000E+00   0.000000000000000E+00   0.000000000000000E+00
   7.598958019700000E-01   1.096815139000000E+01   1.096815139000000E+01   0.000000000000000E+00  -9.635414604200000E-01   0.000000000000000E+00   0.000000000000000E+00   0.000000000000000E+00
   7.605778661500000E-01   1.097799613900000E+01   1.097799613900000E+01   0.000000000000000E+00  -9.635414604200000E-01   0.000000000000000E+00   0.000000000000000E+00   0.000000000000000E+00
   7.612599303299999E-01   1.098784088800000E+01   1.098784088800000E+01   0.000000000000000E+00  -9.635414604200000E-01   0.000000000000000E+00   0.000000000000000E+00   0.000000000000000E+00
   7.619419945100000E-01   1.099768563600000E+01   1.099768563600000E+01   0.000000000000000E+00  -9.635414604200000E-01   0.000000000000000E+00   0.000000000000000E+00   0.000000000000000E+00
   7.626240586900001E-01   1.100753038500000E+01   1.100753038500000E+01   0.000000000000000E+00  -9.635414604200000E-01   0.000000000000000E+00   0.000000000000000E+00   0.000000000000000E+00
   7.633819873100000E-01   1.101847014300000E+01   1.101847014300000E+01   0.000000000000000E+00  -9.635414604200000E-01   0.000000000000000E+00   0.000000000000000E+00   0.000000000000000E+00
   7.641399159400000E-01   1.102940990000000E+01   1.102940990000000E+01   0.000000000000000E+00  -9.635414604200000E-01   0.000000000000000E+00   0.000000000000000E+00   0.000000000000000E+00
   7.648978445600000E-01   1.104034965800000E+01   1.104034965800000E+01   0.000000000000000E+00  -9.635414604200000E-01   0.000000000000000E+00   0.000000000000000E+00   0.000000000000000E+00
   7.656557731900000E-01   1.105128941600000E+01   1.105128941600000E+01   0.000000000000000E+00  -9.635414604200000E-01   0.000000000000000E+00   0.000000000000000E+00   0.000000000000000E+00
   7.663002855700000E-01   1.106059215100000E+01   1.106059215100000E+01   0.000000000000000E+00  -9.635414604200000E-01   0.000000000000000E+00   0.000000000000000E+00   0.000000000000000E+00
   7.669447979400000E-01   1.106989488600000E+01   1.106989488600000E+01   0.000000000000000E+00  -9.635414604200000E-01   0.000000000000000E+00   0.000000000000000E+00   0.000000000000000E+00
   7.675893103200000E-01   1.107919762100000E+01   1.107919762100000E+01   0.000000000000000E+00  -9.635414604200000E-01   0.000000000000000E+00   0.000000000000000E+00   0.000000000000000E+00
   7.682338226900000E-01   1.108850035600000E+01   1.108850035600000E+01   0.000000000000000E+00  -9.635414604200000E-01   0.000000000000000E+00   0.000000000000000E+00   0.000000000000000E+00
   7.687995549000000E-01   1.109666599700000E+01   1.109666599700000E+01   0.000000000000000E+00  -9.635414604200000E-01   0.000000000000000E+00   0.000000000000000E+00   0.000000000000000E+00
   7.693652871000000E-01   1.110483163800000E+01   1.110483163800000E+01   0.000000000000000E+00  -9.635414604200000E-01   0.000000000000000E+00   0.000000000000000E+00   0.000000000000000E+00
   7.699310193100000E-01   1.111299727900000E+01   1.111299727900000E+01   0.000000000000000E+00  -9.635414604200000E-01   0.000000000000000E+00   0.000000000000000E+00   0.000000000000000E+00
   7.704967515100000E-01   1.112116292100000E+01   1.112116292100000E+01   0.000000000000000E+00  -9.635414604200000E-01   0.000000000000000E+00   0.000000000000000E+00   0.000000000000000E+00
   7.710592902000000E-01   1.112928246700000E+01   1.112928246700000E+01   0.000000000000000E+00  -9.635414604200000E-01   0.000000000000000E+00   0.000000000000000E+00   0.000000000000000E+00
   7.716218288900000E-01   1.113740201400000E+01   1.113740201400000E+01   0.000000000000000E+00  -9.635414604200000E-01   0.000000000000000E+00   0.000000000000000E+00   0.000000000000000E+00
   7.721843675800000E-01   1.114552156100000E+01   1.114552156100000E+01   0.000000000000000E+00  -9.635414604200000E-01   0.000000000000000E+00   0.000000000000000E+00   0.000000000000000E+00
   7.727469062700000E-01   1.115364110800000E+01   1.115364110800000E+01   0.000000000000000E+00  -9.635414604200000E-01   0.000000000000000E+00   0.000000000000000E+00   0.000000000000000E+00
   7.732437879200000E-01   1.116081297700000E+01   1.116081297700000E+01   0.000000000000000E+00  -9.635414604200000E-01   0.000000000000000E+00   0.000000000000000E+00   0.000000000000000E+00
   7.737406695700000E-01   1.116798484600000E+01   1.116798484600000E+01   0.000000000000000E+00  -9.635414604200000E-01   0.000000000000000E+00   0.000000000000000E+00   0.000000000000000E+00
   7.742375512300000E-01   1.117515671500000E+01   1.117515671500000E+01   0.000000000000000E+00  -9.635414604200000E-01   0.000000000000000E+00   0.000000000000000E+00   0.000000000000000E+00
   7.747344328800000E-01   1.118232858400000E+01   1.118232858400000E+01   0.000000000000000E+00  -9.635414604200000E-01   0.000000000000000E+00   0.000000000000000E+00   0.000000000000000E+00
   7.751541260800000E-01   1.118838633400000E+01   1.118838633400000E+01   0.000000000000000E+00  -9.635414604200000E-01   0.000000000000000E+00   0.000000000000000E+00   0.000000000000000E+00
   7.755738192800000E-01   1.119444408300000E+01   1.119444408300000E+01   0.000000000000000E+00  -9.635414604200000E-01   0.000000000000000E+00   0.000000000000000E+00   0.000000000000000E+00
   7.759935124800000E-01   1.120050183300000E+01   1.120050183300000E+01   0.000000000000000E+00  -9.635414604200000E-01   0.000000000000000E+00   0.000000000000000E+00   0.000000000000000E+00
   7.764132056800001E-01   1.120655958300000E+01   1.120655958300000E+01   0.000000000000000E+00  -9.635414604200000E-01   0.000000000000000E+00   0.000000000000000E+00   0.000000000000000E+00
   7.767991171500001E-01   1.121212973500000E+01   1.121212973500000E+01   0.000000000000000E+00  -9.635414604200000E-01   0.000000000000000E+00   0.000000000000000E+00   0.000000000000000E+00
   7.771850286200001E-01   1.121769988800000E+01   1.121769988800000E+01   0.000000000000000E+00  -9.635414604200000E-01   0.000000000000000E+00   0.000000000000000E+00   0.000000000000000E+00
   7.775709400900001E-01   1.122327004000000E+01   1.122327004000000E+01   0.000000000000000E+00  -9.635414604200000E-01   0.000000000000000E+00   0.000000000000000E+00   0.000000000000000E+00
   7.779568515600001E-01   1.122884019200000E+01   1.122884019200000E+01   0.000000000000000E+00  -9.635414604200000E-01   0.000000000000000E+00   0.000000000000000E+00   0.000000000000000E+00
   7.783402855400000E-01   1.123437458500000E+01   1.123437458500000E+01   0.000000000000000E+00  -9.635414604200000E-01   0.000000000000000E+00   0.000000000000000E+00   0.000000000000000E+00
   7.787237195100000E-01   1.123990897800000E+01   1.123990897800000E+01   0.000000000000000E+00  -9.635414604200000E-01   0.000000000000000E+00   0.000000000000000E+00   0.000000000000000E+00
   7.791071534800000E-01   1.124544337100000E+01   1.124544337100000E+01   0.000000000000000E+00  -9.635414604200000E-01   0.000000000000000E+00   0.000000000000000E+00   0.000000000000000E+00
   7.794905874600000E-01   1.125097776400000E+01   1.125097776400000E+01   0.000000000000000E+00  -9.635414604200000E-01   0.000000000000000E+00   0.000000000000000E+00   0.000000000000000E+00
   7.798154095399999E-01   1.125566616700000E+01   1.125566616700000E+01   0.000000000000000E+00  -9.635414604200000E-01   0.000000000000000E+00   0.000000000000000E+00   0.000000000000000E+00
   7.801402316300000E-01   1.126035457000000E+01   1.126035457000000E+01   0.000000000000000E+00  -9.635414604200000E-01   0.000000000000000E+00   0.000000000000000E+00   0.000000000000000E+00
   7.804650537100000E-01   1.126504297300000E+01   1.126504297300000E+01   0.000000000000000E+00  -9.635414604200000E-01   0.000000000000000E+00   0.000000000000000E+00   0.000000000000000E+00
   7.807898758000000E-01   1.126973137600000E+01   1.126973137600000E+01   0.000000000000000E+00  -9.635414604200000E-01   0.000000000000000E+00   0.000000000000000E+00   0.000000000000000E+00
   7.811171753100000E-01   1.127445553800000E+01   1.127445553800000E+01   0.000000000000000E+00  -9.635414604200000E-01   0.000000000000000E+00   0.000000000000000E+00   0.000000000000000E+00
   7.814444748200000E-01   1.127917969900000E+01   1.127917969900000E+01   0.000000000000000E+00  -9.635414604200000E-01   0.000000000000000E+00   0.000000000000000E+00   0.000000000000000E+00
   7.817717743400000E-01   1.128390386100000E+01   1.128390386100000E+01   0.000000000000000E+00  -9.635414604200000E-01   0.000000000000000E+00   0.000000000000000E+00   0.000000000000000E+00
   7.820990738500000E-01   1.128862802300000E+01   1.128862802300000E+01   0.000000000000000E+00  -9.635414604200000E-01   0.000000000000000E+00   0.000000000000000E+00   0.000000000000000E+00
   7.824516792100000E-01   1.129371744300000E+01   1.129371744300000E+01   0.000000000000000E+00  -9.635414604200000E-01   0.000000000000000E+00   0.000000000000000E+00   0.000000000000000E+00
   7.828042845700000E-01   1.129880686300000E+01   1.129880686300000E+01   0.000000000000000E+00  -9.635414604200000E-01   0.000000000000000E+00   0.000000000000000E+00   0.000000000000000E+00
   7.831568899300000E-01   1.130389628300000E+01   1.130389628300000E+01   0.000000000000000E+00  -9.635414604200000E-01   0.000000000000000E+00   0.000000000000000E+00   0.000000000000000E+00
   7.835094952800000E-01   1.130898570300000E+01   1.130898570300000E+01   0.000000000000000E+00  -9.635414604200000E-01   0.000000000000000E+00   0.000000000000000E+00   0.000000000000000E+00
   7.839688864500000E-01   1.131561644300000E+01   1.131561644300000E+01   0.000000000000000E+00  -9.635414604200000E-01   0.000000000000000E+00   0.000000000000000E+00   0.000000000000000E+00
   7.844282776100000E-01   1.132224718400000E+01   1.132224718400000E+01   0.000000000000000E+00  -9.635414604200000E-01   0.000000000000000E+00   0.000000000000000E+00   0.000000000000000E+00
   7.848876687800000E-01   1.132887792400000E+01   1.132887792400000E+01   0.000000000000000E+00  -9.635414604200000E-01   0.000000000000000E+00   0.000000000000000E+00   0.000000000000000E+00
   7.853470599400000E-01   1.133550866500000E+01   1.133550866500000E+01   0.000000000000000E+00  -9.635414604200000E-01   0.000000000000000E+00   0.000000000000000E+00   0.000000000000000E+00
   7.857414625500000E-01   1.134120137600000E+01   1.134120137600000E+01   0.000000000000000E+00  -9.635414604200000E-01   0.000000000000000E+00   0.000000000000000E+00   0.000000000000000E+00
   7.861358651600000E-01   1.134689408800000E+01   1.134689408800000E+01   0.000000000000000E+00  -9.635414604200000E-01   0.000000000000000E+00   0.000000000000000E+00   0.000000000000000E+00
   7.865302677600000E-01   1.135258679900000E+01   1.135258679900000E+01   0.000000000000000E+00  -9.635414604200000E-01   0.000000000000000E+00   0.000000000000000E+00   0.000000000000000E+00
   7.869246703700000E-01   1.135827951000000E+01   1.135827951000000E+01   0.000000000000000E+00  -9.635414604200000E-01   0.000000000000000E+00   0.000000000000000E+00   0.000000000000000E+00
   7.873391306100000E-01   1.136426172900000E+01   1.136426172900000E+01   0.000000000000000E+00  -9.635414604200000E-01   0.000000000000000E+00   0.000000000000000E+00   0.000000000000000E+00
   7.877535908600000E-01   1.137024394700000E+01   1.137024394700000E+01   0.000000000000000E+00  -9.635414604200000E-01   0.000000000000000E+00   0.000000000000000E+00   0.000000000000000E+00
   7.881680511000000E-01   1.137622616600000E+01   1.137622616600000E+01   0.000000000000000E+00  -9.635414604200000E-01   0.000000000000000E+00   0.000000000000000E+00   0.000000000000000E+00
   7.885825113400000E-01   1.138220838400000E+01   1.138220838400000E+01   0.000000000000000E+00  -9.635414604200000E-01   0.000000000000000E+00   0.000000000000000E+00   0.000000000000000E+00
   7.889791626900000E-01   1.138793355300000E+01   1.138793355300000E+01   0.000000000000000E+00  -9.635414604200000E-01   0.000000000000000E+00   0.000000000000000E+00   0.000000000000000E+00
   7.893758140300000E-01   1.139365872200000E+01   1.139365872200000E+01   0.000000000000000E+00  -9.635414604200000E-01   0.000000000000000E+00   0.000000000000000E+00   0.000000000000000E+00
   7.897724653800000E-01   1.139938389200000E+01   1.139938389200000E+01   0.000000000000000E+00  -9.635414604200000E-01   0.000000000000000E+00   0.000000000000000E+00   0.000000000000000E+00
   7.901691167300000E-01   1.140510906100000E+01   1.140510906100000E+01   0.000000000000000E+00  -9.635414604200000E-01   0.000000000000000E+00   0.000000000000000E+00   0.000000000000000E+00
   7.906431226600000E-01   1.141195074700000E+01   1.141195074700000E+01   0.000000000000000E+00  -9.635414604200000E-01   0.000000000000000E+00   0.000000000000000E+00   0.000000000000000E+00
   7.911171285900001E-01   1.141879243400000E+01   1.141879243400000E+01   0.000000000000000E+00  -9.635414604200000E-01   0.000000000000000E+00   0.000000000000000E+00   0.000000000000000E+00
   7.915911345300000E-01   1.142563412000000E+01   1.142563412000000E+01   0.000000000000000E+00  -9.635414604200000E-01   0.000000000000000E+00   0.000000000000000E+00   0.000000000000000E+00
   7.920651404600000E-01   1.143247580700000E+01   1.143247580700000E+01   0.000000000000000E+00  -9.635414604200000E-01   0.000000000000000E+00   0.000000000000000E+00   0.000000000000000E+00
   7.928174426400000E-01   1.144333435400000E+01   1.144333435400000E+01   0.000000000000000E+00  -9.635414604200000E-01   0.000000000000000E+00   0.000000000000000E+00   0.000000000000000E+00
   7.935697448300000E-01   1.145419290100000E+01   1.145419290100000E+01   0.000000000000000E+00  -9.635414604200000E-01   0.000000000000000E+00   0.000000000000000E+00   0.000000000000000E+00
   7.943220470200000E-01   1.146505144800000E+01   1.146505144800000E+01   0.000000000000000E+00  -9.635414604200000E-01   0.000000000000000E+00   0.000000000000000E+00   0.000000000000000E+00
   7.950743492000000E-01   1.147590999500000E+01   1.147590999500000E+01   0.000000000000000E+00  -9.635414604200000E-01   0.000000000000000E+00   0.000000000000000E+00   0.000000000000000E+00
   7.958006163400000E-01   1.148639275800000E+01   1.148639275800000E+01   0.000000000000000E+00  -9.635414604200000E-01   0.000000000000000E+00   0.000000000000000E+00   0.000000000000000E+00
   7.965268834800000E-01   1.149687552200000E+01   1.149687552200000E+01   0.000000000000000E+00  -9.635414604200000E-01   0.000000000000000E+00   0.000000000000000E+00   0.000000000000000E+00
   7.972531506200000E-01   1.150735828500000E+01   1.150735828500000E+01   0.000000000000000E+00  -9.635414604200000E-01   0.000000000000000E+00   0.000000000000000E+00   0.000000000000000E+00
   7.979794177600000E-01   1.151784104800000E+01   1.151784104800000E+01   0.000000000000000E+00  -9.635414604200000E-01   0.000000000000000E+00   0.000000000000000E+00   0.000000000000000E+00
   7.987623548300000E-01   1.152914177200000E+01   1.152914177200000E+01   0.000000000000000E+00  -9.635414604200000E-01   0.000000000000000E+00   0.000000000000000E+00   0.000000000000000E+00
   7.995452919000000E-01   1.154044249500000E+01   1.154044249500000E+01   0.000000000000000E+00  -9.635414604200000E-01   0.000000000000000E+00   0.000000000000000E+00   0.000000000000000E+00
   8.003282289700000E-01   1.155174321900000E+01   1.155174321900000E+01   0.000000000000000E+00  -9.635414604200000E-01   0.000000000000000E+00   0.000000000000000E+00   0.000000000000000E+00
   8.011111660500000E-01   1.156304394200000E+01   1.156304394200000E+01   0.000000000000000E+00  -9.635414604200000E-01   0.000000000000000E+00   0.000000000000000E+00   0.000000000000000E+00
   8.022723014100001E-01   1.157980348800000E+01   1.157980348800000E+01   0.000000000000000E+00  -9.635414604200000E-01   0.000000000000000E+00   0.000000000000000E+00   0.000000000000000E+00
   8.034334367700000E-01   1.159656303400000E+01   1.159656303400000E+01   0.000000000000000E+00  -9.635414604200000E-01   0.000000000000000E+00   0.000000000000000E+00   0.000000000000000E+00
   8.045945721300000E-01   1.161332257900000E+01   1.161332257900000E+01   0.000000000000000E+00  -9.635414604200000E-01   0.000000000000000E+00   0.000000000000000E+00   0.000000000000000E+00
   8.057557074900000E-01   1.163008212500000E+01   1.163008212500000E+01   0.000000000000000E+00  -9.635414604200000E-01   0.000000000000000E+00   0.000000000000000E+00   0.000000000000000E+00
   8.070195878200001E-01   1.164832466700000E+01   1.164832466700000E+01   0.000000000000000E+00  -9.635414604200000E-01   0.000000000000000E+00   0.000000000000000E+00   0.000000000000000E+00
   8.082834681400000E-01   1.166656720800000E+01   1.166656720800000E+01   0.000000000000000E+00  -9.635414604200000E-01   0.000000000000000E+00   0.000000000000000E+00   0.000000000000000E+00
   8.095473484700000E-01   1.168480975000000E+01   1.168480975000000E+01   0.000000000000000E+00  -9.635414604200000E-01   0.000000000000000E+00   0.000000000000000E+00   0.000000000000000E+00
   8.108112287900000E-01   1.170305229100000E+01   1.170305229100000E+01   0.000000000000000E+00  -9.635414604200000E-01   0.000000000000000E+00   0.000000000000000E+00   0.000000000000000E+00
   8.151233704800001E-01   1.176529269700000E+01   1.176529269700000E+01   0.000000000000000E+00  -9.635414604200000E-01   0.000000000000000E+00   0.000000000000000E+00   0.000000000000000E+00
   8.194355121700000E-01   1.182753310200000E+01   1.182753310200000E+01   0.000000000000000E+00  -9.635414604200000E-01   0.000000000000000E+00   0.000000000000000E+00   0.000000000000000E+00
   8.237476538600000E-01   1.188977350800000E+01   1.188977350800000E+01   0.000000000000000E+00  -9.635414604200000E-01   0.000000000000000E+00   0.000000000000000E+00   0.000000000000000E+00
   8.280597955500000E-01   1.195201391300000E+01   1.195201391300000E+01   0.000000000000000E+00  -9.635414604200000E-01   0.000000000000000E+00   0.000000000000000E+00   0.000000000000000E+00
   8.339872734700000E-01   1.203756969000000E+01   1.203756969000000E+01   0.000000000000000E+00  -9.635414604200000E-01   0.000000000000000E+00   0.000000000000000E+00   0.000000000000000E+00
   8.399147514000000E-01   1.212312546600000E+01   1.212312546600000E+01   0.000000000000000E+00  -9.635414604200000E-01   0.000000000000000E+00   0.000000000000000E+00   0.000000000000000E+00
   8.458422293300000E-01   1.220868124200000E+01   1.220868124200000E+01   0.000000000000000E+00  -9.635414604200000E-01   0.000000000000000E+00   0.000000000000000E+00   0.000000000000000E+00
   8.517697072600000E-01   1.229423701900000E+01   1.229423701900000E+01   0.000000000000000E+00  -9.635414604200000E-01   0.000000000000000E+00   0.000000000000000E+00   0.000000000000000E+00
   8.572108651300000E-01   1.237277337000000E+01   1.237277337000000E+01   0.000000000000000E+00  -9.635414604200000E-01   0.000000000000000E+00   0.000000000000000E+00   0.000000000000000E+00
   8.626520230100000E-01   1.245130972100000E+01   1.245130972100000E+01   0.000000000000000E+00  -9.635414604200000E-01   0.000000000000000E+00   0.000000000000000E+00   0.000000000000000E+00
   8.680931808800000E-01   1.252984607100000E+01   1.252984607100000E+01   0.000000000000000E+00  -9.635414604200000E-01   0.000000000000000E+00   0.000000000000000E+00   0.000000000000000E+00
   8.735343387600000E-01   1.260838242200000E+01   1.260838242200000E+01   0.000000000000000E+00  -9.635414604200000E-01   0.000000000000000E+00   0.000000000000000E+00   0.000000000000000E+00
   8.780042776100000E-01   1.267290043400000E+01   1.267290043400000E+01   0.000000000000000E+00  -9.635414604200000E-01   0.000000000000000E+00   0.000000000000000E+00   0.000000000000000E+00
   8.824742164600000E-01   1.273741844500000E+01   1.273741844500000E+01   0.000000000000000E+00  -9.635414604200000E-01   0.000000000000000E+00   0.000000000000000E+00   0.000000000000000E+00
   8.869441553100000E-01   1.280193645600000E+01   1.280193645600000E+01   0.000000000000000E+00  -9.635414604200000E-01   0.000000000000000E+00   0.000000000000000E+00   0.000000000000000E+00
   8.914140941599999E-01   1.286645446800000E+01   1.286645446800000E+01   0.000000000000000E+00  -9.635414604200000E-01   0.000000000000000E+00   0.000000000000000E+00   0.000000000000000E+00
   8.969576610700000E-01   1.294646896600000E+01   1.294646896600000E+01   0.000000000000000E+00  -9.635414604200000E-01   0.000000000000000E+00   0.000000000000000E+00   0.000000000000000E+00
   9.025012279700000E-01   1.302648346400000E+01   1.302648346400000E+01   0.000000000000000E+00  -9.635414604200000E-01   0.000000000000000E+00   0.000000000000000E+00   0.000000000000000E+00
   9.080447948700000E-01   1.310649796200000E+01   1.310649796200000E+01   0.000000000000000E+00  -9.635414604200000E-01   0.000000000000000E+00   0.000000000000000E+00   0.000000000000000E+00
   9.135883617800000E-01   1.318651245900000E+01   1.318651245900000E+01   0.000000000000000E+00  -9.635414604200000E-01   0.000000000000000E+00   0.000000000000000E+00   0.000000000000000E+00
   9.189894070800000E-01   1.326446983500000E+01   1.326446983500000E+01   0.000000000000000E+00  -9.635414604200000E-01   0.000000000000000E+00   0.000000000000000E+00   0.000000000000000E+00
   9.243904523799999E-01   1.334242721100000E+01   1.334242721100000E+01   0.000000000000000E+00  -9.635414604200000E-01   0.000000000000000E+00   0.000000000000000E+00   0.000000000000000E+00
   9.297914976900000E-01   1.342038458700000E+01   1.342038458700000E+01   0.000000000000000E+00  -9.635414604200000E-01   0.000000000000000E+00   0.000000000000000E+00   0.000000000000000E+00
   9.351925429900000E-01   1.349834196200000E+01   1.349834196200000E+01   0.000000000000000E+00  -9.635414604200000E-01   0.000000000000000E+00   0.000000000000000E+00   0.000000000000000E+00
   9.392736666600000E-01   1.355724791000000E+01   1.355724791000000E+01   0.000000000000000E+00  -9.635414604200000E-01   0.000000000000000E+00   0.000000000000000E+00   0.000000000000000E+00
   9.433547903200000E-01   1.361615385700000E+01   1.361615385700000E+01   0.000000000000000E+00  -9.635414604200000E-01   0.000000000000000E+00   0.000000000000000E+00   0.000000000000000E+00
   9.474359139900000E-01   1.367505980500000E+01   1.367505980500000E+01   0.000000000000000E+00  -9.635414604200000E-01   0.000000000000000E+00   0.000000000000000E+00   0.000000000000000E+00
   9.515170376600000E-01   1.373396575200000E+01   1.373396575200000E+01   0.000000000000000E+00  -9.635414604200000E-01   0.000000000000000E+00   0.000000000000000E+00   0.000000000000000E+00
   9.554240349799999E-01   1.379035840300000E+01   1.379035840300000E+01   0.000000000000000E+00  -9.635414604200000E-01   0.000000000000000E+00   0.000000000000000E+00   0.000000000000000E+00
   9.593310323100001E-01   1.384675105300000E+01   1.384675105300000E+01   0.000000000000000E+00  -9.635414604200000E-01   0.000000000000000E+00   0.000000000000000E+00   0.000000000000000E+00
   9.632380296400000E-01   1.390314370300000E+01   1.390314370300000E+01   0.000000000000000E+00  -9.635414604200000E-01   0.000000000000000E+00   0.000000000000000E+00   0.000000000000000E+00
   9.671450269600000E-01   1.395953635300000E+01   1.395953635300000E+01   0.000000000000000E+00  -9.635414604200000E-01   0.000000000000000E+00   0.000000000000000E+00   0.000000000000000E+00
   9.712515367200000E-01   1.401880871700000E+01   1.401880871700000E+01   0.000000000000000E+00  -9.635414604200000E-01   0.000000000000000E+00   0.000000000000000E+00   0.000000000000000E+00
   9.753580464800000E-01   1.407808108200000E+01   1.407808108200000E+01   0.000000000000000E+00  -9.635414604200000E-01   0.000000000000000E+00   0.000000000000000E+00   0.000000000000000E+00
   9.794645562299999E-01   1.413735344600000E+01   1.413735344600000E+01   0.000000000000000E+00  -9.635414604200000E-01   0.000000000000000E+00   0.000000000000000E+00   0.000000000000000E+00
   9.835710659900000E-01   1.419662581000000E+01   1.419662581000000E+01   0.000000000000000E+00  -9.635414604200000E-01   0.000000000000000E+00   0.000000000000000E+00   0.000000000000000E+00
   9.876782994900000E-01   1.425590862000000E+01   1.425590862000000E+01   0.000000000000000E+00  -9.635414604200000E-01   0.000000000000000E+00   0.000000000000000E+00   0.000000000000000E+00
   9.917855329900001E-01   1.431519143100000E+01   1.431519143100000E+01   0.000000000000000E+00  -9.635414604200000E-01   0.000000000000000E+00   0.000000000000000E+00   0.000000000000000E+00
   9.958927665000000E-01   1.437447424100000E+01   1.437447424100000E+01   0.000000000000000E+00  -9.635414604200000E-01   0.000000000000000E+00   0.000000000000000E+00   0.000000000000000E+00
   1.000000000000000E+00   1.443375705200000E+01   1.443375705200000E+01   0.000000000000000E+00  -9.635414604200000E-01   0.000000000000000E+00   0.000000000000000E+00   0.000000000000000E+00
