   0.000000000000000E+00  -5.405403910300000E-31   0.000000000000000E+00   0.000000000000000E+00  -9.997343550200000E-01   0.000000000000000E+00   0.000000000000000E+00   0.000000000000000E+00
   7.537892837400000E-03   1.088001139000000E-01   1.088001139000000E-01   0.000000000000000E+00  -9.997343550200000E-01   0.000000000000000E+00   0.000000000000000E+00   0.000000000000000E+00
   1.507578567500000E-02   2.176002278000000E-01   2.176002278000000E-01   0.000000000000000E+00  -9.997343550200000E-01   0.000000000000000E+00   0.000000000000000E+00   0.000000000000000E+00
   2.261367851200000E-02   3.264003417000000E-01   3.264003417000000E-01   0.000000000000000E+00  -9.997343550200000E-01   0.000000000000000E+00   0.000000000000000E+00   0.000000000000000E+00
   3.015157135000000E-02   4.352004556000000E-01   4.352004556000000E-01   0.000000000000000E+00  -9.997343550200000E-01   0.000000000000000E+00   0.000000000000000E+00   0.000000000000000E+00
   3.721270395100000E-02   5.371191280800000E-01   5.371191280800000E-01   0.000000000000000E+00  -9.997343550200000E-01   0.000000000000000E+00   0.000000000000000E+00   0.000000000000000E+00
   4.427383655200000E-02   6.390378005600000E-01   6.390378005600000E-01   0.000000000000000E+00  -9.997343550200000E-01   0.000000000000000E+00   0.000000000000000E+00   0.000000000000000E+00
   5.133496915400000E-02   7.409564730400000E-01   7.409564730400000E-01   0.000000000000000E+00  -9.997343550200000E-01   0.000000000000000E+00   0.000000000000000E+00   0.000000000000000E+00
   5.839610175500000E-02   8.428751455200000E-01   8.428751455200000E-01   0.000000000000000E+00  -9.997343550200000E-01   0.000000000000000E+00   0.000000000000000E+00   0.000000000000000E+00
   6.496714906499999E-02   9.377200459600000E-01   9.377200459600000E-01   0.000000000000000E+00  -9.997343550200000E-01   0.000000000000000E+00   0.000000000000000E+00   0.000000000000000E+00
   7.153819637400000E-02   1.032564946400000E+00   1.032564946400000E+00   0.000000000000000E+00  -9.997343550200000E-01   0.000000000000000E+00   0.000000000000000E+00   0.000000000000000E+00
   7.810924368400000E-02   1.127409846800000E+00   1.127409846800000E+00   0.000000000000000E+00  -9.997343550200000E-01   0.000000000000000E+00   0.000000000000000E+00   0.000000000000000E+00
   8.468029099299999E-02   1.222254747300000E+00   1.222254747300000E+00   0.000000000000000E+00  -9.997343550200000E-01   0.000000000000000E+00   0.000000000000000E+00   0.000000000000000E+00
   9.083569245799999E-02   1.311100316600000E+00   1.311100316600000E+00   0.000000000000000E+00  -9.997343550200000E-01   0.000000000000000E+00   0.000000000000000E+00   0.000000000000000E+00
   9.699109392200000E-02   1.399945885900000E+00   1.399945885900000E+00   0.000000000000000E+00  -9.997343550200000E-01   0.000000000000000E+00   0.000000000000000E+00   0.000000000000000E+00
   1.031464953900000E-01   1.488791455200000E+00   1.488791455200000E+00   0.000000000000000E+00  -9.997343550200000E-01   0.000000000000000E+00   0.000000000000000E+00   0.000000000000000E+00
   1.093018968500000E-01   1.577637024500000E+00   1.577637024500000E+00   0.000000000000000E+00  -9.997343550200000E-01   0.000000000000000E+00   0.000000000000000E+00   0.000000000000000E+00
   1.150690198800000E-01   1.660878277100000E+00   1.660878277100000E+00   0.000000000000000E+00  -9.997343550200000E-01   0.000000000000000E+00   0.000000000000000E+00   0.000000000000000E+00
   1.208361429100000E-01   1.744119529800000E+00   1.744119529800000E+00   0.000000000000000E+00  -9.997343550200000E-01   0.000000000000000E+00   0.000000000000000E+00   0.000000000000000E+00
   1.266032659300000E-01   1.827360782500000E+00   1.827360782500000E+00   0.000000000000000E+00  -9.997343550200000E-01   0.000000000000000E+00   0.000000000000000E+00   0.000000000000000E+00
   1.323703889600000E-01   1.910602035100000E+00   1.910602035100000E+00   0.000000000000000E+00  -9.997343550200000E-01   0.000000000000000E+00   0.000000000000000E+00   0.000000000000000E+00
   1.383718802800000E-01   1.997226102800000E+00   1.997226102800000E+00   0.000000000000000E+00  -9.997343550200000E-01   0.000000000000000E+00   0.000000000000000E+00   0.000000000000000E+00
   1.443733716000000E-01   2.083850170400000E+00   2.083850170400000E+00   0.000000000000000E+00  -9.997343550200000E-01   0.000000000000000E+00   0.000000000000000E+00   0.000000000000000E+00
   1.503748629200000E-01   2.170474238100000E+00   2.170474238100000E+00   0.000000000000000E+00  -9.997343550200000E-01   0.000000000000000E+00   0.000000000000000E+00   0.000000000000000E+00
   1.563763542400000E-01   2.257098305700000E+00   2.257098305700000E+00   0.000000000000000E+00  -9.997343550200000E-01   0.000000000000000E+00   0.000000000000000E+00   0.000000000000000E+00
   1.629731355000000E-01   2.352314643800000E+00   2.352314643800000E+00   0.000000000000000E+00  -9.997343550200000E-01   0.000000000000000E+00   0.000000000000000E+00   0.000000000000000E+00
   1.695699167500000E-01   2.447530981800000E+00   2.447530981800000E+00   0.000000000000000E+00  -9.997343550200000E-01   0.000000000000000E+00   0.000000000000000E+00   0.000000000000000E+00
   1.761666980100000E-01   2.542747319800000E+00   2.542747319800000E+00   0.000000000000000E+00  -9.997343550200000E-01   0.000000000000000E+00   0.000000000000000E+00   0.000000000000000E+00
   1.827634792700000E-01   2.637963657800000E+00   2.637963657800000E+00   0.000000000000000E+00  -9.997343550200000E-01   0.000000000000000E+00   0.000000000000000E+00   0.000000000000000E+00
   1.880885749800000E-01   2.714824795500000E+00   2.714824795500000E+00   0.000000000000000E+00  -9.997343550200000E-01   0.000000000000000E+00   0.000000000000000E+00   0.000000000000000E+00
   1.934136706800000E-01   2.791685933200000E+00   2.791685933200000E+00   0.000000000000000E+00  -9.997343550200000E-01   0.000000000000000E+00   0.000000000000000E+00   0.000000000000000E+00
   1.987387663900000E-01   2.868547070900000E+00   2.868547070900000E+00   0.000000000000000E+00  -9.997343550200000E-01   0.000000000000000E+00   0.000000000000000E+00   0.000000000000000E+00
   2.040638620900000E-01   2.945408208600000E+00   2.945408208600000E+00   0.000000000000000E+00  -9.997343550200000E-01   0.000000000000000E+00   0.000000000000000E+00   0.000000000000000E+00
   2.086324240300000E-01   3.011349721600000E+00   3.011349721600000E+00   0.000000000000000E+00  -9.997343550200000E-01   0.000000000000000E+00   0.000000000000000E+00   0.000000000000000E+00
   2.132009859600000E-01   3.077291234600000E+00   3.077291234600000E+00   0.000000000000000E+00  -9.997343550200000E-01   0.000000000000000E+00   0.000000000000000E+00   0.000000000000000E+00
   2.177695478900000E-01   3.143232747600000E+00   3.143232747600000E+00   0.000000000000000E+00  -9.997343550200000E-01   0.000000000000000E+00   0.000000000000000E+00   0.000000000000000E+00
   2.223381098200000E-01   3.209174260600000E+00   3.209174260600000E+00   0.000000000000000E+00  -9.997343550200000E-01   0.000000000000000E+00   0.000000000000000E+00   0.000000000000000E+00
   2.274640365500000E-01   3.283160641600000E+00   3.283160641600000E+00   0.000000000000000E+00  -9.997343550200000E-01   0.000000000000000E+00   0.000000000000000E+00   0.000000000000000E+00
   2.325899632700000E-01   3.357147022600000E+00   3.357147022600000E+00   0.000000000000000E+00  -9.997343550200000E-01   0.000000000000000E+00   0.000000000000000E+00   0.000000000000000E+00
   2.377158900000000E-01   3.431133403600000E+00   3.431133403600000E+00   0.000000000000000E+00  -9.997343550200000E-01   0.000000000000000E+00   0.000000000000000E+00   0.000000000000000E+00
   2.428418167200000E-01   3.505119784600000E+00   3.505119784600000E+00   0.000000000000000E+00  -9.997343550200000E-01   0.000000000000000E+00   0.000000000000000E+00   0.000000000000000E+00
   2.487256817900000E-01   3.590046063500000E+00   3.590046063500000E+00   0.000000000000000E+00  -9.997343550200000E-01   0.000000000000000E+00   0.000000000000000E+00   0.000000000000000E+00
   2.546095468500000E-01   3.674972342400000E+00   3.674972342400000E+00   0.000000000000000E+00  -9.997343550200000E-01   0.000000000000000E+00   0.000000000000000E+00   0.000000000000000E+00
   2.604934119200000E-01   3.759898621300000E+00   3.759898621300000E+00   0.000000000000000E+00  -9.997343550200000E-01   0.000000000000000E+00   0.000000000000000E+00   0.000000000000000E+00
   2.663772769900000E-01   3.844824900200000E+00   3.844824900200000E+00   0.000000000000000E+00  -9.997343550200000E-01   0.000000000000000E+00   0.000000000000000E+00   0.000000000000000E+00
   2.717953984400000E-01   3.923028749000000E+00   3.923028749000000E+00   0.000000000000000E+00  -9.997343550200000E-01   0.000000000000000E+00   0.000000000000000E+00   0.000000000000000E+00
   2.772135198900000E-01   4.001232597700000E+00   4.001232597700000E+00   0.000000000000000E+00  -9.997343550200000E-01   0.000000000000000E+00   0.000000000000000E+00   0.000000000000000E+00
   2.826316413500000E-01   4.079436446400000E+00   4.079436446400000E+00   0.000000000000000E+00  -9.997343550200000E-01   0.000000000000000E+00   0.000000000000000E+00   0.000000000000000E+00
   2.880497628000000E-01   4.157640295200000E+00   4.157640295200000E+00   0.000000000000000E+00  -9.997343550200000E-01   0.000000000000000E+00   0.000000000000000E+00   0.000000000000000E+00
   2.923741039100000E-01   4.220056784100000E+00   4.220056784100000E+00   0.000000000000000E+00  -9.997343550200000E-01   0.000000000000000E+00   0.000000000000000E+00   0.000000000000000E+00
   2.966984450200000E-01   4.282473273100000E+00   4.282473273100000E+00   0.000000000000000E+00  -9.997343550200000E-01   0.000000000000000E+00   0.000000000000000E+00   0.000000000000000E+00
   3.010227861300000E-01   4.344889762100000E+00   4.344889762100000E+00   0.000000000000000E+00  -9.997343550200000E-01   0.000000000000000E+00   0.000000000000000E+00   0.000000000000000E+00
   3.053471272400000E-01   4.407306251000000E+00   4.407306251000000E+00   0.000000000000000E+00  -9.997343550200000E-01   0.000000000000000E+00   0.000000000000000E+00   0.000000000000000E+00
   3.100221650400000E-01   4.474784610900000E+00   4.474784610900000E+00   0.000000000000000E+00  -9.997343550200000E-01   0.000000000000000E+00   0.000000000000000E+00   0.000000000000000E+00
   3.146972028400000E-01   4.542262970800000E+00   4.542262970800000E+00   0.000000000000000E+00  -9.997343550200000E-01   0.000000000000000E+00   0.000000000000000E+00   0.000000000000000E+00
   3.193722406500000E-01   4.609741330700000E+00   4.609741330700000E+00   0.000000000000000E+00  -9.997343550200000E-01   0.000000000000000E+00   0.000000000000000E+00   0.000000000000000E+00
   3.240472784500000E-01   4.677219690500000E+00   4.677219690500000E+00   0.000000000000000E+00  -9.997343550200000E-01   0.000000000000000E+00   0.000000000000000E+00   0.000000000000000E+00
   3.273383701200000E-01   4.724722508000000E+00   4.724722508000000E+00   0.000000000000000E+00  -9.997343550200000E-01   0.000000000000000E+00   0.000000000000000E+00   0.000000000000000E+00
   3.306294617800000E-01   4.772225325600000E+00   4.772225325600000E+00   0.000000000000000E+00  -9.997343550200000E-01   0.000000000000000E+00   0.000000000000000E+00   0.000000000000000E+00
   3.339205534400000E-01   4.819728143100000E+00   4.819728143100000E+00   0.000000000000000E+00  -9.997343550200000E-01   0.000000000000000E+00   0.000000000000000E+00   0.000000000000000E+00
   3.372116451100000E-01   4.867230960600000E+00   4.867230960600000E+00   0.000000000000000E+00  -9.997343550200000E-01   0.000000000000000E+00   0.000000000000000E+00   0.000000000000000E+00
   3.402812006500000E-01   4.911536179500000E+00   4.911536179500000E+00   0.000000000000000E+00  -9.997343550200000E-01   0.000000000000000E+00   0.000000000000000E+00   0.000000000000000E+00
   3.433507561800000E-01   4.955841398400000E+00   4.955841398400000E+00   0.000000000000000E+00  -9.997343550200000E-01   0.000000000000000E+00   0.000000000000000E+00   0.000000000000000E+00
   3.464203117200000E-01   5.000146617300000E+00   5.000146617300000E+00   0.000000000000000E+00  -9.997343550200000E-01   0.000000000000000E+00   0.000000000000000E+00   0.000000000000000E+00
   3.494898672600000E-01   5.044451836200000E+00   5.044451836200000E+00   0.000000000000000E+00  -9.997343550200000E-01   0.000000000000000E+00   0.000000000000000E+00   0.000000000000000E+00
   3.533869549500000E-01   5.100701453000000E+00   5.100701453000000E+00   0.000000000000000E+00  -9.997343550200000E-01   0.000000000000000E+00   0.000000000000000E+00   0.000000000000000E+00
   3.572840426300000E-01   5.156951069900000E+00   5.156951069900000E+00   0.000000000000000E+00  -9.997343550200000E-01   0.000000000000000E+00   0.000000000000000E+00   0.000000000000000E+00
   3.611811303200000E-01   5.213200686700000E+00   5.213200686700000E+00   0.000000000000000E+00  -9.997343550200000E-01   0.000000000000000E+00   0.000000000000000E+00   0.000000000000000E+00
   3.650782180000000E-01   5.269450303600000E+00   5.269450303600000E+00   0.000000000000000E+00  -9.997343550200000E-01   0.000000000000000E+00   0.000000000000000E+00   0.000000000000000E+00
   3.682645839400000E-01   5.315441535400000E+00   5.315441535400000E+00   0.000000000000000E+00  -9.997343550200000E-01   0.000000000000000E+00   0.000000000000000E+00   0.000000000000000E+00
   3.714509498700000E-01   5.361432767200000E+00   5.361432767200000E+00   0.000000000000000E+00  -9.997343550200000E-01   0.000000000000000E+00   0.000000000000000E+00   0.000000000000000E+00
   3.746373158100000E-01   5.407423999000000E+00   5.407423999000000E+00   0.000000000000000E+00  -9.997343550200000E-01   0.000000000000000E+00   0.000000000000000E+00   0.000000000000000E+00
   3.778236817500000E-01   5.453415230800000E+00   5.453415230800000E+00   0.000000000000000E+00  -9.997343550200000E-01   0.000000000000000E+00   0.000000000000000E+00   0.000000000000000E+00
   3.809270292500000E-01   5.498208194800000E+00   5.498208194800000E+00   0.000000000000000E+00  -9.997343550200000E-01   0.000000000000000E+00   0.000000000000000E+00   0.000000000000000E+00
   3.840303767600000E-01   5.543001158800000E+00   5.543001158800000E+00   0.000000000000000E+00  -9.997343550200000E-01   0.000000000000000E+00   0.000000000000000E+00   0.000000000000000E+00
   3.871337242700000E-01   5.587794122800000E+00   5.587794122800000E+00   0.000000000000000E+00  -9.997343550200000E-01   0.000000000000000E+00   0.000000000000000E+00   0.000000000000000E+00
   3.902370717800000E-01   5.632587086700000E+00   5.632587086700000E+00   0.000000000000000E+00  -9.997343550200000E-01   0.000000000000000E+00   0.000000000000000E+00   0.000000000000000E+00
   3.934363061200000E-01   5.678764058000000E+00   5.678764058000000E+00   0.000000000000000E+00  -9.997343550200000E-01   0.000000000000000E+00   0.000000000000000E+00   0.000000000000000E+00
   3.966355404600000E-01   5.724941029200000E+00   5.724941029200000E+00   0.000000000000000E+00  -9.997343550200000E-01   0.000000000000000E+00   0.000000000000000E+00   0.000000000000000E+00
   3.998347748000000E-01   5.771118000400000E+00   5.771118000400000E+00   0.000000000000000E+00  -9.997343550200000E-01   0.000000000000000E+00   0.000000000000000E+00   0.000000000000000E+00
   4.030340091400000E-01   5.817294971600000E+00   5.817294971600000E+00   0.000000000000000E+00  -9.997343550200000E-01   0.000000000000000E+00   0.000000000000000E+00   0.000000000000000E+00
   4.061998516900000E-01   5.862989973800000E+00   5.862989973800000E+00   0.000000000000000E+00  -9.997343550200000E-01   0.000000000000000E+00   0.000000000000000E+00   0.000000000000000E+00
   4.093656942400000E-01   5.908684976100000E+00   5.908684976100000E+00   0.000000000000000E+00  -9.997343550200000E-01   0.000000000000000E+00   0.000000000000000E+00   0.000000000000000E+00
   4.125315367900000E-01   5.954379978300000E+00   5.954379978300000E+00   0.000000000000000E+00  -9.997343550200000E-01   0.000000000000000E+00   0.000000000000000E+00   0.000000000000000E+00
   4.156973793400000E-01   6.000074980600000E+00   6.000074980600000E+00   0.000000000000000E+00  -9.997343550200000E-01   0.000000000000000E+00   0.000000000000000E+00   0.000000000000000E+00
   4.191873356500000E-01   6.050448162100000E+00   6.050448162100000E+00   0.000000000000000E+00  -9.997343550200000E-01   0.000000000000000E+00   0.000000000000000E+00   0.000000000000000E+00
   4.226772919600000E-01   6.100821343600000E+00   6.100821343600000E+00   0.000000000000000E+00  -9.997343550200000E-01   0.000000000000000E+00   0.000000000000000E+00   0.000000000000000E+00
   4.261672482700000E-01   6.151194525100000E+00   6.151194525100000E+00   0.000000000000000E+00  -9.997343550200000E-01   0.000000000000000E+00   0.000000000000000E+00   0.000000000000000E+00
   4.296572045800000E-01   6.201567706600000E+00   6.201567706600000E+00   0.000000000000000E+00  -9.997343550200000E-01   0.000000000000000E+00   0.000000000000000E+00   0.000000000000000E+00
   4.329131635900000E-01   6.248563427800000E+00   6.248563427800000E+00   0.000000000000000E+00  -9.997343550200000E-01   0.000000000000000E+00   0.000000000000000E+00   0.000000000000000E+00
   4.361691225900000E-01   6.295559149100000E+00   6.295559149100000E+00   0.000000000000000E+00  -9.997343550200000E-01   0.000000000000000E+00   0.000000000000000E+00   0.000000000000000E+00
   4.394250816000000E-01   6.342554870400000E+00   6.342554870400000E+00   0.000000000000000E+00  -9.997343550200000E-01   0.000000000000000E+00   0.000000000000000E+00   0.000000000000000E+00
   4.426810406000000E-01   6.389550591600000E+00   6.389550591600000E+00   0.000000000000000E+00  -9.997343550200000E-01   0.000000000000000E+00   0.000000000000000E+00   0.000000000000000E+00
   4.462055493300000E-01   6.440422494200000E+00   6.440422494200000E+00   0.000000000000000E+00  -9.997343550200000E-01   0.000000000000000E+00   0.000000000000000E+00   0.000000000000000E+00
   4.497300580500000E-01   6.491294396800000E+00   6.491294396800000E+00   0.000000000000000E+00  -9.997343550200000E-01   0.000000000000000E+00   0.000000000000000E+00   0.000000000000000E+00
   4.532545667700000E-01   6.542166299400000E+00   6.542166299400000E+00   0.000000000000000E+00  -9.997343550200000E-01   0.000000000000000E+00   0.000000000000000E+00   0.000000000000000E+00
   4.567790754900000E-01   6.593038202000000E+00   6.593038202100000E+00   0.000000000000000E+00  -9.997343550200000E-01   0.000000000000000E+00   0.000000000000000E+00   0.000000000000000E+00
   4.605001274100000E-01   6.646746961400000E+00   6.646746961400000E+00   0.000000000000000E+00  -9.997343550200000E-01   0.000000000000000E+00   0.000000000000000E+00   0.000000000000000E+00
   4.642211793300000E-01   6.700455720800000E+00   6.700455720800000E+00   0.000000000000000E+00  -9.997343550200000E-01   0.000000000000000E+00   0.000000000000000E+00   0.000000000000000E+00
   4.679422312400000E-01   6.754164480100000E+00   6.754164480100000E+00   0.000000000000000E+00  -9.997343550200000E-01   0.000000000000000E+00   0.000000000000000E+00   0.000000000000000E+00
   4.716632831600000E-01   6.807873239500000E+00   6.807873239500000E+00   0.000000000000000E+00  -9.997343550200000E-01   0.000000000000000E+00   0.000000000000000E+00   0.000000000000000E+00
   4.750407422000000E-01   6.856622662700000E+00   6.856622662700000E+00   0.000000000000000E+00  -9.997343550200000E-01   0.000000000000000E+00   0.000000000000000E+00   0.000000000000000E+00
   4.784182012300000E-01   6.905372085800000E+00   6.905372085800000E+00   0.000000000000000E+00  -9.997343550200000E-01   0.000000000000000E+00   0.000000000000000E+00   0.000000000000000E+00
   4.817956602700000E-01   6.954121509000000E+00   6.954121509000000E+00   0.000000000000000E+00  -9.997343550200000E-01   0.000000000000000E+00   0.000000000000000E+00   0.000000000000000E+00
   4.851731193000000E-01   7.002870932200000E+00   7.002870932200000E+00   0.000000000000000E+00  -9.997343550200000E-01   0.000000000000000E+00   0.000000000000000E+00   0.000000000000000E+00
   4.889679337500000E-01   7.057644361900000E+00   7.057644361900000E+00   0.000000000000000E+00  -9.997343550200000E-01   0.000000000000000E+00   0.000000000000000E+00   0.000000000000000E+00
   4.927627481900000E-01   7.112417791700000E+00   7.112417791700000E+00   0.000000000000000E+00  -9.997343550200000E-01   0.000000000000000E+00   0.000000000000000E+00   0.000000000000000E+00
   4.965575626400000E-01   7.167191221500000E+00   7.167191221500000E+00   0.000000000000000E+00  -9.997343550200000E-01   0.000000000000000E+00   0.000000000000000E+00   0.000000000000000E+00
   5.003523770900000E-01   7.221964651300000E+00   7.221964651300000E+00   0.000000000000000E+00  -9.997343550200000E-01   0.000000000000000E+00   0.000000000000000E+00   0.000000000000000E+00
   5.036198231400000E-01   7.269126173800000E+00   7.269126173800000E+00   0.000000000000000E+00  -9.997343550200000E-01   0.000000000000000E+00   0.000000000000000E+00   0.000000000000000E+00
   5.068872691900000E-01   7.316287696300000E+00   7.316287696300000E+00   0.000000000000000E+00  -9.997343550200000E-01   0.000000000000000E+00   0.000000000000000E+00   0.000000000000000E+00
   5.101547152500000E-01   7.363449218800000E+00   7.363449218800000E+00   0.000000000000000E+00  -9.997343550200000E-01   0.000000000000000E+00   0.000000000000000E+00   0.000000000000000E+00
   5.134221613000000E-01   7.410610741300000E+00   7.410610741300000E+00   0.000000000000000E+00  -9.997343550200000E-01   0.000000000000000E+00   0.000000000000000E+00   0.000000000000000E+00
   5.161071456700000E-01   7.449365153400000E+00   7.449365153400000E+00   0.000000000000000E+00  -9.997343550200000E-01   0.000000000000000E+00   0.000000000000000E+00   0.000000000000000E+00
   5.187921300400000E-01   7.488119565500000E+00   7.488119565500000E+00   0.000000000000000E+00  -9.997343550200000E-01   0.000000000000000E+00   0.000000000000000E+00   0.000000000000000E+00
   5.214771144100000E-01   7.526873977600000E+00   7.526873977600000E+00   0.000000000000000E+00  -9.997343550200000E-01   0.000000000000000E+00   0.000000000000000E+00   0.000000000000000E+00
   5.241620987800000E-01   7.565628389700000E+00   7.565628389700000E+00   0.000000000000000E+00  -9.997343550200000E-01   0.000000000000000E+00   0.000000000000000E+00   0.000000000000000E+00
   5.266204691100000E-01   7.601111909700000E+00   7.601111909700000E+00   0.000000000000000E+00  -9.997343550200000E-01   0.000000000000000E+00   0.000000000000000E+00   0.000000000000000E+00
   5.290788394400000E-01   7.636595429800000E+00   7.636595429800000E+00   0.000000000000000E+00  -9.997343550200000E-01   0.000000000000000E+00   0.000000000000000E+00   0.000000000000000E+00
   5.315372097700000E-01   7.672078949900000E+00   7.672078949900000E+00   0.000000000000000E+00  -9.997343550200000E-01   0.000000000000000E+00   0.000000000000000E+00   0.000000000000000E+00
   5.339955800900000E-01   7.707562469900000E+00   7.707562469900000E+00   0.000000000000000E+00  -9.997343550200000E-01   0.000000000000000E+00   0.000000000000000E+00   0.000000000000000E+00
   5.364062327700000E-01   7.742357245000000E+00   7.742357245000000E+00   0.000000000000000E+00  -9.997343550200000E-01   0.000000000000000E+00   0.000000000000000E+00   0.000000000000000E+00
   5.388168854499999E-01   7.777152020100000E+00   7.777152020100000E+00   0.000000000000000E+00  -9.997343550200000E-01   0.000000000000000E+00   0.000000000000000E+00   0.000000000000000E+00
   5.412275381300000E-01   7.811946795200000E+00   7.811946795200000E+00   0.000000000000000E+00  -9.997343550200000E-01   0.000000000000000E+00   0.000000000000000E+00   0.000000000000000E+00
   5.436381908100000E-01   7.846741570300000E+00   7.846741570300000E+00   0.000000000000000E+00  -9.997343550200000E-01   0.000000000000000E+00   0.000000000000000E+00   0.000000000000000E+00
   5.467257810200000E-01   7.891307097300000E+00   7.891307097300000E+00   0.000000000000000E+00  -9.997343550200000E-01   0.000000000000000E+00   0.000000000000000E+00   0.000000000000000E+00
   5.498133712400000E-01   7.935872624400000E+00   7.935872624400000E+00   0.000000000000000E+00  -9.997343550200000E-01   0.000000000000000E+00   0.000000000000000E+00   0.000000000000000E+00
   5.529009614500000E-01   7.980438151400000E+00   7.980438151400000E+00   0.000000000000000E+00  -9.997343550200000E-01   0.000000000000000E+00   0.000000000000000E+00   0.000000000000000E+00
   5.559885516700001E-01   8.025003678499999E+00   8.025003678499999E+00   0.000000000000000E+00  -9.997343550200000E-01   0.000000000000000E+00   0.000000000000000E+00   0.000000000000000E+00
   5.582350340100000E-01   8.057428858800000E+00   8.057428858800000E+00   0.000000000000000E+00  -9.997343550200000E-01   0.000000000000000E+00   0.000000000000000E+00   0.000000000000000E+00
   5.604815163500000E-01   8.089854039200000E+00   8.089854039200000E+00   0.000000000000000E+00  -9.997343550200000E-01   0.000000000000000E+00   0.000000000000000E+00   0.000000000000000E+00
   5.627279987000000E-01   8.122279219499999E+00   8.122279219499999E+00   0.000000000000000E+00  -9.997343550200000E-01   0.000000000000000E+00   0.000000000000000E+00   0.000000000000000E+00
   5.649744810400000E-01   8.154704399900000E+00   8.154704399900000E+00   0.000000000000000E+00  -9.997343550200000E-01   0.000000000000000E+00   0.000000000000000E+00   0.000000000000000E+00
   5.672055277600000E-01   8.186906786200000E+00   8.186906786200000E+00   0.000000000000000E+00  -9.997343550200000E-01   0.000000000000000E+00   0.000000000000000E+00   0.000000000000000E+00
   5.694365744800000E-01   8.219109172600000E+00   8.219109172600000E+00   0.000000000000000E+00  -9.997343550200000E-01   0.000000000000000E+00   0.000000000000000E+00   0.000000000000000E+00
   5.716676212000000E-01   8.251311558899999E+00   8.251311558899999E+00   0.000000000000000E+00  -9.997343550200000E-01   0.000000000000000E+00   0.000000000000000E+00   0.000000000000000E+00
   5.738986679200000E-01   8.283513945299999E+00   8.283513945299999E+00   0.000000000000000E+00  -9.997343550200000E-01   0.000000000000000E+00   0.000000000000000E+00   0.000000000000000E+00
   5.767617033200000E-01   8.324838302700000E+00   8.324838302700000E+00   0.000000000000000E+00  -9.997343550200000E-01   0.000000000000000E+00   0.000000000000000E+00   0.000000000000000E+00
   5.796247387200000E-01   8.366162660000001E+00   8.366162660000001E+00   0.000000000000000E+00  -9.997343550200000E-01   0.000000000000000E+00   0.000000000000000E+00   0.000000000000000E+00
   5.824877741200000E-01   8.407487017399999E+00   8.407487017399999E+00   0.000000000000000E+00  -9.997343550200000E-01   0.000000000000000E+00   0.000000000000000E+00   0.000000000000000E+00
   5.853508095200000E-01   8.448811374800000E+00   8.448811374800000E+00   0.000000000000000E+00  -9.997343550200000E-01   0.000000000000000E+00   0.000000000000000E+00   0.000000000000000E+00
   5.879388937400000E-01   8.486167153700000E+00   8.486167153700000E+00   0.000000000000000E+00  -9.997343550200000E-01   0.000000000000000E+00   0.000000000000000E+00   0.000000000000000E+00
   5.905269779600000E-01   8.523522932600001E+00   8.523522932600001E+00   0.000000000000000E+00  -9.997343550200000E-01   0.000000000000000E+00   0.000000000000000E+00   0.000000000000000E+00
   5.931150621800000E-01   8.560878711499999E+00   8.560878711499999E+00   0.000000000000000E+00  -9.997343550200000E-01   0.000000000000000E+00   0.000000000000000E+00   0.000000000000000E+00
   5.957031464100000E-01   8.598234490299999E+00   8.598234490299999E+00   0.000000000000000E+00  -9.997343550200000E-01   0.000000000000000E+00   0.000000000000000E+00   0.000000000000000E+00
   5.981399769700000E-01   8.633407110700000E+00   8.633407110700000E+00   0.000000000000000E+00  -9.997343550200000E-01   0.000000000000000E+00   0.000000000000000E+00   0.000000000000000E+00
   6.005768075400000E-01   8.668579731099999E+00   8.668579731099999E+00   0.000000000000000E+00  -9.997343550200000E-01   0.000000000000000E+00   0.000000000000000E+00   0.000000000000000E+00
   6.030136381100000E-01   8.703752351500000E+00   8.703752351500000E+00   0.000000000000000E+00  -9.997343550200000E-01   0.000000000000000E+00   0.000000000000000E+00   0.000000000000000E+00
   6.054504686800000E-01   8.738924971900000E+00   8.738924971900000E+00   0.000000000000000E+00  -9.997343550200000E-01   0.000000000000000E+00   0.000000000000000E+00   0.000000000000000E+00
   6.081440751800000E-01   8.777803833700000E+00   8.777803833700000E+00   0.000000000000000E+00  -9.997343550200000E-01   0.000000000000000E+00   0.000000000000000E+00   0.000000000000000E+00
   6.108376816700000E-01   8.816682695500001E+00   8.816682695500001E+00   0.000000000000000E+00  -9.997343550200000E-01   0.000000000000000E+00   0.000000000000000E+00   0.000000000000000E+00
   6.135312881700000E-01   8.855561557200000E+00   8.855561557200000E+00   0.000000000000000E+00  -9.997343550200000E-01   0.000000000000000E+00   0.000000000000000E+00   0.000000000000000E+00
   6.162248946600000E-01   8.894440419000000E+00   8.894440419000000E+00   0.000000000000000E+00  -9.997343550200000E-01   0.000000000000000E+00   0.000000000000000E+00   0.000000000000000E+00
   6.187743438700000E-01   8.931238549400000E+00   8.931238549400000E+00   0.000000000000000E+00  -9.997343550200000E-01   0.000000000000000E+00   0.000000000000000E+00   0.000000000000000E+00
   6.213237930700000E-01   8.968036679900001E+00   8.968036679900001E+00   0.000000000000000E+00  -9.997343550200000E-01   0.000000000000000E+00   0.000000000000000E+00   0.000000000000000E+00
   6.238732422800000E-01   9.004834810300000E+00   9.004834810300000E+00   0.000000000000000E+00  -9.997343550200000E-01   0.000000000000000E+00   0.000000000000000E+00   0.000000000000000E+00
   6.264226914800000E-01   9.041632940700000E+00   9.041632940700000E+00   0.000000000000000E+00  -9.997343550200000E-01   0.000000000000000E+00   0.000000000000000E+00   0.000000000000000E+00
   6.290603684300000E-01   9.079704528900001E+00   9.079704528900001E+00   0.000000000000000E+00  -9.997343550200000E-01   0.000000000000000E+00   0.000000000000000E+00   0.000000000000000E+00
   6.316980453700000E-01   9.117776117100000E+00   9.117776117100000E+00   0.000000000000000E+00  -9.997343550200000E-01   0.000000000000000E+00   0.000000000000000E+00   0.000000000000000E+00
   6.343357223200000E-01   9.155847705299999E+00   9.155847705299999E+00   0.000000000000000E+00  -9.997343550200000E-01   0.000000000000000E+00   0.000000000000000E+00   0.000000000000000E+00
   6.369733992600000E-01   9.193919293500000E+00   9.193919293500000E+00   0.000000000000000E+00  -9.997343550200000E-01   0.000000000000000E+00   0.000000000000000E+00   0.000000000000000E+00
   6.397681845800000E-01   9.234258545900000E+00   9.234258545900000E+00   0.000000000000000E+00  -9.997343550200000E-01   0.000000000000000E+00   0.000000000000000E+00   0.000000000000000E+00
   6.425629699099999E-01   9.274597798300000E+00   9.274597798300000E+00   0.000000000000000E+00  -9.997343550200000E-01   0.000000000000000E+00   0.000000000000000E+00   0.000000000000000E+00
   6.453577552300001E-01   9.314937050699999E+00   9.314937050699999E+00   0.000000000000000E+00  -9.997343550200000E-01   0.000000000000000E+00   0.000000000000000E+00   0.000000000000000E+00
   6.481525405600000E-01   9.355276303100000E+00   9.355276303100000E+00   0.000000000000000E+00  -9.997343550200000E-01   0.000000000000000E+00   0.000000000000000E+00   0.000000000000000E+00
   6.506918469500000E-01   9.391928034599999E+00   9.391928034599999E+00   0.000000000000000E+00  -9.997343550200000E-01   0.000000000000000E+00   0.000000000000000E+00   0.000000000000000E+00
   6.532311533400000E-01   9.428579766100000E+00   9.428579766100000E+00   0.000000000000000E+00  -9.997343550200000E-01   0.000000000000000E+00   0.000000000000000E+00   0.000000000000000E+00
   6.557704597300000E-01   9.465231497600000E+00   9.465231497600000E+00   0.000000000000000E+00  -9.997343550200000E-01   0.000000000000000E+00   0.000000000000000E+00   0.000000000000000E+00
   6.583097661200000E-01   9.501883229200001E+00   9.501883229200001E+00   0.000000000000000E+00  -9.997343550200000E-01   0.000000000000000E+00   0.000000000000000E+00   0.000000000000000E+00
   6.608806572700000E-01   9.538990847399999E+00   9.538990847399999E+00   0.000000000000000E+00  -9.997343550200000E-01   0.000000000000000E+00   0.000000000000000E+00   0.000000000000000E+00
   6.634515484200000E-01   9.576098465699999E+00   9.576098465699999E+00   0.000000000000000E+00  -9.997343550200000E-01   0.000000000000000E+00   0.000000000000000E+00   0.000000000000000E+00
   6.660224395700000E-01   9.613206083900000E+00   9.613206083900000E+00   0.000000000000000E+00  -9.997343550200000E-01   0.000000000000000E+00   0.000000000000000E+00   0.000000000000000E+00
   6.685933307200000E-01   9.650313702200000E+00   9.650313702200000E+00   0.000000000000000E+00  -9.997343550200000E-01   0.000000000000000E+00   0.000000000000000E+00   0.000000000000000E+00
   6.712004801600000E-01   9.687944663900000E+00   9.687944663900000E+00   0.000000000000000E+00  -9.997343550200000E-01   0.000000000000000E+00   0.000000000000000E+00   0.000000000000000E+00
   6.738076296100000E-01   9.725575625599999E+00   9.725575625599999E+00   0.000000000000000E+00  -9.997343550200000E-01   0.000000000000000E+00   0.000000000000000E+00   0.000000000000000E+00
   6.764147790600000E-01   9.763206587299999E+00   9.763206587299999E+00   0.000000000000000E+00  -9.997343550200000E-01   0.000000000000000E+00   0.000000000000000E+00   0.000000000000000E+00
   6.790219285000000E-01   9.800837549000001E+00   9.800837549000001E+00   0.000000000000000E+00  -9.997343550200000E-01   0.000000000000000E+00   0.000000000000000E+00   0.000000000000000E+00
   6.815851385900000E-01   9.837834300700001E+00   9.837834300700001E+00   0.000000000000000E+00  -9.997343550200000E-01   0.000000000000000E+00   0.000000000000000E+00   0.000000000000000E+00
   6.841483486700000E-01   9.874831052299999E+00   9.874831052299999E+00   0.000000000000000E+00  -9.997343550200000E-01   0.000000000000000E+00   0.000000000000000E+00   0.000000000000000E+00
   6.867115587600000E-01   9.911827803900000E+00   9.911827803900000E+00   0.000000000000000E+00  -9.997343550200000E-01   0.000000000000000E+00   0.000000000000000E+00   0.000000000000000E+00
   6.892747688400001E-01   9.948824555600000E+00   9.948824555600000E+00   0.000000000000000E+00  -9.997343550200000E-01   0.000000000000000E+00   0.000000000000000E+00   0.000000000000000E+00
   6.920078160000001E-01   9.988272694300001E+00   9.988272694300001E+00   0.000000000000000E+00  -9.997343550200000E-01   0.000000000000000E+00   0.000000000000000E+00   0.000000000000000E+00
   6.947408631600001E-01   1.002772083300000E+01   1.002772083300000E+01   0.000000000000000E+00  -9.997343550200000E-01   0.000000000000000E+00   0.000000000000000E+00   0.000000000000000E+00
   6.974739103199999E-01   1.006716897200000E+01   1.006716897200000E+01   0.000000000000000E+00  -9.997343550200000E-01   0.000000000000000E+00   0.000000000000000E+00   0.000000000000000E+00
   7.002069574799999E-01   1.010661711000000E+01   1.010661711000000E+01   0.000000000000000E+00  -9.997343550200000E-01   0.000000000000000E+00   0.000000000000000E+00   0.000000000000000E+00
   7.030758884800000E-01   1.014802656300000E+01   1.014802656300000E+01   0.000000000000000E+00  -9.997343550200000E-01   0.000000000000000E+00   0.000000000000000E+00   0.000000000000000E+00
   7.059448194700000E-01   1.018943601600000E+01   1.018943601600000E+01   0.000000000000000E+00  -9.997343550200000E-01   0.000000000000000E+00   0.000000000000000E+00   0.000000000000000E+00
   7.088137504699999E-01   1.023084546900000E+01   1.023084546900000E+01   0.000000000000000E+00  -9.997343550200000E-01   0.000000000000000E+00   0.000000000000000E+00   0.000000000000000E+00
   7.116826814700000E-01   1.027225492200000E+01   1.027225492200000E+01   0.000000000000000E+00  -9.997343550200000E-01   0.000000000000000E+00   0.000000000000000E+00   0.000000000000000E+00
   7.146811970700000E-01   1.031553476800000E+01   1.031553476800000E+01   0.000000000000000E+00  -9.997343550200000E-01   0.000000000000000E+00   0.000000000000000E+00   0.000000000000000E+00
   7.176797126800000E-01   1.035881461400000E+01   1.035881461400000E+01   0.000000000000000E+00  -9.997343550200000E-01   0.000000000000000E+00   0.000000000000000E+00   0.000000000000000E+00
   7.206782282899999E-01   1.040209446000000E+01   1.040209446000000E+01   0.000000000000000E+00  -9.997343550200000E-01   0.000000000000000E+00   0.000000000000000E+00   0.000000000000000E+00
   7.236767439000000E-01   1.044537430600000E+01   1.044537430600000E+01   0.000000000000000E+00  -9.997343550200000E-01   0.000000000000000E+00   0.000000000000000E+00   0.000000000000000E+00
   7.267303051100000E-01   1.048944866600000E+01   1.048944866600000E+01   0.000000000000000E+00  -9.997343550200000E-01   0.000000000000000E+00   0.000000000000000E+00   0.000000000000000E+00
   7.297838663200000E-01   1.053352302700000E+01   1.053352302700000E+01   0.000000000000000E+00  -9.997343550200000E-01   0.000000000000000E+00   0.000000000000000E+00   0.000000000000000E+00
   7.328374275300000E-01   1.057759738800000E+01   1.057759738800000E+01   0.000000000000000E+00  -9.997343550200000E-01   0.000000000000000E+00   0.000000000000000E+00   0.000000000000000E+00
   7.358909887400000E-01   1.062167174800000E+01   1.062167174800000E+01   0.000000000000000E+00  -9.997343550200000E-01   0.000000000000000E+00   0.000000000000000E+00   0.000000000000000E+00
   7.388641591300000E-01   1.066458576700000E+01   1.066458576700000E+01   0.000000000000000E+00  -9.997343550200000E-01   0.000000000000000E+00   0.000000000000000E+00   0.000000000000000E+00
   7.418373295100000E-01   1.070749978600000E+01   1.070749978600000E+01   0.000000000000000E+00  -9.997343550200000E-01   0.000000000000000E+00   0.000000000000000E+00   0.000000000000000E+00
   7.448104998900000E-01   1.075041380500000E+01   1.075041380500000E+01   0.000000000000000E+00  -9.997343550200000E-01   0.000000000000000E+00   0.000000000000000E+00   0.000000000000000E+00
   7.477836702700000E-01   1.079332782400000E+01   1.079332782400000E+01   0.000000000000000E+00  -9.997343550200000E-01   0.000000000000000E+00   0.000000000000000E+00   0.000000000000000E+00
   7.510091176800000E-01   1.083988314800000E+01   1.083988314800000E+01   0.000000000000000E+00  -9.997343550200000E-01   0.000000000000000E+00   0.000000000000000E+00   0.000000000000000E+00
   7.542345650900000E-01   1.088643847300000E+01   1.088643847300000E+01   0.000000000000000E+00  -9.997343550200000E-01   0.000000000000000E+00   0.000000000000000E+00   0.000000000000000E+00
   7.574600124999999E-01   1.093299379700000E+01   1.093299379700000E+01   0.000000000000000E+00  -9.997343550200000E-01   0.000000000000000E+00   0.000000000000000E+00   0.000000000000000E+00
   7.606854599100000E-01   1.097954912100000E+01   1.097954912100000E+01   0.000000000000000E+00  -9.997343550200000E-01   0.000000000000000E+00   0.000000000000000E+00   0.000000000000000E+00
   7.633905855999999E-01   1.101859424800000E+01   1.101859424800000E+01   0.000000000000000E+00  -9.997343550200000E-01   0.000000000000000E+00   0.000000000000000E+00   0.000000000000000E+00
   7.660957113000000E-01   1.105763937500000E+01   1.105763937500000E+01   0.000000000000000E+00  -9.997343550200000E-01   0.000000000000000E+00   0.000000000000000E+00   0.000000000000000E+00
   7.688008369900000E-01   1.109668450200000E+01   1.109668450200000E+01   0.000000000000000E+00  -9.997343550200000E-01   0.000000000000000E+00   0.000000000000000E+00   0.000000000000000E+00
   7.715059626800000E-01   1.113572963000000E+01   1.113572963000000E+01   0.000000000000000E+00  -9.997343550200000E-01   0.000000000000000E+00   0.000000000000000E+00   0.000000000000000E+00
   7.734397382700000E-01   1.116364127700000E+01   1.116364127700000E+01   0.000000000000000E+00  -9.997343550200000E-01   0.000000000000000E+00   0.000000000000000E+00   0.000000000000000E+00
   7.753735138600000E-01   1.119155292400000E+01   1.119155292400000E+01   0.000000000000000E+00  -9.997343550200000E-01   0.000000000000000E+00   0.000000000000000E+00   0.000000000000000E+00
   7.773072894500000E-01   1.121946457100000E+01   1.121946457100000E+01   0.000000000000000E+00  -9.997343550200000E-01   0.000000000000000E+00   0.000000000000000E+00   0.000000000000000E+00
   7.792410650400000E-01   1.124737621800000E+01   1.124737621800000E+01   0.000000000000000E+00  -9.997343550200000E-01   0.000000000000000E+00   0.000000000000000E+00   0.000000000000000E+00
   7.811730188100000E-01   1.127526156900000E+01   1.127526156900000E+01   0.000000000000000E+00  -9.997343550200000E-01   0.000000000000000E+00   0.000000000000000E+00   0.000000000000000E+00
   7.831049725800000E-01   1.130314692000000E+01   1.130314692000000E+01   0.000000000000000E+00  -9.997343550200000E-01   0.000000000000000E+00   0.000000000000000E+00   0.000000000000000E+00
   7.850369263500000E-01   1.133103227200000E+01   1.133103227200000E+01   0.000000000000000E+00  -9.997343550200000E-01   0.000000000000000E+00   0.000000000000000E+00   0.000000000000000E+00
   7.869688801200000E-01   1.135891762300000E+01   1.135891762300000E+01   0.000000000000000E+00  -9.997343550200000E-01   0.000000000000000E+00   0.000000000000000E+00   0.000000000000000E+00
   7.894790166400000E-01   1.139514832400000E+01   1.139514832400000E+01   0.000000000000000E+00  -9.997343550200000E-01   0.000000000000000E+00   0.000000000000000E+00   0.000000000000000E+00
   7.919891531500000E-01   1.143137902400000E+01   1.143137902400000E+01   0.000000000000000E+00  -9.997343550200000E-01   0.000000000000000E+00   0.000000000000000E+00   0.000000000000000E+00
   7.944992896600001E-01   1.146760972500000E+01   1.146760972500000E+01   0.000000000000000E+00  -9.997343550200000E-01   0.000000000000000E+00   0.000000000000000E+00   0.000000000000000E+00
   7.970094261700000E-01   1.150384042600000E+01   1.150384042600000E+01   0.000000000000000E+00  -9.997343550200000E-01   0.000000000000000E+00   0.000000000000000E+00   0.000000000000000E+00
   7.998510087000000E-01   1.154485513700000E+01   1.154485513700000E+01   0.000000000000000E+00  -9.997343550200000E-01   0.000000000000000E+00   0.000000000000000E+00   0.000000000000000E+00
   8.026925912200000E-01   1.158586984900000E+01   1.158586984900000E+01   0.000000000000000E+00  -9.997343550200000E-01   0.000000000000000E+00   0.000000000000000E+00   0.000000000000000E+00
   8.055341737500000E-01   1.162688456100000E+01   1.162688456100000E+01   0.000000000000000E+00  -9.997343550200000E-01   0.000000000000000E+00   0.000000000000000E+00   0.000000000000000E+00
   8.083757562700000E-01   1.166789927300000E+01   1.166789927300000E+01   0.000000000000000E+00  -9.997343550200000E-01   0.000000000000000E+00   0.000000000000000E+00   0.000000000000000E+00
   8.120450310900000E-01   1.172086069400000E+01   1.172086069400000E+01   0.000000000000000E+00  -9.997343550200000E-01   0.000000000000000E+00   0.000000000000000E+00   0.000000000000000E+00
   8.157143059000000E-01   1.177382211500000E+01   1.177382211500000E+01   0.000000000000000E+00  -9.997343550200000E-01   0.000000000000000E+00   0.000000000000000E+00   0.000000000000000E+00
   8.193835807099999E-01   1.182678353600000E+01   1.182678353600000E+01   0.000000000000000E+00  -9.997343550200000E-01   0.000000000000000E+00   0.000000000000000E+00   0.000000000000000E+00
   8.230528555300000E-01   1.187974495800000E+01   1.187974495800000E+01   0.000000000000000E+00  -9.997343550200000E-01   0.000000000000000E+00   0.000000000000000E+00   0.000000000000000E+00
   8.258711169100000E-01   1.192042305800000E+01   1.192042305800000E+01   0.000000000000000E+00  -9.997343550200000E-01   0.000000000000000E+00   0.000000000000000E+00   0.000000000000000E+00
   8.286893783000000E-01   1.196110115800000E+01   1.196110115800000E+01   0.000000000000000E+00  -9.997343550200000E-01   0.000000000000000E+00   0.000000000000000E+00   0.000000000000000E+00
   8.315076396800000E-01   1.200177925800000E+01   1.200177925800000E+01   0.000000000000000E+00  -9.997343550200000E-01   0.000000000000000E+00   0.000000000000000E+00   0.000000000000000E+00
   8.343259010700000E-01   1.204245735800000E+01   1.204245735800000E+01   0.000000000000000E+00  -9.997343550200000E-01   0.000000000000000E+00   0.000000000000000E+00   0.000000000000000E+00
   8.374432863700000E-01   1.208745294000000E+01   1.208745294000000E+01   0.000000000000000E+00  -9.997343550200000E-01   0.000000000000000E+00   0.000000000000000E+00   0.000000000000000E+00
   8.405606716800000E-01   1.213244852200000E+01   1.213244852200000E+01   0.000000000000000E+00  -9.997343550200000E-01   0.000000000000000E+00   0.000000000000000E+00   0.000000000000000E+00
   8.436780569800000E-01   1.217744410500000E+01   1.217744410500000E+01   0.000000000000000E+00  -9.997343550200000E-01   0.000000000000000E+00   0.000000000000000E+00   0.000000000000000E+00
   8.467954422900000E-01   1.222243968700000E+01   1.222243968700000E+01   0.000000000000000E+00  -9.997343550200000E-01   0.000000000000000E+00   0.000000000000000E+00   0.000000000000000E+00
   8.496951488200000E-01   1.226429334600000E+01   1.226429334600000E+01   0.000000000000000E+00  -9.997343550200000E-01   0.000000000000000E+00   0.000000000000000E+00   0.000000000000000E+00
   8.525948553500000E-01   1.230614700600000E+01   1.230614700600000E+01   0.000000000000000E+00  -9.997343550200000E-01   0.000000000000000E+00   0.000000000000000E+00   0.000000000000000E+00
   8.554945618799999E-01   1.234800066600000E+01   1.234800066600000E+01   0.000000000000000E+00  -9.997343550200000E-01   0.000000000000000E+00   0.000000000000000E+00   0.000000000000000E+00
   8.583942684200000E-01   1.238985432500000E+01   1.238985432500000E+01   0.000000000000000E+00  -9.997343550200000E-01   0.000000000000000E+00   0.000000000000000E+00   0.000000000000000E+00
   8.603512469700000E-01   1.241810087800000E+01   1.241810087800000E+01   0.000000000000000E+00  -9.997343550200000E-01   0.000000000000000E+00   0.000000000000000E+00   0.000000000000000E+00
   8.623082255300000E-01   1.244634743100000E+01   1.244634743100000E+01   0.000000000000000E+00  -9.997343550200000E-01   0.000000000000000E+00   0.000000000000000E+00   0.000000000000000E+00
   8.642652040800000E-01   1.247459398400000E+01   1.247459398400000E+01   0.000000000000000E+00  -9.997343550200000E-01   0.000000000000000E+00   0.000000000000000E+00   0.000000000000000E+00
   8.662221826399999E-01   1.250284053700000E+01   1.250284053700000E+01   0.000000000000000E+00  -9.997343550200000E-01   0.000000000000000E+00   0.000000000000000E+00   0.000000000000000E+00
   8.681229556500000E-01   1.253027583300000E+01   1.253027583300000E+01   0.000000000000000E+00  -9.997343550200000E-01   0.000000000000000E+00   0.000000000000000E+00   0.000000000000000E+00
   8.700237286600000E-01   1.255771112900000E+01   1.255771112900000E+01   0.000000000000000E+00  -9.997343550200000E-01   0.000000000000000E+00   0.000000000000000E+00   0.000000000000000E+00
   8.719245016700000E-01   1.258514642500000E+01   1.258514642500000E+01   0.000000000000000E+00  -9.997343550200000E-01   0.000000000000000E+00   0.000000000000000E+00   0.000000000000000E+00
   8.738252746900000E-01   1.261258172100000E+01   1.261258172100000E+01   0.000000000000000E+00  -9.997343550200000E-01   0.000000000000000E+00   0.000000000000000E+00   0.000000000000000E+00
   8.769472973000000E-01   1.265764423700000E+01   1.265764423700000E+01   0.000000000000000E+00  -9.997343550200000E-01   0.000000000000000E+00   0.000000000000000E+00   0.000000000000000E+00
   8.800693199100000E-01   1.270270675200000E+01   1.270270675200000E+01   0.000000000000000E+00  -9.997343550200000E-01   0.000000000000000E+00   0.000000000000000E+00   0.000000000000000E+00
   8.831913425200000E-01   1.274776926800000E+01   1.274776926800000E+01   0.000000000000000E+00  -9.997343550200000E-01   0.000000000000000E+00   0.000000000000000E+00   0.000000000000000E+00
   8.863133651300000E-01   1.279283178400000E+01   1.279283178400000E+01   0.000000000000000E+00  -9.997343550200000E-01   0.000000000000000E+00   0.000000000000000E+00   0.000000000000000E+00
   8.887652988700000E-01   1.282822240000000E+01   1.282822240000000E+01   0.000000000000000E+00  -9.997343550200000E-01   0.000000000000000E+00   0.000000000000000E+00   0.000000000000000E+00
   8.912172326000000E-01   1.286361301600000E+01   1.286361301600000E+01   0.000000000000000E+00  -9.997343550200000E-01   0.000000000000000E+00   0.000000000000000E+00   0.000000000000000E+00
   8.936691663400000E-01   1.289900363200000E+01   1.289900363200000E+01   0.000000000000000E+00  -9.997343550200000E-01   0.000000000000000E+00   0.000000000000000E+00   0.000000000000000E+00
   8.961211000800000E-01   1.293439424800000E+01   1.293439424800000E+01   0.000000000000000E+00  -9.997343550200000E-01   0.000000000000000E+00   0.000000000000000E+00   0.000000000000000E+00
   8.982482271600000E-01   1.296509668300000E+01   1.296509668300000E+01   0.000000000000000E+00  -9.997343550200000E-01   0.000000000000000E+00   0.000000000000000E+00   0.000000000000000E+00
   9.003753542300000E-01   1.299579911900000E+01   1.299579911900000E+01   0.000000000000000E+00  -9.997343550200000E-01   0.000000000000000E+00   0.000000000000000E+00   0.000000000000000E+00
   9.025024813100000E-01   1.302650155400000E+01   1.302650155400000E+01   0.000000000000000E+00  -9.997343550200000E-01   0.000000000000000E+00   0.000000000000000E+00   0.000000000000000E+00
   9.046296083799999E-01   1.305720398900000E+01   1.305720398900000E+01   0.000000000000000E+00  -9.997343550200000E-01   0.000000000000000E+00   0.000000000000000E+00   0.000000000000000E+00
   9.068835683699999E-01   1.308973710000000E+01   1.308973710000000E+01   0.000000000000000E+00  -9.997343550200000E-01   0.000000000000000E+00   0.000000000000000E+00   0.000000000000000E+00
   9.091375283499999E-01   1.312227021100000E+01   1.312227021100000E+01   0.000000000000000E+00  -9.997343550200000E-01   0.000000000000000E+00   0.000000000000000E+00   0.000000000000000E+00
   9.113914883400001E-01   1.315480332200000E+01   1.315480332200000E+01   0.000000000000000E+00  -9.997343550200000E-01   0.000000000000000E+00   0.000000000000000E+00   0.000000000000000E+00
   9.136454483200001E-01   1.318733643300000E+01   1.318733643300000E+01   0.000000000000000E+00  -9.997343550200000E-01   0.000000000000000E+00   0.000000000000000E+00   0.000000000000000E+00
   9.160470647200000E-01   1.322200078000000E+01   1.322200078000000E+01   0.000000000000000E+00  -9.997343550200000E-01   0.000000000000000E+00   0.000000000000000E+00   0.000000000000000E+00
   9.184486811100000E-01   1.325666512800000E+01   1.325666512800000E+01   0.000000000000000E+00  -9.997343550200000E-01   0.000000000000000E+00   0.000000000000000E+00   0.000000000000000E+00
   9.208502975000000E-01   1.329132947500000E+01   1.329132947500000E+01   0.000000000000000E+00  -9.997343550200000E-01   0.000000000000000E+00   0.000000000000000E+00   0.000000000000000E+00
   9.232519139000001E-01   1.332599382300000E+01   1.332599382300000E+01   0.000000000000000E+00  -9.997343550200000E-01   0.000000000000000E+00   0.000000000000000E+00   0.000000000000000E+00
   9.253982213600001E-01   1.335697310300000E+01   1.335697310300000E+01   0.000000000000000E+00  -9.997343550200000E-01   0.000000000000000E+00   0.000000000000000E+00   0.000000000000000E+00
   9.275445288200000E-01   1.338795238400000E+01   1.338795238400000E+01   0.000000000000000E+00  -9.997343550200000E-01   0.000000000000000E+00   0.000000000000000E+00   0.000000000000000E+00
   9.296908362800000E-01   1.341893166400000E+01   1.341893166400000E+01   0.000000000000000E+00  -9.997343550200000E-01   0.000000000000000E+00   0.000000000000000E+00   0.000000000000000E+00
   9.318371437500000E-01   1.344991094500000E+01   1.344991094500000E+01   0.000000000000000E+00  -9.997343550200000E-01   0.000000000000000E+00   0.000000000000000E+00   0.000000000000000E+00
   9.337395718600000E-01   1.347737013000000E+01   1.347737013000000E+01   0.000000000000000E+00  -9.997343550200000E-01   0.000000000000000E+00   0.000000000000000E+00   0.000000000000000E+00
   9.356419999700000E-01   1.350482931500000E+01   1.350482931500000E+01   0.000000000000000E+00  -9.997343550200000E-01   0.000000000000000E+00   0.000000000000000E+00   0.000000000000000E+00
   9.375444280800000E-01   1.353228850000000E+01   1.353228850000000E+01   0.000000000000000E+00  -9.997343550200000E-01   0.000000000000000E+00   0.000000000000000E+00   0.000000000000000E+00
   9.394468561900000E-01   1.355974768600000E+01   1.355974768600000E+01   0.000000000000000E+00  -9.997343550200000E-01   0.000000000000000E+00   0.000000000000000E+00   0.000000000000000E+00
   9.413665406100000E-01   1.358745594400000E+01   1.358745594400000E+01   0.000000000000000E+00  -9.997343550200000E-01   0.000000000000000E+00   0.000000000000000E+00   0.000000000000000E+00
   9.432862250200000E-01   1.361516420200000E+01   1.361516420200000E+01   0.000000000000000E+00  -9.997343550200000E-01   0.000000000000000E+00   0.000000000000000E+00   0.000000000000000E+00
   9.452059094300000E-01   1.364287246100000E+01   1.364287246100000E+01   0.000000000000000E+00  -9.997343550200000E-01   0.000000000000000E+00   0.000000000000000E+00   0.000000000000000E+00
   9.471255938399999E-01   1.367058071900000E+01   1.367058071900000E+01   0.000000000000000E+00  -9.997343550200000E-01   0.000000000000000E+00   0.000000000000000E+00   0.000000000000000E+00
   9.492985560200000E-01   1.370194472700000E+01   1.370194472700000E+01   0.000000000000000E+00  -9.997343550200000E-01   0.000000000000000E+00   0.000000000000000E+00   0.000000000000000E+00
   9.514715182000000E-01   1.373330873600000E+01   1.373330873600000E+01   0.000000000000000E+00  -9.997343550200000E-01   0.000000000000000E+00   0.000000000000000E+00   0.000000000000000E+00
   9.536444803900000E-01   1.376467274400000E+01   1.376467274400000E+01   0.000000000000000E+00  -9.997343550200000E-01   0.000000000000000E+00   0.000000000000000E+00   0.000000000000000E+00
   9.558174425700000E-01   1.379603675200000E+01   1.379603675200000E+01   0.000000000000000E+00  -9.997343550200000E-01   0.000000000000000E+00   0.000000000000000E+00   0.000000000000000E+00
   9.581463324800000E-01   1.382965138300000E+01   1.382965138300000E+01   0.000000000000000E+00  -9.997343550200000E-01   0.000000000000000E+00   0.000000000000000E+00   0.000000000000000E+00
   9.604752223900000E-01   1.386326601400000E+01   1.386326601400000E+01   0.000000000000000E+00  -9.997343550200000E-01   0.000000000000000E+00   0.000000000000000E+00   0.000000000000000E+00
   9.628041123000000E-01   1.389688064600000E+01   1.389688064600000E+01   0.000000000000000E+00  -9.997343550200000E-01   0.000000000000000E+00   0.000000000000000E+00   0.000000000000000E+00
   9.651330022000000E-01   1.393049527700000E+01   1.393049527700000E+01   0.000000000000000E+00  -9.997343550200000E-01   0.000000000000000E+00   0.000000000000000E+00   0.000000000000000E+00
   9.675914817200000E-01   1.396598037300000E+01   1.396598037300000E+01   0.000000000000000E+00  -9.997343550200000E-01   0.000000000000000E+00   0.000000000000000E+00   0.000000000000000E+00
   9.700499612400000E-01   1.400146546900000E+01   1.400146546900000E+01   0.000000000000000E+00  -9.997343550200000E-01   0.000000000000000E+00   0.000000000000000E+00   0.000000000000000E+00
   9.725084407600000E-01   1.403695056500000E+01   1.403695056500000E+01   0.000000000000000E+00  -9.997343550200000E-01   0.000000000000000E+00   0.000000000000000E+00   0.000000000000000E+00
   9.749669202800000E-01   1.407243566100000E+01   1.407243566100000E+01   0.000000000000000E+00  -9.997343550200000E-01   0.000000000000000E+00   0.000000000000000E+00   0.000000000000000E+00
   9.779961346400000E-01   1.411615860500000E+01   1.411615860500000E+01   0.000000000000000E+00  -9.997343550200000E-01   0.000000000000000E+00   0.000000000000000E+00   0.000000000000000E+00
   9.810253490000000E-01   1.415988154900000E+01   1.415988154900000E+01   0.000000000000000E+00  -9.997343550200000E-01   0.000000000000000E+00   0.000000000000000E+00   0.000000000000000E+00
   9.840545633600000E-01   1.420360449300000E+01   1.420360449300000E+01   0.000000000000000E+00  -9.997343550200000E-01   0.000000000000000E+00   0.000000000000000E+00   0.000000000000000E+00
   9.870837777200000E-01   1.424732743800000E+01   1.424732743800000E+01   0.000000000000000E+00  -9.997343550200000E-01   0.000000000000000E+00   0.000000000000000E+00   0.000000000000000E+00
   9.903128332900000E-01   1.429393484100000E+01   1.429393484100000E+01   0.000000000000000E+00  -9.997343550200000E-01   0.000000000000000E+00   0.000000000000000E+00   0.000000000000000E+00
   9.935418888600001E-01   1.434054224500000E+01   1.434054224500000E+01   0.000000000000000E+00  -9.997343550200000E-01   0.000000000000000E+00   0.000000000000000E+00   0.000000000000000E+00
   9.967709444300000E-01   1.438714964800000E+01   1.438714964800000E+01   0.000000000000000E+00  -9.997343550200000E-01   0.000000000000000E+00   0.000000000000000E+00   0.000000000000000E+00
   1.000000000000000E+00   1.443375705200000E+01   1.443375705200000E+01   0.000000000000000E+00  -9.997343550200000E-01   0.000000000000000E+00   0.000000000000000E+00   0.000000000000000E+00
