   0.000000000000000E+00   9.823324393700001E-30   0.000000000000000E+00   0.000000000000000E+00  -9.987130948600000E-01   0.000000000000000E+00   0.000000000000000E+00   0.000000000000000E+00
   1.009152036700000E-02   1.456585532700000E-01   1.456585532700000E-01   0.000000000000000E+00  -9.987130948600000E-01   0.000000000000000E+00   0.000000000000000E+00   0.000000000000000E+00
   2.018304073400000E-02   2.913171065300000E-01   2.913171065300000E-01   0.000000000000000E+00  -9.987130948600000E-01   0.000000000000000E+00   0.000000000000000E+00   0.000000000000000E+00
   3.027456110200000E-02   4.369756598000000E-01   4.369756598000000E-01   0.000000000000000E+00  -9.987130948600000E-01   0.000000000000000E+00   0.000000000000000E+00   0.000000000000000E+00
   4.036608146900000E-02   5.826342130600000E-01   5.826342130600000E-01   0.000000000000000E+00  -9.987130948600000E-01   0.000000000000000E+00   0.000000000000000E+00   0.000000000000000E+00
   5.014344885200000E-02   7.237583584800000E-01   7.237583584800000E-01   0.000000000000000E+00  -9.987130948600000E-01   0.000000000000000E+00   0.000000000000000E+00   0.000000000000000E+00
   5.992081623500000E-02   8.648825038900000E-01   8.648825038900000E-01   0.000000000000000E+00  -9.987130948600000E-01   0.000000000000000E+00   0.000000000000000E+00   0.000000000000000E+00
   6.969818361800000E-02   1.006006649300000E+00   1.006006649300000E+00   0.000000000000000E+00  -9.987130948600000E-01   0.000000000000000E+00   0.000000000000000E+00   0.000000000000000E+00
   7.947555100100000E-02   1.147130794700000E+00   1.147130794700000E+00   0.000000000000000E+00  -9.987130948600000E-01   0.000000000000000E+00   0.000000000000000E+00   0.000000000000000E+00
   8.794123055800000E-02   1.269322356700000E+00   1.269322356700000E+00   0.000000000000000E+00  -9.987130948600000E-01   0.000000000000000E+00   0.000000000000000E+00   0.000000000000000E+00
   9.640691011600000E-02   1.391513918700000E+00   1.391513918700000E+00   0.000000000000000E+00  -9.987130948600000E-01   0.000000000000000E+00   0.000000000000000E+00   0.000000000000000E+00
   1.048725896700000E-01   1.513705480800000E+00   1.513705480800000E+00   0.000000000000000E+00  -9.987130948600000E-01   0.000000000000000E+00   0.000000000000000E+00   0.000000000000000E+00
   1.133382692300000E-01   1.635897042800000E+00   1.635897042800000E+00   0.000000000000000E+00  -9.987130948600000E-01   0.000000000000000E+00   0.000000000000000E+00   0.000000000000000E+00
   1.211723176200000E-01   1.748971794000000E+00   1.748971794000000E+00   0.000000000000000E+00  -9.987130948600000E-01   0.000000000000000E+00   0.000000000000000E+00   0.000000000000000E+00
   1.290063660100000E-01   1.862046545200000E+00   1.862046545200000E+00   0.000000000000000E+00  -9.987130948600000E-01   0.000000000000000E+00   0.000000000000000E+00   0.000000000000000E+00
   1.368404144000000E-01   1.975121296400000E+00   1.975121296400000E+00   0.000000000000000E+00  -9.987130948600000E-01   0.000000000000000E+00   0.000000000000000E+00   0.000000000000000E+00
   1.446744628000000E-01   2.088196047600000E+00   2.088196047600000E+00   0.000000000000000E+00  -9.987130948600000E-01   0.000000000000000E+00   0.000000000000000E+00   0.000000000000000E+00
   1.514325076900000E-01   2.185740025700000E+00   2.185740025700000E+00   0.000000000000000E+00  -9.987130948600000E-01   0.000000000000000E+00   0.000000000000000E+00   0.000000000000000E+00
   1.581905525800000E-01   2.283284003900000E+00   2.283284003900000E+00   0.000000000000000E+00  -9.987130948600000E-01   0.000000000000000E+00   0.000000000000000E+00   0.000000000000000E+00
   1.649485974700000E-01   2.380827982000000E+00   2.380827982000000E+00   0.000000000000000E+00  -9.987130948600000E-01   0.000000000000000E+00   0.000000000000000E+00   0.000000000000000E+00
   1.717066423600000E-01   2.478371960100000E+00   2.478371960100000E+00   0.000000000000000E+00  -9.987130948600000E-01   0.000000000000000E+00   0.000000000000000E+00   0.000000000000000E+00
   1.771572719300000E-01   2.557045023100000E+00   2.557045023100000E+00   0.000000000000000E+00  -9.987130948600000E-01   0.000000000000000E+00   0.000000000000000E+00   0.000000000000000E+00
   1.826079015000000E-01   2.635718086100000E+00   2.635718086100000E+00   0.000000000000000E+00  -9.987130948600000E-01   0.000000000000000E+00   0.000000000000000E+00   0.000000000000000E+00
   1.880585310700000E-01   2.714391149100000E+00   2.714391149100000E+00   0.000000000000000E+00  -9.987130948600000E-01   0.000000000000000E+00   0.000000000000000E+00   0.000000000000000E+00
   1.935091606500000E-01   2.793064212100000E+00   2.793064212100000E+00   0.000000000000000E+00  -9.987130948600000E-01   0.000000000000000E+00   0.000000000000000E+00   0.000000000000000E+00
   1.982863502400000E-01   2.862017006000000E+00   2.862017006000000E+00   0.000000000000000E+00  -9.987130948600000E-01   0.000000000000000E+00   0.000000000000000E+00   0.000000000000000E+00
   2.030635398300000E-01   2.930969800000000E+00   2.930969800000000E+00   0.000000000000000E+00  -9.987130948600000E-01   0.000000000000000E+00   0.000000000000000E+00   0.000000000000000E+00
   2.078407294200000E-01   2.999922593900000E+00   2.999922593900000E+00   0.000000000000000E+00  -9.987130948600000E-01   0.000000000000000E+00   0.000000000000000E+00   0.000000000000000E+00
   2.126179190100000E-01   3.068875387900000E+00   3.068875387900000E+00   0.000000000000000E+00  -9.987130948600000E-01   0.000000000000000E+00   0.000000000000000E+00   0.000000000000000E+00
   2.171429302700000E-01   3.134188301000000E+00   3.134188301000000E+00   0.000000000000000E+00  -9.987130948600000E-01   0.000000000000000E+00   0.000000000000000E+00   0.000000000000000E+00
   2.216679415200000E-01   3.199501214200000E+00   3.199501214200000E+00   0.000000000000000E+00  -9.987130948600000E-01   0.000000000000000E+00   0.000000000000000E+00   0.000000000000000E+00
   2.261929527800000E-01   3.264814127300000E+00   3.264814127300000E+00   0.000000000000000E+00  -9.987130948600000E-01   0.000000000000000E+00   0.000000000000000E+00   0.000000000000000E+00
   2.307179640400000E-01   3.330127040500000E+00   3.330127040500000E+00   0.000000000000000E+00  -9.987130948600000E-01   0.000000000000000E+00   0.000000000000000E+00   0.000000000000000E+00
   2.356241652100000E-01   3.400941956300000E+00   3.400941956300000E+00   0.000000000000000E+00  -9.987130948600000E-01   0.000000000000000E+00   0.000000000000000E+00   0.000000000000000E+00
   2.405303663900000E-01   3.471756872100000E+00   3.471756872100000E+00   0.000000000000000E+00  -9.987130948600000E-01   0.000000000000000E+00   0.000000000000000E+00   0.000000000000000E+00
   2.454365675600000E-01   3.542571787900000E+00   3.542571787900000E+00   0.000000000000000E+00  -9.987130948600000E-01   0.000000000000000E+00   0.000000000000000E+00   0.000000000000000E+00
   2.503427687300000E-01   3.613386703600000E+00   3.613386703600000E+00   0.000000000000000E+00  -9.987130948600000E-01   0.000000000000000E+00   0.000000000000000E+00   0.000000000000000E+00
   2.550629714800000E-01   3.681516963300000E+00   3.681516963300000E+00   0.000000000000000E+00  -9.987130948600000E-01   0.000000000000000E+00   0.000000000000000E+00   0.000000000000000E+00
   2.597831742200000E-01   3.749647222900000E+00   3.749647222900000E+00   0.000000000000000E+00  -9.987130948600000E-01   0.000000000000000E+00   0.000000000000000E+00   0.000000000000000E+00
   2.645033769600000E-01   3.817777482500000E+00   3.817777482500000E+00   0.000000000000000E+00  -9.987130948600000E-01   0.000000000000000E+00   0.000000000000000E+00   0.000000000000000E+00
   2.692235797100000E-01   3.885907742100000E+00   3.885907742100000E+00   0.000000000000000E+00  -9.987130948600000E-01   0.000000000000000E+00   0.000000000000000E+00   0.000000000000000E+00
   2.736980099700000E-01   3.950490581500000E+00   3.950490581500000E+00   0.000000000000000E+00  -9.987130948600000E-01   0.000000000000000E+00   0.000000000000000E+00   0.000000000000000E+00
   2.781724402300000E-01   4.015073420800000E+00   4.015073420800000E+00   0.000000000000000E+00  -9.987130948600000E-01   0.000000000000000E+00   0.000000000000000E+00   0.000000000000000E+00
   2.826468704900000E-01   4.079656260100000E+00   4.079656260100000E+00   0.000000000000000E+00  -9.987130948600000E-01   0.000000000000000E+00   0.000000000000000E+00   0.000000000000000E+00
   2.871213007500000E-01   4.144239099400000E+00   4.144239099400000E+00   0.000000000000000E+00  -9.987130948600000E-01   0.000000000000000E+00   0.000000000000000E+00   0.000000000000000E+00
   2.915551437500000E-01   4.208236112100000E+00   4.208236112100000E+00   0.000000000000000E+00  -9.987130948600000E-01   0.000000000000000E+00   0.000000000000000E+00   0.000000000000000E+00
   2.959889867500000E-01   4.272233124800000E+00   4.272233124800000E+00   0.000000000000000E+00  -9.987130948600000E-01   0.000000000000000E+00   0.000000000000000E+00   0.000000000000000E+00
   3.004228297600000E-01   4.336230137600000E+00   4.336230137600000E+00   0.000000000000000E+00  -9.987130948600000E-01   0.000000000000000E+00   0.000000000000000E+00   0.000000000000000E+00
   3.048566727600000E-01   4.400227150300000E+00   4.400227150300000E+00   0.000000000000000E+00  -9.987130948600000E-01   0.000000000000000E+00   0.000000000000000E+00   0.000000000000000E+00
   3.091173181800000E-01   4.461724271200000E+00   4.461724271200000E+00   0.000000000000000E+00  -9.987130948600000E-01   0.000000000000000E+00   0.000000000000000E+00   0.000000000000000E+00
   3.133779636000000E-01   4.523221392000000E+00   4.523221392000000E+00   0.000000000000000E+00  -9.987130948600000E-01   0.000000000000000E+00   0.000000000000000E+00   0.000000000000000E+00
   3.176386090200000E-01   4.584718512900000E+00   4.584718512900000E+00   0.000000000000000E+00  -9.987130948600000E-01   0.000000000000000E+00   0.000000000000000E+00   0.000000000000000E+00
   3.218992544400000E-01   4.646215633800000E+00   4.646215633800000E+00   0.000000000000000E+00  -9.987130948600000E-01   0.000000000000000E+00   0.000000000000000E+00   0.000000000000000E+00
   3.262798094700000E-01   4.709443500800000E+00   4.709443500800000E+00   0.000000000000000E+00  -9.987130948600000E-01   0.000000000000000E+00   0.000000000000000E+00   0.000000000000000E+00
   3.306603644900000E-01   4.772671367800000E+00   4.772671367800000E+00   0.000000000000000E+00  -9.987130948600000E-01   0.000000000000000E+00   0.000000000000000E+00   0.000000000000000E+00
   3.350409195200000E-01   4.835899234900000E+00   4.835899234900000E+00   0.000000000000000E+00  -9.987130948600000E-01   0.000000000000000E+00   0.000000000000000E+00   0.000000000000000E+00
   3.394214745500000E-01   4.899127101900000E+00   4.899127101900000E+00   0.000000000000000E+00  -9.987130948600000E-01   0.000000000000000E+00   0.000000000000000E+00   0.000000000000000E+00
   3.438400625300000E-01   4.962903927300000E+00   4.962903927300000E+00   0.000000000000000E+00  -9.987130948600000E-01   0.000000000000000E+00   0.000000000000000E+00   0.000000000000000E+00
   3.482586505100000E-01   5.026680752700000E+00   5.026680752700000E+00   0.000000000000000E+00  -9.987130948600000E-01   0.000000000000000E+00   0.000000000000000E+00   0.000000000000000E+00
   3.526772384900000E-01   5.090457578100000E+00   5.090457578100000E+00   0.000000000000000E+00  -9.987130948600000E-01   0.000000000000000E+00   0.000000000000000E+00   0.000000000000000E+00
   3.570958264700000E-01   5.154234403600000E+00   5.154234403600000E+00   0.000000000000000E+00  -9.987130948600000E-01   0.000000000000000E+00   0.000000000000000E+00   0.000000000000000E+00
   3.628733216500000E-01   5.237625365400000E+00   5.237625365400000E+00   0.000000000000000E+00  -9.987130948600000E-01   0.000000000000000E+00   0.000000000000000E+00   0.000000000000000E+00
   3.686508168400000E-01   5.321016327300000E+00   5.321016327300000E+00   0.000000000000000E+00  -9.987130948600000E-01   0.000000000000000E+00   0.000000000000000E+00   0.000000000000000E+00
   3.744283120200000E-01   5.404407289100000E+00   5.404407289100000E+00   0.000000000000000E+00  -9.987130948600000E-01   0.000000000000000E+00   0.000000000000000E+00   0.000000000000000E+00
   3.802058072100000E-01   5.487798251000000E+00   5.487798251000000E+00   0.000000000000000E+00  -9.987130948600000E-01   0.000000000000000E+00   0.000000000000000E+00   0.000000000000000E+00
   3.860192595200000E-01   5.571708209300000E+00   5.571708209300000E+00   0.000000000000000E+00  -9.987130948600000E-01   0.000000000000000E+00   0.000000000000000E+00   0.000000000000000E+00
   3.918327118400000E-01   5.655618167700000E+00   5.655618167700000E+00   0.000000000000000E+00  -9.987130948600000E-01   0.000000000000000E+00   0.000000000000000E+00   0.000000000000000E+00
   3.976461641500000E-01   5.739528126100000E+00   5.739528126100000E+00   0.000000000000000E+00  -9.987130948600000E-01   0.000000000000000E+00   0.000000000000000E+00   0.000000000000000E+00
   4.034596164700000E-01   5.823438084400000E+00   5.823438084400000E+00   0.000000000000000E+00  -9.987130948600000E-01   0.000000000000000E+00   0.000000000000000E+00   0.000000000000000E+00
   4.079143513800000E-01   5.887736645900000E+00   5.887736645900000E+00   0.000000000000000E+00  -9.987130948600000E-01   0.000000000000000E+00   0.000000000000000E+00   0.000000000000000E+00
   4.123690862900000E-01   5.952035207300000E+00   5.952035207300000E+00   0.000000000000000E+00  -9.987130948600000E-01   0.000000000000000E+00   0.000000000000000E+00   0.000000000000000E+00
   4.168238212100000E-01   6.016333768800000E+00   6.016333768800000E+00   0.000000000000000E+00  -9.987130948600000E-01   0.000000000000000E+00   0.000000000000000E+00   0.000000000000000E+00
   4.212785561200000E-01   6.080632330200000E+00   6.080632330200000E+00   0.000000000000000E+00  -9.987130948600000E-01   0.000000000000000E+00   0.000000000000000E+00   0.000000000000000E+00
   4.256762203800000E-01   6.144107147800000E+00   6.144107147800000E+00   0.000000000000000E+00  -9.987130948600000E-01   0.000000000000000E+00   0.000000000000000E+00   0.000000000000000E+00
   4.300738846400000E-01   6.207581965300000E+00   6.207581965300000E+00   0.000000000000000E+00  -9.987130948600000E-01   0.000000000000000E+00   0.000000000000000E+00   0.000000000000000E+00
   4.344715489000000E-01   6.271056782900000E+00   6.271056782900000E+00   0.000000000000000E+00  -9.987130948600000E-01   0.000000000000000E+00   0.000000000000000E+00   0.000000000000000E+00
   4.388692131700000E-01   6.334531600400000E+00   6.334531600400000E+00   0.000000000000000E+00  -9.987130948600000E-01   0.000000000000000E+00   0.000000000000000E+00   0.000000000000000E+00
   4.434190771100000E-01   6.400203231200000E+00   6.400203231200000E+00   0.000000000000000E+00  -9.987130948600000E-01   0.000000000000000E+00   0.000000000000000E+00   0.000000000000000E+00
   4.479689410500000E-01   6.465874862000000E+00   6.465874862000000E+00   0.000000000000000E+00  -9.987130948600000E-01   0.000000000000000E+00   0.000000000000000E+00   0.000000000000000E+00
   4.525188050000000E-01   6.531546492800000E+00   6.531546492800000E+00   0.000000000000000E+00  -9.987130948600000E-01   0.000000000000000E+00   0.000000000000000E+00   0.000000000000000E+00
   4.570686689400000E-01   6.597218123500000E+00   6.597218123500000E+00   0.000000000000000E+00  -9.987130948600000E-01   0.000000000000000E+00   0.000000000000000E+00   0.000000000000000E+00
   4.616619121600000E-01   6.663515880200000E+00   6.663515880200000E+00   0.000000000000000E+00  -9.987130948600000E-01   0.000000000000000E+00   0.000000000000000E+00   0.000000000000000E+00
   4.662551553700000E-01   6.729813636900000E+00   6.729813636900000E+00   0.000000000000000E+00  -9.987130948600000E-01   0.000000000000000E+00   0.000000000000000E+00   0.000000000000000E+00
   4.708483985900000E-01   6.796111393600000E+00   6.796111393600000E+00   0.000000000000000E+00  -9.987130948600000E-01   0.000000000000000E+00   0.000000000000000E+00   0.000000000000000E+00
   4.754416418100000E-01   6.862409150300000E+00   6.862409150300000E+00   0.000000000000000E+00  -9.987130948600000E-01   0.000000000000000E+00   0.000000000000000E+00   0.000000000000000E+00
   4.795100321500000E-01   6.921131308000000E+00   6.921131308000000E+00   0.000000000000000E+00  -9.987130948600000E-01   0.000000000000000E+00   0.000000000000000E+00   0.000000000000000E+00
   4.835784224900000E-01   6.979853465800000E+00   6.979853465800000E+00   0.000000000000000E+00  -9.987130948600000E-01   0.000000000000000E+00   0.000000000000000E+00   0.000000000000000E+00
   4.876468128300000E-01   7.038575623600000E+00   7.038575623600000E+00   0.000000000000000E+00  -9.987130948600000E-01   0.000000000000000E+00   0.000000000000000E+00   0.000000000000000E+00
   4.917152031800000E-01   7.097297781400000E+00   7.097297781400000E+00   0.000000000000000E+00  -9.987130948600000E-01   0.000000000000000E+00   0.000000000000000E+00   0.000000000000000E+00
   4.958212749900000E-01   7.156563824400000E+00   7.156563824400000E+00   0.000000000000000E+00  -9.987130948600000E-01   0.000000000000000E+00   0.000000000000000E+00   0.000000000000000E+00
   4.999273468000000E-01   7.215829867400000E+00   7.215829867400000E+00   0.000000000000000E+00  -9.987130948600000E-01   0.000000000000000E+00   0.000000000000000E+00   0.000000000000000E+00
   5.040334186100000E-01   7.275095910400000E+00   7.275095910400000E+00   0.000000000000000E+00  -9.987130948600000E-01   0.000000000000000E+00   0.000000000000000E+00   0.000000000000000E+00
   5.081394904300000E-01   7.334361953400000E+00   7.334361953400000E+00   0.000000000000000E+00  -9.987130948600000E-01   0.000000000000000E+00   0.000000000000000E+00   0.000000000000000E+00
   5.120943598800000E-01   7.391445578200000E+00   7.391445578200000E+00   0.000000000000000E+00  -9.987130948600000E-01   0.000000000000000E+00   0.000000000000000E+00   0.000000000000000E+00
   5.160492293300000E-01   7.448529203000000E+00   7.448529203000000E+00   0.000000000000000E+00  -9.987130948600000E-01   0.000000000000000E+00   0.000000000000000E+00   0.000000000000000E+00
   5.200040987800000E-01   7.505612827800000E+00   7.505612827800000E+00   0.000000000000000E+00  -9.987130948600000E-01   0.000000000000000E+00   0.000000000000000E+00   0.000000000000000E+00
   5.239589682300000E-01   7.562696452600000E+00   7.562696452600000E+00   0.000000000000000E+00  -9.987130948600000E-01   0.000000000000000E+00   0.000000000000000E+00   0.000000000000000E+00
   5.274344465500000E-01   7.612860662300000E+00   7.612860662300000E+00   0.000000000000000E+00  -9.987130948600000E-01   0.000000000000000E+00   0.000000000000000E+00   0.000000000000000E+00
   5.309099248700000E-01   7.663024872100000E+00   7.663024872100000E+00   0.000000000000000E+00  -9.987130948600000E-01   0.000000000000000E+00   0.000000000000000E+00   0.000000000000000E+00
   5.343854032000001E-01   7.713189081900000E+00   7.713189081900000E+00   0.000000000000000E+00  -9.987130948600000E-01   0.000000000000000E+00   0.000000000000000E+00   0.000000000000000E+00
   5.378608815200000E-01   7.763353291600000E+00   7.763353291600000E+00   0.000000000000000E+00  -9.987130948600000E-01   0.000000000000000E+00   0.000000000000000E+00   0.000000000000000E+00
   5.410875929600000E-01   7.809926860700000E+00   7.809926860700000E+00   0.000000000000000E+00  -9.987130948600000E-01   0.000000000000000E+00   0.000000000000000E+00   0.000000000000000E+00
   5.443143044099999E-01   7.856500429800000E+00   7.856500429800000E+00   0.000000000000000E+00  -9.987130948600000E-01   0.000000000000000E+00   0.000000000000000E+00   0.000000000000000E+00
   5.475410158500000E-01   7.903073998800000E+00   7.903073998800000E+00   0.000000000000000E+00  -9.987130948600000E-01   0.000000000000000E+00   0.000000000000000E+00   0.000000000000000E+00
   5.507677273000000E-01   7.949647567900000E+00   7.949647567900000E+00   0.000000000000000E+00  -9.987130948600000E-01   0.000000000000000E+00   0.000000000000000E+00   0.000000000000000E+00
   5.538028307300000E-01   7.993455513500000E+00   7.993455513500000E+00   0.000000000000000E+00  -9.987130948600000E-01   0.000000000000000E+00   0.000000000000000E+00   0.000000000000000E+00
   5.568379341700000E-01   8.037263459100000E+00   8.037263459100000E+00   0.000000000000000E+00  -9.987130948600000E-01   0.000000000000000E+00   0.000000000000000E+00   0.000000000000000E+00
   5.598730376000000E-01   8.081071404699999E+00   8.081071404699999E+00   0.000000000000000E+00  -9.987130948600000E-01   0.000000000000000E+00   0.000000000000000E+00   0.000000000000000E+00
   5.629081410400000E-01   8.124879350300001E+00   8.124879350300001E+00   0.000000000000000E+00  -9.987130948600000E-01   0.000000000000000E+00   0.000000000000000E+00   0.000000000000000E+00
   5.665560956700000E-01   8.177533041200000E+00   8.177533041200000E+00   0.000000000000000E+00  -9.987130948600000E-01   0.000000000000000E+00   0.000000000000000E+00   0.000000000000000E+00
   5.702040503000000E-01   8.230186732100000E+00   8.230186732100000E+00   0.000000000000000E+00  -9.987130948600000E-01   0.000000000000000E+00   0.000000000000000E+00   0.000000000000000E+00
   5.738520049300000E-01   8.282840423000000E+00   8.282840423000000E+00   0.000000000000000E+00  -9.987130948600000E-01   0.000000000000000E+00   0.000000000000000E+00   0.000000000000000E+00
   5.774999595600000E-01   8.335494113899999E+00   8.335494113899999E+00   0.000000000000000E+00  -9.987130948600000E-01   0.000000000000000E+00   0.000000000000000E+00   0.000000000000000E+00
   5.809662854600000E-01   8.385526219699999E+00   8.385526219699999E+00   0.000000000000000E+00  -9.987130948600000E-01   0.000000000000000E+00   0.000000000000000E+00   0.000000000000000E+00
   5.844326113500000E-01   8.435558325500001E+00   8.435558325500001E+00   0.000000000000000E+00  -9.987130948600000E-01   0.000000000000000E+00   0.000000000000000E+00   0.000000000000000E+00
   5.878989372500000E-01   8.485590431400000E+00   8.485590431400000E+00   0.000000000000000E+00  -9.987130948600000E-01   0.000000000000000E+00   0.000000000000000E+00   0.000000000000000E+00
   5.913652631400000E-01   8.535622537200000E+00   8.535622537200000E+00   0.000000000000000E+00  -9.987130948600000E-01   0.000000000000000E+00   0.000000000000000E+00   0.000000000000000E+00
   5.941132136800000E-01   8.575285787700000E+00   8.575285787700000E+00   0.000000000000000E+00  -9.987130948600000E-01   0.000000000000000E+00   0.000000000000000E+00   0.000000000000000E+00
   5.968611642200000E-01   8.614949038200001E+00   8.614949038200001E+00   0.000000000000000E+00  -9.987130948600000E-01   0.000000000000000E+00   0.000000000000000E+00   0.000000000000000E+00
   5.996091147600000E-01   8.654612288699999E+00   8.654612288699999E+00   0.000000000000000E+00  -9.987130948600000E-01   0.000000000000000E+00   0.000000000000000E+00   0.000000000000000E+00
   6.023570653000000E-01   8.694275539200000E+00   8.694275539200000E+00   0.000000000000000E+00  -9.987130948600000E-01   0.000000000000000E+00   0.000000000000000E+00   0.000000000000000E+00
   6.050475018000000E-01   8.733108645900000E+00   8.733108645900000E+00   0.000000000000000E+00  -9.987130948600000E-01   0.000000000000000E+00   0.000000000000000E+00   0.000000000000000E+00
   6.077379383000000E-01   8.771941752700000E+00   8.771941752700000E+00   0.000000000000000E+00  -9.987130948600000E-01   0.000000000000000E+00   0.000000000000000E+00   0.000000000000000E+00
   6.104283748000000E-01   8.810774859500000E+00   8.810774859500000E+00   0.000000000000000E+00  -9.987130948600000E-01   0.000000000000000E+00   0.000000000000000E+00   0.000000000000000E+00
   6.131188113000000E-01   8.849607966300001E+00   8.849607966300001E+00   0.000000000000000E+00  -9.987130948600000E-01   0.000000000000000E+00   0.000000000000000E+00   0.000000000000000E+00
   6.159327601900000E-01   8.890223820999999E+00   8.890223820999999E+00   0.000000000000000E+00  -9.987130948600000E-01   0.000000000000000E+00   0.000000000000000E+00   0.000000000000000E+00
   6.187467090900000E-01   8.930839675700000E+00   8.930839675700000E+00   0.000000000000000E+00  -9.987130948600000E-01   0.000000000000000E+00   0.000000000000000E+00   0.000000000000000E+00
   6.215606579900000E-01   8.971455530500000E+00   8.971455530500000E+00   0.000000000000000E+00  -9.987130948600000E-01   0.000000000000000E+00   0.000000000000000E+00   0.000000000000000E+00
   6.243746068800000E-01   9.012071385200001E+00   9.012071385200001E+00   0.000000000000000E+00  -9.987130948600000E-01   0.000000000000000E+00   0.000000000000000E+00   0.000000000000000E+00
   6.273756274600000E-01   9.055387387100000E+00   9.055387387100000E+00   0.000000000000000E+00  -9.987130948600000E-01   0.000000000000000E+00   0.000000000000000E+00   0.000000000000000E+00
   6.303766480300000E-01   9.098703388900001E+00   9.098703388900001E+00   0.000000000000000E+00  -9.987130948600000E-01   0.000000000000000E+00   0.000000000000000E+00   0.000000000000000E+00
   6.333776686000000E-01   9.142019390800000E+00   9.142019390800000E+00   0.000000000000000E+00  -9.987130948600000E-01   0.000000000000000E+00   0.000000000000000E+00   0.000000000000000E+00
   6.363786891800000E-01   9.185335392600001E+00   9.185335392600001E+00   0.000000000000000E+00  -9.987130948600000E-01   0.000000000000000E+00   0.000000000000000E+00   0.000000000000000E+00
   6.402339069200000E-01   9.240980668900001E+00   9.240980668900001E+00   0.000000000000000E+00  -9.987130948600000E-01   0.000000000000000E+00   0.000000000000000E+00   0.000000000000000E+00
   6.440891246600000E-01   9.296625945200001E+00   9.296625945200001E+00   0.000000000000000E+00  -9.987130948600000E-01   0.000000000000000E+00   0.000000000000000E+00   0.000000000000000E+00
   6.479443424000000E-01   9.352271221500001E+00   9.352271221500001E+00   0.000000000000000E+00  -9.987130948600000E-01   0.000000000000000E+00   0.000000000000000E+00   0.000000000000000E+00
   6.517995601500000E-01   9.407916497800000E+00   9.407916497800000E+00   0.000000000000000E+00  -9.987130948600000E-01   0.000000000000000E+00   0.000000000000000E+00   0.000000000000000E+00
   6.550457332300000E-01   9.454770971400000E+00   9.454770971400000E+00   0.000000000000000E+00  -9.987130948600000E-01   0.000000000000000E+00   0.000000000000000E+00   0.000000000000000E+00
   6.582919063100000E-01   9.501625445000000E+00   9.501625445000000E+00   0.000000000000000E+00  -9.987130948600000E-01   0.000000000000000E+00   0.000000000000000E+00   0.000000000000000E+00
   6.615380793900000E-01   9.548479918600000E+00   9.548479918600000E+00   0.000000000000000E+00  -9.987130948600000E-01   0.000000000000000E+00   0.000000000000000E+00   0.000000000000000E+00
   6.647842524799999E-01   9.595334392200000E+00   9.595334392200000E+00   0.000000000000000E+00  -9.987130948600000E-01   0.000000000000000E+00   0.000000000000000E+00   0.000000000000000E+00
   6.676106844700000E-01   9.636130424999999E+00   9.636130424999999E+00   0.000000000000000E+00  -9.987130948600000E-01   0.000000000000000E+00   0.000000000000000E+00   0.000000000000000E+00
   6.704371164600000E-01   9.676926457700000E+00   9.676926457700000E+00   0.000000000000000E+00  -9.987130948600000E-01   0.000000000000000E+00   0.000000000000000E+00   0.000000000000000E+00
   6.732635484600000E-01   9.717722490400000E+00   9.717722490400000E+00   0.000000000000000E+00  -9.987130948600000E-01   0.000000000000000E+00   0.000000000000000E+00   0.000000000000000E+00
   6.760899804500000E-01   9.758518523099999E+00   9.758518523099999E+00   0.000000000000000E+00  -9.987130948600000E-01   0.000000000000000E+00   0.000000000000000E+00   0.000000000000000E+00
   6.783058870000001E-01   9.790502380000000E+00   9.790502380000000E+00   0.000000000000000E+00  -9.987130948600000E-01   0.000000000000000E+00   0.000000000000000E+00   0.000000000000000E+00
   6.805217935600000E-01   9.822486236800000E+00   9.822486236800000E+00   0.000000000000000E+00  -9.987130948600000E-01   0.000000000000000E+00   0.000000000000000E+00   0.000000000000000E+00
   6.827377001100000E-01   9.854470093700000E+00   9.854470093700000E+00   0.000000000000000E+00  -9.987130948600000E-01   0.000000000000000E+00   0.000000000000000E+00   0.000000000000000E+00
   6.849536066700000E-01   9.886453950600000E+00   9.886453950600000E+00   0.000000000000000E+00  -9.987130948600000E-01   0.000000000000000E+00   0.000000000000000E+00   0.000000000000000E+00
   6.871336189400000E-01   9.917919718100000E+00   9.917919718100000E+00   0.000000000000000E+00  -9.987130948600000E-01   0.000000000000000E+00   0.000000000000000E+00   0.000000000000000E+00
   6.893136312200000E-01   9.949385485600001E+00   9.949385485600001E+00   0.000000000000000E+00  -9.987130948600000E-01   0.000000000000000E+00   0.000000000000000E+00   0.000000000000000E+00
   6.914936434900000E-01   9.980851253100001E+00   9.980851253100001E+00   0.000000000000000E+00  -9.987130948600000E-01   0.000000000000000E+00   0.000000000000000E+00   0.000000000000000E+00
   6.936736557600000E-01   1.001231702100000E+01   1.001231702100000E+01   0.000000000000000E+00  -9.987130948600000E-01   0.000000000000000E+00   0.000000000000000E+00   0.000000000000000E+00
   6.957205427299999E-01   1.004186129000000E+01   1.004186129000000E+01   0.000000000000000E+00  -9.987130948600000E-01   0.000000000000000E+00   0.000000000000000E+00   0.000000000000000E+00
   6.977674297000001E-01   1.007140555900000E+01   1.007140555900000E+01   0.000000000000000E+00  -9.987130948600000E-01   0.000000000000000E+00   0.000000000000000E+00   0.000000000000000E+00
   6.998143166600000E-01   1.010094982800000E+01   1.010094982800000E+01   0.000000000000000E+00  -9.987130948600000E-01   0.000000000000000E+00   0.000000000000000E+00   0.000000000000000E+00
   7.018612036300000E-01   1.013049409700000E+01   1.013049409700000E+01   0.000000000000000E+00  -9.987130948600000E-01   0.000000000000000E+00   0.000000000000000E+00   0.000000000000000E+00
   7.037868442100000E-01   1.015828832600000E+01   1.015828832600000E+01   0.000000000000000E+00  -9.987130948600000E-01   0.000000000000000E+00   0.000000000000000E+00   0.000000000000000E+00
   7.057124847800000E-01   1.018608255400000E+01   1.018608255400000E+01   0.000000000000000E+00  -9.987130948600000E-01   0.000000000000000E+00   0.000000000000000E+00   0.000000000000000E+00
   7.076381253600000E-01   1.021387678200000E+01   1.021387678200000E+01   0.000000000000000E+00  -9.987130948600000E-01   0.000000000000000E+00   0.000000000000000E+00   0.000000000000000E+00
   7.095637659300000E-01   1.024167101000000E+01   1.024167101000000E+01   0.000000000000000E+00  -9.987130948600000E-01   0.000000000000000E+00   0.000000000000000E+00   0.000000000000000E+00
   7.114941754700000E-01   1.026953407300000E+01   1.026953407300000E+01   0.000000000000000E+00  -9.987130948600000E-01   0.000000000000000E+00   0.000000000000000E+00   0.000000000000000E+00
   7.134245850000001E-01   1.029739713500000E+01   1.029739713500000E+01   0.000000000000000E+00  -9.987130948600000E-01   0.000000000000000E+00   0.000000000000000E+00   0.000000000000000E+00
   7.153549945300000E-01   1.032526019700000E+01   1.032526019700000E+01   0.000000000000000E+00  -9.987130948600000E-01   0.000000000000000E+00   0.000000000000000E+00   0.000000000000000E+00
   7.172854040700000E-01   1.035312325900000E+01   1.035312325900000E+01   0.000000000000000E+00  -9.987130948600000E-01   0.000000000000000E+00   0.000000000000000E+00   0.000000000000000E+00
   7.193055126300000E-01   1.038228101500000E+01   1.038228101500000E+01   0.000000000000000E+00  -9.987130948600000E-01   0.000000000000000E+00   0.000000000000000E+00   0.000000000000000E+00
   7.213256211900000E-01   1.041143877200000E+01   1.041143877200000E+01   0.000000000000000E+00  -9.987130948600000E-01   0.000000000000000E+00   0.000000000000000E+00   0.000000000000000E+00
   7.233457297600000E-01   1.044059652800000E+01   1.044059652800000E+01   0.000000000000000E+00  -9.987130948600000E-01   0.000000000000000E+00   0.000000000000000E+00   0.000000000000000E+00
   7.253658383200000E-01   1.046975428400000E+01   1.046975428400000E+01   0.000000000000000E+00  -9.987130948600000E-01   0.000000000000000E+00   0.000000000000000E+00   0.000000000000000E+00
   7.276015790700000E-01   1.050202442300000E+01   1.050202442300000E+01   0.000000000000000E+00  -9.987130948600000E-01   0.000000000000000E+00   0.000000000000000E+00   0.000000000000000E+00
   7.298373198100000E-01   1.053429456200000E+01   1.053429456200000E+01   0.000000000000000E+00  -9.987130948600000E-01   0.000000000000000E+00   0.000000000000000E+00   0.000000000000000E+00
   7.320730605500000E-01   1.056656470000000E+01   1.056656470000000E+01   0.000000000000000E+00  -9.987130948600000E-01   0.000000000000000E+00   0.000000000000000E+00   0.000000000000000E+00
   7.343088013000000E-01   1.059883483900000E+01   1.059883483900000E+01   0.000000000000000E+00  -9.987130948600000E-01   0.000000000000000E+00   0.000000000000000E+00   0.000000000000000E+00
   7.364092402200000E-01   1.062915206400000E+01   1.062915206400000E+01   0.000000000000000E+00  -9.987130948600000E-01   0.000000000000000E+00   0.000000000000000E+00   0.000000000000000E+00
   7.385096791300000E-01   1.065946928900000E+01   1.065946928900000E+01   0.000000000000000E+00  -9.987130948600000E-01   0.000000000000000E+00   0.000000000000000E+00   0.000000000000000E+00
   7.406101180500000E-01   1.068978651400000E+01   1.068978651400000E+01   0.000000000000000E+00  -9.987130948600000E-01   0.000000000000000E+00   0.000000000000000E+00   0.000000000000000E+00
   7.427105569700000E-01   1.072010373900000E+01   1.072010373900000E+01   0.000000000000000E+00  -9.987130948600000E-01   0.000000000000000E+00   0.000000000000000E+00   0.000000000000000E+00
   7.446877797200000E-01   1.074864249200000E+01   1.074864249200000E+01   0.000000000000000E+00  -9.987130948600000E-01   0.000000000000000E+00   0.000000000000000E+00   0.000000000000000E+00
   7.466650024700000E-01   1.077718124500000E+01   1.077718124500000E+01   0.000000000000000E+00  -9.987130948600000E-01   0.000000000000000E+00   0.000000000000000E+00   0.000000000000000E+00
   7.486422252100000E-01   1.080571999800000E+01   1.080571999800000E+01   0.000000000000000E+00  -9.987130948600000E-01   0.000000000000000E+00   0.000000000000000E+00   0.000000000000000E+00
   7.506194479600000E-01   1.083425875000000E+01   1.083425875000000E+01   0.000000000000000E+00  -9.987130948600000E-01   0.000000000000000E+00   0.000000000000000E+00   0.000000000000000E+00
   7.525453658300000E-01   1.086205698100000E+01   1.086205698100000E+01   0.000000000000000E+00  -9.987130948600000E-01   0.000000000000000E+00   0.000000000000000E+00   0.000000000000000E+00
   7.544712836900000E-01   1.088985521100000E+01   1.088985521100000E+01   0.000000000000000E+00  -9.987130948600000E-01   0.000000000000000E+00   0.000000000000000E+00   0.000000000000000E+00
   7.563972015500000E-01   1.091765344200000E+01   1.091765344200000E+01   0.000000000000000E+00  -9.987130948600000E-01   0.000000000000000E+00   0.000000000000000E+00   0.000000000000000E+00
   7.583231194100000E-01   1.094545167300000E+01   1.094545167300000E+01   0.000000000000000E+00  -9.987130948600000E-01   0.000000000000000E+00   0.000000000000000E+00   0.000000000000000E+00
   7.600965670800000E-01   1.097104918500000E+01   1.097104918500000E+01   0.000000000000000E+00  -9.987130948600000E-01   0.000000000000000E+00   0.000000000000000E+00   0.000000000000000E+00
   7.618700147400000E-01   1.099664669800000E+01   1.099664669800000E+01   0.000000000000000E+00  -9.987130948600000E-01   0.000000000000000E+00   0.000000000000000E+00   0.000000000000000E+00
   7.636434624000000E-01   1.102224421100000E+01   1.102224421100000E+01   0.000000000000000E+00  -9.987130948600000E-01   0.000000000000000E+00   0.000000000000000E+00   0.000000000000000E+00
   7.654169100600000E-01   1.104784172300000E+01   1.104784172300000E+01   0.000000000000000E+00  -9.987130948600000E-01   0.000000000000000E+00   0.000000000000000E+00   0.000000000000000E+00
   7.669625193400000E-01   1.107015067200000E+01   1.107015067200000E+01   0.000000000000000E+00  -9.987130948600000E-01   0.000000000000000E+00   0.000000000000000E+00   0.000000000000000E+00
   7.685081286300000E-01   1.109245962100000E+01   1.109245962100000E+01   0.000000000000000E+00  -9.987130948600000E-01   0.000000000000000E+00   0.000000000000000E+00   0.000000000000000E+00
   7.700537379100000E-01   1.111476857000000E+01   1.111476857000000E+01   0.000000000000000E+00  -9.987130948600000E-01   0.000000000000000E+00   0.000000000000000E+00   0.000000000000000E+00
   7.715993471900000E-01   1.113707751900000E+01   1.113707751900000E+01   0.000000000000000E+00  -9.987130948600000E-01   0.000000000000000E+00   0.000000000000000E+00   0.000000000000000E+00
   7.730999292300000E-01   1.115873655500000E+01   1.115873655500000E+01   0.000000000000000E+00  -9.987130948600000E-01   0.000000000000000E+00   0.000000000000000E+00   0.000000000000000E+00
   7.746005112700000E-01   1.118039559200000E+01   1.118039559200000E+01   0.000000000000000E+00  -9.987130948600000E-01   0.000000000000000E+00   0.000000000000000E+00   0.000000000000000E+00
   7.761010933000000E-01   1.120205462900000E+01   1.120205462900000E+01   0.000000000000000E+00  -9.987130948600000E-01   0.000000000000000E+00   0.000000000000000E+00   0.000000000000000E+00
   7.776016753400000E-01   1.122371366500000E+01   1.122371366500000E+01   0.000000000000000E+00  -9.987130948600000E-01   0.000000000000000E+00   0.000000000000000E+00   0.000000000000000E+00
   7.792639084000000E-01   1.124770593300000E+01   1.124770593300000E+01   0.000000000000000E+00  -9.987130948600000E-01   0.000000000000000E+00   0.000000000000000E+00   0.000000000000000E+00
   7.809261414500001E-01   1.127169820100000E+01   1.127169820100000E+01   0.000000000000000E+00  -9.987130948600000E-01   0.000000000000000E+00   0.000000000000000E+00   0.000000000000000E+00
   7.825883745100000E-01   1.129569046900000E+01   1.129569046900000E+01   0.000000000000000E+00  -9.987130948600000E-01   0.000000000000000E+00   0.000000000000000E+00   0.000000000000000E+00
   7.842506075600000E-01   1.131968273700000E+01   1.131968273700000E+01   0.000000000000000E+00  -9.987130948600000E-01   0.000000000000000E+00   0.000000000000000E+00   0.000000000000000E+00
   7.859036903200000E-01   1.134354293200000E+01   1.134354293200000E+01   0.000000000000000E+00  -9.987130948600000E-01   0.000000000000000E+00   0.000000000000000E+00   0.000000000000000E+00
   7.875567730800000E-01   1.136740312700000E+01   1.136740312700000E+01   0.000000000000000E+00  -9.987130948600000E-01   0.000000000000000E+00   0.000000000000000E+00   0.000000000000000E+00
   7.892098558400000E-01   1.139126332200000E+01   1.139126332200000E+01   0.000000000000000E+00  -9.987130948600000E-01   0.000000000000000E+00   0.000000000000000E+00   0.000000000000000E+00
   7.908629386000000E-01   1.141512351700000E+01   1.141512351700000E+01   0.000000000000000E+00  -9.987130948600000E-01   0.000000000000000E+00   0.000000000000000E+00   0.000000000000000E+00
   7.932853949100001E-01   1.145008866300000E+01   1.145008866300000E+01   0.000000000000000E+00  -9.987130948600000E-01   0.000000000000000E+00   0.000000000000000E+00   0.000000000000000E+00
   7.957078512300000E-01   1.148505380900000E+01   1.148505380900000E+01   0.000000000000000E+00  -9.987130948600000E-01   0.000000000000000E+00   0.000000000000000E+00   0.000000000000000E+00
   7.981303075400000E-01   1.152001895500000E+01   1.152001895500000E+01   0.000000000000000E+00  -9.987130948600000E-01   0.000000000000000E+00   0.000000000000000E+00   0.000000000000000E+00
   8.005527638600000E-01   1.155498410100000E+01   1.155498410100000E+01   0.000000000000000E+00  -9.987130948600000E-01   0.000000000000000E+00   0.000000000000000E+00   0.000000000000000E+00
   8.022663414100000E-01   1.157971746300000E+01   1.157971746300000E+01   0.000000000000000E+00  -9.987130948600000E-01   0.000000000000000E+00   0.000000000000000E+00   0.000000000000000E+00
   8.039799189700000E-01   1.160445082500000E+01   1.160445082500000E+01   0.000000000000000E+00  -9.987130948600000E-01   0.000000000000000E+00   0.000000000000000E+00   0.000000000000000E+00
   8.056934965300000E-01   1.162918418700000E+01   1.162918418700000E+01   0.000000000000000E+00  -9.987130948600000E-01   0.000000000000000E+00   0.000000000000000E+00   0.000000000000000E+00
   8.074070740800000E-01   1.165391754900000E+01   1.165391754900000E+01   0.000000000000000E+00  -9.987130948600000E-01   0.000000000000000E+00   0.000000000000000E+00   0.000000000000000E+00
   8.089368784099999E-01   1.167599837300000E+01   1.167599837300000E+01   0.000000000000000E+00  -9.987130948600000E-01   0.000000000000000E+00   0.000000000000000E+00   0.000000000000000E+00
   8.104666827300000E-01   1.169807919700000E+01   1.169807919700000E+01   0.000000000000000E+00  -9.987130948600000E-01   0.000000000000000E+00   0.000000000000000E+00   0.000000000000000E+00
   8.119964870600000E-01   1.172016002100000E+01   1.172016002100000E+01   0.000000000000000E+00  -9.987130948600000E-01   0.000000000000000E+00   0.000000000000000E+00   0.000000000000000E+00
   8.135262913800000E-01   1.174224084500000E+01   1.174224084500000E+01   0.000000000000000E+00  -9.987130948600000E-01   0.000000000000000E+00   0.000000000000000E+00   0.000000000000000E+00
   8.150722866800000E-01   1.176455536600000E+01   1.176455536600000E+01   0.000000000000000E+00  -9.987130948600000E-01   0.000000000000000E+00   0.000000000000000E+00   0.000000000000000E+00
   8.166182819800000E-01   1.178686988600000E+01   1.178686988600000E+01   0.000000000000000E+00  -9.987130948600000E-01   0.000000000000000E+00   0.000000000000000E+00   0.000000000000000E+00
   8.181642772800000E-01   1.180918440700000E+01   1.180918440700000E+01   0.000000000000000E+00  -9.987130948600000E-01   0.000000000000000E+00   0.000000000000000E+00   0.000000000000000E+00
   8.197102725800000E-01   1.183149892700000E+01   1.183149892700000E+01   0.000000000000000E+00  -9.987130948600000E-01   0.000000000000000E+00   0.000000000000000E+00   0.000000000000000E+00
   8.212433089800000E-01   1.185362640200000E+01   1.185362640200000E+01   0.000000000000000E+00  -9.987130948600000E-01   0.000000000000000E+00   0.000000000000000E+00   0.000000000000000E+00
   8.227763453700000E-01   1.187575387700000E+01   1.187575387700000E+01   0.000000000000000E+00  -9.987130948600000E-01   0.000000000000000E+00   0.000000000000000E+00   0.000000000000000E+00
   8.243093817700000E-01   1.189788135200000E+01   1.189788135200000E+01   0.000000000000000E+00  -9.987130948600000E-01   0.000000000000000E+00   0.000000000000000E+00   0.000000000000000E+00
   8.258424181700000E-01   1.192000882700000E+01   1.192000882700000E+01   0.000000000000000E+00  -9.987130948600000E-01   0.000000000000000E+00   0.000000000000000E+00   0.000000000000000E+00
   8.273270200000000E-01   1.194143720900000E+01   1.194143720900000E+01   0.000000000000000E+00  -9.987130948600000E-01   0.000000000000000E+00   0.000000000000000E+00   0.000000000000000E+00
   8.288116218300000E-01   1.196286559100000E+01   1.196286559100000E+01   0.000000000000000E+00  -9.987130948600000E-01   0.000000000000000E+00   0.000000000000000E+00   0.000000000000000E+00
   8.302962236700000E-01   1.198429397400000E+01   1.198429397400000E+01   0.000000000000000E+00  -9.987130948600000E-01   0.000000000000000E+00   0.000000000000000E+00   0.000000000000000E+00
   8.317808255000000E-01   1.200572235600000E+01   1.200572235600000E+01   0.000000000000000E+00  -9.987130948600000E-01   0.000000000000000E+00   0.000000000000000E+00   0.000000000000000E+00
   8.333207661599999E-01   1.202794948500000E+01   1.202794948500000E+01   0.000000000000000E+00  -9.987130948600000E-01   0.000000000000000E+00   0.000000000000000E+00   0.000000000000000E+00
   8.348607068200000E-01   1.205017661500000E+01   1.205017661500000E+01   0.000000000000000E+00  -9.987130948600000E-01   0.000000000000000E+00   0.000000000000000E+00   0.000000000000000E+00
   8.364006474800000E-01   1.207240374400000E+01   1.207240374400000E+01   0.000000000000000E+00  -9.987130948600000E-01   0.000000000000000E+00   0.000000000000000E+00   0.000000000000000E+00
   8.379405881400001E-01   1.209463087300000E+01   1.209463087300000E+01   0.000000000000000E+00  -9.987130948600000E-01   0.000000000000000E+00   0.000000000000000E+00   0.000000000000000E+00
   8.397530477300000E-01   1.212079147500000E+01   1.212079147500000E+01   0.000000000000000E+00  -9.987130948600000E-01   0.000000000000000E+00   0.000000000000000E+00   0.000000000000000E+00
   8.415655073300000E-01   1.214695207600000E+01   1.214695207600000E+01   0.000000000000000E+00  -9.987130948600000E-01   0.000000000000000E+00   0.000000000000000E+00   0.000000000000000E+00
   8.433779669200000E-01   1.217311267800000E+01   1.217311267800000E+01   0.000000000000000E+00  -9.987130948600000E-01   0.000000000000000E+00   0.000000000000000E+00   0.000000000000000E+00
   8.451904265100000E-01   1.219927327900000E+01   1.219927327900000E+01   0.000000000000000E+00  -9.987130948600000E-01   0.000000000000000E+00   0.000000000000000E+00   0.000000000000000E+00
   8.472706504300000E-01   1.222929872600000E+01   1.222929872600000E+01   0.000000000000000E+00  -9.987130948600000E-01   0.000000000000000E+00   0.000000000000000E+00   0.000000000000000E+00
   8.493508743500000E-01   1.225932417200000E+01   1.225932417200000E+01   0.000000000000000E+00  -9.987130948600000E-01   0.000000000000000E+00   0.000000000000000E+00   0.000000000000000E+00
   8.514310982700000E-01   1.228934961900000E+01   1.228934961900000E+01   0.000000000000000E+00  -9.987130948600000E-01   0.000000000000000E+00   0.000000000000000E+00   0.000000000000000E+00
   8.535113221900000E-01   1.231937506600000E+01   1.231937506600000E+01   0.000000000000000E+00  -9.987130948600000E-01   0.000000000000000E+00   0.000000000000000E+00   0.000000000000000E+00
   8.554774729200000E-01   1.234775400800000E+01   1.234775400800000E+01   0.000000000000000E+00  -9.987130948600000E-01   0.000000000000000E+00   0.000000000000000E+00   0.000000000000000E+00
   8.574436236500000E-01   1.237613295000000E+01   1.237613295000000E+01   0.000000000000000E+00  -9.987130948600000E-01   0.000000000000000E+00   0.000000000000000E+00   0.000000000000000E+00
   8.594097743700000E-01   1.240451189100000E+01   1.240451189100000E+01   0.000000000000000E+00  -9.987130948600000E-01   0.000000000000000E+00   0.000000000000000E+00   0.000000000000000E+00
   8.613759251000001E-01   1.243289083300000E+01   1.243289083300000E+01   0.000000000000000E+00  -9.987130948600000E-01   0.000000000000000E+00   0.000000000000000E+00   0.000000000000000E+00
   8.631308122300000E-01   1.245822044800000E+01   1.245822044800000E+01   0.000000000000000E+00  -9.987130948600000E-01   0.000000000000000E+00   0.000000000000000E+00   0.000000000000000E+00
   8.648856993500000E-01   1.248355006200000E+01   1.248355006200000E+01   0.000000000000000E+00  -9.987130948600000E-01   0.000000000000000E+00   0.000000000000000E+00   0.000000000000000E+00
   8.666405864800000E-01   1.250887967700000E+01   1.250887967700000E+01   0.000000000000000E+00  -9.987130948600000E-01   0.000000000000000E+00   0.000000000000000E+00   0.000000000000000E+00
   8.683954736000000E-01   1.253420929100000E+01   1.253420929100000E+01   0.000000000000000E+00  -9.987130948600000E-01   0.000000000000000E+00   0.000000000000000E+00   0.000000000000000E+00
   8.706221555300000E-01   1.256634867700000E+01   1.256634867700000E+01   0.000000000000000E+00  -9.987130948600000E-01   0.000000000000000E+00   0.000000000000000E+00   0.000000000000000E+00
   8.728488374500000E-01   1.259848806300000E+01   1.259848806300000E+01   0.000000000000000E+00  -9.987130948600000E-01   0.000000000000000E+00   0.000000000000000E+00   0.000000000000000E+00
   8.750755193800001E-01   1.263062744900000E+01   1.263062744900000E+01   0.000000000000000E+00  -9.987130948600000E-01   0.000000000000000E+00   0.000000000000000E+00   0.000000000000000E+00
   8.773022013100000E-01   1.266276683500000E+01   1.266276683500000E+01   0.000000000000000E+00  -9.987130948600000E-01   0.000000000000000E+00   0.000000000000000E+00   0.000000000000000E+00
   8.793231673800000E-01   1.269193696800000E+01   1.269193696800000E+01   0.000000000000000E+00  -9.987130948600000E-01   0.000000000000000E+00   0.000000000000000E+00   0.000000000000000E+00
   8.813441334600000E-01   1.272110710200000E+01   1.272110710200000E+01   0.000000000000000E+00  -9.987130948600000E-01   0.000000000000000E+00   0.000000000000000E+00   0.000000000000000E+00
   8.833650995400000E-01   1.275027723500000E+01   1.275027723500000E+01   0.000000000000000E+00  -9.987130948600000E-01   0.000000000000000E+00   0.000000000000000E+00   0.000000000000000E+00
   8.853860656100000E-01   1.277944736800000E+01   1.277944736800000E+01   0.000000000000000E+00  -9.987130948600000E-01   0.000000000000000E+00   0.000000000000000E+00   0.000000000000000E+00
   8.873070099700000E-01   1.280717381200000E+01   1.280717381200000E+01   0.000000000000000E+00  -9.987130948600000E-01   0.000000000000000E+00   0.000000000000000E+00   0.000000000000000E+00
   8.892279543300000E-01   1.283490025700000E+01   1.283490025700000E+01   0.000000000000000E+00  -9.987130948600000E-01   0.000000000000000E+00   0.000000000000000E+00   0.000000000000000E+00
   8.911488986900000E-01   1.286262670100000E+01   1.286262670100000E+01   0.000000000000000E+00  -9.987130948600000E-01   0.000000000000000E+00   0.000000000000000E+00   0.000000000000000E+00
   8.930698430500000E-01   1.289035314500000E+01   1.289035314500000E+01   0.000000000000000E+00  -9.987130948600000E-01   0.000000000000000E+00   0.000000000000000E+00   0.000000000000000E+00
   8.955908374900000E-01   1.292674056600000E+01   1.292674056600000E+01   0.000000000000000E+00  -9.987130948600000E-01   0.000000000000000E+00   0.000000000000000E+00   0.000000000000000E+00
   8.981118319300000E-01   1.296312798800000E+01   1.296312798800000E+01   0.000000000000000E+00  -9.987130948600000E-01   0.000000000000000E+00   0.000000000000000E+00   0.000000000000000E+00
   9.006328263700000E-01   1.299951540900000E+01   1.299951540900000E+01   0.000000000000000E+00  -9.987130948600000E-01   0.000000000000000E+00   0.000000000000000E+00   0.000000000000000E+00
   9.031538208100000E-01   1.303590283000000E+01   1.303590283000000E+01   0.000000000000000E+00  -9.987130948600000E-01   0.000000000000000E+00   0.000000000000000E+00   0.000000000000000E+00
   9.057377760000000E-01   1.307319901200000E+01   1.307319901200000E+01   0.000000000000000E+00  -9.987130948600000E-01   0.000000000000000E+00   0.000000000000000E+00   0.000000000000000E+00
   9.083217312000000E-01   1.311049519300000E+01   1.311049519300000E+01   0.000000000000000E+00  -9.987130948600000E-01   0.000000000000000E+00   0.000000000000000E+00   0.000000000000000E+00
   9.109056863900000E-01   1.314779137500000E+01   1.314779137500000E+01   0.000000000000000E+00  -9.987130948600000E-01   0.000000000000000E+00   0.000000000000000E+00   0.000000000000000E+00
   9.134896415900000E-01   1.318508755600000E+01   1.318508755600000E+01   0.000000000000000E+00  -9.987130948600000E-01   0.000000000000000E+00   0.000000000000000E+00   0.000000000000000E+00
   9.162911988400000E-01   1.322552455300000E+01   1.322552455300000E+01   0.000000000000000E+00  -9.987130948600000E-01   0.000000000000000E+00   0.000000000000000E+00   0.000000000000000E+00
   9.190927561000000E-01   1.326596155000000E+01   1.326596155000000E+01   0.000000000000000E+00  -9.987130948600000E-01   0.000000000000000E+00   0.000000000000000E+00   0.000000000000000E+00
   9.218943133600001E-01   1.330639854700000E+01   1.330639854700000E+01   0.000000000000000E+00  -9.987130948600000E-01   0.000000000000000E+00   0.000000000000000E+00   0.000000000000000E+00
   9.246958706200000E-01   1.334683554300000E+01   1.334683554300000E+01   0.000000000000000E+00  -9.987130948600000E-01   0.000000000000000E+00   0.000000000000000E+00   0.000000000000000E+00
   9.272074714000000E-01   1.338308737900000E+01   1.338308737900000E+01   0.000000000000000E+00  -9.987130948600000E-01   0.000000000000000E+00   0.000000000000000E+00   0.000000000000000E+00
   9.297190721700000E-01   1.341933921400000E+01   1.341933921400000E+01   0.000000000000000E+00  -9.987130948600000E-01   0.000000000000000E+00   0.000000000000000E+00   0.000000000000000E+00
   9.322306729500000E-01   1.345559105000000E+01   1.345559105000000E+01   0.000000000000000E+00  -9.987130948600000E-01   0.000000000000000E+00   0.000000000000000E+00   0.000000000000000E+00
   9.347422737300000E-01   1.349184288500000E+01   1.349184288500000E+01   0.000000000000000E+00  -9.987130948600000E-01   0.000000000000000E+00   0.000000000000000E+00   0.000000000000000E+00
   9.371377193800000E-01   1.352641816600000E+01   1.352641816600000E+01   0.000000000000000E+00  -9.987130948600000E-01   0.000000000000000E+00   0.000000000000000E+00   0.000000000000000E+00
   9.395331650300000E-01   1.356099344600000E+01   1.356099344600000E+01   0.000000000000000E+00  -9.987130948600000E-01   0.000000000000000E+00   0.000000000000000E+00   0.000000000000000E+00
   9.419286106700000E-01   1.359556872700000E+01   1.359556872700000E+01   0.000000000000000E+00  -9.987130948600000E-01   0.000000000000000E+00   0.000000000000000E+00   0.000000000000000E+00
   9.443240563200000E-01   1.363014400700000E+01   1.363014400700000E+01   0.000000000000000E+00  -9.987130948600000E-01   0.000000000000000E+00   0.000000000000000E+00   0.000000000000000E+00
   9.469947441200000E-01   1.366869206600000E+01   1.366869206600000E+01   0.000000000000000E+00  -9.987130948600000E-01   0.000000000000000E+00   0.000000000000000E+00   0.000000000000000E+00
   9.496654319200000E-01   1.370724012500000E+01   1.370724012500000E+01   0.000000000000000E+00  -9.987130948600000E-01   0.000000000000000E+00   0.000000000000000E+00   0.000000000000000E+00
   9.523361197200000E-01   1.374578818400000E+01   1.374578818400000E+01   0.000000000000000E+00  -9.987130948600000E-01   0.000000000000000E+00   0.000000000000000E+00   0.000000000000000E+00
   9.550068075200000E-01   1.378433624300000E+01   1.378433624300000E+01   0.000000000000000E+00  -9.987130948600000E-01   0.000000000000000E+00   0.000000000000000E+00   0.000000000000000E+00
   9.579430217100000E-01   1.382671684500000E+01   1.382671684500000E+01   0.000000000000000E+00  -9.987130948600000E-01   0.000000000000000E+00   0.000000000000000E+00   0.000000000000000E+00
   9.608792359100000E-01   1.386909744700000E+01   1.386909744700000E+01   0.000000000000000E+00  -9.987130948600000E-01   0.000000000000000E+00   0.000000000000000E+00   0.000000000000000E+00
   9.638154501000000E-01   1.391147805000000E+01   1.391147805000000E+01   0.000000000000000E+00  -9.987130948600000E-01   0.000000000000000E+00   0.000000000000000E+00   0.000000000000000E+00
   9.667516642900000E-01   1.395385865200000E+01   1.395385865200000E+01   0.000000000000000E+00  -9.987130948600000E-01   0.000000000000000E+00   0.000000000000000E+00   0.000000000000000E+00
   9.699889204400000E-01   1.400058442100000E+01   1.400058442100000E+01   0.000000000000000E+00  -9.987130948600000E-01   0.000000000000000E+00   0.000000000000000E+00   0.000000000000000E+00
   9.732261765900000E-01   1.404731019000000E+01   1.404731019000000E+01   0.000000000000000E+00  -9.987130948600000E-01   0.000000000000000E+00   0.000000000000000E+00   0.000000000000000E+00
   9.764634327300000E-01   1.409403595800000E+01   1.409403595800000E+01   0.000000000000000E+00  -9.987130948600000E-01   0.000000000000000E+00   0.000000000000000E+00   0.000000000000000E+00
   9.797006888799999E-01   1.414076172700000E+01   1.414076172700000E+01   0.000000000000000E+00  -9.987130948600000E-01   0.000000000000000E+00   0.000000000000000E+00   0.000000000000000E+00
   9.822381740500000E-01   1.417738717100000E+01   1.417738717100000E+01   0.000000000000000E+00  -9.987130948600000E-01   0.000000000000000E+00   0.000000000000000E+00   0.000000000000000E+00
   9.847756592100000E-01   1.421401261600000E+01   1.421401261600000E+01   0.000000000000000E+00  -9.987130948600000E-01   0.000000000000000E+00   0.000000000000000E+00   0.000000000000000E+00
   9.873131443700000E-01   1.425063806000000E+01   1.425063806000000E+01   0.000000000000000E+00  -9.987130948600000E-01   0.000000000000000E+00   0.000000000000000E+00   0.000000000000000E+00
   9.898506295400000E-01   1.428726350500000E+01   1.428726350500000E+01   0.000000000000000E+00  -9.987130948600000E-01   0.000000000000000E+00   0.000000000000000E+00   0.000000000000000E+00
   9.923879721500000E-01   1.432388689100000E+01   1.432388689100000E+01   0.000000000000000E+00  -9.987130948600000E-01   0.000000000000000E+00   0.000000000000000E+00   0.000000000000000E+00
   9.949253147700000E-01   1.436051027800000E+01   1.436051027800000E+01   0.000000000000000E+00  -9.987130948600000E-01   0.000000000000000E+00   0.000000000000000E+00   0.000000000000000E+00
   9.974626573800000E-01   1.439713366500000E+01   1.439713366500000E+01   0.000000000000000E+00  -9.987130948600000E-01   0.000000000000000E+00   0.000000000000000E+00   0.000000000000000E+00
   1.000000000000000E+00   1.443375705200000E+01   1.443375705200000E+01   0.000000000000000E+00  -9.987130948600000E-01   0.000000000000000E+00   0.000000000000000E+00   0.000000000000000E+00
