   0.000000000000000E+00   5.459203757700000E-31   0.000000000000000E+00   0.000000000000000E+00  -9.411717513800000E-01   0.000000000000000E+00   0.000000000000000E+00   0.000000000000000E+00
   3.364888646800000E-02   4.856798523500000E-01   4.856798523500000E-01   0.000000000000000E+00  -9.411717513800000E-01   0.000000000000000E+00   0.000000000000000E+00   0.000000000000000E+00
   6.729777293600001E-02   9.713597047100000E-01   9.713597047100000E-01   0.000000000000000E+00  -9.411717513800000E-01   0.000000000000000E+00   0.000000000000000E+00   0.000000000000000E+00
   1.009466594000000E-01   1.457039557100000E+00   1.457039557100000E+00   0.000000000000000E+00  -9.411717513800000E-01   0.000000000000000E+00   0.000000000000000E+00   0.000000000000000E+00
   1.345955458700000E-01   1.942719409400000E+00   1.942719409400000E+00   0.000000000000000E+00  -9.411717513800000E-01   0.000000000000000E+00   0.000000000000000E+00   0.000000000000000E+00
   1.548059972100000E-01   2.234432154000000E+00   2.234432154000000E+00   0.000000000000000E+00  -9.411717513800000E-01   0.000000000000000E+00   0.000000000000000E+00   0.000000000000000E+00
   1.750164485500000E-01   2.526144898500000E+00   2.526144898500000E+00   0.000000000000000E+00  -9.411717513800000E-01   0.000000000000000E+00   0.000000000000000E+00   0.000000000000000E+00
   1.952268999000000E-01   2.817857643100000E+00   2.817857643100000E+00   0.000000000000000E+00  -9.411717513800000E-01   0.000000000000000E+00   0.000000000000000E+00   0.000000000000000E+00
   2.154373512400000E-01   3.109570387700000E+00   3.109570387700000E+00   0.000000000000000E+00  -9.411717513800000E-01   0.000000000000000E+00   0.000000000000000E+00   0.000000000000000E+00
   2.311359140700000E-01   3.336159629700000E+00   3.336159629700000E+00   0.000000000000000E+00  -9.411717513800000E-01   0.000000000000000E+00   0.000000000000000E+00   0.000000000000000E+00
   2.468344769100000E-01   3.562748871700000E+00   3.562748871700000E+00   0.000000000000000E+00  -9.411717513800000E-01   0.000000000000000E+00   0.000000000000000E+00   0.000000000000000E+00
   2.625330397400000E-01   3.789338113700000E+00   3.789338113700000E+00   0.000000000000000E+00  -9.411717513800000E-01   0.000000000000000E+00   0.000000000000000E+00   0.000000000000000E+00
   2.782316025800000E-01   4.015927355800000E+00   4.015927355800000E+00   0.000000000000000E+00  -9.411717513800000E-01   0.000000000000000E+00   0.000000000000000E+00   0.000000000000000E+00
   2.931226533200000E-01   4.230861164500000E+00   4.230861164500000E+00   0.000000000000000E+00  -9.411717513800000E-01   0.000000000000000E+00   0.000000000000000E+00   0.000000000000000E+00
   3.080137040700000E-01   4.445794973300000E+00   4.445794973300000E+00   0.000000000000000E+00  -9.411717513800000E-01   0.000000000000000E+00   0.000000000000000E+00   0.000000000000000E+00
   3.229047548200000E-01   4.660728782000000E+00   4.660728782000000E+00   0.000000000000000E+00  -9.411717513800000E-01   0.000000000000000E+00   0.000000000000000E+00   0.000000000000000E+00
   3.377958055700000E-01   4.875662590700000E+00   4.875662590700000E+00   0.000000000000000E+00  -9.411717513800000E-01   0.000000000000000E+00   0.000000000000000E+00   0.000000000000000E+00
   3.465631950400000E-01   5.002208960300000E+00   5.002208960300000E+00   0.000000000000000E+00  -9.411717513800000E-01   0.000000000000000E+00   0.000000000000000E+00   0.000000000000000E+00
   3.553305845000000E-01   5.128755329900000E+00   5.128755329900000E+00   0.000000000000000E+00  -9.411717513800000E-01   0.000000000000000E+00   0.000000000000000E+00   0.000000000000000E+00
   3.640979739700000E-01   5.255301699500000E+00   5.255301699500000E+00   0.000000000000000E+00  -9.411717513800000E-01   0.000000000000000E+00   0.000000000000000E+00   0.000000000000000E+00
   3.728653634400000E-01   5.381848069000000E+00   5.381848069000000E+00   0.000000000000000E+00  -9.411717513800000E-01   0.000000000000000E+00   0.000000000000000E+00   0.000000000000000E+00
   3.802529042700000E-01   5.488478038500000E+00   5.488478038500000E+00   0.000000000000000E+00  -9.411717513800000E-01   0.000000000000000E+00   0.000000000000000E+00   0.000000000000000E+00
   3.876404450900000E-01   5.595108008000000E+00   5.595108008000000E+00   0.000000000000000E+00  -9.411717513800000E-01   0.000000000000000E+00   0.000000000000000E+00   0.000000000000000E+00
   3.950279859100000E-01   5.701737977400000E+00   5.701737977400000E+00   0.000000000000000E+00  -9.411717513800000E-01   0.000000000000000E+00   0.000000000000000E+00   0.000000000000000E+00
   4.024155267400000E-01   5.808367946900000E+00   5.808367946900000E+00   0.000000000000000E+00  -9.411717513800000E-01   0.000000000000000E+00   0.000000000000000E+00   0.000000000000000E+00
   4.079648765700000E-01   5.888465914200000E+00   5.888465914200000E+00   0.000000000000000E+00  -9.411717513800000E-01   0.000000000000000E+00   0.000000000000000E+00   0.000000000000000E+00
   4.135142264100000E-01   5.968563881500000E+00   5.968563881500000E+00   0.000000000000000E+00  -9.411717513800000E-01   0.000000000000000E+00   0.000000000000000E+00   0.000000000000000E+00
   4.190635762500000E-01   6.048661848900000E+00   6.048661848900000E+00   0.000000000000000E+00  -9.411717513800000E-01   0.000000000000000E+00   0.000000000000000E+00   0.000000000000000E+00
   4.246129260800000E-01   6.128759816200000E+00   6.128759816200000E+00   0.000000000000000E+00  -9.411717513800000E-01   0.000000000000000E+00   0.000000000000000E+00   0.000000000000000E+00
   4.287272174300000E-01   6.188144498000000E+00   6.188144498000000E+00   0.000000000000000E+00  -9.411717513800000E-01   0.000000000000000E+00   0.000000000000000E+00   0.000000000000000E+00
   4.328415087900000E-01   6.247529179900000E+00   6.247529179900000E+00   0.000000000000000E+00  -9.411717513800000E-01   0.000000000000000E+00   0.000000000000000E+00   0.000000000000000E+00
   4.369558001400000E-01   6.306913861700000E+00   6.306913861700000E+00   0.000000000000000E+00  -9.411717513800000E-01   0.000000000000000E+00   0.000000000000000E+00   0.000000000000000E+00
   4.410700914900000E-01   6.366298543500000E+00   6.366298543500000E+00   0.000000000000000E+00  -9.411717513800000E-01   0.000000000000000E+00   0.000000000000000E+00   0.000000000000000E+00
   4.447595244900000E-01   6.419550923100000E+00   6.419550923100000E+00   0.000000000000000E+00  -9.411717513800000E-01   0.000000000000000E+00   0.000000000000000E+00   0.000000000000000E+00
   4.484489574900000E-01   6.472803302700000E+00   6.472803302700000E+00   0.000000000000000E+00  -9.411717513800000E-01   0.000000000000000E+00   0.000000000000000E+00   0.000000000000000E+00
   4.521383905000000E-01   6.526055682300000E+00   6.526055682300000E+00   0.000000000000000E+00  -9.411717513800000E-01   0.000000000000000E+00   0.000000000000000E+00   0.000000000000000E+00
   4.558278235000000E-01   6.579308061900000E+00   6.579308061900000E+00   0.000000000000000E+00  -9.411717513800000E-01   0.000000000000000E+00   0.000000000000000E+00   0.000000000000000E+00
   4.595223947100000E-01   6.632634605200000E+00   6.632634605200000E+00   0.000000000000000E+00  -9.411717513800000E-01   0.000000000000000E+00   0.000000000000000E+00   0.000000000000000E+00
   4.632169659200000E-01   6.685961148500000E+00   6.685961148500000E+00   0.000000000000000E+00  -9.411717513800000E-01   0.000000000000000E+00   0.000000000000000E+00   0.000000000000000E+00
   4.669115371400000E-01   6.739287691800000E+00   6.739287691800000E+00   0.000000000000000E+00  -9.411717513800000E-01   0.000000000000000E+00   0.000000000000000E+00   0.000000000000000E+00
   4.706061083500000E-01   6.792614235200000E+00   6.792614235200000E+00   0.000000000000000E+00  -9.411717513800000E-01   0.000000000000000E+00   0.000000000000000E+00   0.000000000000000E+00
   4.742119006900000E-01   6.844659365800000E+00   6.844659365800000E+00   0.000000000000000E+00  -9.411717513800000E-01   0.000000000000000E+00   0.000000000000000E+00   0.000000000000000E+00
   4.778176930400000E-01   6.896704496400000E+00   6.896704496400000E+00   0.000000000000000E+00  -9.411717513800000E-01   0.000000000000000E+00   0.000000000000000E+00   0.000000000000000E+00
   4.814234853800000E-01   6.948749627100000E+00   6.948749627100000E+00   0.000000000000000E+00  -9.411717513800000E-01   0.000000000000000E+00   0.000000000000000E+00   0.000000000000000E+00
   4.850292777200000E-01   7.000794757700000E+00   7.000794757700000E+00   0.000000000000000E+00  -9.411717513800000E-01   0.000000000000000E+00   0.000000000000000E+00   0.000000000000000E+00
   4.887890212400000E-01   7.055061982300000E+00   7.055061982300000E+00   0.000000000000000E+00  -9.411717513800000E-01   0.000000000000000E+00   0.000000000000000E+00   0.000000000000000E+00
   4.925487647700000E-01   7.109329206900000E+00   7.109329206900000E+00   0.000000000000000E+00  -9.411717513800000E-01   0.000000000000000E+00   0.000000000000000E+00   0.000000000000000E+00
   4.963085082900000E-01   7.163596431600000E+00   7.163596431600000E+00   0.000000000000000E+00  -9.411717513800000E-01   0.000000000000000E+00   0.000000000000000E+00   0.000000000000000E+00
   5.000682518200000E-01   7.217863656200000E+00   7.217863656200000E+00   0.000000000000000E+00  -9.411717513800000E-01   0.000000000000000E+00   0.000000000000000E+00   0.000000000000000E+00
   5.038270800500000E-01   7.272117669700000E+00   7.272117669700000E+00   0.000000000000000E+00  -9.411717513800000E-01   0.000000000000000E+00   0.000000000000000E+00   0.000000000000000E+00
   5.075859082900001E-01   7.326371683300000E+00   7.326371683300000E+00   0.000000000000000E+00  -9.411717513800000E-01   0.000000000000000E+00   0.000000000000000E+00   0.000000000000000E+00
   5.113447365200000E-01   7.380625696800000E+00   7.380625696800000E+00   0.000000000000000E+00  -9.411717513800000E-01   0.000000000000000E+00   0.000000000000000E+00   0.000000000000000E+00
   5.151035647600000E-01   7.434879710300000E+00   7.434879710300000E+00   0.000000000000000E+00  -9.411717513800000E-01   0.000000000000000E+00   0.000000000000000E+00   0.000000000000000E+00
   5.187956724800000E-01   7.488170696200000E+00   7.488170696200000E+00   0.000000000000000E+00  -9.411717513800000E-01   0.000000000000000E+00   0.000000000000000E+00   0.000000000000000E+00
   5.224877802100000E-01   7.541461682100000E+00   7.541461682100000E+00   0.000000000000000E+00  -9.411717513800000E-01   0.000000000000000E+00   0.000000000000000E+00   0.000000000000000E+00
   5.261798879300000E-01   7.594752668000000E+00   7.594752668000000E+00   0.000000000000000E+00  -9.411717513800000E-01   0.000000000000000E+00   0.000000000000000E+00   0.000000000000000E+00
   5.298719956600000E-01   7.648043654000000E+00   7.648043654000000E+00   0.000000000000000E+00  -9.411717513800000E-01   0.000000000000000E+00   0.000000000000000E+00   0.000000000000000E+00
   5.328335074400000E-01   7.690789395500000E+00   7.690789395500000E+00   0.000000000000000E+00  -9.411717513800000E-01   0.000000000000000E+00   0.000000000000000E+00   0.000000000000000E+00
   5.357950192199999E-01   7.733535137100000E+00   7.733535137100000E+00   0.000000000000000E+00  -9.411717513800000E-01   0.000000000000000E+00   0.000000000000000E+00   0.000000000000000E+00
   5.387565310100000E-01   7.776280878700000E+00   7.776280878700000E+00   0.000000000000000E+00  -9.411717513800000E-01   0.000000000000000E+00   0.000000000000000E+00   0.000000000000000E+00
   5.417180427900000E-01   7.819026620300000E+00   7.819026620300000E+00   0.000000000000000E+00  -9.411717513800000E-01   0.000000000000000E+00   0.000000000000000E+00   0.000000000000000E+00
   5.440276827600000E-01   7.852363402500000E+00   7.852363402500000E+00   0.000000000000000E+00  -9.411717513800000E-01   0.000000000000000E+00   0.000000000000000E+00   0.000000000000000E+00
   5.463373227200000E-01   7.885700184600000E+00   7.885700184600000E+00   0.000000000000000E+00  -9.411717513800000E-01   0.000000000000000E+00   0.000000000000000E+00   0.000000000000000E+00
   5.486469626900000E-01   7.919036966800000E+00   7.919036966800000E+00   0.000000000000000E+00  -9.411717513800000E-01   0.000000000000000E+00   0.000000000000000E+00   0.000000000000000E+00
   5.509566026500000E-01   7.952373748900000E+00   7.952373748900000E+00   0.000000000000000E+00  -9.411717513800000E-01   0.000000000000000E+00   0.000000000000000E+00   0.000000000000000E+00
   5.532405480600000E-01   7.985339662000000E+00   7.985339662000000E+00   0.000000000000000E+00  -9.411717513800000E-01   0.000000000000000E+00   0.000000000000000E+00   0.000000000000000E+00
   5.555244934600000E-01   8.018305575099999E+00   8.018305575099999E+00   0.000000000000000E+00  -9.411717513800000E-01   0.000000000000000E+00   0.000000000000000E+00   0.000000000000000E+00
   5.578084388600000E-01   8.051271488099999E+00   8.051271488099999E+00   0.000000000000000E+00  -9.411717513800000E-01   0.000000000000000E+00   0.000000000000000E+00   0.000000000000000E+00
   5.600923842700000E-01   8.084237401199999E+00   8.084237401199999E+00   0.000000000000000E+00  -9.411717513800000E-01   0.000000000000000E+00   0.000000000000000E+00   0.000000000000000E+00
   5.623371212800000E-01   8.116637389799999E+00   8.116637389799999E+00   0.000000000000000E+00  -9.411717513800000E-01   0.000000000000000E+00   0.000000000000000E+00   0.000000000000000E+00
   5.645818582900000E-01   8.149037378499999E+00   8.149037378499999E+00   0.000000000000000E+00  -9.411717513800000E-01   0.000000000000000E+00   0.000000000000000E+00   0.000000000000000E+00
   5.668265953000000E-01   8.181437367099999E+00   8.181437367099999E+00   0.000000000000000E+00  -9.411717513800000E-01   0.000000000000000E+00   0.000000000000000E+00   0.000000000000000E+00
   5.690713323100000E-01   8.213837355800001E+00   8.213837355800001E+00   0.000000000000000E+00  -9.411717513800000E-01   0.000000000000000E+00   0.000000000000000E+00   0.000000000000000E+00
   5.709767504800000E-01   8.241339698699999E+00   8.241339698699999E+00   0.000000000000000E+00  -9.411717513800000E-01   0.000000000000000E+00   0.000000000000000E+00   0.000000000000000E+00
   5.728821686400000E-01   8.268842041599999E+00   8.268842041599999E+00   0.000000000000000E+00  -9.411717513800000E-01   0.000000000000000E+00   0.000000000000000E+00   0.000000000000000E+00
   5.747875868100000E-01   8.296344384599999E+00   8.296344384599999E+00   0.000000000000000E+00  -9.411717513800000E-01   0.000000000000000E+00   0.000000000000000E+00   0.000000000000000E+00
   5.766930049800000E-01   8.323846727499999E+00   8.323846727499999E+00   0.000000000000000E+00  -9.411717513800000E-01   0.000000000000000E+00   0.000000000000000E+00   0.000000000000000E+00
   5.784614095600000E-01   8.349371449500000E+00   8.349371449500000E+00   0.000000000000000E+00  -9.411717513800000E-01   0.000000000000000E+00   0.000000000000000E+00   0.000000000000000E+00
   5.802298141300000E-01   8.374896171500000E+00   8.374896171500000E+00   0.000000000000000E+00  -9.411717513800000E-01   0.000000000000000E+00   0.000000000000000E+00   0.000000000000000E+00
   5.819982187100000E-01   8.400420893500000E+00   8.400420893500000E+00   0.000000000000000E+00  -9.411717513800000E-01   0.000000000000000E+00   0.000000000000000E+00   0.000000000000000E+00
   5.837666232800000E-01   8.425945615600000E+00   8.425945615600000E+00   0.000000000000000E+00  -9.411717513800000E-01   0.000000000000000E+00   0.000000000000000E+00   0.000000000000000E+00
   5.854977626400000E-01   8.450932460500001E+00   8.450932460500001E+00   0.000000000000000E+00  -9.411717513800000E-01   0.000000000000000E+00   0.000000000000000E+00   0.000000000000000E+00
   5.872289020000000E-01   8.475919305400000E+00   8.475919305400000E+00   0.000000000000000E+00  -9.411717513800000E-01   0.000000000000000E+00   0.000000000000000E+00   0.000000000000000E+00
   5.889600413600000E-01   8.500906150400001E+00   8.500906150400001E+00   0.000000000000000E+00  -9.411717513800000E-01   0.000000000000000E+00   0.000000000000000E+00   0.000000000000000E+00
   5.906911807200000E-01   8.525892995300000E+00   8.525892995300000E+00   0.000000000000000E+00  -9.411717513800000E-01   0.000000000000000E+00   0.000000000000000E+00   0.000000000000000E+00
   5.931713059100000E-01   8.561690519800001E+00   8.561690519800001E+00   0.000000000000000E+00  -9.411717513800000E-01   0.000000000000000E+00   0.000000000000000E+00   0.000000000000000E+00
   5.956514311100000E-01   8.597488044300000E+00   8.597488044300000E+00   0.000000000000000E+00  -9.411717513800000E-01   0.000000000000000E+00   0.000000000000000E+00   0.000000000000000E+00
   5.981315563000000E-01   8.633285568800000E+00   8.633285568800000E+00   0.000000000000000E+00  -9.411717513800000E-01   0.000000000000000E+00   0.000000000000000E+00   0.000000000000000E+00
   6.006116814900000E-01   8.669083093299999E+00   8.669083093299999E+00   0.000000000000000E+00  -9.411717513800000E-01   0.000000000000000E+00   0.000000000000000E+00   0.000000000000000E+00
   6.024708061200000E-01   8.695917246500001E+00   8.695917246500001E+00   0.000000000000000E+00  -9.411717513800000E-01   0.000000000000000E+00   0.000000000000000E+00   0.000000000000000E+00
   6.043299307500000E-01   8.722751399700000E+00   8.722751399700000E+00   0.000000000000000E+00  -9.411717513800000E-01   0.000000000000000E+00   0.000000000000000E+00   0.000000000000000E+00
   6.061890553800000E-01   8.749585552999999E+00   8.749585552999999E+00   0.000000000000000E+00  -9.411717513800000E-01   0.000000000000000E+00   0.000000000000000E+00   0.000000000000000E+00
   6.080481800100001E-01   8.776419706200000E+00   8.776419706200000E+00   0.000000000000000E+00  -9.411717513800000E-01   0.000000000000000E+00   0.000000000000000E+00   0.000000000000000E+00
   6.093345655800000E-01   8.794987083000001E+00   8.794987083000001E+00   0.000000000000000E+00  -9.411717513800000E-01   0.000000000000000E+00   0.000000000000000E+00   0.000000000000000E+00
   6.106209511500000E-01   8.813554459800001E+00   8.813554459800001E+00   0.000000000000000E+00  -9.411717513800000E-01   0.000000000000000E+00   0.000000000000000E+00   0.000000000000000E+00
   6.119073367200000E-01   8.832121836600001E+00   8.832121836600001E+00   0.000000000000000E+00  -9.411717513800000E-01   0.000000000000000E+00   0.000000000000000E+00   0.000000000000000E+00
   6.131937222900000E-01   8.850689213400001E+00   8.850689213400001E+00   0.000000000000000E+00  -9.411717513800000E-01   0.000000000000000E+00   0.000000000000000E+00   0.000000000000000E+00
   6.143518895900000E-01   8.867405918799999E+00   8.867405918799999E+00   0.000000000000000E+00  -9.411717513800000E-01   0.000000000000000E+00   0.000000000000000E+00   0.000000000000000E+00
   6.155100568900000E-01   8.884122624200000E+00   8.884122624200000E+00   0.000000000000000E+00  -9.411717513800000E-01   0.000000000000000E+00   0.000000000000000E+00   0.000000000000000E+00
   6.166682241900000E-01   8.900839329600000E+00   8.900839329600000E+00   0.000000000000000E+00  -9.411717513800000E-01   0.000000000000000E+00   0.000000000000000E+00   0.000000000000000E+00
   6.178263914800000E-01   8.917556035000000E+00   8.917556035000000E+00   0.000000000000000E+00  -9.411717513800000E-01   0.000000000000000E+00   0.000000000000000E+00   0.000000000000000E+00
   6.188859925900000E-01   8.932850059900000E+00   8.932850059900000E+00   0.000000000000000E+00  -9.411717513800000E-01   0.000000000000000E+00   0.000000000000000E+00   0.000000000000000E+00
   6.199455937000000E-01   8.948144084899999E+00   8.948144084899999E+00   0.000000000000000E+00  -9.411717513800000E-01   0.000000000000000E+00   0.000000000000000E+00   0.000000000000000E+00
   6.210051948000000E-01   8.963438109800000E+00   8.963438109800000E+00   0.000000000000000E+00  -9.411717513800000E-01   0.000000000000000E+00   0.000000000000000E+00   0.000000000000000E+00
   6.220647959100000E-01   8.978732134700000E+00   8.978732134700000E+00   0.000000000000000E+00  -9.411717513800000E-01   0.000000000000000E+00   0.000000000000000E+00   0.000000000000000E+00
   6.230445993300000E-01   8.992874379300000E+00   8.992874379300000E+00   0.000000000000000E+00  -9.411717513800000E-01   0.000000000000000E+00   0.000000000000000E+00   0.000000000000000E+00
   6.240244027600000E-01   9.007016623900000E+00   9.007016623900000E+00   0.000000000000000E+00  -9.411717513800000E-01   0.000000000000000E+00   0.000000000000000E+00   0.000000000000000E+00
   6.250042061800000E-01   9.021158868500001E+00   9.021158868500001E+00   0.000000000000000E+00  -9.411717513800000E-01   0.000000000000000E+00   0.000000000000000E+00   0.000000000000000E+00
   6.259840096000000E-01   9.035301113099999E+00   9.035301113099999E+00   0.000000000000000E+00  -9.411717513800000E-01   0.000000000000000E+00   0.000000000000000E+00   0.000000000000000E+00
   6.268309646300000E-01   9.047525856200000E+00   9.047525856200000E+00   0.000000000000000E+00  -9.411717513800000E-01   0.000000000000000E+00   0.000000000000000E+00   0.000000000000000E+00
   6.276779196600000E-01   9.059750599299999E+00   9.059750599299999E+00   0.000000000000000E+00  -9.411717513800000E-01   0.000000000000000E+00   0.000000000000000E+00   0.000000000000000E+00
   6.285248746900000E-01   9.071975342400000E+00   9.071975342400000E+00   0.000000000000000E+00  -9.411717513800000E-01   0.000000000000000E+00   0.000000000000000E+00   0.000000000000000E+00
   6.293718297200001E-01   9.084200085499999E+00   9.084200085499999E+00   0.000000000000000E+00  -9.411717513800000E-01   0.000000000000000E+00   0.000000000000000E+00   0.000000000000000E+00
   6.301002142900000E-01   9.094713411500001E+00   9.094713411500001E+00   0.000000000000000E+00  -9.411717513800000E-01   0.000000000000000E+00   0.000000000000000E+00   0.000000000000000E+00
   6.308285988700000E-01   9.105226737600001E+00   9.105226737600001E+00   0.000000000000000E+00  -9.411717513800000E-01   0.000000000000000E+00   0.000000000000000E+00   0.000000000000000E+00
   6.315569834500000E-01   9.115740063600001E+00   9.115740063600001E+00   0.000000000000000E+00  -9.411717513800000E-01   0.000000000000000E+00   0.000000000000000E+00   0.000000000000000E+00
   6.322853680200000E-01   9.126253389600000E+00   9.126253389600000E+00   0.000000000000000E+00  -9.411717513800000E-01   0.000000000000000E+00   0.000000000000000E+00   0.000000000000000E+00
   6.330166734700000E-01   9.136808874700000E+00   9.136808874700000E+00   0.000000000000000E+00  -9.411717513800000E-01   0.000000000000000E+00   0.000000000000000E+00   0.000000000000000E+00
   6.337479789200000E-01   9.147364359899999E+00   9.147364359899999E+00   0.000000000000000E+00  -9.411717513800000E-01   0.000000000000000E+00   0.000000000000000E+00   0.000000000000000E+00
   6.344792843600000E-01   9.157919845000000E+00   9.157919845000000E+00   0.000000000000000E+00  -9.411717513800000E-01   0.000000000000000E+00   0.000000000000000E+00   0.000000000000000E+00
   6.352105898100000E-01   9.168475330100000E+00   9.168475330100000E+00   0.000000000000000E+00  -9.411717513800000E-01   0.000000000000000E+00   0.000000000000000E+00   0.000000000000000E+00
   6.360253004700001E-01   9.180234665900000E+00   9.180234665900000E+00   0.000000000000000E+00  -9.411717513800000E-01   0.000000000000000E+00   0.000000000000000E+00   0.000000000000000E+00
   6.368400111300000E-01   9.191994001599999E+00   9.191994001599999E+00   0.000000000000000E+00  -9.411717513800000E-01   0.000000000000000E+00   0.000000000000000E+00   0.000000000000000E+00
   6.376547217900000E-01   9.203753337300000E+00   9.203753337300000E+00   0.000000000000000E+00  -9.411717513800000E-01   0.000000000000000E+00   0.000000000000000E+00   0.000000000000000E+00
   6.384694324500000E-01   9.215512673099999E+00   9.215512673099999E+00   0.000000000000000E+00  -9.411717513800000E-01   0.000000000000000E+00   0.000000000000000E+00   0.000000000000000E+00
   6.392990393600000E-01   9.227487017700000E+00   9.227487017700000E+00   0.000000000000000E+00  -9.411717513800000E-01   0.000000000000000E+00   0.000000000000000E+00   0.000000000000000E+00
   6.401286462700000E-01   9.239461362400000E+00   9.239461362400000E+00   0.000000000000000E+00  -9.411717513800000E-01   0.000000000000000E+00   0.000000000000000E+00   0.000000000000000E+00
   6.409582531900000E-01   9.251435707000001E+00   9.251435707000001E+00   0.000000000000000E+00  -9.411717513800000E-01   0.000000000000000E+00   0.000000000000000E+00   0.000000000000000E+00
   6.417878601000000E-01   9.263410051699999E+00   9.263410051699999E+00   0.000000000000000E+00  -9.411717513800000E-01   0.000000000000000E+00   0.000000000000000E+00   0.000000000000000E+00
   6.429002551100000E-01   9.279466090900000E+00   9.279466090900000E+00   0.000000000000000E+00  -9.411717513800000E-01   0.000000000000000E+00   0.000000000000000E+00   0.000000000000000E+00
   6.440126501100000E-01   9.295522130100000E+00   9.295522130100000E+00   0.000000000000000E+00  -9.411717513800000E-01   0.000000000000000E+00   0.000000000000000E+00   0.000000000000000E+00
   6.451250451100000E-01   9.311578169300001E+00   9.311578169300001E+00   0.000000000000000E+00  -9.411717513800000E-01   0.000000000000000E+00   0.000000000000000E+00   0.000000000000000E+00
   6.462374401099999E-01   9.327634208499999E+00   9.327634208499999E+00   0.000000000000000E+00  -9.411717513800000E-01   0.000000000000000E+00   0.000000000000000E+00   0.000000000000000E+00
   6.476082974500000E-01   9.347420830200001E+00   9.347420830200001E+00   0.000000000000000E+00  -9.411717513800000E-01   0.000000000000000E+00   0.000000000000000E+00   0.000000000000000E+00
   6.489791547800000E-01   9.367207452000001E+00   9.367207452000001E+00   0.000000000000000E+00  -9.411717513800000E-01   0.000000000000000E+00   0.000000000000000E+00   0.000000000000000E+00
   6.503500121200000E-01   9.386994073700000E+00   9.386994073700000E+00   0.000000000000000E+00  -9.411717513800000E-01   0.000000000000000E+00   0.000000000000000E+00   0.000000000000000E+00
   6.517208694500000E-01   9.406780695400000E+00   9.406780695400000E+00   0.000000000000000E+00  -9.411717513800000E-01   0.000000000000000E+00   0.000000000000000E+00   0.000000000000000E+00
   6.540730387900000E-01   9.440731336200001E+00   9.440731336200001E+00   0.000000000000000E+00  -9.411717513800000E-01   0.000000000000000E+00   0.000000000000000E+00   0.000000000000000E+00
   6.564252081300000E-01   9.474681976899999E+00   9.474681976899999E+00   0.000000000000000E+00  -9.411717513800000E-01   0.000000000000000E+00   0.000000000000000E+00   0.000000000000000E+00
   6.587773774600000E-01   9.508632617700000E+00   9.508632617700000E+00   0.000000000000000E+00  -9.411717513800000E-01   0.000000000000000E+00   0.000000000000000E+00   0.000000000000000E+00
   6.611295468000000E-01   9.542583258400001E+00   9.542583258400001E+00   0.000000000000000E+00  -9.411717513800000E-01   0.000000000000000E+00   0.000000000000000E+00   0.000000000000000E+00
   6.635905910600000E-01   9.578105373300000E+00   9.578105373300000E+00   0.000000000000000E+00  -9.411717513800000E-01   0.000000000000000E+00   0.000000000000000E+00   0.000000000000000E+00
   6.660516353200000E-01   9.613627488300001E+00   9.613627488300001E+00   0.000000000000000E+00  -9.411717513800000E-01   0.000000000000000E+00   0.000000000000000E+00   0.000000000000000E+00
   6.685126795800000E-01   9.649149603200000E+00   9.649149603200000E+00   0.000000000000000E+00  -9.411717513800000E-01   0.000000000000000E+00   0.000000000000000E+00   0.000000000000000E+00
   6.709737238400000E-01   9.684671718100001E+00   9.684671718100001E+00   0.000000000000000E+00  -9.411717513800000E-01   0.000000000000000E+00   0.000000000000000E+00   0.000000000000000E+00
   6.731285033100000E-01   9.715773281500001E+00   9.715773281500001E+00   0.000000000000000E+00  -9.411717513800000E-01   0.000000000000000E+00   0.000000000000000E+00   0.000000000000000E+00
   6.752832827800000E-01   9.746874844900001E+00   9.746874844900001E+00   0.000000000000000E+00  -9.411717513800000E-01   0.000000000000000E+00   0.000000000000000E+00   0.000000000000000E+00
   6.774380622500000E-01   9.777976408300001E+00   9.777976408300001E+00   0.000000000000000E+00  -9.411717513800000E-01   0.000000000000000E+00   0.000000000000000E+00   0.000000000000000E+00
   6.795928417300000E-01   9.809077971700001E+00   9.809077971700001E+00   0.000000000000000E+00  -9.411717513800000E-01   0.000000000000000E+00   0.000000000000000E+00   0.000000000000000E+00
   6.814980066000000E-01   9.836576658800000E+00   9.836576658800000E+00   0.000000000000000E+00  -9.411717513800000E-01   0.000000000000000E+00   0.000000000000000E+00   0.000000000000000E+00
   6.834031714800000E-01   9.864075345800000E+00   9.864075345800000E+00   0.000000000000000E+00  -9.411717513800000E-01   0.000000000000000E+00   0.000000000000000E+00   0.000000000000000E+00
   6.853083363600000E-01   9.891574032799999E+00   9.891574032799999E+00   0.000000000000000E+00  -9.411717513800000E-01   0.000000000000000E+00   0.000000000000000E+00   0.000000000000000E+00
   6.872135012400000E-01   9.919072719800001E+00   9.919072719800001E+00   0.000000000000000E+00  -9.411717513800000E-01   0.000000000000000E+00   0.000000000000000E+00   0.000000000000000E+00
   6.889566100400000E-01   9.944232328600000E+00   9.944232328600000E+00   0.000000000000000E+00  -9.411717513800000E-01   0.000000000000000E+00   0.000000000000000E+00   0.000000000000000E+00
   6.906997188300000E-01   9.969391937499999E+00   9.969391937499999E+00   0.000000000000000E+00  -9.411717513800000E-01   0.000000000000000E+00   0.000000000000000E+00   0.000000000000000E+00
   6.924428276200000E-01   9.994551546300000E+00   9.994551546300000E+00   0.000000000000000E+00  -9.411717513800000E-01   0.000000000000000E+00   0.000000000000000E+00   0.000000000000000E+00
   6.941859364200000E-01   1.001971115500000E+01   1.001971115500000E+01   0.000000000000000E+00  -9.411717513800000E-01   0.000000000000000E+00   0.000000000000000E+00   0.000000000000000E+00
   6.961735308300000E-01   1.004839961000000E+01   1.004839961000000E+01   0.000000000000000E+00  -9.411717513800000E-01   0.000000000000000E+00   0.000000000000000E+00   0.000000000000000E+00
   6.981611252500000E-01   1.007708806500000E+01   1.007708806500000E+01   0.000000000000000E+00  -9.411717513800000E-01   0.000000000000000E+00   0.000000000000000E+00   0.000000000000000E+00
   7.001487196600000E-01   1.010577652000000E+01   1.010577652000000E+01   0.000000000000000E+00  -9.411717513800000E-01   0.000000000000000E+00   0.000000000000000E+00   0.000000000000000E+00
   7.021363140800000E-01   1.013446497500000E+01   1.013446497500000E+01   0.000000000000000E+00  -9.411717513800000E-01   0.000000000000000E+00   0.000000000000000E+00   0.000000000000000E+00
   7.044414342000000E-01   1.016773651900000E+01   1.016773651900000E+01   0.000000000000000E+00  -9.411717513800000E-01   0.000000000000000E+00   0.000000000000000E+00   0.000000000000000E+00
   7.067465543100000E-01   1.020100806200000E+01   1.020100806200000E+01   0.000000000000000E+00  -9.411717513800000E-01   0.000000000000000E+00   0.000000000000000E+00   0.000000000000000E+00
   7.090516744299999E-01   1.023427960600000E+01   1.023427960600000E+01   0.000000000000000E+00  -9.411717513800000E-01   0.000000000000000E+00   0.000000000000000E+00   0.000000000000000E+00
   7.113567945400000E-01   1.026755115000000E+01   1.026755115000000E+01   0.000000000000000E+00  -9.411717513800000E-01   0.000000000000000E+00   0.000000000000000E+00   0.000000000000000E+00
   7.132187535800000E-01   1.029442621400000E+01   1.029442621400000E+01   0.000000000000000E+00  -9.411717513800000E-01   0.000000000000000E+00   0.000000000000000E+00   0.000000000000000E+00
   7.150807126199999E-01   1.032130127900000E+01   1.032130127900000E+01   0.000000000000000E+00  -9.411717513800000E-01   0.000000000000000E+00   0.000000000000000E+00   0.000000000000000E+00
   7.169426716600000E-01   1.034817634300000E+01   1.034817634300000E+01   0.000000000000000E+00  -9.411717513800000E-01   0.000000000000000E+00   0.000000000000000E+00   0.000000000000000E+00
   7.188046307000000E-01   1.037505140700000E+01   1.037505140700000E+01   0.000000000000000E+00  -9.411717513800000E-01   0.000000000000000E+00   0.000000000000000E+00   0.000000000000000E+00
   7.202962483999999E-01   1.039658105500000E+01   1.039658105500000E+01   0.000000000000000E+00  -9.411717513800000E-01   0.000000000000000E+00   0.000000000000000E+00   0.000000000000000E+00
   7.217878661000000E-01   1.041811070200000E+01   1.041811070200000E+01   0.000000000000000E+00  -9.411717513800000E-01   0.000000000000000E+00   0.000000000000000E+00   0.000000000000000E+00
   7.232794838000000E-01   1.043964035000000E+01   1.043964035000000E+01   0.000000000000000E+00  -9.411717513800000E-01   0.000000000000000E+00   0.000000000000000E+00   0.000000000000000E+00
   7.247711015000000E-01   1.046116999700000E+01   1.046116999700000E+01   0.000000000000000E+00  -9.411717513800000E-01   0.000000000000000E+00   0.000000000000000E+00   0.000000000000000E+00
   7.262901748900000E-01   1.048309593400000E+01   1.048309593400000E+01   0.000000000000000E+00  -9.411717513800000E-01   0.000000000000000E+00   0.000000000000000E+00   0.000000000000000E+00
   7.278092482800000E-01   1.050502187000000E+01   1.050502187000000E+01   0.000000000000000E+00  -9.411717513800000E-01   0.000000000000000E+00   0.000000000000000E+00   0.000000000000000E+00
   7.293283216699999E-01   1.052694780600000E+01   1.052694780600000E+01   0.000000000000000E+00  -9.411717513800000E-01   0.000000000000000E+00   0.000000000000000E+00   0.000000000000000E+00
   7.308473950600000E-01   1.054887374200000E+01   1.054887374200000E+01   0.000000000000000E+00  -9.411717513800000E-01   0.000000000000000E+00   0.000000000000000E+00   0.000000000000000E+00
   7.327210537800000E-01   1.057591767700000E+01   1.057591767700000E+01   0.000000000000000E+00  -9.411717513800000E-01   0.000000000000000E+00   0.000000000000000E+00   0.000000000000000E+00
   7.345947124900000E-01   1.060296161200000E+01   1.060296161200000E+01   0.000000000000000E+00  -9.411717513800000E-01   0.000000000000000E+00   0.000000000000000E+00   0.000000000000000E+00
   7.364683712100000E-01   1.063000554600000E+01   1.063000554600000E+01   0.000000000000000E+00  -9.411717513800000E-01   0.000000000000000E+00   0.000000000000000E+00   0.000000000000000E+00
   7.383420299200000E-01   1.065704948100000E+01   1.065704948100000E+01   0.000000000000000E+00  -9.411717513800000E-01   0.000000000000000E+00   0.000000000000000E+00   0.000000000000000E+00
   7.400048837400000E-01   1.068105070900000E+01   1.068105070900000E+01   0.000000000000000E+00  -9.411717513800000E-01   0.000000000000000E+00   0.000000000000000E+00   0.000000000000000E+00
   7.416677375600000E-01   1.070505193700000E+01   1.070505193700000E+01   0.000000000000000E+00  -9.411717513800000E-01   0.000000000000000E+00   0.000000000000000E+00   0.000000000000000E+00
   7.433305913700000E-01   1.072905316500000E+01   1.072905316500000E+01   0.000000000000000E+00  -9.411717513800000E-01   0.000000000000000E+00   0.000000000000000E+00   0.000000000000000E+00
   7.449934451900000E-01   1.075305439300000E+01   1.075305439300000E+01   0.000000000000000E+00  -9.411717513800000E-01   0.000000000000000E+00   0.000000000000000E+00   0.000000000000000E+00
   7.480387854800000E-01   1.079701009500000E+01   1.079701009500000E+01   0.000000000000000E+00  -9.411717513800000E-01   0.000000000000000E+00   0.000000000000000E+00   0.000000000000000E+00
   7.510841257600001E-01   1.084096579700000E+01   1.084096579700000E+01   0.000000000000000E+00  -9.411717513800000E-01   0.000000000000000E+00   0.000000000000000E+00   0.000000000000000E+00
   7.541294660500000E-01   1.088492149900000E+01   1.088492149900000E+01   0.000000000000000E+00  -9.411717513800000E-01   0.000000000000000E+00   0.000000000000000E+00   0.000000000000000E+00
   7.571748063300000E-01   1.092887720100000E+01   1.092887720100000E+01   0.000000000000000E+00  -9.411717513800000E-01   0.000000000000000E+00   0.000000000000000E+00   0.000000000000000E+00
   7.595916146100000E-01   1.096376082400000E+01   1.096376082400000E+01   0.000000000000000E+00  -9.411717513800000E-01   0.000000000000000E+00   0.000000000000000E+00   0.000000000000000E+00
   7.620084228900000E-01   1.099864444800000E+01   1.099864444800000E+01   0.000000000000000E+00  -9.411717513800000E-01   0.000000000000000E+00   0.000000000000000E+00   0.000000000000000E+00
   7.644252311700001E-01   1.103352807100000E+01   1.103352807100000E+01   0.000000000000000E+00  -9.411717513800000E-01   0.000000000000000E+00   0.000000000000000E+00   0.000000000000000E+00
   7.668420394500000E-01   1.106841169500000E+01   1.106841169500000E+01   0.000000000000000E+00  -9.411717513800000E-01   0.000000000000000E+00   0.000000000000000E+00   0.000000000000000E+00
   7.688250949200000E-01   1.109703463600000E+01   1.109703463600000E+01   0.000000000000000E+00  -9.411717513800000E-01   0.000000000000000E+00   0.000000000000000E+00   0.000000000000000E+00
   7.708081503999999E-01   1.112565757700000E+01   1.112565757700000E+01   0.000000000000000E+00  -9.411717513800000E-01   0.000000000000000E+00   0.000000000000000E+00   0.000000000000000E+00
   7.727912058700001E-01   1.115428051700000E+01   1.115428051700000E+01   0.000000000000000E+00  -9.411717513800000E-01   0.000000000000000E+00   0.000000000000000E+00   0.000000000000000E+00
   7.747742613400000E-01   1.118290345800000E+01   1.118290345800000E+01   0.000000000000000E+00  -9.411717513800000E-01   0.000000000000000E+00   0.000000000000000E+00   0.000000000000000E+00
   7.770918331900000E-01   1.121635472700000E+01   1.121635472700000E+01   0.000000000000000E+00  -9.411717513800000E-01   0.000000000000000E+00   0.000000000000000E+00   0.000000000000000E+00
   7.794094050400000E-01   1.124980599600000E+01   1.124980599600000E+01   0.000000000000000E+00  -9.411717513800000E-01   0.000000000000000E+00   0.000000000000000E+00   0.000000000000000E+00
   7.817269768800000E-01   1.128325726500000E+01   1.128325726500000E+01   0.000000000000000E+00  -9.411717513800000E-01   0.000000000000000E+00   0.000000000000000E+00   0.000000000000000E+00
   7.840445487300000E-01   1.131670853400000E+01   1.131670853400000E+01   0.000000000000000E+00  -9.411717513800000E-01   0.000000000000000E+00   0.000000000000000E+00   0.000000000000000E+00
   7.865465036500000E-01   1.135282114400000E+01   1.135282114400000E+01   0.000000000000000E+00  -9.411717513800000E-01   0.000000000000000E+00   0.000000000000000E+00   0.000000000000000E+00
   7.890484585700001E-01   1.138893375300000E+01   1.138893375300000E+01   0.000000000000000E+00  -9.411717513800000E-01   0.000000000000000E+00   0.000000000000000E+00   0.000000000000000E+00
   7.915504134900000E-01   1.142504636300000E+01   1.142504636300000E+01   0.000000000000000E+00  -9.411717513800000E-01   0.000000000000000E+00   0.000000000000000E+00   0.000000000000000E+00
   7.940523684200000E-01   1.146115897200000E+01   1.146115897200000E+01   0.000000000000000E+00  -9.411717513800000E-01   0.000000000000000E+00   0.000000000000000E+00   0.000000000000000E+00
   7.965586132100000E-01   1.149733350100000E+01   1.149733350100000E+01   0.000000000000000E+00  -9.411717513800000E-01   0.000000000000000E+00   0.000000000000000E+00   0.000000000000000E+00
   7.990648580100000E-01   1.153350802900000E+01   1.153350802900000E+01   0.000000000000000E+00  -9.411717513800000E-01   0.000000000000000E+00   0.000000000000000E+00   0.000000000000000E+00
   8.015711028100000E-01   1.156968255800000E+01   1.156968255800000E+01   0.000000000000000E+00  -9.411717513800000E-01   0.000000000000000E+00   0.000000000000000E+00   0.000000000000000E+00
   8.040773476000000E-01   1.160585708600000E+01   1.160585708600000E+01   0.000000000000000E+00  -9.411717513800000E-01   0.000000000000000E+00   0.000000000000000E+00   0.000000000000000E+00
   8.061785586000000E-01   1.163618545500000E+01   1.163618545500000E+01   0.000000000000000E+00  -9.411717513800000E-01   0.000000000000000E+00   0.000000000000000E+00   0.000000000000000E+00
   8.082797696000000E-01   1.166651382400000E+01   1.166651382400000E+01   0.000000000000000E+00  -9.411717513800000E-01   0.000000000000000E+00   0.000000000000000E+00   0.000000000000000E+00
   8.103809806000000E-01   1.169684219300000E+01   1.169684219300000E+01   0.000000000000000E+00  -9.411717513800000E-01   0.000000000000000E+00   0.000000000000000E+00   0.000000000000000E+00
   8.124821915900000E-01   1.172717056300000E+01   1.172717056300000E+01   0.000000000000000E+00  -9.411717513800000E-01   0.000000000000000E+00   0.000000000000000E+00   0.000000000000000E+00
   8.148126883800000E-01   1.176080838700000E+01   1.176080838700000E+01   0.000000000000000E+00  -9.411717513800000E-01   0.000000000000000E+00   0.000000000000000E+00   0.000000000000000E+00
   8.171431851600000E-01   1.179444621100000E+01   1.179444621100000E+01   0.000000000000000E+00  -9.411717513800000E-01   0.000000000000000E+00   0.000000000000000E+00   0.000000000000000E+00
   8.194736819500000E-01   1.182808403600000E+01   1.182808403600000E+01   0.000000000000000E+00  -9.411717513800000E-01   0.000000000000000E+00   0.000000000000000E+00   0.000000000000000E+00
   8.218041787300000E-01   1.186172186000000E+01   1.186172186000000E+01   0.000000000000000E+00  -9.411717513800000E-01   0.000000000000000E+00   0.000000000000000E+00   0.000000000000000E+00
   8.244416002700000E-01   1.189978976200000E+01   1.189978976200000E+01   0.000000000000000E+00  -9.411717513800000E-01   0.000000000000000E+00   0.000000000000000E+00   0.000000000000000E+00
   8.270790218100000E-01   1.193785766400000E+01   1.193785766400000E+01   0.000000000000000E+00  -9.411717513800000E-01   0.000000000000000E+00   0.000000000000000E+00   0.000000000000000E+00
   8.297164433500001E-01   1.197592556500000E+01   1.197592556500000E+01   0.000000000000000E+00  -9.411717513800000E-01   0.000000000000000E+00   0.000000000000000E+00   0.000000000000000E+00
   8.323538648900000E-01   1.201399346700000E+01   1.201399346700000E+01   0.000000000000000E+00  -9.411717513800000E-01   0.000000000000000E+00   0.000000000000000E+00   0.000000000000000E+00
   8.348987519100000E-01   1.205072574800000E+01   1.205072574800000E+01   0.000000000000000E+00  -9.411717513800000E-01   0.000000000000000E+00   0.000000000000000E+00   0.000000000000000E+00
   8.374436389300000E-01   1.208745802900000E+01   1.208745802900000E+01   0.000000000000000E+00  -9.411717513800000E-01   0.000000000000000E+00   0.000000000000000E+00   0.000000000000000E+00
   8.399885259500000E-01   1.212419031000000E+01   1.212419031000000E+01   0.000000000000000E+00  -9.411717513800000E-01   0.000000000000000E+00   0.000000000000000E+00   0.000000000000000E+00
   8.425334129700000E-01   1.216092259100000E+01   1.216092259100000E+01   0.000000000000000E+00  -9.411717513800000E-01   0.000000000000000E+00   0.000000000000000E+00   0.000000000000000E+00
   8.449865828399999E-01   1.219633104900000E+01   1.219633104900000E+01   0.000000000000000E+00  -9.411717513800000E-01   0.000000000000000E+00   0.000000000000000E+00   0.000000000000000E+00
   8.474397527100000E-01   1.223173950700000E+01   1.223173950700000E+01   0.000000000000000E+00  -9.411717513800000E-01   0.000000000000000E+00   0.000000000000000E+00   0.000000000000000E+00
   8.498929225800000E-01   1.226714796500000E+01   1.226714796500000E+01   0.000000000000000E+00  -9.411717513800000E-01   0.000000000000000E+00   0.000000000000000E+00   0.000000000000000E+00
   8.523460924600000E-01   1.230255642300000E+01   1.230255642300000E+01   0.000000000000000E+00  -9.411717513800000E-01   0.000000000000000E+00   0.000000000000000E+00   0.000000000000000E+00
   8.547459988300000E-01   1.233719608800000E+01   1.233719608800000E+01   0.000000000000000E+00  -9.411717513800000E-01   0.000000000000000E+00   0.000000000000000E+00   0.000000000000000E+00
   8.571459052100000E-01   1.237183575400000E+01   1.237183575400000E+01   0.000000000000000E+00  -9.411717513800000E-01   0.000000000000000E+00   0.000000000000000E+00   0.000000000000000E+00
   8.595458115900000E-01   1.240647542000000E+01   1.240647542000000E+01   0.000000000000000E+00  -9.411717513800000E-01   0.000000000000000E+00   0.000000000000000E+00   0.000000000000000E+00
   8.619457179700000E-01   1.244111508500000E+01   1.244111508500000E+01   0.000000000000000E+00  -9.411717513800000E-01   0.000000000000000E+00   0.000000000000000E+00   0.000000000000000E+00
   8.652671244900000E-01   1.248905546000000E+01   1.248905546000000E+01   0.000000000000000E+00  -9.411717513800000E-01   0.000000000000000E+00   0.000000000000000E+00   0.000000000000000E+00
   8.685885310200000E-01   1.253699583500000E+01   1.253699583500000E+01   0.000000000000000E+00  -9.411717513800000E-01   0.000000000000000E+00   0.000000000000000E+00   0.000000000000000E+00
   8.719099375400000E-01   1.258493621000000E+01   1.258493621000000E+01   0.000000000000000E+00  -9.411717513800000E-01   0.000000000000000E+00   0.000000000000000E+00   0.000000000000000E+00
   8.752313440700000E-01   1.263287658500000E+01   1.263287658500000E+01   0.000000000000000E+00  -9.411717513800000E-01   0.000000000000000E+00   0.000000000000000E+00   0.000000000000000E+00
   8.780684860300000E-01   1.267382720200000E+01   1.267382720200000E+01   0.000000000000000E+00  -9.411717513800000E-01   0.000000000000000E+00   0.000000000000000E+00   0.000000000000000E+00
   8.809056279800000E-01   1.271477782000000E+01   1.271477782000000E+01   0.000000000000000E+00  -9.411717513800000E-01   0.000000000000000E+00   0.000000000000000E+00   0.000000000000000E+00
   8.837427699400000E-01   1.275572843800000E+01   1.275572843800000E+01   0.000000000000000E+00  -9.411717513800000E-01   0.000000000000000E+00   0.000000000000000E+00   0.000000000000000E+00
   8.865799119000000E-01   1.279667905500000E+01   1.279667905500000E+01   0.000000000000000E+00  -9.411717513800000E-01   0.000000000000000E+00   0.000000000000000E+00   0.000000000000000E+00
   8.890055456500000E-01   1.283169006400000E+01   1.283169006400000E+01   0.000000000000000E+00  -9.411717513800000E-01   0.000000000000000E+00   0.000000000000000E+00   0.000000000000000E+00
   8.914311794000001E-01   1.286670107200000E+01   1.286670107200000E+01   0.000000000000000E+00  -9.411717513800000E-01   0.000000000000000E+00   0.000000000000000E+00   0.000000000000000E+00
   8.938568131500000E-01   1.290171208000000E+01   1.290171208000000E+01   0.000000000000000E+00  -9.411717513800000E-01   0.000000000000000E+00   0.000000000000000E+00   0.000000000000000E+00
   8.962824469100000E-01   1.293672308900000E+01   1.293672308900000E+01   0.000000000000000E+00  -9.411717513800000E-01   0.000000000000000E+00   0.000000000000000E+00   0.000000000000000E+00
   8.987428707400000E-01   1.297223624900000E+01   1.297223624900000E+01   0.000000000000000E+00  -9.411717513800000E-01   0.000000000000000E+00   0.000000000000000E+00   0.000000000000000E+00
   9.012032945800000E-01   1.300774940800000E+01   1.300774940800000E+01   0.000000000000000E+00  -9.411717513800000E-01   0.000000000000000E+00   0.000000000000000E+00   0.000000000000000E+00
   9.036637184200000E-01   1.304326256800000E+01   1.304326256800000E+01   0.000000000000000E+00  -9.411717513800000E-01   0.000000000000000E+00   0.000000000000000E+00   0.000000000000000E+00
   9.061241422600000E-01   1.307877572800000E+01   1.307877572800000E+01   0.000000000000000E+00  -9.411717513800000E-01   0.000000000000000E+00   0.000000000000000E+00   0.000000000000000E+00
   9.083101445000000E-01   1.311032795400000E+01   1.311032795400000E+01   0.000000000000000E+00  -9.411717513800000E-01   0.000000000000000E+00   0.000000000000000E+00   0.000000000000000E+00
   9.104961467300000E-01   1.314188017900000E+01   1.314188017900000E+01   0.000000000000000E+00  -9.411717513800000E-01   0.000000000000000E+00   0.000000000000000E+00   0.000000000000000E+00
   9.126821489700000E-01   1.317343240400000E+01   1.317343240400000E+01   0.000000000000000E+00  -9.411717513800000E-01   0.000000000000000E+00   0.000000000000000E+00   0.000000000000000E+00
   9.148681512000000E-01   1.320498462900000E+01   1.320498462900000E+01   0.000000000000000E+00  -9.411717513800000E-01   0.000000000000000E+00   0.000000000000000E+00   0.000000000000000E+00
   9.167346841500000E-01   1.323192571200000E+01   1.323192571200000E+01   0.000000000000000E+00  -9.411717513800000E-01   0.000000000000000E+00   0.000000000000000E+00   0.000000000000000E+00
   9.186012171000000E-01   1.325886679500000E+01   1.325886679500000E+01   0.000000000000000E+00  -9.411717513800000E-01   0.000000000000000E+00   0.000000000000000E+00   0.000000000000000E+00
   9.204677500400000E-01   1.328580787800000E+01   1.328580787800000E+01   0.000000000000000E+00  -9.411717513800000E-01   0.000000000000000E+00   0.000000000000000E+00   0.000000000000000E+00
   9.223342829900000E-01   1.331274896100000E+01   1.331274896100000E+01   0.000000000000000E+00  -9.411717513800000E-01   0.000000000000000E+00   0.000000000000000E+00   0.000000000000000E+00
   9.240902680100000E-01   1.333809442300000E+01   1.333809442300000E+01   0.000000000000000E+00  -9.411717513800000E-01   0.000000000000000E+00   0.000000000000000E+00   0.000000000000000E+00
   9.258462530200000E-01   1.336343988400000E+01   1.336343988400000E+01   0.000000000000000E+00  -9.411717513800000E-01   0.000000000000000E+00   0.000000000000000E+00   0.000000000000000E+00
   9.276022380400000E-01   1.338878534500000E+01   1.338878534500000E+01   0.000000000000000E+00  -9.411717513800000E-01   0.000000000000000E+00   0.000000000000000E+00   0.000000000000000E+00
   9.293582230500000E-01   1.341413080600000E+01   1.341413080600000E+01   0.000000000000000E+00  -9.411717513800000E-01   0.000000000000000E+00   0.000000000000000E+00   0.000000000000000E+00
   9.310736736800000E-01   1.343889120300000E+01   1.343889120300000E+01   0.000000000000000E+00  -9.411717513800000E-01   0.000000000000000E+00   0.000000000000000E+00   0.000000000000000E+00
   9.327891243000000E-01   1.346365160100000E+01   1.346365160100000E+01   0.000000000000000E+00  -9.411717513800000E-01   0.000000000000000E+00   0.000000000000000E+00   0.000000000000000E+00
   9.345045749300001E-01   1.348841199900000E+01   1.348841199900000E+01   0.000000000000000E+00  -9.411717513800000E-01   0.000000000000000E+00   0.000000000000000E+00   0.000000000000000E+00
   9.362200255499999E-01   1.351317239600000E+01   1.351317239600000E+01   0.000000000000000E+00  -9.411717513800000E-01   0.000000000000000E+00   0.000000000000000E+00   0.000000000000000E+00
   9.379231728300000E-01   1.353775521000000E+01   1.353775521000000E+01   0.000000000000000E+00  -9.411717513800000E-01   0.000000000000000E+00   0.000000000000000E+00   0.000000000000000E+00
   9.396263201100000E-01   1.356233802400000E+01   1.356233802400000E+01   0.000000000000000E+00  -9.411717513800000E-01   0.000000000000000E+00   0.000000000000000E+00   0.000000000000000E+00
   9.413294673800000E-01   1.358692083800000E+01   1.358692083800000E+01   0.000000000000000E+00  -9.411717513800000E-01   0.000000000000000E+00   0.000000000000000E+00   0.000000000000000E+00
   9.430326146600000E-01   1.361150365200000E+01   1.361150365200000E+01   0.000000000000000E+00  -9.411717513800000E-01   0.000000000000000E+00   0.000000000000000E+00   0.000000000000000E+00
   9.447828300200000E-01   1.363676583500000E+01   1.363676583500000E+01   0.000000000000000E+00  -9.411717513800000E-01   0.000000000000000E+00   0.000000000000000E+00   0.000000000000000E+00
   9.465330453800000E-01   1.366202801900000E+01   1.366202801900000E+01   0.000000000000000E+00  -9.411717513800000E-01   0.000000000000000E+00   0.000000000000000E+00   0.000000000000000E+00
   9.482832607500000E-01   1.368729020200000E+01   1.368729020200000E+01   0.000000000000000E+00  -9.411717513800000E-01   0.000000000000000E+00   0.000000000000000E+00   0.000000000000000E+00
   9.500334761100000E-01   1.371255238500000E+01   1.371255238500000E+01   0.000000000000000E+00  -9.411717513800000E-01   0.000000000000000E+00   0.000000000000000E+00   0.000000000000000E+00
   9.518907563100000E-01   1.373935991700000E+01   1.373935991700000E+01   0.000000000000000E+00  -9.411717513800000E-01   0.000000000000000E+00   0.000000000000000E+00   0.000000000000000E+00
   9.537480365100000E-01   1.376616744800000E+01   1.376616744800000E+01   0.000000000000000E+00  -9.411717513800000E-01   0.000000000000000E+00   0.000000000000000E+00   0.000000000000000E+00
   9.556053167100000E-01   1.379297497900000E+01   1.379297497900000E+01   0.000000000000000E+00  -9.411717513800000E-01   0.000000000000000E+00   0.000000000000000E+00   0.000000000000000E+00
   9.574625969100000E-01   1.381978251000000E+01   1.381978251000000E+01   0.000000000000000E+00  -9.411717513800000E-01   0.000000000000000E+00   0.000000000000000E+00   0.000000000000000E+00
   9.593607152400000E-01   1.384717948900000E+01   1.384717948900000E+01   0.000000000000000E+00  -9.411717513800000E-01   0.000000000000000E+00   0.000000000000000E+00   0.000000000000000E+00
   9.612588335800000E-01   1.387457646800000E+01   1.387457646800000E+01   0.000000000000000E+00  -9.411717513800000E-01   0.000000000000000E+00   0.000000000000000E+00   0.000000000000000E+00
   9.631569519199999E-01   1.390197344700000E+01   1.390197344700000E+01   0.000000000000000E+00  -9.411717513800000E-01   0.000000000000000E+00   0.000000000000000E+00   0.000000000000000E+00
   9.650550702600000E-01   1.392937042600000E+01   1.392937042600000E+01   0.000000000000000E+00  -9.411717513800000E-01   0.000000000000000E+00   0.000000000000000E+00   0.000000000000000E+00
   9.669153669900000E-01   1.395622149700000E+01   1.395622149700000E+01   0.000000000000000E+00  -9.411717513800000E-01   0.000000000000000E+00   0.000000000000000E+00   0.000000000000000E+00
   9.687756637300000E-01   1.398307256800000E+01   1.398307256800000E+01   0.000000000000000E+00  -9.411717513800000E-01   0.000000000000000E+00   0.000000000000000E+00   0.000000000000000E+00
   9.706359604600000E-01   1.400992363900000E+01   1.400992363900000E+01   0.000000000000000E+00  -9.411717513800000E-01   0.000000000000000E+00   0.000000000000000E+00   0.000000000000000E+00
   9.724962572000000E-01   1.403677471000000E+01   1.403677471000000E+01   0.000000000000000E+00  -9.411717513800000E-01   0.000000000000000E+00   0.000000000000000E+00   0.000000000000000E+00
   9.742911007400000E-01   1.406268104600000E+01   1.406268104600000E+01   0.000000000000000E+00  -9.411717513800000E-01   0.000000000000000E+00   0.000000000000000E+00   0.000000000000000E+00
   9.760859442800000E-01   1.408858738200000E+01   1.408858738200000E+01   0.000000000000000E+00  -9.411717513800000E-01   0.000000000000000E+00   0.000000000000000E+00   0.000000000000000E+00
   9.778807878100000E-01   1.411449371700000E+01   1.411449371700000E+01   0.000000000000000E+00  -9.411717513800000E-01   0.000000000000000E+00   0.000000000000000E+00   0.000000000000000E+00
   9.796756313500000E-01   1.414040005300000E+01   1.414040005300000E+01   0.000000000000000E+00  -9.411717513800000E-01   0.000000000000000E+00   0.000000000000000E+00   0.000000000000000E+00
   9.815769177100000E-01   1.416784275800000E+01   1.416784275800000E+01   0.000000000000000E+00  -9.411717513800000E-01   0.000000000000000E+00   0.000000000000000E+00   0.000000000000000E+00
   9.834782040700000E-01   1.419528546400000E+01   1.419528546400000E+01   0.000000000000000E+00  -9.411717513800000E-01   0.000000000000000E+00   0.000000000000000E+00   0.000000000000000E+00
   9.853794904299999E-01   1.422272816900000E+01   1.422272816900000E+01   0.000000000000000E+00  -9.411717513800000E-01   0.000000000000000E+00   0.000000000000000E+00   0.000000000000000E+00
   9.872807767900000E-01   1.425017087400000E+01   1.425017087400000E+01   0.000000000000000E+00  -9.411717513800000E-01   0.000000000000000E+00   0.000000000000000E+00   0.000000000000000E+00
   9.888706796600000E-01   1.427311914600000E+01   1.427311914600000E+01   0.000000000000000E+00  -9.411717513800000E-01   0.000000000000000E+00   0.000000000000000E+00   0.000000000000000E+00
   9.904605825200000E-01   1.429606741800000E+01   1.429606741800000E+01   0.000000000000000E+00  -9.411717513800000E-01   0.000000000000000E+00   0.000000000000000E+00   0.000000000000000E+00
   9.920504853800000E-01   1.431901568900000E+01   1.431901568900000E+01   0.000000000000000E+00  -9.411717513800000E-01   0.000000000000000E+00   0.000000000000000E+00   0.000000000000000E+00
   9.936403882500000E-01   1.434196396100000E+01   1.434196396100000E+01   0.000000000000000E+00  -9.411717513800000E-01   0.000000000000000E+00   0.000000000000000E+00   0.000000000000000E+00
   9.952302911899999E-01   1.436491223400000E+01   1.436491223400000E+01   0.000000000000000E+00  -9.411717513800000E-01   0.000000000000000E+00   0.000000000000000E+00   0.000000000000000E+00
   9.968201941200000E-01   1.438786050700000E+01   1.438786050700000E+01   0.000000000000000E+00  -9.411717513800000E-01   0.000000000000000E+00   0.000000000000000E+00   0.000000000000000E+00
   9.984100970599999E-01   1.441080877900000E+01   1.441080877900000E+01   0.000000000000000E+00  -9.411717513800000E-01   0.000000000000000E+00   0.000000000000000E+00   0.000000000000000E+00
   1.000000000000000E+00   1.443375705200000E+01   1.443375705200000E+01   0.000000000000000E+00  -9.411717513800000E-01   0.000000000000000E+00   0.000000000000000E+00   0.000000000000000E+00
