   0.000000000000000E+00   1.261356220200000E-30   0.000000000000000E+00   0.000000000000000E+00  -9.997564895200000E-01   0.000000000000000E+00   0.000000000000000E+00   0.000000000000000E+00
   7.567423847000000E-03   1.092263573200000E-01   1.092263573200000E-01   0.000000000000000E+00  -9.997564895200000E-01   0.000000000000000E+00   0.000000000000000E+00   0.000000000000000E+00
   1.513484769400000E-02   2.184527146400000E-01   2.184527146400000E-01   0.000000000000000E+00  -9.997564895200000E-01   0.000000000000000E+00   0.000000000000000E+00   0.000000000000000E+00
   2.270227154100000E-02   3.276790719500000E-01   3.276790719500000E-01   0.000000000000000E+00  -9.997564895200000E-01   0.000000000000000E+00   0.000000000000000E+00   0.000000000000000E+00
   3.026969538800000E-02   4.369054292700000E-01   4.369054292700000E-01   0.000000000000000E+00  -9.997564895200000E-01   0.000000000000000E+00   0.000000000000000E+00   0.000000000000000E+00
   3.714399264800000E-02   5.361273658200000E-01   5.361273658200000E-01   0.000000000000000E+00  -9.997564895200000E-01   0.000000000000000E+00   0.000000000000000E+00   0.000000000000000E+00
   4.401828990800000E-02   6.353493023800000E-01   6.353493023800000E-01   0.000000000000000E+00  -9.997564895200000E-01   0.000000000000000E+00   0.000000000000000E+00   0.000000000000000E+00
   5.089258716800000E-02   7.345712389300000E-01   7.345712389300000E-01   0.000000000000000E+00  -9.997564895200000E-01   0.000000000000000E+00   0.000000000000000E+00   0.000000000000000E+00
   5.776688442800000E-02   8.337931754800000E-01   8.337931754800000E-01   0.000000000000000E+00  -9.997564895200000E-01   0.000000000000000E+00   0.000000000000000E+00   0.000000000000000E+00
   6.562263155400000E-02   9.471811209600000E-01   9.471811209600000E-01   0.000000000000000E+00  -9.997564895200000E-01   0.000000000000000E+00   0.000000000000000E+00   0.000000000000000E+00
   7.347837868000000E-02   1.060569066400000E+00   1.060569066400000E+00   0.000000000000000E+00  -9.997564895200000E-01   0.000000000000000E+00   0.000000000000000E+00   0.000000000000000E+00
   8.133412580600000E-02   1.173957011900000E+00   1.173957011900000E+00   0.000000000000000E+00  -9.997564895200000E-01   0.000000000000000E+00   0.000000000000000E+00   0.000000000000000E+00
   8.918987293199999E-02   1.287344957400000E+00   1.287344957400000E+00   0.000000000000000E+00  -9.997564895200000E-01   0.000000000000000E+00   0.000000000000000E+00   0.000000000000000E+00
   9.520913135900000E-02   1.374225471200000E+00   1.374225471200000E+00   0.000000000000000E+00  -9.997564895200000E-01   0.000000000000000E+00   0.000000000000000E+00   0.000000000000000E+00
   1.012283897900000E-01   1.461105984900000E+00   1.461105984900000E+00   0.000000000000000E+00  -9.997564895200000E-01   0.000000000000000E+00   0.000000000000000E+00   0.000000000000000E+00
   1.072476482100000E-01   1.547986498700000E+00   1.547986498700000E+00   0.000000000000000E+00  -9.997564895200000E-01   0.000000000000000E+00   0.000000000000000E+00   0.000000000000000E+00
   1.132669066400000E-01   1.634867012500000E+00   1.634867012500000E+00   0.000000000000000E+00  -9.997564895200000E-01   0.000000000000000E+00   0.000000000000000E+00   0.000000000000000E+00
   1.186194476100000E-01   1.712124288500000E+00   1.712124288500000E+00   0.000000000000000E+00  -9.997564895200000E-01   0.000000000000000E+00   0.000000000000000E+00   0.000000000000000E+00
   1.239719885800000E-01   1.789381564400000E+00   1.789381564400000E+00   0.000000000000000E+00  -9.997564895200000E-01   0.000000000000000E+00   0.000000000000000E+00   0.000000000000000E+00
   1.293245295500000E-01   1.866638840400000E+00   1.866638840400000E+00   0.000000000000000E+00  -9.997564895200000E-01   0.000000000000000E+00   0.000000000000000E+00   0.000000000000000E+00
   1.346770705200000E-01   1.943896116400000E+00   1.943896116400000E+00   0.000000000000000E+00  -9.997564895200000E-01   0.000000000000000E+00   0.000000000000000E+00   0.000000000000000E+00
   1.408990090900000E-01   2.033702066100000E+00   2.033702066100000E+00   0.000000000000000E+00  -9.997564895200000E-01   0.000000000000000E+00   0.000000000000000E+00   0.000000000000000E+00
   1.471209476600000E-01   2.123508015800000E+00   2.123508015800000E+00   0.000000000000000E+00  -9.997564895200000E-01   0.000000000000000E+00   0.000000000000000E+00   0.000000000000000E+00
   1.533428862300000E-01   2.213313965500000E+00   2.213313965500000E+00   0.000000000000000E+00  -9.997564895200000E-01   0.000000000000000E+00   0.000000000000000E+00   0.000000000000000E+00
   1.595648248000000E-01   2.303119915200000E+00   2.303119915200000E+00   0.000000000000000E+00  -9.997564895200000E-01   0.000000000000000E+00   0.000000000000000E+00   0.000000000000000E+00
   1.653812294900000E-01   2.387072487400000E+00   2.387072487400000E+00   0.000000000000000E+00  -9.997564895200000E-01   0.000000000000000E+00   0.000000000000000E+00   0.000000000000000E+00
   1.711976341700000E-01   2.471025059500000E+00   2.471025059500000E+00   0.000000000000000E+00  -9.997564895200000E-01   0.000000000000000E+00   0.000000000000000E+00   0.000000000000000E+00
   1.770140388600000E-01   2.554977631700000E+00   2.554977631700000E+00   0.000000000000000E+00  -9.997564895200000E-01   0.000000000000000E+00   0.000000000000000E+00   0.000000000000000E+00
   1.828304435400000E-01   2.638930203800000E+00   2.638930203800000E+00   0.000000000000000E+00  -9.997564895200000E-01   0.000000000000000E+00   0.000000000000000E+00   0.000000000000000E+00
   1.884796513900000E-01   2.720469497400000E+00   2.720469497400000E+00   0.000000000000000E+00  -9.997564895200000E-01   0.000000000000000E+00   0.000000000000000E+00   0.000000000000000E+00
   1.941288592300000E-01   2.802008790900000E+00   2.802008790900000E+00   0.000000000000000E+00  -9.997564895200000E-01   0.000000000000000E+00   0.000000000000000E+00   0.000000000000000E+00
   1.997780670700000E-01   2.883548084500000E+00   2.883548084500000E+00   0.000000000000000E+00  -9.997564895200000E-01   0.000000000000000E+00   0.000000000000000E+00   0.000000000000000E+00
   2.054272749200000E-01   2.965087378000000E+00   2.965087378000000E+00   0.000000000000000E+00  -9.997564895200000E-01   0.000000000000000E+00   0.000000000000000E+00   0.000000000000000E+00
   2.114247155400000E-01   3.051652978900000E+00   3.051652978900000E+00   0.000000000000000E+00  -9.997564895200000E-01   0.000000000000000E+00   0.000000000000000E+00   0.000000000000000E+00
   2.174221561600000E-01   3.138218579700000E+00   3.138218579700000E+00   0.000000000000000E+00  -9.997564895200000E-01   0.000000000000000E+00   0.000000000000000E+00   0.000000000000000E+00
   2.234195967800000E-01   3.224784180600000E+00   3.224784180600000E+00   0.000000000000000E+00  -9.997564895200000E-01   0.000000000000000E+00   0.000000000000000E+00   0.000000000000000E+00
   2.294170374000000E-01   3.311349781400000E+00   3.311349781400000E+00   0.000000000000000E+00  -9.997564895200000E-01   0.000000000000000E+00   0.000000000000000E+00   0.000000000000000E+00
   2.353325594200000E-01   3.396732989100000E+00   3.396732989100000E+00   0.000000000000000E+00  -9.997564895200000E-01   0.000000000000000E+00   0.000000000000000E+00   0.000000000000000E+00
   2.412480814400000E-01   3.482116196700000E+00   3.482116196700000E+00   0.000000000000000E+00  -9.997564895200000E-01   0.000000000000000E+00   0.000000000000000E+00   0.000000000000000E+00
   2.471636034500000E-01   3.567499404400000E+00   3.567499404400000E+00   0.000000000000000E+00  -9.997564895200000E-01   0.000000000000000E+00   0.000000000000000E+00   0.000000000000000E+00
   2.530791254700000E-01   3.652882612000000E+00   3.652882612000000E+00   0.000000000000000E+00  -9.997564895200000E-01   0.000000000000000E+00   0.000000000000000E+00   0.000000000000000E+00
   2.581083177000000E-01   3.725472750800000E+00   3.725472750800000E+00   0.000000000000000E+00  -9.997564895200000E-01   0.000000000000000E+00   0.000000000000000E+00   0.000000000000000E+00
   2.631375099300000E-01   3.798062889600000E+00   3.798062889600000E+00   0.000000000000000E+00  -9.997564895200000E-01   0.000000000000000E+00   0.000000000000000E+00   0.000000000000000E+00
   2.681667021600000E-01   3.870653028400000E+00   3.870653028400000E+00   0.000000000000000E+00  -9.997564895200000E-01   0.000000000000000E+00   0.000000000000000E+00   0.000000000000000E+00
   2.731958943900000E-01   3.943243167200000E+00   3.943243167200000E+00   0.000000000000000E+00  -9.997564895200000E-01   0.000000000000000E+00   0.000000000000000E+00   0.000000000000000E+00
   2.777701512500000E-01   4.009266879500000E+00   4.009266879500000E+00   0.000000000000000E+00  -9.997564895200000E-01   0.000000000000000E+00   0.000000000000000E+00   0.000000000000000E+00
   2.823444081200000E-01   4.075290591700000E+00   4.075290591700000E+00   0.000000000000000E+00  -9.997564895200000E-01   0.000000000000000E+00   0.000000000000000E+00   0.000000000000000E+00
   2.869186649800000E-01   4.141314304000000E+00   4.141314304000000E+00   0.000000000000000E+00  -9.997564895200000E-01   0.000000000000000E+00   0.000000000000000E+00   0.000000000000000E+00
   2.914929218500000E-01   4.207338016300000E+00   4.207338016300000E+00   0.000000000000000E+00  -9.997564895200000E-01   0.000000000000000E+00   0.000000000000000E+00   0.000000000000000E+00
   2.955624330400000E-01   4.266076352200000E+00   4.266076352200000E+00   0.000000000000000E+00  -9.997564895200000E-01   0.000000000000000E+00   0.000000000000000E+00   0.000000000000000E+00
   2.996319442400000E-01   4.324814688100000E+00   4.324814688100000E+00   0.000000000000000E+00  -9.997564895200000E-01   0.000000000000000E+00   0.000000000000000E+00   0.000000000000000E+00
   3.037014554300000E-01   4.383553024000000E+00   4.383553024000000E+00   0.000000000000000E+00  -9.997564895200000E-01   0.000000000000000E+00   0.000000000000000E+00   0.000000000000000E+00
   3.077709666300000E-01   4.442291359900000E+00   4.442291359900000E+00   0.000000000000000E+00  -9.997564895200000E-01   0.000000000000000E+00   0.000000000000000E+00   0.000000000000000E+00
   3.117578135100000E-01   4.499836539200000E+00   4.499836539200000E+00   0.000000000000000E+00  -9.997564895200000E-01   0.000000000000000E+00   0.000000000000000E+00   0.000000000000000E+00
   3.157446603900000E-01   4.557381718500000E+00   4.557381718500000E+00   0.000000000000000E+00  -9.997564895200000E-01   0.000000000000000E+00   0.000000000000000E+00   0.000000000000000E+00
   3.197315072700000E-01   4.614926897800000E+00   4.614926897800000E+00   0.000000000000000E+00  -9.997564895200000E-01   0.000000000000000E+00   0.000000000000000E+00   0.000000000000000E+00
   3.237183541500000E-01   4.672472077000000E+00   4.672472077000000E+00   0.000000000000000E+00  -9.997564895200000E-01   0.000000000000000E+00   0.000000000000000E+00   0.000000000000000E+00
   3.286536822200000E-01   4.743707403400000E+00   4.743707403400000E+00   0.000000000000000E+00  -9.997564895200000E-01   0.000000000000000E+00   0.000000000000000E+00   0.000000000000000E+00
   3.335890102900000E-01   4.814942729800000E+00   4.814942729800000E+00   0.000000000000000E+00  -9.997564895200000E-01   0.000000000000000E+00   0.000000000000000E+00   0.000000000000000E+00
   3.385243383700000E-01   4.886178056200000E+00   4.886178056200000E+00   0.000000000000000E+00  -9.997564895200000E-01   0.000000000000000E+00   0.000000000000000E+00   0.000000000000000E+00
   3.434596664400000E-01   4.957413382500000E+00   4.957413382500000E+00   0.000000000000000E+00  -9.997564895200000E-01   0.000000000000000E+00   0.000000000000000E+00   0.000000000000000E+00
   3.469102344500000E-01   5.007218042900000E+00   5.007218042900000E+00   0.000000000000000E+00  -9.997564895200000E-01   0.000000000000000E+00   0.000000000000000E+00   0.000000000000000E+00
   3.503608024600000E-01   5.057022703300000E+00   5.057022703300000E+00   0.000000000000000E+00  -9.997564895200000E-01   0.000000000000000E+00   0.000000000000000E+00   0.000000000000000E+00
   3.538113704700000E-01   5.106827363700000E+00   5.106827363700000E+00   0.000000000000000E+00  -9.997564895200000E-01   0.000000000000000E+00   0.000000000000000E+00   0.000000000000000E+00
   3.572619384900000E-01   5.156632024000000E+00   5.156632024000000E+00   0.000000000000000E+00  -9.997564895200000E-01   0.000000000000000E+00   0.000000000000000E+00   0.000000000000000E+00
   3.601481992800000E-01   5.198291611100000E+00   5.198291611100000E+00   0.000000000000000E+00  -9.997564895200000E-01   0.000000000000000E+00   0.000000000000000E+00   0.000000000000000E+00
   3.630344600800000E-01   5.239951198200000E+00   5.239951198200000E+00   0.000000000000000E+00  -9.997564895200000E-01   0.000000000000000E+00   0.000000000000000E+00   0.000000000000000E+00
   3.659207208700000E-01   5.281610785400000E+00   5.281610785400000E+00   0.000000000000000E+00  -9.997564895200000E-01   0.000000000000000E+00   0.000000000000000E+00   0.000000000000000E+00
   3.688069816700000E-01   5.323270372500000E+00   5.323270372500000E+00   0.000000000000000E+00  -9.997564895200000E-01   0.000000000000000E+00   0.000000000000000E+00   0.000000000000000E+00
   3.719292212000000E-01   5.368336019400000E+00   5.368336019400000E+00   0.000000000000000E+00  -9.997564895200000E-01   0.000000000000000E+00   0.000000000000000E+00   0.000000000000000E+00
   3.750514607400000E-01   5.413401666300000E+00   5.413401666300000E+00   0.000000000000000E+00  -9.997564895200000E-01   0.000000000000000E+00   0.000000000000000E+00   0.000000000000000E+00
   3.781737002700000E-01   5.458467313200000E+00   5.458467313200000E+00   0.000000000000000E+00  -9.997564895200000E-01   0.000000000000000E+00   0.000000000000000E+00   0.000000000000000E+00
   3.812959398100000E-01   5.503532960100000E+00   5.503532960100000E+00   0.000000000000000E+00  -9.997564895200000E-01   0.000000000000000E+00   0.000000000000000E+00   0.000000000000000E+00
   3.858270153600000E-01   5.568933403800000E+00   5.568933403800000E+00   0.000000000000000E+00  -9.997564895200000E-01   0.000000000000000E+00   0.000000000000000E+00   0.000000000000000E+00
   3.903580909100000E-01   5.634333847500000E+00   5.634333847500000E+00   0.000000000000000E+00  -9.997564895200000E-01   0.000000000000000E+00   0.000000000000000E+00   0.000000000000000E+00
   3.948891664600000E-01   5.699734291200000E+00   5.699734291200000E+00   0.000000000000000E+00  -9.997564895200000E-01   0.000000000000000E+00   0.000000000000000E+00   0.000000000000000E+00
   3.994202420100000E-01   5.765134734900000E+00   5.765134734900000E+00   0.000000000000000E+00  -9.997564895200000E-01   0.000000000000000E+00   0.000000000000000E+00   0.000000000000000E+00
   4.040743621600000E-01   5.832311174300000E+00   5.832311174400000E+00   0.000000000000000E+00  -9.997564895200000E-01   0.000000000000000E+00   0.000000000000000E+00   0.000000000000000E+00
   4.087284823100000E-01   5.899487613800000E+00   5.899487613800000E+00   0.000000000000000E+00  -9.997564895200000E-01   0.000000000000000E+00   0.000000000000000E+00   0.000000000000000E+00
   4.133826024500000E-01   5.966664053300000E+00   5.966664053300000E+00   0.000000000000000E+00  -9.997564895200000E-01   0.000000000000000E+00   0.000000000000000E+00   0.000000000000000E+00
   4.180367226000000E-01   6.033840492800000E+00   6.033840492800000E+00   0.000000000000000E+00  -9.997564895200000E-01   0.000000000000000E+00   0.000000000000000E+00   0.000000000000000E+00
   4.227828049300000E-01   6.102344292100000E+00   6.102344292100000E+00   0.000000000000000E+00  -9.997564895200000E-01   0.000000000000000E+00   0.000000000000000E+00   0.000000000000000E+00
   4.275288872700000E-01   6.170848091500000E+00   6.170848091500000E+00   0.000000000000000E+00  -9.997564895200000E-01   0.000000000000000E+00   0.000000000000000E+00   0.000000000000000E+00
   4.322749696000000E-01   6.239351890900000E+00   6.239351890900000E+00   0.000000000000000E+00  -9.997564895200000E-01   0.000000000000000E+00   0.000000000000000E+00   0.000000000000000E+00
   4.370210519400000E-01   6.307855690300000E+00   6.307855690300000E+00   0.000000000000000E+00  -9.997564895200000E-01   0.000000000000000E+00   0.000000000000000E+00   0.000000000000000E+00
   4.405131461700000E-01   6.358259730000000E+00   6.358259730000000E+00   0.000000000000000E+00  -9.997564895200000E-01   0.000000000000000E+00   0.000000000000000E+00   0.000000000000000E+00
   4.440052404000000E-01   6.408663769800000E+00   6.408663769800000E+00   0.000000000000000E+00  -9.997564895200000E-01   0.000000000000000E+00   0.000000000000000E+00   0.000000000000000E+00
   4.474973346400000E-01   6.459067809500000E+00   6.459067809500000E+00   0.000000000000000E+00  -9.997564895200000E-01   0.000000000000000E+00   0.000000000000000E+00   0.000000000000000E+00
   4.509894288700000E-01   6.509471849300000E+00   6.509471849300000E+00   0.000000000000000E+00  -9.997564895200000E-01   0.000000000000000E+00   0.000000000000000E+00   0.000000000000000E+00
   4.547026349100000E-01   6.563067363100000E+00   6.563067363100000E+00   0.000000000000000E+00  -9.997564895200000E-01   0.000000000000000E+00   0.000000000000000E+00   0.000000000000000E+00
   4.584158409400000E-01   6.616662877000000E+00   6.616662877000000E+00   0.000000000000000E+00  -9.997564895200000E-01   0.000000000000000E+00   0.000000000000000E+00   0.000000000000000E+00
   4.621290469800000E-01   6.670258390800000E+00   6.670258390800000E+00   0.000000000000000E+00  -9.997564895200000E-01   0.000000000000000E+00   0.000000000000000E+00   0.000000000000000E+00
   4.658422530200000E-01   6.723853904600000E+00   6.723853904600000E+00   0.000000000000000E+00  -9.997564895200000E-01   0.000000000000000E+00   0.000000000000000E+00   0.000000000000000E+00
   4.690599893500000E-01   6.770297929000000E+00   6.770297929000000E+00   0.000000000000000E+00  -9.997564895200000E-01   0.000000000000000E+00   0.000000000000000E+00   0.000000000000000E+00
   4.722777256700000E-01   6.816741953400000E+00   6.816741953400000E+00   0.000000000000000E+00  -9.997564895200000E-01   0.000000000000000E+00   0.000000000000000E+00   0.000000000000000E+00
   4.754954620000000E-01   6.863185977800000E+00   6.863185977800000E+00   0.000000000000000E+00  -9.997564895200000E-01   0.000000000000000E+00   0.000000000000000E+00   0.000000000000000E+00
   4.787131983300000E-01   6.909630002200000E+00   6.909630002200000E+00   0.000000000000000E+00  -9.997564895200000E-01   0.000000000000000E+00   0.000000000000000E+00   0.000000000000000E+00
   4.820446941300000E-01   6.957716003200000E+00   6.957716003200000E+00   0.000000000000000E+00  -9.997564895200000E-01   0.000000000000000E+00   0.000000000000000E+00   0.000000000000000E+00
   4.853761899300000E-01   7.005802004200000E+00   7.005802004200000E+00   0.000000000000000E+00  -9.997564895200000E-01   0.000000000000000E+00   0.000000000000000E+00   0.000000000000000E+00
   4.887076857300000E-01   7.053888005200000E+00   7.053888005200000E+00   0.000000000000000E+00  -9.997564895200000E-01   0.000000000000000E+00   0.000000000000000E+00   0.000000000000000E+00
   4.920391815300000E-01   7.101974006200000E+00   7.101974006200000E+00   0.000000000000000E+00  -9.997564895200000E-01   0.000000000000000E+00   0.000000000000000E+00   0.000000000000000E+00
   4.950234626600000E-01   7.145048395100000E+00   7.145048395100000E+00   0.000000000000000E+00  -9.997564895200000E-01   0.000000000000000E+00   0.000000000000000E+00   0.000000000000000E+00
   4.980077437900000E-01   7.188122783900000E+00   7.188122783900000E+00   0.000000000000000E+00  -9.997564895200000E-01   0.000000000000000E+00   0.000000000000000E+00   0.000000000000000E+00
   5.009920249199999E-01   7.231197172800000E+00   7.231197172800000E+00   0.000000000000000E+00  -9.997564895200000E-01   0.000000000000000E+00   0.000000000000000E+00   0.000000000000000E+00
   5.039763060600000E-01   7.274271561600000E+00   7.274271561600000E+00   0.000000000000000E+00  -9.997564895200000E-01   0.000000000000000E+00   0.000000000000000E+00   0.000000000000000E+00
   5.069392294600000E-01   7.317037678100000E+00   7.317037678100000E+00   0.000000000000000E+00  -9.997564895200000E-01   0.000000000000000E+00   0.000000000000000E+00   0.000000000000000E+00
   5.099021528600000E-01   7.359803794700000E+00   7.359803794700000E+00   0.000000000000000E+00  -9.997564895200000E-01   0.000000000000000E+00   0.000000000000000E+00   0.000000000000000E+00
   5.128650762600000E-01   7.402569911200000E+00   7.402569911200000E+00   0.000000000000000E+00  -9.997564895200000E-01   0.000000000000000E+00   0.000000000000000E+00   0.000000000000000E+00
   5.158279996600000E-01   7.445336027700000E+00   7.445336027700000E+00   0.000000000000000E+00  -9.997564895200000E-01   0.000000000000000E+00   0.000000000000000E+00   0.000000000000000E+00
   5.193617705500000E-01   7.496341618300000E+00   7.496341618300000E+00   0.000000000000000E+00  -9.997564895200000E-01   0.000000000000000E+00   0.000000000000000E+00   0.000000000000000E+00
   5.228955414499999E-01   7.547347208800000E+00   7.547347208800000E+00   0.000000000000000E+00  -9.997564895200000E-01   0.000000000000000E+00   0.000000000000000E+00   0.000000000000000E+00
   5.264293123400000E-01   7.598352799300000E+00   7.598352799300000E+00   0.000000000000000E+00  -9.997564895200000E-01   0.000000000000000E+00   0.000000000000000E+00   0.000000000000000E+00
   5.299630832300000E-01   7.649358389900000E+00   7.649358389900000E+00   0.000000000000000E+00  -9.997564895200000E-01   0.000000000000000E+00   0.000000000000000E+00   0.000000000000000E+00
   5.340606707700000E-01   7.708501972900000E+00   7.708501972900000E+00   0.000000000000000E+00  -9.997564895200000E-01   0.000000000000000E+00   0.000000000000000E+00   0.000000000000000E+00
   5.381582583100000E-01   7.767645555900000E+00   7.767645555900000E+00   0.000000000000000E+00  -9.997564895200000E-01   0.000000000000000E+00   0.000000000000000E+00   0.000000000000000E+00
   5.422558458400000E-01   7.826789138900000E+00   7.826789138900000E+00   0.000000000000000E+00  -9.997564895200000E-01   0.000000000000000E+00   0.000000000000000E+00   0.000000000000000E+00
   5.463534333800000E-01   7.885932721900000E+00   7.885932721900000E+00   0.000000000000000E+00  -9.997564895200000E-01   0.000000000000000E+00   0.000000000000000E+00   0.000000000000000E+00
   5.497550170700000E-01   7.935030354400000E+00   7.935030354400000E+00   0.000000000000000E+00  -9.997564895200000E-01   0.000000000000000E+00   0.000000000000000E+00   0.000000000000000E+00
   5.531566007499999E-01   7.984127987000000E+00   7.984127987000000E+00   0.000000000000000E+00  -9.997564895200000E-01   0.000000000000000E+00   0.000000000000000E+00   0.000000000000000E+00
   5.565581844400000E-01   8.033225619500000E+00   8.033225619500000E+00   0.000000000000000E+00  -9.997564895200000E-01   0.000000000000000E+00   0.000000000000000E+00   0.000000000000000E+00
   5.599597681200000E-01   8.082323252000000E+00   8.082323252000000E+00   0.000000000000000E+00  -9.997564895200000E-01   0.000000000000000E+00   0.000000000000000E+00   0.000000000000000E+00
   5.642286137900000E-01   8.143938733200001E+00   8.143938733200001E+00   0.000000000000000E+00  -9.997564895200000E-01   0.000000000000000E+00   0.000000000000000E+00   0.000000000000000E+00
   5.684974594600000E-01   8.205554214499999E+00   8.205554214499999E+00   0.000000000000000E+00  -9.997564895200000E-01   0.000000000000000E+00   0.000000000000000E+00   0.000000000000000E+00
   5.727663051200000E-01   8.267169695700000E+00   8.267169695700000E+00   0.000000000000000E+00  -9.997564895200000E-01   0.000000000000000E+00   0.000000000000000E+00   0.000000000000000E+00
   5.770351507900000E-01   8.328785177000000E+00   8.328785177000000E+00   0.000000000000000E+00  -9.997564895200000E-01   0.000000000000000E+00   0.000000000000000E+00   0.000000000000000E+00
   5.800519446000000E-01   8.372328845900000E+00   8.372328845900000E+00   0.000000000000000E+00  -9.997564895200000E-01   0.000000000000000E+00   0.000000000000000E+00   0.000000000000000E+00
   5.830687384100000E-01   8.415872514900000E+00   8.415872514900000E+00   0.000000000000000E+00  -9.997564895200000E-01   0.000000000000000E+00   0.000000000000000E+00   0.000000000000000E+00
   5.860855322300000E-01   8.459416183800000E+00   8.459416183800000E+00   0.000000000000000E+00  -9.997564895200000E-01   0.000000000000000E+00   0.000000000000000E+00   0.000000000000000E+00
   5.891023260400000E-01   8.502959852800000E+00   8.502959852800000E+00   0.000000000000000E+00  -9.997564895200000E-01   0.000000000000000E+00   0.000000000000000E+00   0.000000000000000E+00
   5.915300725400000E-01   8.538001355900001E+00   8.538001355900001E+00   0.000000000000000E+00  -9.997564895200000E-01   0.000000000000000E+00   0.000000000000000E+00   0.000000000000000E+00
   5.939578190400000E-01   8.573042859099999E+00   8.573042859099999E+00   0.000000000000000E+00  -9.997564895200000E-01   0.000000000000000E+00   0.000000000000000E+00   0.000000000000000E+00
   5.963855655400000E-01   8.608084362300000E+00   8.608084362300000E+00   0.000000000000000E+00  -9.997564895200000E-01   0.000000000000000E+00   0.000000000000000E+00   0.000000000000000E+00
   5.988133120300000E-01   8.643125865400000E+00   8.643125865400000E+00   0.000000000000000E+00  -9.997564895200000E-01   0.000000000000000E+00   0.000000000000000E+00   0.000000000000000E+00
   6.012888319300000E-01   8.678856918199999E+00   8.678856918199999E+00   0.000000000000000E+00  -9.997564895200000E-01   0.000000000000000E+00   0.000000000000000E+00   0.000000000000000E+00
   6.037643518200000E-01   8.714587970900000E+00   8.714587970900000E+00   0.000000000000000E+00  -9.997564895200000E-01   0.000000000000000E+00   0.000000000000000E+00   0.000000000000000E+00
   6.062398717200000E-01   8.750319023599999E+00   8.750319023599999E+00   0.000000000000000E+00  -9.997564895200000E-01   0.000000000000000E+00   0.000000000000000E+00   0.000000000000000E+00
   6.087153916100000E-01   8.786050076400000E+00   8.786050076400000E+00   0.000000000000000E+00  -9.997564895200000E-01   0.000000000000000E+00   0.000000000000000E+00   0.000000000000000E+00
   6.110088070500000E-01   8.819152677700000E+00   8.819152677700000E+00   0.000000000000000E+00  -9.997564895200000E-01   0.000000000000000E+00   0.000000000000000E+00   0.000000000000000E+00
   6.133022224900000E-01   8.852255278900000E+00   8.852255278900000E+00   0.000000000000000E+00  -9.997564895200000E-01   0.000000000000000E+00   0.000000000000000E+00   0.000000000000000E+00
   6.155956379300001E-01   8.885357880200001E+00   8.885357880200001E+00   0.000000000000000E+00  -9.997564895200000E-01   0.000000000000000E+00   0.000000000000000E+00   0.000000000000000E+00
   6.178890533700000E-01   8.918460481500000E+00   8.918460481500000E+00   0.000000000000000E+00  -9.997564895200000E-01   0.000000000000000E+00   0.000000000000000E+00   0.000000000000000E+00
   6.202982275900000E-01   8.953233916800000E+00   8.953233916800000E+00   0.000000000000000E+00  -9.997564895200000E-01   0.000000000000000E+00   0.000000000000000E+00   0.000000000000000E+00
   6.227074017999999E-01   8.988007352000000E+00   8.988007352000000E+00   0.000000000000000E+00  -9.997564895200000E-01   0.000000000000000E+00   0.000000000000000E+00   0.000000000000000E+00
   6.251165760100000E-01   9.022780787300000E+00   9.022780787300000E+00   0.000000000000000E+00  -9.997564895200000E-01   0.000000000000000E+00   0.000000000000000E+00   0.000000000000000E+00
   6.275257502200000E-01   9.057554222600000E+00   9.057554222600000E+00   0.000000000000000E+00  -9.997564895200000E-01   0.000000000000000E+00   0.000000000000000E+00   0.000000000000000E+00
   6.299323318900000E-01   9.092290237600000E+00   9.092290237600000E+00   0.000000000000000E+00  -9.997564895200000E-01   0.000000000000000E+00   0.000000000000000E+00   0.000000000000000E+00
   6.323389135500000E-01   9.127026252700000E+00   9.127026252700000E+00   0.000000000000000E+00  -9.997564895200000E-01   0.000000000000000E+00   0.000000000000000E+00   0.000000000000000E+00
   6.347454952100000E-01   9.161762267800000E+00   9.161762267800000E+00   0.000000000000000E+00  -9.997564895200000E-01   0.000000000000000E+00   0.000000000000000E+00   0.000000000000000E+00
   6.371520768800000E-01   9.196498282800000E+00   9.196498282800000E+00   0.000000000000000E+00  -9.997564895200000E-01   0.000000000000000E+00   0.000000000000000E+00   0.000000000000000E+00
   6.391594070500000E-01   9.225471598800000E+00   9.225471598800000E+00   0.000000000000000E+00  -9.997564895200000E-01   0.000000000000000E+00   0.000000000000000E+00   0.000000000000000E+00
   6.411667372199999E-01   9.254444914800001E+00   9.254444914800001E+00   0.000000000000000E+00  -9.997564895200000E-01   0.000000000000000E+00   0.000000000000000E+00   0.000000000000000E+00
   6.431740673900000E-01   9.283418230800001E+00   9.283418230800001E+00   0.000000000000000E+00  -9.997564895200000E-01   0.000000000000000E+00   0.000000000000000E+00   0.000000000000000E+00
   6.451813975600000E-01   9.312391546800001E+00   9.312391546800001E+00   0.000000000000000E+00  -9.997564895200000E-01   0.000000000000000E+00   0.000000000000000E+00   0.000000000000000E+00
   6.470336688800000E-01   9.339126781099999E+00   9.339126781099999E+00   0.000000000000000E+00  -9.997564895200000E-01   0.000000000000000E+00   0.000000000000000E+00   0.000000000000000E+00
   6.488859402000000E-01   9.365862015399999E+00   9.365862015399999E+00   0.000000000000000E+00  -9.997564895200000E-01   0.000000000000000E+00   0.000000000000000E+00   0.000000000000000E+00
   6.507382115300000E-01   9.392597249600000E+00   9.392597249600000E+00   0.000000000000000E+00  -9.997564895200000E-01   0.000000000000000E+00   0.000000000000000E+00   0.000000000000000E+00
   6.525904828500000E-01   9.419332483900000E+00   9.419332483900000E+00   0.000000000000000E+00  -9.997564895200000E-01   0.000000000000000E+00   0.000000000000000E+00   0.000000000000000E+00
   6.546284165000000E-01   9.448747523100000E+00   9.448747523100000E+00   0.000000000000000E+00  -9.997564895200000E-01   0.000000000000000E+00   0.000000000000000E+00   0.000000000000000E+00
   6.566663501500000E-01   9.478162562300000E+00   9.478162562300000E+00   0.000000000000000E+00  -9.997564895200000E-01   0.000000000000000E+00   0.000000000000000E+00   0.000000000000000E+00
   6.587042838000000E-01   9.507577601400000E+00   9.507577601400000E+00   0.000000000000000E+00  -9.997564895200000E-01   0.000000000000000E+00   0.000000000000000E+00   0.000000000000000E+00
   6.607422174499999E-01   9.536992640599999E+00   9.536992640599999E+00   0.000000000000000E+00  -9.997564895200000E-01   0.000000000000000E+00   0.000000000000000E+00   0.000000000000000E+00
   6.630798537900000E-01   9.570733515700001E+00   9.570733515700001E+00   0.000000000000000E+00  -9.997564895200000E-01   0.000000000000000E+00   0.000000000000000E+00   0.000000000000000E+00
   6.654174901400000E-01   9.604474390800000E+00   9.604474390800000E+00   0.000000000000000E+00  -9.997564895200000E-01   0.000000000000000E+00   0.000000000000000E+00   0.000000000000000E+00
   6.677551264900000E-01   9.638215266000000E+00   9.638215266000000E+00   0.000000000000000E+00  -9.997564895200000E-01   0.000000000000000E+00   0.000000000000000E+00   0.000000000000000E+00
   6.700927628400000E-01   9.671956141100001E+00   9.671956141100001E+00   0.000000000000000E+00  -9.997564895200000E-01   0.000000000000000E+00   0.000000000000000E+00   0.000000000000000E+00
   6.722851275400000E-01   9.703600200600000E+00   9.703600200600000E+00   0.000000000000000E+00  -9.997564895200000E-01   0.000000000000000E+00   0.000000000000000E+00   0.000000000000000E+00
   6.744774922500000E-01   9.735244260100000E+00   9.735244260100000E+00   0.000000000000000E+00  -9.997564895200000E-01   0.000000000000000E+00   0.000000000000000E+00   0.000000000000000E+00
   6.766698569500000E-01   9.766888319700000E+00   9.766888319700000E+00   0.000000000000000E+00  -9.997564895200000E-01   0.000000000000000E+00   0.000000000000000E+00   0.000000000000000E+00
   6.788622216600000E-01   9.798532379199999E+00   9.798532379199999E+00   0.000000000000000E+00  -9.997564895200000E-01   0.000000000000000E+00   0.000000000000000E+00   0.000000000000000E+00
   6.814594015200000E-01   9.836019442400000E+00   9.836019442400000E+00   0.000000000000000E+00  -9.997564895200000E-01   0.000000000000000E+00   0.000000000000000E+00   0.000000000000000E+00
   6.840565813900000E-01   9.873506505600000E+00   9.873506505600000E+00   0.000000000000000E+00  -9.997564895200000E-01   0.000000000000000E+00   0.000000000000000E+00   0.000000000000000E+00
   6.866537612500000E-01   9.910993568800000E+00   9.910993568800000E+00   0.000000000000000E+00  -9.997564895200000E-01   0.000000000000000E+00   0.000000000000000E+00   0.000000000000000E+00
   6.892509411200000E-01   9.948480632000001E+00   9.948480632000001E+00   0.000000000000000E+00  -9.997564895200000E-01   0.000000000000000E+00   0.000000000000000E+00   0.000000000000000E+00
   6.914449607900000E-01   9.980148578900000E+00   9.980148578900000E+00   0.000000000000000E+00  -9.997564895200000E-01   0.000000000000000E+00   0.000000000000000E+00   0.000000000000000E+00
   6.936389804700001E-01   1.001181652600000E+01   1.001181652600000E+01   0.000000000000000E+00  -9.997564895200000E-01   0.000000000000000E+00   0.000000000000000E+00   0.000000000000000E+00
   6.958330001400000E-01   1.004348447300000E+01   1.004348447300000E+01   0.000000000000000E+00  -9.997564895200000E-01   0.000000000000000E+00   0.000000000000000E+00   0.000000000000000E+00
   6.980270198100000E-01   1.007515242000000E+01   1.007515242000000E+01   0.000000000000000E+00  -9.997564895200000E-01   0.000000000000000E+00   0.000000000000000E+00   0.000000000000000E+00
   7.000613669000000E-01   1.010451569100000E+01   1.010451569100000E+01   0.000000000000000E+00  -9.997564895200000E-01   0.000000000000000E+00   0.000000000000000E+00   0.000000000000000E+00
   7.020957139900000E-01   1.013387896300000E+01   1.013387896300000E+01   0.000000000000000E+00  -9.997564895200000E-01   0.000000000000000E+00   0.000000000000000E+00   0.000000000000000E+00
   7.041300610700000E-01   1.016324223500000E+01   1.016324223500000E+01   0.000000000000000E+00  -9.997564895200000E-01   0.000000000000000E+00   0.000000000000000E+00   0.000000000000000E+00
   7.061644081600000E-01   1.019260550600000E+01   1.019260550600000E+01   0.000000000000000E+00  -9.997564895200000E-01   0.000000000000000E+00   0.000000000000000E+00   0.000000000000000E+00
   7.085483658100000E-01   1.022701497200000E+01   1.022701497200000E+01   0.000000000000000E+00  -9.997564895200000E-01   0.000000000000000E+00   0.000000000000000E+00   0.000000000000000E+00
   7.109323234700000E-01   1.026142443700000E+01   1.026142443700000E+01   0.000000000000000E+00  -9.997564895200000E-01   0.000000000000000E+00   0.000000000000000E+00   0.000000000000000E+00
   7.133162811300000E-01   1.029583390300000E+01   1.029583390300000E+01   0.000000000000000E+00  -9.997564895200000E-01   0.000000000000000E+00   0.000000000000000E+00   0.000000000000000E+00
   7.157002387800000E-01   1.033024336900000E+01   1.033024336900000E+01   0.000000000000000E+00  -9.997564895200000E-01   0.000000000000000E+00   0.000000000000000E+00   0.000000000000000E+00
   7.179596955799999E-01   1.036285581900000E+01   1.036285581900000E+01   0.000000000000000E+00  -9.997564895200000E-01   0.000000000000000E+00   0.000000000000000E+00   0.000000000000000E+00
   7.202191523900000E-01   1.039546827000000E+01   1.039546827000000E+01   0.000000000000000E+00  -9.997564895200000E-01   0.000000000000000E+00   0.000000000000000E+00   0.000000000000000E+00
   7.224786091900000E-01   1.042808072000000E+01   1.042808072000000E+01   0.000000000000000E+00  -9.997564895200000E-01   0.000000000000000E+00   0.000000000000000E+00   0.000000000000000E+00
   7.247380659900000E-01   1.046069317100000E+01   1.046069317100000E+01   0.000000000000000E+00  -9.997564895200000E-01   0.000000000000000E+00   0.000000000000000E+00   0.000000000000000E+00
   7.275427961299999E-01   1.050117596400000E+01   1.050117596400000E+01   0.000000000000000E+00  -9.997564895200000E-01   0.000000000000000E+00   0.000000000000000E+00   0.000000000000000E+00
   7.303475262700000E-01   1.054165875800000E+01   1.054165875800000E+01   0.000000000000000E+00  -9.997564895200000E-01   0.000000000000000E+00   0.000000000000000E+00   0.000000000000000E+00
   7.331522564200000E-01   1.058214155100000E+01   1.058214155100000E+01   0.000000000000000E+00  -9.997564895200000E-01   0.000000000000000E+00   0.000000000000000E+00   0.000000000000000E+00
   7.359569865600000E-01   1.062262434500000E+01   1.062262434500000E+01   0.000000000000000E+00  -9.997564895200000E-01   0.000000000000000E+00   0.000000000000000E+00   0.000000000000000E+00
   7.382983401200000E-01   1.065641887300000E+01   1.065641887300000E+01   0.000000000000000E+00  -9.997564895200000E-01   0.000000000000000E+00   0.000000000000000E+00   0.000000000000000E+00
   7.406396936900000E-01   1.069021340200000E+01   1.069021340200000E+01   0.000000000000000E+00  -9.997564895200000E-01   0.000000000000000E+00   0.000000000000000E+00   0.000000000000000E+00
   7.429810472500000E-01   1.072400793000000E+01   1.072400793000000E+01   0.000000000000000E+00  -9.997564895200000E-01   0.000000000000000E+00   0.000000000000000E+00   0.000000000000000E+00
   7.453224008200000E-01   1.075780245900000E+01   1.075780245900000E+01   0.000000000000000E+00  -9.997564895200000E-01   0.000000000000000E+00   0.000000000000000E+00   0.000000000000000E+00
   7.477246146400000E-01   1.079247543000000E+01   1.079247543000000E+01   0.000000000000000E+00  -9.997564895200000E-01   0.000000000000000E+00   0.000000000000000E+00   0.000000000000000E+00
   7.501268284700000E-01   1.082714840000000E+01   1.082714840000000E+01   0.000000000000000E+00  -9.997564895200000E-01   0.000000000000000E+00   0.000000000000000E+00   0.000000000000000E+00
   7.525290422899999E-01   1.086182137100000E+01   1.086182137100000E+01   0.000000000000000E+00  -9.997564895200000E-01   0.000000000000000E+00   0.000000000000000E+00   0.000000000000000E+00
   7.549312561100000E-01   1.089649434200000E+01   1.089649434200000E+01   0.000000000000000E+00  -9.997564895200000E-01   0.000000000000000E+00   0.000000000000000E+00   0.000000000000000E+00
   7.573857637500000E-01   1.093192210900000E+01   1.093192210900000E+01   0.000000000000000E+00  -9.997564895200000E-01   0.000000000000000E+00   0.000000000000000E+00   0.000000000000000E+00
   7.598402713900000E-01   1.096734987600000E+01   1.096734987600000E+01   0.000000000000000E+00  -9.997564895200000E-01   0.000000000000000E+00   0.000000000000000E+00   0.000000000000000E+00
   7.622947790300000E-01   1.100277764200000E+01   1.100277764200000E+01   0.000000000000000E+00  -9.997564895200000E-01   0.000000000000000E+00   0.000000000000000E+00   0.000000000000000E+00
   7.647492866600000E-01   1.103820540900000E+01   1.103820540900000E+01   0.000000000000000E+00  -9.997564895200000E-01   0.000000000000000E+00   0.000000000000000E+00   0.000000000000000E+00
   7.668358847500000E-01   1.106832285900000E+01   1.106832285900000E+01   0.000000000000000E+00  -9.997564895200000E-01   0.000000000000000E+00   0.000000000000000E+00   0.000000000000000E+00
   7.689224828300000E-01   1.109844030900000E+01   1.109844030900000E+01   0.000000000000000E+00  -9.997564895200000E-01   0.000000000000000E+00   0.000000000000000E+00   0.000000000000000E+00
   7.710090809100000E-01   1.112855775900000E+01   1.112855775900000E+01   0.000000000000000E+00  -9.997564895200000E-01   0.000000000000000E+00   0.000000000000000E+00   0.000000000000000E+00
   7.730956790000000E-01   1.115867520900000E+01   1.115867520900000E+01   0.000000000000000E+00  -9.997564895200000E-01   0.000000000000000E+00   0.000000000000000E+00   0.000000000000000E+00
   7.756087250300000E-01   1.119494790400000E+01   1.119494790400000E+01   0.000000000000000E+00  -9.997564895200000E-01   0.000000000000000E+00   0.000000000000000E+00   0.000000000000000E+00
   7.781217710600000E-01   1.123122060000000E+01   1.123122060000000E+01   0.000000000000000E+00  -9.997564895200000E-01   0.000000000000000E+00   0.000000000000000E+00   0.000000000000000E+00
   7.806348170900000E-01   1.126749329600000E+01   1.126749329600000E+01   0.000000000000000E+00  -9.997564895200000E-01   0.000000000000000E+00   0.000000000000000E+00   0.000000000000000E+00
   7.831478631200000E-01   1.130376599200000E+01   1.130376599200000E+01   0.000000000000000E+00  -9.997564895200000E-01   0.000000000000000E+00   0.000000000000000E+00   0.000000000000000E+00
   7.855951622400000E-01   1.133908971300000E+01   1.133908971300000E+01   0.000000000000000E+00  -9.997564895200000E-01   0.000000000000000E+00   0.000000000000000E+00   0.000000000000000E+00
   7.880424613600000E-01   1.137441343400000E+01   1.137441343400000E+01   0.000000000000000E+00  -9.997564895200000E-01   0.000000000000000E+00   0.000000000000000E+00   0.000000000000000E+00
   7.904897604800000E-01   1.140973715500000E+01   1.140973715500000E+01   0.000000000000000E+00  -9.997564895200000E-01   0.000000000000000E+00   0.000000000000000E+00   0.000000000000000E+00
   7.929370596000000E-01   1.144506087600000E+01   1.144506087600000E+01   0.000000000000000E+00  -9.997564895200000E-01   0.000000000000000E+00   0.000000000000000E+00   0.000000000000000E+00
   7.958303575500000E-01   1.148682203600000E+01   1.148682203600000E+01   0.000000000000000E+00  -9.997564895200000E-01   0.000000000000000E+00   0.000000000000000E+00   0.000000000000000E+00
   7.987236555000000E-01   1.152858319500000E+01   1.152858319500000E+01   0.000000000000000E+00  -9.997564895200000E-01   0.000000000000000E+00   0.000000000000000E+00   0.000000000000000E+00
   8.016169534499999E-01   1.157034435500000E+01   1.157034435500000E+01   0.000000000000000E+00  -9.997564895200000E-01   0.000000000000000E+00   0.000000000000000E+00   0.000000000000000E+00
   8.045102514000000E-01   1.161210551500000E+01   1.161210551500000E+01   0.000000000000000E+00  -9.997564895200000E-01   0.000000000000000E+00   0.000000000000000E+00   0.000000000000000E+00
   8.068668898700000E-01   1.164612066200000E+01   1.164612066200000E+01   0.000000000000000E+00  -9.997564895200000E-01   0.000000000000000E+00   0.000000000000000E+00   0.000000000000000E+00
   8.092235283400000E-01   1.168013580900000E+01   1.168013580900000E+01   0.000000000000000E+00  -9.997564895200000E-01   0.000000000000000E+00   0.000000000000000E+00   0.000000000000000E+00
   8.115801668100000E-01   1.171415095600000E+01   1.171415095600000E+01   0.000000000000000E+00  -9.997564895200000E-01   0.000000000000000E+00   0.000000000000000E+00   0.000000000000000E+00
   8.139368052800000E-01   1.174816610300000E+01   1.174816610300000E+01   0.000000000000000E+00  -9.997564895200000E-01   0.000000000000000E+00   0.000000000000000E+00   0.000000000000000E+00
   8.162062822500000E-01   1.178092318200000E+01   1.178092318200000E+01   0.000000000000000E+00  -9.997564895200000E-01   0.000000000000000E+00   0.000000000000000E+00   0.000000000000000E+00
   8.184757592100000E-01   1.181368026100000E+01   1.181368026100000E+01   0.000000000000000E+00  -9.997564895200000E-01   0.000000000000000E+00   0.000000000000000E+00   0.000000000000000E+00
   8.207452361699999E-01   1.184643734100000E+01   1.184643734100000E+01   0.000000000000000E+00  -9.997564895200000E-01   0.000000000000000E+00   0.000000000000000E+00   0.000000000000000E+00
   8.230147131400000E-01   1.187919442000000E+01   1.187919442000000E+01   0.000000000000000E+00  -9.997564895200000E-01   0.000000000000000E+00   0.000000000000000E+00   0.000000000000000E+00
   8.252587119000000E-01   1.191158375300000E+01   1.191158375300000E+01   0.000000000000000E+00  -9.997564895200000E-01   0.000000000000000E+00   0.000000000000000E+00   0.000000000000000E+00
   8.275027106700000E-01   1.194397308600000E+01   1.194397308600000E+01   0.000000000000000E+00  -9.997564895200000E-01   0.000000000000000E+00   0.000000000000000E+00   0.000000000000000E+00
   8.297467094400000E-01   1.197636241900000E+01   1.197636241900000E+01   0.000000000000000E+00  -9.997564895200000E-01   0.000000000000000E+00   0.000000000000000E+00   0.000000000000000E+00
   8.319907082100000E-01   1.200875175200000E+01   1.200875175200000E+01   0.000000000000000E+00  -9.997564895200000E-01   0.000000000000000E+00   0.000000000000000E+00   0.000000000000000E+00
   8.344654774500000E-01   1.204447197000000E+01   1.204447197000000E+01   0.000000000000000E+00  -9.997564895200000E-01   0.000000000000000E+00   0.000000000000000E+00   0.000000000000000E+00
   8.369402466900000E-01   1.208019218800000E+01   1.208019218800000E+01   0.000000000000000E+00  -9.997564895200000E-01   0.000000000000000E+00   0.000000000000000E+00   0.000000000000000E+00
   8.394150159300000E-01   1.211591240600000E+01   1.211591240600000E+01   0.000000000000000E+00  -9.997564895200000E-01   0.000000000000000E+00   0.000000000000000E+00   0.000000000000000E+00
   8.418897851700000E-01   1.215163262400000E+01   1.215163262400000E+01   0.000000000000000E+00  -9.997564895200000E-01   0.000000000000000E+00   0.000000000000000E+00   0.000000000000000E+00
   8.444656878200000E-01   1.218881257700000E+01   1.218881257700000E+01   0.000000000000000E+00  -9.997564895200000E-01   0.000000000000000E+00   0.000000000000000E+00   0.000000000000000E+00
   8.470415904600000E-01   1.222599253000000E+01   1.222599253000000E+01   0.000000000000000E+00  -9.997564895200000E-01   0.000000000000000E+00   0.000000000000000E+00   0.000000000000000E+00
   8.496174931100000E-01   1.226317248300000E+01   1.226317248300000E+01   0.000000000000000E+00  -9.997564895200000E-01   0.000000000000000E+00   0.000000000000000E+00   0.000000000000000E+00
   8.521933957500000E-01   1.230035243600000E+01   1.230035243600000E+01   0.000000000000000E+00  -9.997564895200000E-01   0.000000000000000E+00   0.000000000000000E+00   0.000000000000000E+00
   8.545989793800000E-01   1.233507404500000E+01   1.233507404500000E+01   0.000000000000000E+00  -9.997564895200000E-01   0.000000000000000E+00   0.000000000000000E+00   0.000000000000000E+00
   8.570045630100001E-01   1.236979565500000E+01   1.236979565500000E+01   0.000000000000000E+00  -9.997564895200000E-01   0.000000000000000E+00   0.000000000000000E+00   0.000000000000000E+00
   8.594101466300000E-01   1.240451726500000E+01   1.240451726500000E+01   0.000000000000000E+00  -9.997564895200000E-01   0.000000000000000E+00   0.000000000000000E+00   0.000000000000000E+00
   8.618157302600000E-01   1.243923887400000E+01   1.243923887400000E+01   0.000000000000000E+00  -9.997564895200000E-01   0.000000000000000E+00   0.000000000000000E+00   0.000000000000000E+00
   8.640342744700000E-01   1.247126080200000E+01   1.247126080200000E+01   0.000000000000000E+00  -9.997564895200000E-01   0.000000000000000E+00   0.000000000000000E+00   0.000000000000000E+00
   8.662528186800000E-01   1.250328273000000E+01   1.250328273000000E+01   0.000000000000000E+00  -9.997564895200000E-01   0.000000000000000E+00   0.000000000000000E+00   0.000000000000000E+00
   8.684713628800000E-01   1.253530465800000E+01   1.253530465800000E+01   0.000000000000000E+00  -9.997564895200000E-01   0.000000000000000E+00   0.000000000000000E+00   0.000000000000000E+00
   8.706899070900000E-01   1.256732658700000E+01   1.256732658700000E+01   0.000000000000000E+00  -9.997564895200000E-01   0.000000000000000E+00   0.000000000000000E+00   0.000000000000000E+00
   8.729831616500000E-01   1.260042686600000E+01   1.260042686600000E+01   0.000000000000000E+00  -9.997564895200000E-01   0.000000000000000E+00   0.000000000000000E+00   0.000000000000000E+00
   8.752764162100000E-01   1.263352714500000E+01   1.263352714500000E+01   0.000000000000000E+00  -9.997564895200000E-01   0.000000000000000E+00   0.000000000000000E+00   0.000000000000000E+00
   8.775696707600000E-01   1.266662742400000E+01   1.266662742400000E+01   0.000000000000000E+00  -9.997564895200000E-01   0.000000000000000E+00   0.000000000000000E+00   0.000000000000000E+00
   8.798629253200000E-01   1.269972770300000E+01   1.269972770300000E+01   0.000000000000000E+00  -9.997564895200000E-01   0.000000000000000E+00   0.000000000000000E+00   0.000000000000000E+00
   8.821802091800000E-01   1.273317481500000E+01   1.273317481500000E+01   0.000000000000000E+00  -9.997564895200000E-01   0.000000000000000E+00   0.000000000000000E+00   0.000000000000000E+00
   8.844974930400000E-01   1.276662192800000E+01   1.276662192800000E+01   0.000000000000000E+00  -9.997564895200000E-01   0.000000000000000E+00   0.000000000000000E+00   0.000000000000000E+00
   8.868147769000000E-01   1.280006904000000E+01   1.280006904000000E+01   0.000000000000000E+00  -9.997564895200000E-01   0.000000000000000E+00   0.000000000000000E+00   0.000000000000000E+00
   8.891320607600000E-01   1.283351615200000E+01   1.283351615200000E+01   0.000000000000000E+00  -9.997564895200000E-01   0.000000000000000E+00   0.000000000000000E+00   0.000000000000000E+00
   8.913972184400000E-01   1.286621088800000E+01   1.286621088800000E+01   0.000000000000000E+00  -9.997564895200000E-01   0.000000000000000E+00   0.000000000000000E+00   0.000000000000000E+00
   8.936623761200000E-01   1.289890562300000E+01   1.289890562300000E+01   0.000000000000000E+00  -9.997564895200000E-01   0.000000000000000E+00   0.000000000000000E+00   0.000000000000000E+00
   8.959275338100000E-01   1.293160035900000E+01   1.293160035900000E+01   0.000000000000000E+00  -9.997564895200000E-01   0.000000000000000E+00   0.000000000000000E+00   0.000000000000000E+00
   8.981926914900000E-01   1.296429509500000E+01   1.296429509500000E+01   0.000000000000000E+00  -9.997564895200000E-01   0.000000000000000E+00   0.000000000000000E+00   0.000000000000000E+00
   9.008332800600000E-01   1.300240870900000E+01   1.300240870900000E+01   0.000000000000000E+00  -9.997564895200000E-01   0.000000000000000E+00   0.000000000000000E+00   0.000000000000000E+00
   9.034738686300000E-01   1.304052232300000E+01   1.304052232300000E+01   0.000000000000000E+00  -9.997564895200000E-01   0.000000000000000E+00   0.000000000000000E+00   0.000000000000000E+00
   9.061144571900001E-01   1.307863593600000E+01   1.307863593600000E+01   0.000000000000000E+00  -9.997564895200000E-01   0.000000000000000E+00   0.000000000000000E+00   0.000000000000000E+00
   9.087550457600000E-01   1.311674955000000E+01   1.311674955000000E+01   0.000000000000000E+00  -9.997564895200000E-01   0.000000000000000E+00   0.000000000000000E+00   0.000000000000000E+00
   9.113956120500000E-01   1.315486284300000E+01   1.315486284300000E+01   0.000000000000000E+00  -9.997564895200000E-01   0.000000000000000E+00   0.000000000000000E+00   0.000000000000000E+00
   9.140361783399999E-01   1.319297613500000E+01   1.319297613500000E+01   0.000000000000000E+00  -9.997564895200000E-01   0.000000000000000E+00   0.000000000000000E+00   0.000000000000000E+00
   9.166767446200000E-01   1.323108942700000E+01   1.323108942700000E+01   0.000000000000000E+00  -9.997564895200000E-01   0.000000000000000E+00   0.000000000000000E+00   0.000000000000000E+00
   9.193173109100000E-01   1.326920271900000E+01   1.326920271900000E+01   0.000000000000000E+00  -9.997564895200000E-01   0.000000000000000E+00   0.000000000000000E+00   0.000000000000000E+00
   9.218430411800000E-01   1.330565849600000E+01   1.330565849600000E+01   0.000000000000000E+00  -9.997564895200000E-01   0.000000000000000E+00   0.000000000000000E+00   0.000000000000000E+00
   9.243687714400000E-01   1.334211427300000E+01   1.334211427300000E+01   0.000000000000000E+00  -9.997564895200000E-01   0.000000000000000E+00   0.000000000000000E+00   0.000000000000000E+00
   9.268945017100000E-01   1.337857005000000E+01   1.337857005000000E+01   0.000000000000000E+00  -9.997564895200000E-01   0.000000000000000E+00   0.000000000000000E+00   0.000000000000000E+00
   9.294202319700000E-01   1.341502582700000E+01   1.341502582700000E+01   0.000000000000000E+00  -9.997564895200000E-01   0.000000000000000E+00   0.000000000000000E+00   0.000000000000000E+00
   9.321723582500000E-01   1.345474935000000E+01   1.345474935000000E+01   0.000000000000000E+00  -9.997564895200000E-01   0.000000000000000E+00   0.000000000000000E+00   0.000000000000000E+00
   9.349244845300000E-01   1.349447287200000E+01   1.349447287200000E+01   0.000000000000000E+00  -9.997564895200000E-01   0.000000000000000E+00   0.000000000000000E+00   0.000000000000000E+00
   9.376766108100000E-01   1.353419639400000E+01   1.353419639400000E+01   0.000000000000000E+00  -9.997564895200000E-01   0.000000000000000E+00   0.000000000000000E+00   0.000000000000000E+00
   9.404287370900000E-01   1.357391991600000E+01   1.357391991600000E+01   0.000000000000000E+00  -9.997564895200000E-01   0.000000000000000E+00   0.000000000000000E+00   0.000000000000000E+00
   9.426674251900000E-01   1.360623259600000E+01   1.360623259600000E+01   0.000000000000000E+00  -9.997564895200000E-01   0.000000000000000E+00   0.000000000000000E+00   0.000000000000000E+00
   9.449061132900000E-01   1.363854527600000E+01   1.363854527600000E+01   0.000000000000000E+00  -9.997564895200000E-01   0.000000000000000E+00   0.000000000000000E+00   0.000000000000000E+00
   9.471448014000000E-01   1.367085795600000E+01   1.367085795600000E+01   0.000000000000000E+00  -9.997564895200000E-01   0.000000000000000E+00   0.000000000000000E+00   0.000000000000000E+00
   9.493834895000000E-01   1.370317063700000E+01   1.370317063700000E+01   0.000000000000000E+00  -9.997564895200000E-01   0.000000000000000E+00   0.000000000000000E+00   0.000000000000000E+00
   9.519324231900000E-01   1.373996132600000E+01   1.373996132600000E+01   0.000000000000000E+00  -9.997564895200000E-01   0.000000000000000E+00   0.000000000000000E+00   0.000000000000000E+00
   9.544813568900000E-01   1.377675201600000E+01   1.377675201600000E+01   0.000000000000000E+00  -9.997564895200000E-01   0.000000000000000E+00   0.000000000000000E+00   0.000000000000000E+00
   9.570302905800000E-01   1.381354270600000E+01   1.381354270600000E+01   0.000000000000000E+00  -9.997564895200000E-01   0.000000000000000E+00   0.000000000000000E+00   0.000000000000000E+00
   9.595792242800000E-01   1.385033339500000E+01   1.385033339500000E+01   0.000000000000000E+00  -9.997564895200000E-01   0.000000000000000E+00   0.000000000000000E+00   0.000000000000000E+00
   9.625784229700000E-01   1.389362310100000E+01   1.389362310100000E+01   0.000000000000000E+00  -9.997564895200000E-01   0.000000000000000E+00   0.000000000000000E+00   0.000000000000000E+00
   9.655776216600001E-01   1.393691280600000E+01   1.393691280600000E+01   0.000000000000000E+00  -9.997564895200000E-01   0.000000000000000E+00   0.000000000000000E+00   0.000000000000000E+00
   9.685768203600000E-01   1.398020251100000E+01   1.398020251100000E+01   0.000000000000000E+00  -9.997564895200000E-01   0.000000000000000E+00   0.000000000000000E+00   0.000000000000000E+00
   9.715760190500000E-01   1.402349221700000E+01   1.402349221700000E+01   0.000000000000000E+00  -9.997564895200000E-01   0.000000000000000E+00   0.000000000000000E+00   0.000000000000000E+00
   9.740812223799999E-01   1.405965171300000E+01   1.405965171300000E+01   0.000000000000000E+00  -9.997564895200000E-01   0.000000000000000E+00   0.000000000000000E+00   0.000000000000000E+00
   9.765864257200000E-01   1.409581120900000E+01   1.409581120900000E+01   0.000000000000000E+00  -9.997564895200000E-01   0.000000000000000E+00   0.000000000000000E+00   0.000000000000000E+00
   9.790916290500000E-01   1.413197070500000E+01   1.413197070500000E+01   0.000000000000000E+00  -9.997564895200000E-01   0.000000000000000E+00   0.000000000000000E+00   0.000000000000000E+00
   9.815968323800000E-01   1.416813020200000E+01   1.416813020200000E+01   0.000000000000000E+00  -9.997564895200000E-01   0.000000000000000E+00   0.000000000000000E+00   0.000000000000000E+00
   9.838971974100000E-01   1.420133311200000E+01   1.420133311200000E+01   0.000000000000000E+00  -9.997564895200000E-01   0.000000000000000E+00   0.000000000000000E+00   0.000000000000000E+00
   9.861975624500000E-01   1.423453602200000E+01   1.423453602200000E+01   0.000000000000000E+00  -9.997564895200000E-01   0.000000000000000E+00   0.000000000000000E+00   0.000000000000000E+00
   9.884979274800000E-01   1.426773893200000E+01   1.426773893200000E+01   0.000000000000000E+00  -9.997564895200000E-01   0.000000000000000E+00   0.000000000000000E+00   0.000000000000000E+00
   9.907982925200000E-01   1.430094184200000E+01   1.430094184200000E+01   0.000000000000000E+00  -9.997564895200000E-01   0.000000000000000E+00   0.000000000000000E+00   0.000000000000000E+00
   9.930987193900001E-01   1.433414564400000E+01   1.433414564400000E+01   0.000000000000000E+00  -9.997564895200000E-01   0.000000000000000E+00   0.000000000000000E+00   0.000000000000000E+00
   9.953991462600000E-01   1.436734944700000E+01   1.436734944700000E+01   0.000000000000000E+00  -9.997564895200000E-01   0.000000000000000E+00   0.000000000000000E+00   0.000000000000000E+00
   9.976995731300000E-01   1.440055324900000E+01   1.440055324900000E+01   0.000000000000000E+00  -9.997564895200000E-01   0.000000000000000E+00   0.000000000000000E+00   0.000000000000000E+00
   1.000000000000000E+00   1.443375705200000E+01   1.443375705200000E+01   0.000000000000000E+00  -9.997564895200000E-01   0.000000000000000E+00   0.000000000000000E+00   0.000000000000000E+00
