   0.000000000000000E+00  -1.370564095300000E-30   0.000000000000000E+00   0.000000000000000E+00  -9.992338866400000E-01   0.000000000000000E+00   0.000000000000000E+00   0.000000000000000E+00
   8.690959784400000E-03   1.254432020800000E-01   1.254432020800000E-01   0.000000000000000E+00  -9.992338866400000E-01   0.000000000000000E+00   0.000000000000000E+00   0.000000000000000E+00
   1.738191956900000E-02   2.508864041500000E-01   2.508864041500000E-01   0.000000000000000E+00  -9.992338866400000E-01   0.000000000000000E+00   0.000000000000000E+00   0.000000000000000E+00
   2.607287935300000E-02   3.763296062300000E-01   3.763296062300000E-01   0.000000000000000E+00  -9.992338866400000E-01   0.000000000000000E+00   0.000000000000000E+00   0.000000000000000E+00
   3.476383913700000E-02   5.017728083000000E-01   5.017728083100000E-01   0.000000000000000E+00  -9.992338866400000E-01   0.000000000000000E+00   0.000000000000000E+00   0.000000000000000E+00
   4.251793759900000E-02   6.136935816600000E-01   6.136935816600000E-01   0.000000000000000E+00  -9.992338866400000E-01   0.000000000000000E+00   0.000000000000000E+00   0.000000000000000E+00
   5.027203606100000E-02   7.256143550100000E-01   7.256143550100000E-01   0.000000000000000E+00  -9.992338866400000E-01   0.000000000000000E+00   0.000000000000000E+00   0.000000000000000E+00
   5.802613452200000E-02   8.375351283600000E-01   8.375351283600000E-01   0.000000000000000E+00  -9.992338866400000E-01   0.000000000000000E+00   0.000000000000000E+00   0.000000000000000E+00
   6.578023298400000E-02   9.494559017100000E-01   9.494559017100000E-01   0.000000000000000E+00  -9.992338866400000E-01   0.000000000000000E+00   0.000000000000000E+00   0.000000000000000E+00
   7.356253532500000E-02   1.061783763000000E+00   1.061783763000000E+00   0.000000000000000E+00  -9.992338866400000E-01   0.000000000000000E+00   0.000000000000000E+00   0.000000000000000E+00
   8.134483766700000E-02   1.174111624300000E+00   1.174111624300000E+00   0.000000000000000E+00  -9.992338866400000E-01   0.000000000000000E+00   0.000000000000000E+00   0.000000000000000E+00
   8.912714000800000E-02   1.286439485600000E+00   1.286439485600000E+00   0.000000000000000E+00  -9.992338866400000E-01   0.000000000000000E+00   0.000000000000000E+00   0.000000000000000E+00
   9.690944235000000E-02   1.398767346900000E+00   1.398767346900000E+00   0.000000000000000E+00  -9.992338866400000E-01   0.000000000000000E+00   0.000000000000000E+00   0.000000000000000E+00
   1.062972183000000E-01   1.534268224200000E+00   1.534268224200000E+00   0.000000000000000E+00  -9.992338866400000E-01   0.000000000000000E+00   0.000000000000000E+00   0.000000000000000E+00
   1.156849942400000E-01   1.669769101500000E+00   1.669769101500000E+00   0.000000000000000E+00  -9.992338866400000E-01   0.000000000000000E+00   0.000000000000000E+00   0.000000000000000E+00
   1.250727701900000E-01   1.805269978800000E+00   1.805269978800000E+00   0.000000000000000E+00  -9.992338866400000E-01   0.000000000000000E+00   0.000000000000000E+00   0.000000000000000E+00
   1.344605461400000E-01   1.940770856000000E+00   1.940770856000000E+00   0.000000000000000E+00  -9.992338866400000E-01   0.000000000000000E+00   0.000000000000000E+00   0.000000000000000E+00
   1.421456320100000E-01   2.051695518400000E+00   2.051695518400000E+00   0.000000000000000E+00  -9.992338866400000E-01   0.000000000000000E+00   0.000000000000000E+00   0.000000000000000E+00
   1.498307178800000E-01   2.162620180800000E+00   2.162620180800000E+00   0.000000000000000E+00  -9.992338866400000E-01   0.000000000000000E+00   0.000000000000000E+00   0.000000000000000E+00
   1.575158037500000E-01   2.273544843200000E+00   2.273544843200000E+00   0.000000000000000E+00  -9.992338866400000E-01   0.000000000000000E+00   0.000000000000000E+00   0.000000000000000E+00
   1.652008896200000E-01   2.384469505500000E+00   2.384469505500000E+00   0.000000000000000E+00  -9.992338866400000E-01   0.000000000000000E+00   0.000000000000000E+00   0.000000000000000E+00
   1.716501895800000E-01   2.477557134300000E+00   2.477557134300000E+00   0.000000000000000E+00  -9.992338866400000E-01   0.000000000000000E+00   0.000000000000000E+00   0.000000000000000E+00
   1.780994895400000E-01   2.570644763100000E+00   2.570644763100000E+00   0.000000000000000E+00  -9.992338866400000E-01   0.000000000000000E+00   0.000000000000000E+00   0.000000000000000E+00
   1.845487895000000E-01   2.663732391900000E+00   2.663732391900000E+00   0.000000000000000E+00  -9.992338866400000E-01   0.000000000000000E+00   0.000000000000000E+00   0.000000000000000E+00
   1.909980894600000E-01   2.756820020700000E+00   2.756820020700000E+00   0.000000000000000E+00  -9.992338866400000E-01   0.000000000000000E+00   0.000000000000000E+00   0.000000000000000E+00
   1.979192951300000E-01   2.856719021900000E+00   2.856719021900000E+00   0.000000000000000E+00  -9.992338866400000E-01   0.000000000000000E+00   0.000000000000000E+00   0.000000000000000E+00
   2.048405008000000E-01   2.956618023000000E+00   2.956618023000000E+00   0.000000000000000E+00  -9.992338866400000E-01   0.000000000000000E+00   0.000000000000000E+00   0.000000000000000E+00
   2.117617064700000E-01   3.056517024200000E+00   3.056517024200000E+00   0.000000000000000E+00  -9.992338866400000E-01   0.000000000000000E+00   0.000000000000000E+00   0.000000000000000E+00
   2.186829121400000E-01   3.156416025300000E+00   3.156416025300000E+00   0.000000000000000E+00  -9.992338866400000E-01   0.000000000000000E+00   0.000000000000000E+00   0.000000000000000E+00
   2.251097638500000E-01   3.249179641400000E+00   3.249179641400000E+00   0.000000000000000E+00  -9.992338866400000E-01   0.000000000000000E+00   0.000000000000000E+00   0.000000000000000E+00
   2.315366155500000E-01   3.341943257500000E+00   3.341943257500000E+00   0.000000000000000E+00  -9.992338866400000E-01   0.000000000000000E+00   0.000000000000000E+00   0.000000000000000E+00
   2.379634672500000E-01   3.434706873500000E+00   3.434706873500000E+00   0.000000000000000E+00  -9.992338866400000E-01   0.000000000000000E+00   0.000000000000000E+00   0.000000000000000E+00
   2.443903189500000E-01   3.527470489600000E+00   3.527470489600000E+00   0.000000000000000E+00  -9.992338866400000E-01   0.000000000000000E+00   0.000000000000000E+00   0.000000000000000E+00
   2.493906847300000E-01   3.599644554400000E+00   3.599644554400000E+00   0.000000000000000E+00  -9.992338866400000E-01   0.000000000000000E+00   0.000000000000000E+00   0.000000000000000E+00
   2.543910505000000E-01   3.671818619100000E+00   3.671818619100000E+00   0.000000000000000E+00  -9.992338866400000E-01   0.000000000000000E+00   0.000000000000000E+00   0.000000000000000E+00
   2.593914162700000E-01   3.743992683900000E+00   3.743992683900000E+00   0.000000000000000E+00  -9.992338866400000E-01   0.000000000000000E+00   0.000000000000000E+00   0.000000000000000E+00
   2.643917820500000E-01   3.816166748600000E+00   3.816166748600000E+00   0.000000000000000E+00  -9.992338866400000E-01   0.000000000000000E+00   0.000000000000000E+00   0.000000000000000E+00
   2.694354119400000E-01   3.888965277200000E+00   3.888965277200000E+00   0.000000000000000E+00  -9.992338866400000E-01   0.000000000000000E+00   0.000000000000000E+00   0.000000000000000E+00
   2.744790418400000E-01   3.961763805700000E+00   3.961763805700000E+00   0.000000000000000E+00  -9.992338866400000E-01   0.000000000000000E+00   0.000000000000000E+00   0.000000000000000E+00
   2.795226717300000E-01   4.034562334300000E+00   4.034562334300000E+00   0.000000000000000E+00  -9.992338866400000E-01   0.000000000000000E+00   0.000000000000000E+00   0.000000000000000E+00
   2.845663016200000E-01   4.107360862800000E+00   4.107360862800000E+00   0.000000000000000E+00  -9.992338866400000E-01   0.000000000000000E+00   0.000000000000000E+00   0.000000000000000E+00
   2.895895110300000E-01   4.179864647000000E+00   4.179864647000000E+00   0.000000000000000E+00  -9.992338866400000E-01   0.000000000000000E+00   0.000000000000000E+00   0.000000000000000E+00
   2.946127204300000E-01   4.252368431100000E+00   4.252368431100000E+00   0.000000000000000E+00  -9.992338866400000E-01   0.000000000000000E+00   0.000000000000000E+00   0.000000000000000E+00
   2.996359298400000E-01   4.324872215300000E+00   4.324872215300000E+00   0.000000000000000E+00  -9.992338866400000E-01   0.000000000000000E+00   0.000000000000000E+00   0.000000000000000E+00
   3.046591392400000E-01   4.397375999500000E+00   4.397375999500000E+00   0.000000000000000E+00  -9.992338866400000E-01   0.000000000000000E+00   0.000000000000000E+00   0.000000000000000E+00
   3.091943324800000E-01   4.462835876900000E+00   4.462835876900000E+00   0.000000000000000E+00  -9.992338866400000E-01   0.000000000000000E+00   0.000000000000000E+00   0.000000000000000E+00
   3.137295257200000E-01   4.528295754200000E+00   4.528295754200000E+00   0.000000000000000E+00  -9.992338866400000E-01   0.000000000000000E+00   0.000000000000000E+00   0.000000000000000E+00
   3.182647189600000E-01   4.593755631600000E+00   4.593755631600000E+00   0.000000000000000E+00  -9.992338866400000E-01   0.000000000000000E+00   0.000000000000000E+00   0.000000000000000E+00
   3.227999121900000E-01   4.659215509000000E+00   4.659215509000000E+00   0.000000000000000E+00  -9.992338866400000E-01   0.000000000000000E+00   0.000000000000000E+00   0.000000000000000E+00
   3.273955046400000E-01   4.725547173900000E+00   4.725547173900000E+00   0.000000000000000E+00  -9.992338866400000E-01   0.000000000000000E+00   0.000000000000000E+00   0.000000000000000E+00
   3.319910970900000E-01   4.791878838900000E+00   4.791878838900000E+00   0.000000000000000E+00  -9.992338866400000E-01   0.000000000000000E+00   0.000000000000000E+00   0.000000000000000E+00
   3.365866895500000E-01   4.858210503800000E+00   4.858210503800000E+00   0.000000000000000E+00  -9.992338866400000E-01   0.000000000000000E+00   0.000000000000000E+00   0.000000000000000E+00
   3.411822820000000E-01   4.924542168800000E+00   4.924542168800000E+00   0.000000000000000E+00  -9.992338866400000E-01   0.000000000000000E+00   0.000000000000000E+00   0.000000000000000E+00
   3.459520015300000E-01   4.993387141700000E+00   4.993387141700000E+00   0.000000000000000E+00  -9.992338866400000E-01   0.000000000000000E+00   0.000000000000000E+00   0.000000000000000E+00
   3.507217210600000E-01   5.062232114700000E+00   5.062232114700000E+00   0.000000000000000E+00  -9.992338866400000E-01   0.000000000000000E+00   0.000000000000000E+00   0.000000000000000E+00
   3.554914405900000E-01   5.131077087600000E+00   5.131077087600000E+00   0.000000000000000E+00  -9.992338866400000E-01   0.000000000000000E+00   0.000000000000000E+00   0.000000000000000E+00
   3.602611601300000E-01   5.199922060500000E+00   5.199922060500000E+00   0.000000000000000E+00  -9.992338866400000E-01   0.000000000000000E+00   0.000000000000000E+00   0.000000000000000E+00
   3.647633828700000E-01   5.264906049900000E+00   5.264906049900000E+00   0.000000000000000E+00  -9.992338866400000E-01   0.000000000000000E+00   0.000000000000000E+00   0.000000000000000E+00
   3.692656056200000E-01   5.329890039200000E+00   5.329890039200000E+00   0.000000000000000E+00  -9.992338866400000E-01   0.000000000000000E+00   0.000000000000000E+00   0.000000000000000E+00
   3.737678283700000E-01   5.394874028500000E+00   5.394874028500000E+00   0.000000000000000E+00  -9.992338866400000E-01   0.000000000000000E+00   0.000000000000000E+00   0.000000000000000E+00
   3.782700511100000E-01   5.459858017800000E+00   5.459858017800000E+00   0.000000000000000E+00  -9.992338866400000E-01   0.000000000000000E+00   0.000000000000000E+00   0.000000000000000E+00
   3.824757565100000E-01   5.520562147700000E+00   5.520562147700000E+00   0.000000000000000E+00  -9.992338866400000E-01   0.000000000000000E+00   0.000000000000000E+00   0.000000000000000E+00
   3.866814619000000E-01   5.581266277600000E+00   5.581266277600000E+00   0.000000000000000E+00  -9.992338866400000E-01   0.000000000000000E+00   0.000000000000000E+00   0.000000000000000E+00
   3.908871673000000E-01   5.641970407500000E+00   5.641970407500000E+00   0.000000000000000E+00  -9.992338866400000E-01   0.000000000000000E+00   0.000000000000000E+00   0.000000000000000E+00
   3.950928726900000E-01   5.702674537400000E+00   5.702674537400000E+00   0.000000000000000E+00  -9.992338866400000E-01   0.000000000000000E+00   0.000000000000000E+00   0.000000000000000E+00
   3.992730590400000E-01   5.763010331600000E+00   5.763010331600000E+00   0.000000000000000E+00  -9.992338866400000E-01   0.000000000000000E+00   0.000000000000000E+00   0.000000000000000E+00
   4.034532453900000E-01   5.823346125900000E+00   5.823346125900000E+00   0.000000000000000E+00  -9.992338866400000E-01   0.000000000000000E+00   0.000000000000000E+00   0.000000000000000E+00
   4.076334317400000E-01   5.883681920100000E+00   5.883681920100000E+00   0.000000000000000E+00  -9.992338866400000E-01   0.000000000000000E+00   0.000000000000000E+00   0.000000000000000E+00
   4.118136180900000E-01   5.944017714300000E+00   5.944017714300000E+00   0.000000000000000E+00  -9.992338866400000E-01   0.000000000000000E+00   0.000000000000000E+00   0.000000000000000E+00
   4.160439970600000E-01   6.005077976500000E+00   6.005077976500000E+00   0.000000000000000E+00  -9.992338866400000E-01   0.000000000000000E+00   0.000000000000000E+00   0.000000000000000E+00
   4.202743760300000E-01   6.066138238800000E+00   6.066138238800000E+00   0.000000000000000E+00  -9.992338866400000E-01   0.000000000000000E+00   0.000000000000000E+00   0.000000000000000E+00
   4.245047550000000E-01   6.127198501100000E+00   6.127198501100000E+00   0.000000000000000E+00  -9.992338866400000E-01   0.000000000000000E+00   0.000000000000000E+00   0.000000000000000E+00
   4.287351339700000E-01   6.188258763400000E+00   6.188258763400000E+00   0.000000000000000E+00  -9.992338866400000E-01   0.000000000000000E+00   0.000000000000000E+00   0.000000000000000E+00
   4.330447607100000E-01   6.250462868700000E+00   6.250462868700000E+00   0.000000000000000E+00  -9.992338866400000E-01   0.000000000000000E+00   0.000000000000000E+00   0.000000000000000E+00
   4.373543874400000E-01   6.312666974000000E+00   6.312666974000000E+00   0.000000000000000E+00  -9.992338866400000E-01   0.000000000000000E+00   0.000000000000000E+00   0.000000000000000E+00
   4.416640141800000E-01   6.374871079300000E+00   6.374871079300000E+00   0.000000000000000E+00  -9.992338866400000E-01   0.000000000000000E+00   0.000000000000000E+00   0.000000000000000E+00
   4.459736409200000E-01   6.437075184600000E+00   6.437075184600000E+00   0.000000000000000E+00  -9.992338866400000E-01   0.000000000000000E+00   0.000000000000000E+00   0.000000000000000E+00
   4.501873789000000E-01   6.497895254900000E+00   6.497895254900000E+00   0.000000000000000E+00  -9.992338866400000E-01   0.000000000000000E+00   0.000000000000000E+00   0.000000000000000E+00
   4.544011168700000E-01   6.558715325100000E+00   6.558715325100000E+00   0.000000000000000E+00  -9.992338866400000E-01   0.000000000000000E+00   0.000000000000000E+00   0.000000000000000E+00
   4.586148548500000E-01   6.619535395300000E+00   6.619535395300000E+00   0.000000000000000E+00  -9.992338866400000E-01   0.000000000000000E+00   0.000000000000000E+00   0.000000000000000E+00
   4.628285928200000E-01   6.680355465500000E+00   6.680355465500000E+00   0.000000000000000E+00  -9.992338866400000E-01   0.000000000000000E+00   0.000000000000000E+00   0.000000000000000E+00
   4.663246106200000E-01   6.730816137100000E+00   6.730816137100000E+00   0.000000000000000E+00  -9.992338866400000E-01   0.000000000000000E+00   0.000000000000000E+00   0.000000000000000E+00
   4.698206284200000E-01   6.781276808700000E+00   6.781276808700000E+00   0.000000000000000E+00  -9.992338866400000E-01   0.000000000000000E+00   0.000000000000000E+00   0.000000000000000E+00
   4.733166462200000E-01   6.831737480200000E+00   6.831737480200000E+00   0.000000000000000E+00  -9.992338866400000E-01   0.000000000000000E+00   0.000000000000000E+00   0.000000000000000E+00
   4.768126640200000E-01   6.882198151800000E+00   6.882198151800000E+00   0.000000000000000E+00  -9.992338866400000E-01   0.000000000000000E+00   0.000000000000000E+00   0.000000000000000E+00
   4.806770456300000E-01   6.937975697100000E+00   6.937975697100000E+00   0.000000000000000E+00  -9.992338866400000E-01   0.000000000000000E+00   0.000000000000000E+00   0.000000000000000E+00
   4.845414272400000E-01   6.993753242300000E+00   6.993753242300000E+00   0.000000000000000E+00  -9.992338866400000E-01   0.000000000000000E+00   0.000000000000000E+00   0.000000000000000E+00
   4.884058088400000E-01   7.049530787600000E+00   7.049530787600000E+00   0.000000000000000E+00  -9.992338866400000E-01   0.000000000000000E+00   0.000000000000000E+00   0.000000000000000E+00
   4.922701904500000E-01   7.105308332900000E+00   7.105308332900000E+00   0.000000000000000E+00  -9.992338866400000E-01   0.000000000000000E+00   0.000000000000000E+00   0.000000000000000E+00
   4.960723667900000E-01   7.160188022400000E+00   7.160188022400000E+00   0.000000000000000E+00  -9.992338866400000E-01   0.000000000000000E+00   0.000000000000000E+00   0.000000000000000E+00
   4.998745431200000E-01   7.215067711900000E+00   7.215067711900000E+00   0.000000000000000E+00  -9.992338866400000E-01   0.000000000000000E+00   0.000000000000000E+00   0.000000000000000E+00
   5.036767194600000E-01   7.269947401400000E+00   7.269947401400000E+00   0.000000000000000E+00  -9.992338866400000E-01   0.000000000000000E+00   0.000000000000000E+00   0.000000000000000E+00
   5.074788958000001E-01   7.324827091000000E+00   7.324827091000000E+00   0.000000000000000E+00  -9.992338866400000E-01   0.000000000000000E+00   0.000000000000000E+00   0.000000000000000E+00
   5.108633315100000E-01   7.373677213900000E+00   7.373677213900000E+00   0.000000000000000E+00  -9.992338866400000E-01   0.000000000000000E+00   0.000000000000000E+00   0.000000000000000E+00
   5.142477672300000E-01   7.422527336700000E+00   7.422527336700000E+00   0.000000000000000E+00  -9.992338866400000E-01   0.000000000000000E+00   0.000000000000000E+00   0.000000000000000E+00
   5.176322029500000E-01   7.471377459600000E+00   7.471377459600000E+00   0.000000000000000E+00  -9.992338866400000E-01   0.000000000000000E+00   0.000000000000000E+00   0.000000000000000E+00
   5.210166386600000E-01   7.520227582500000E+00   7.520227582500000E+00   0.000000000000000E+00  -9.992338866400000E-01   0.000000000000000E+00   0.000000000000000E+00   0.000000000000000E+00
   5.242806672700000E-01   7.567339778400000E+00   7.567339778400000E+00   0.000000000000000E+00  -9.992338866400000E-01   0.000000000000000E+00   0.000000000000000E+00   0.000000000000000E+00
   5.275446958800000E-01   7.614451974400000E+00   7.614451974400000E+00   0.000000000000000E+00  -9.992338866400000E-01   0.000000000000000E+00   0.000000000000000E+00   0.000000000000000E+00
   5.308087244800000E-01   7.661564170300000E+00   7.661564170300000E+00   0.000000000000000E+00  -9.992338866400000E-01   0.000000000000000E+00   0.000000000000000E+00   0.000000000000000E+00
   5.340727530900000E-01   7.708676366200000E+00   7.708676366200000E+00   0.000000000000000E+00  -9.992338866400000E-01   0.000000000000000E+00   0.000000000000000E+00   0.000000000000000E+00
   5.371954376900000E-01   7.753748437100000E+00   7.753748437100000E+00   0.000000000000000E+00  -9.992338866400000E-01   0.000000000000000E+00   0.000000000000000E+00   0.000000000000000E+00
   5.403181222900000E-01   7.798820508000000E+00   7.798820508000000E+00   0.000000000000000E+00  -9.992338866400000E-01   0.000000000000000E+00   0.000000000000000E+00   0.000000000000000E+00
   5.434408068900000E-01   7.843892578800000E+00   7.843892578800000E+00   0.000000000000000E+00  -9.992338866400000E-01   0.000000000000000E+00   0.000000000000000E+00   0.000000000000000E+00
   5.465634914900001E-01   7.888964649700000E+00   7.888964649700000E+00   0.000000000000000E+00  -9.992338866400000E-01   0.000000000000000E+00   0.000000000000000E+00   0.000000000000000E+00
   5.498631705500000E-01   7.936591415500000E+00   7.936591415500000E+00   0.000000000000000E+00  -9.992338866400000E-01   0.000000000000000E+00   0.000000000000000E+00   0.000000000000000E+00
   5.531628496000000E-01   7.984218181400000E+00   7.984218181400000E+00   0.000000000000000E+00  -9.992338866400000E-01   0.000000000000000E+00   0.000000000000000E+00   0.000000000000000E+00
   5.564625286600000E-01   8.031844947200000E+00   8.031844947200000E+00   0.000000000000000E+00  -9.992338866400000E-01   0.000000000000000E+00   0.000000000000000E+00   0.000000000000000E+00
   5.597622077100000E-01   8.079471713000000E+00   8.079471713000000E+00   0.000000000000000E+00  -9.992338866400000E-01   0.000000000000000E+00   0.000000000000000E+00   0.000000000000000E+00
   5.637955830200000E-01   8.137688472300001E+00   8.137688472300001E+00   0.000000000000000E+00  -9.992338866400000E-01   0.000000000000000E+00   0.000000000000000E+00   0.000000000000000E+00
   5.678289583300000E-01   8.195905231599999E+00   8.195905231599999E+00   0.000000000000000E+00  -9.992338866400000E-01   0.000000000000000E+00   0.000000000000000E+00   0.000000000000000E+00
   5.718623336300001E-01   8.254121990900000E+00   8.254121990900000E+00   0.000000000000000E+00  -9.992338866400000E-01   0.000000000000000E+00   0.000000000000000E+00   0.000000000000000E+00
   5.758957089400000E-01   8.312338750200000E+00   8.312338750200000E+00   0.000000000000000E+00  -9.992338866400000E-01   0.000000000000000E+00   0.000000000000000E+00   0.000000000000000E+00
   5.780905349700000E-01   8.344018335800000E+00   8.344018335800000E+00   0.000000000000000E+00  -9.992338866400000E-01   0.000000000000000E+00   0.000000000000000E+00   0.000000000000000E+00
   5.802853610000001E-01   8.375697921500000E+00   8.375697921500000E+00   0.000000000000000E+00  -9.992338866400000E-01   0.000000000000000E+00   0.000000000000000E+00   0.000000000000000E+00
   5.824801870300000E-01   8.407377507200000E+00   8.407377507200000E+00   0.000000000000000E+00  -9.992338866400000E-01   0.000000000000000E+00   0.000000000000000E+00   0.000000000000000E+00
   5.846750130600000E-01   8.439057092900001E+00   8.439057092900001E+00   0.000000000000000E+00  -9.992338866400000E-01   0.000000000000000E+00   0.000000000000000E+00   0.000000000000000E+00
   5.866740932400000E-01   8.467911330600000E+00   8.467911330600000E+00   0.000000000000000E+00  -9.992338866400000E-01   0.000000000000000E+00   0.000000000000000E+00   0.000000000000000E+00
   5.886731734300000E-01   8.496765568300001E+00   8.496765568300001E+00   0.000000000000000E+00  -9.992338866400000E-01   0.000000000000000E+00   0.000000000000000E+00   0.000000000000000E+00
   5.906722536100000E-01   8.525619806000000E+00   8.525619806000000E+00   0.000000000000000E+00  -9.992338866400000E-01   0.000000000000000E+00   0.000000000000000E+00   0.000000000000000E+00
   5.926713338000000E-01   8.554474043700001E+00   8.554474043700001E+00   0.000000000000000E+00  -9.992338866400000E-01   0.000000000000000E+00   0.000000000000000E+00   0.000000000000000E+00
   5.945941109200000E-01   8.582226941500000E+00   8.582226941500000E+00   0.000000000000000E+00  -9.992338866400000E-01   0.000000000000000E+00   0.000000000000000E+00   0.000000000000000E+00
   5.965168880400000E-01   8.609979839399999E+00   8.609979839399999E+00   0.000000000000000E+00  -9.992338866400000E-01   0.000000000000000E+00   0.000000000000000E+00   0.000000000000000E+00
   5.984396651600000E-01   8.637732737200000E+00   8.637732737200000E+00   0.000000000000000E+00  -9.992338866400000E-01   0.000000000000000E+00   0.000000000000000E+00   0.000000000000000E+00
   6.003624422900000E-01   8.665485635100000E+00   8.665485635100000E+00   0.000000000000000E+00  -9.992338866400000E-01   0.000000000000000E+00   0.000000000000000E+00   0.000000000000000E+00
   6.027168158900000E-01   8.699468091700000E+00   8.699468091700000E+00   0.000000000000000E+00  -9.992338866400000E-01   0.000000000000000E+00   0.000000000000000E+00   0.000000000000000E+00
   6.050711895000001E-01   8.733450548300000E+00   8.733450548300000E+00   0.000000000000000E+00  -9.992338866400000E-01   0.000000000000000E+00   0.000000000000000E+00   0.000000000000000E+00
   6.074255631000000E-01   8.767433004999999E+00   8.767433004999999E+00   0.000000000000000E+00  -9.992338866400000E-01   0.000000000000000E+00   0.000000000000000E+00   0.000000000000000E+00
   6.097799367100000E-01   8.801415461600000E+00   8.801415461600000E+00   0.000000000000000E+00  -9.992338866400000E-01   0.000000000000000E+00   0.000000000000000E+00   0.000000000000000E+00
   6.119193237200000E-01   8.832294854000001E+00   8.832294854000001E+00   0.000000000000000E+00  -9.992338866400000E-01   0.000000000000000E+00   0.000000000000000E+00   0.000000000000000E+00
   6.140587107300000E-01   8.863174246400000E+00   8.863174246400000E+00   0.000000000000000E+00  -9.992338866400000E-01   0.000000000000000E+00   0.000000000000000E+00   0.000000000000000E+00
   6.161980977400000E-01   8.894053638700001E+00   8.894053638700001E+00   0.000000000000000E+00  -9.992338866400000E-01   0.000000000000000E+00   0.000000000000000E+00   0.000000000000000E+00
   6.183374847599999E-01   8.924933031100000E+00   8.924933031100000E+00   0.000000000000000E+00  -9.992338866400000E-01   0.000000000000000E+00   0.000000000000000E+00   0.000000000000000E+00
   6.203781728300000E-01   8.954387827000000E+00   8.954387827000000E+00   0.000000000000000E+00  -9.992338866400000E-01   0.000000000000000E+00   0.000000000000000E+00   0.000000000000000E+00
   6.224188609000000E-01   8.983842622899999E+00   8.983842622899999E+00   0.000000000000000E+00  -9.992338866400000E-01   0.000000000000000E+00   0.000000000000000E+00   0.000000000000000E+00
   6.244595489800000E-01   9.013297418700001E+00   9.013297418700001E+00   0.000000000000000E+00  -9.992338866400000E-01   0.000000000000000E+00   0.000000000000000E+00   0.000000000000000E+00
   6.265002370500000E-01   9.042752214600000E+00   9.042752214600000E+00   0.000000000000000E+00  -9.992338866400000E-01   0.000000000000000E+00   0.000000000000000E+00   0.000000000000000E+00
   6.283736774100001E-01   9.069792997500000E+00   9.069792997500000E+00   0.000000000000000E+00  -9.992338866400000E-01   0.000000000000000E+00   0.000000000000000E+00   0.000000000000000E+00
   6.302471177600000E-01   9.096833780500001E+00   9.096833780500001E+00   0.000000000000000E+00  -9.992338866400000E-01   0.000000000000000E+00   0.000000000000000E+00   0.000000000000000E+00
   6.321205581100000E-01   9.123874563399999E+00   9.123874563399999E+00   0.000000000000000E+00  -9.992338866400000E-01   0.000000000000000E+00   0.000000000000000E+00   0.000000000000000E+00
   6.339939984700000E-01   9.150915346300000E+00   9.150915346300000E+00   0.000000000000000E+00  -9.992338866400000E-01   0.000000000000000E+00   0.000000000000000E+00   0.000000000000000E+00
   6.366962154500000E-01   9.189918489700000E+00   9.189918489700000E+00   0.000000000000000E+00  -9.992338866400000E-01   0.000000000000000E+00   0.000000000000000E+00   0.000000000000000E+00
   6.393984324300001E-01   9.228921633200001E+00   9.228921633200001E+00   0.000000000000000E+00  -9.992338866400000E-01   0.000000000000000E+00   0.000000000000000E+00   0.000000000000000E+00
   6.421006494200000E-01   9.267924776599999E+00   9.267924776599999E+00   0.000000000000000E+00  -9.992338866400000E-01   0.000000000000000E+00   0.000000000000000E+00   0.000000000000000E+00
   6.448028664000000E-01   9.306927920100000E+00   9.306927920100000E+00   0.000000000000000E+00  -9.992338866400000E-01   0.000000000000000E+00   0.000000000000000E+00   0.000000000000000E+00
   6.488165253500000E-01   9.364860098199999E+00   9.364860098199999E+00   0.000000000000000E+00  -9.992338866400000E-01   0.000000000000000E+00   0.000000000000000E+00   0.000000000000000E+00
   6.528301842899999E-01   9.422792276299999E+00   9.422792276299999E+00   0.000000000000000E+00  -9.992338866400000E-01   0.000000000000000E+00   0.000000000000000E+00   0.000000000000000E+00
   6.568438432400000E-01   9.480724454400001E+00   9.480724454400001E+00   0.000000000000000E+00  -9.992338866400000E-01   0.000000000000000E+00   0.000000000000000E+00   0.000000000000000E+00
   6.608575021799999E-01   9.538656632500000E+00   9.538656632500000E+00   0.000000000000000E+00  -9.992338866400000E-01   0.000000000000000E+00   0.000000000000000E+00   0.000000000000000E+00
   6.638298067300000E-01   9.581558154200000E+00   9.581558154200000E+00   0.000000000000000E+00  -9.992338866400000E-01   0.000000000000000E+00   0.000000000000000E+00   0.000000000000000E+00
   6.668021112700000E-01   9.624459675800001E+00   9.624459675800001E+00   0.000000000000000E+00  -9.992338866400000E-01   0.000000000000000E+00   0.000000000000000E+00   0.000000000000000E+00
   6.697744158100000E-01   9.667361197500000E+00   9.667361197500000E+00   0.000000000000000E+00  -9.992338866400000E-01   0.000000000000000E+00   0.000000000000000E+00   0.000000000000000E+00
   6.727467203500000E-01   9.710262719099999E+00   9.710262719099999E+00   0.000000000000000E+00  -9.992338866400000E-01   0.000000000000000E+00   0.000000000000000E+00   0.000000000000000E+00
   6.753191066699999E-01   9.747391918200000E+00   9.747391918200000E+00   0.000000000000000E+00  -9.992338866400000E-01   0.000000000000000E+00   0.000000000000000E+00   0.000000000000000E+00
   6.778914929800000E-01   9.784521117300001E+00   9.784521117300001E+00   0.000000000000000E+00  -9.992338866400000E-01   0.000000000000000E+00   0.000000000000000E+00   0.000000000000000E+00
   6.804638792900000E-01   9.821650316400000E+00   9.821650316400000E+00   0.000000000000000E+00  -9.992338866400000E-01   0.000000000000000E+00   0.000000000000000E+00   0.000000000000000E+00
   6.830362656000000E-01   9.858779515400000E+00   9.858779515400000E+00   0.000000000000000E+00  -9.992338866400000E-01   0.000000000000000E+00   0.000000000000000E+00   0.000000000000000E+00
   6.855406481800000E-01   9.894927165000000E+00   9.894927165000000E+00   0.000000000000000E+00  -9.992338866400000E-01   0.000000000000000E+00   0.000000000000000E+00   0.000000000000000E+00
   6.880450307500000E-01   9.931074814600001E+00   9.931074814600001E+00   0.000000000000000E+00  -9.992338866400000E-01   0.000000000000000E+00   0.000000000000000E+00   0.000000000000000E+00
   6.905494133200000E-01   9.967222464200001E+00   9.967222464200001E+00   0.000000000000000E+00  -9.992338866400000E-01   0.000000000000000E+00   0.000000000000000E+00   0.000000000000000E+00
   6.930537958900000E-01   1.000337011400000E+01   1.000337011400000E+01   0.000000000000000E+00  -9.992338866400000E-01   0.000000000000000E+00   0.000000000000000E+00   0.000000000000000E+00
   6.953322389100000E-01   1.003625660700000E+01   1.003625660700000E+01   0.000000000000000E+00  -9.992338866400000E-01   0.000000000000000E+00   0.000000000000000E+00   0.000000000000000E+00
   6.976106819400000E-01   1.006914310000000E+01   1.006914310000000E+01   0.000000000000000E+00  -9.992338866400000E-01   0.000000000000000E+00   0.000000000000000E+00   0.000000000000000E+00
   6.998891249700000E-01   1.010202959300000E+01   1.010202959300000E+01   0.000000000000000E+00  -9.992338866400000E-01   0.000000000000000E+00   0.000000000000000E+00   0.000000000000000E+00
   7.021675679900000E-01   1.013491608600000E+01   1.013491608600000E+01   0.000000000000000E+00  -9.992338866400000E-01   0.000000000000000E+00   0.000000000000000E+00   0.000000000000000E+00
   7.040320920499999E-01   1.016182817300000E+01   1.016182817300000E+01   0.000000000000000E+00  -9.992338866400000E-01   0.000000000000000E+00   0.000000000000000E+00   0.000000000000000E+00
   7.058966161000000E-01   1.018874026100000E+01   1.018874026100000E+01   0.000000000000000E+00  -9.992338866400000E-01   0.000000000000000E+00   0.000000000000000E+00   0.000000000000000E+00
   7.077611401600000E-01   1.021565234800000E+01   1.021565234800000E+01   0.000000000000000E+00  -9.992338866400000E-01   0.000000000000000E+00   0.000000000000000E+00   0.000000000000000E+00
   7.096256642100000E-01   1.024256443500000E+01   1.024256443500000E+01   0.000000000000000E+00  -9.992338866400000E-01   0.000000000000000E+00   0.000000000000000E+00   0.000000000000000E+00
   7.114064250500000E-01   1.026826750400000E+01   1.026826750400000E+01   0.000000000000000E+00  -9.992338866400000E-01   0.000000000000000E+00   0.000000000000000E+00   0.000000000000000E+00
   7.131871858800000E-01   1.029397057400000E+01   1.029397057400000E+01   0.000000000000000E+00  -9.992338866400000E-01   0.000000000000000E+00   0.000000000000000E+00   0.000000000000000E+00
   7.149679467200000E-01   1.031967364300000E+01   1.031967364300000E+01   0.000000000000000E+00  -9.992338866400000E-01   0.000000000000000E+00   0.000000000000000E+00   0.000000000000000E+00
   7.167487075500000E-01   1.034537671200000E+01   1.034537671200000E+01   0.000000000000000E+00  -9.992338866400000E-01   0.000000000000000E+00   0.000000000000000E+00   0.000000000000000E+00
   7.184196265300000E-01   1.036949435100000E+01   1.036949435100000E+01   0.000000000000000E+00  -9.992338866400000E-01   0.000000000000000E+00   0.000000000000000E+00   0.000000000000000E+00
   7.200905455100000E-01   1.039361198900000E+01   1.039361198900000E+01   0.000000000000000E+00  -9.992338866400000E-01   0.000000000000000E+00   0.000000000000000E+00   0.000000000000000E+00
   7.217614644900000E-01   1.041772962800000E+01   1.041772962800000E+01   0.000000000000000E+00  -9.992338866400000E-01   0.000000000000000E+00   0.000000000000000E+00   0.000000000000000E+00
   7.234323834800001E-01   1.044184726700000E+01   1.044184726700000E+01   0.000000000000000E+00  -9.992338866400000E-01   0.000000000000000E+00   0.000000000000000E+00   0.000000000000000E+00
   7.257317780800000E-01   1.047503617000000E+01   1.047503617000000E+01   0.000000000000000E+00  -9.992338866400000E-01   0.000000000000000E+00   0.000000000000000E+00   0.000000000000000E+00
   7.280311726799999E-01   1.050822507300000E+01   1.050822507300000E+01   0.000000000000000E+00  -9.992338866400000E-01   0.000000000000000E+00   0.000000000000000E+00   0.000000000000000E+00
   7.303305672800000E-01   1.054141397600000E+01   1.054141397600000E+01   0.000000000000000E+00  -9.992338866400000E-01   0.000000000000000E+00   0.000000000000000E+00   0.000000000000000E+00
   7.326299618800000E-01   1.057460287900000E+01   1.057460287900000E+01   0.000000000000000E+00  -9.992338866400000E-01   0.000000000000000E+00   0.000000000000000E+00   0.000000000000000E+00
   7.349448693100000E-01   1.060801569000000E+01   1.060801569000000E+01   0.000000000000000E+00  -9.992338866400000E-01   0.000000000000000E+00   0.000000000000000E+00   0.000000000000000E+00
   7.372597767400000E-01   1.064142850200000E+01   1.064142850200000E+01   0.000000000000000E+00  -9.992338866400000E-01   0.000000000000000E+00   0.000000000000000E+00   0.000000000000000E+00
   7.395746841800001E-01   1.067484131300000E+01   1.067484131300000E+01   0.000000000000000E+00  -9.992338866400000E-01   0.000000000000000E+00   0.000000000000000E+00   0.000000000000000E+00
   7.418895916100000E-01   1.070825412500000E+01   1.070825412500000E+01   0.000000000000000E+00  -9.992338866400000E-01   0.000000000000000E+00   0.000000000000000E+00   0.000000000000000E+00
   7.439644739200000E-01   1.073820247200000E+01   1.073820247200000E+01   0.000000000000000E+00  -9.992338866400000E-01   0.000000000000000E+00   0.000000000000000E+00   0.000000000000000E+00
   7.460393562300000E-01   1.076815081900000E+01   1.076815081900000E+01   0.000000000000000E+00  -9.992338866400000E-01   0.000000000000000E+00   0.000000000000000E+00   0.000000000000000E+00
   7.481142385400000E-01   1.079809916600000E+01   1.079809916600000E+01   0.000000000000000E+00  -9.992338866400000E-01   0.000000000000000E+00   0.000000000000000E+00   0.000000000000000E+00
   7.501891208500000E-01   1.082804751300000E+01   1.082804751300000E+01   0.000000000000000E+00  -9.992338866400000E-01   0.000000000000000E+00   0.000000000000000E+00   0.000000000000000E+00
   7.519845627700000E-01   1.085396248600000E+01   1.085396248600000E+01   0.000000000000000E+00  -9.992338866400000E-01   0.000000000000000E+00   0.000000000000000E+00   0.000000000000000E+00
   7.537800046899999E-01   1.087987745800000E+01   1.087987745800000E+01   0.000000000000000E+00  -9.992338866400000E-01   0.000000000000000E+00   0.000000000000000E+00   0.000000000000000E+00
   7.555754466000000E-01   1.090579243100000E+01   1.090579243100000E+01   0.000000000000000E+00  -9.992338866400000E-01   0.000000000000000E+00   0.000000000000000E+00   0.000000000000000E+00
   7.573708885200000E-01   1.093170740300000E+01   1.093170740300000E+01   0.000000000000000E+00  -9.992338866400000E-01   0.000000000000000E+00   0.000000000000000E+00   0.000000000000000E+00
   7.593156682500000E-01   1.095977788100000E+01   1.095977788100000E+01   0.000000000000000E+00  -9.992338866400000E-01   0.000000000000000E+00   0.000000000000000E+00   0.000000000000000E+00
   7.612604479900000E-01   1.098784836000000E+01   1.098784836000000E+01   0.000000000000000E+00  -9.992338866400000E-01   0.000000000000000E+00   0.000000000000000E+00   0.000000000000000E+00
   7.632052277200000E-01   1.101591883800000E+01   1.101591883800000E+01   0.000000000000000E+00  -9.992338866400000E-01   0.000000000000000E+00   0.000000000000000E+00   0.000000000000000E+00
   7.651500074599999E-01   1.104398931600000E+01   1.104398931600000E+01   0.000000000000000E+00  -9.992338866400000E-01   0.000000000000000E+00   0.000000000000000E+00   0.000000000000000E+00
   7.673118620000000E-01   1.107519299900000E+01   1.107519299900000E+01   0.000000000000000E+00  -9.992338866400000E-01   0.000000000000000E+00   0.000000000000000E+00   0.000000000000000E+00
   7.694737165500000E-01   1.110639668300000E+01   1.110639668300000E+01   0.000000000000000E+00  -9.992338866400000E-01   0.000000000000000E+00   0.000000000000000E+00   0.000000000000000E+00
   7.716355711000000E-01   1.113760036600000E+01   1.113760036600000E+01   0.000000000000000E+00  -9.992338866400000E-01   0.000000000000000E+00   0.000000000000000E+00   0.000000000000000E+00
   7.737974256500000E-01   1.116880404900000E+01   1.116880404900000E+01   0.000000000000000E+00  -9.992338866400000E-01   0.000000000000000E+00   0.000000000000000E+00   0.000000000000000E+00
   7.762265688700000E-01   1.120386571200000E+01   1.120386571200000E+01   0.000000000000000E+00  -9.992338866400000E-01   0.000000000000000E+00   0.000000000000000E+00   0.000000000000000E+00
   7.786557120900000E-01   1.123892737500000E+01   1.123892737500000E+01   0.000000000000000E+00  -9.992338866400000E-01   0.000000000000000E+00   0.000000000000000E+00   0.000000000000000E+00
   7.810848553100000E-01   1.127398903900000E+01   1.127398903900000E+01   0.000000000000000E+00  -9.992338866400000E-01   0.000000000000000E+00   0.000000000000000E+00   0.000000000000000E+00
   7.835139985300000E-01   1.130905070200000E+01   1.130905070200000E+01   0.000000000000000E+00  -9.992338866400000E-01   0.000000000000000E+00   0.000000000000000E+00   0.000000000000000E+00
   7.855365406200000E-01   1.133824358300000E+01   1.133824358300000E+01   0.000000000000000E+00  -9.992338866400000E-01   0.000000000000000E+00   0.000000000000000E+00   0.000000000000000E+00
   7.875590827100000E-01   1.136743646400000E+01   1.136743646400000E+01   0.000000000000000E+00  -9.992338866400000E-01   0.000000000000000E+00   0.000000000000000E+00   0.000000000000000E+00
   7.895816247900000E-01   1.139662934500000E+01   1.139662934500000E+01   0.000000000000000E+00  -9.992338866400000E-01   0.000000000000000E+00   0.000000000000000E+00   0.000000000000000E+00
   7.916041668800000E-01   1.142582222600000E+01   1.142582222600000E+01   0.000000000000000E+00  -9.992338866400000E-01   0.000000000000000E+00   0.000000000000000E+00   0.000000000000000E+00
   7.933881928800000E-01   1.145157242400000E+01   1.145157242400000E+01   0.000000000000000E+00  -9.992338866400000E-01   0.000000000000000E+00   0.000000000000000E+00   0.000000000000000E+00
   7.951722188800000E-01   1.147732262200000E+01   1.147732262200000E+01   0.000000000000000E+00  -9.992338866400000E-01   0.000000000000000E+00   0.000000000000000E+00   0.000000000000000E+00
   7.969562448800001E-01   1.150307282000000E+01   1.150307282000000E+01   0.000000000000000E+00  -9.992338866400000E-01   0.000000000000000E+00   0.000000000000000E+00   0.000000000000000E+00
   7.987402708700000E-01   1.152882301700000E+01   1.152882301700000E+01   0.000000000000000E+00  -9.992338866400000E-01   0.000000000000000E+00   0.000000000000000E+00   0.000000000000000E+00
   8.005095744000000E-01   1.155436071500000E+01   1.155436071500000E+01   0.000000000000000E+00  -9.992338866400000E-01   0.000000000000000E+00   0.000000000000000E+00   0.000000000000000E+00
   8.022788779200000E-01   1.157989841200000E+01   1.157989841200000E+01   0.000000000000000E+00  -9.992338866400000E-01   0.000000000000000E+00   0.000000000000000E+00   0.000000000000000E+00
   8.040481814400000E-01   1.160543610900000E+01   1.160543610900000E+01   0.000000000000000E+00  -9.992338866400000E-01   0.000000000000000E+00   0.000000000000000E+00   0.000000000000000E+00
   8.058174849600001E-01   1.163097380600000E+01   1.163097380600000E+01   0.000000000000000E+00  -9.992338866400000E-01   0.000000000000000E+00   0.000000000000000E+00   0.000000000000000E+00
   8.075775728200000E-01   1.165637848700000E+01   1.165637848700000E+01   0.000000000000000E+00  -9.992338866400000E-01   0.000000000000000E+00   0.000000000000000E+00   0.000000000000000E+00
   8.093376606800000E-01   1.168178316700000E+01   1.168178316700000E+01   0.000000000000000E+00  -9.992338866400000E-01   0.000000000000000E+00   0.000000000000000E+00   0.000000000000000E+00
   8.110977485500001E-01   1.170718784800000E+01   1.170718784800000E+01   0.000000000000000E+00  -9.992338866400000E-01   0.000000000000000E+00   0.000000000000000E+00   0.000000000000000E+00
   8.128578364100000E-01   1.173259252900000E+01   1.173259252900000E+01   0.000000000000000E+00  -9.992338866400000E-01   0.000000000000000E+00   0.000000000000000E+00   0.000000000000000E+00
   8.149068344600000E-01   1.176216726900000E+01   1.176216726900000E+01   0.000000000000000E+00  -9.992338866400000E-01   0.000000000000000E+00   0.000000000000000E+00   0.000000000000000E+00
   8.169558325200000E-01   1.179174200900000E+01   1.179174200900000E+01   0.000000000000000E+00  -9.992338866400000E-01   0.000000000000000E+00   0.000000000000000E+00   0.000000000000000E+00
   8.190048305700000E-01   1.182131674900000E+01   1.182131674900000E+01   0.000000000000000E+00  -9.992338866400000E-01   0.000000000000000E+00   0.000000000000000E+00   0.000000000000000E+00
   8.210538286200000E-01   1.185089148900000E+01   1.185089148900000E+01   0.000000000000000E+00  -9.992338866400000E-01   0.000000000000000E+00   0.000000000000000E+00   0.000000000000000E+00
   8.232311107000000E-01   1.188231785000000E+01   1.188231785000000E+01   0.000000000000000E+00  -9.992338866400000E-01   0.000000000000000E+00   0.000000000000000E+00   0.000000000000000E+00
   8.254083927800000E-01   1.191374421000000E+01   1.191374421000000E+01   0.000000000000000E+00  -9.992338866400000E-01   0.000000000000000E+00   0.000000000000000E+00   0.000000000000000E+00
   8.275856748600000E-01   1.194517057100000E+01   1.194517057100000E+01   0.000000000000000E+00  -9.992338866400000E-01   0.000000000000000E+00   0.000000000000000E+00   0.000000000000000E+00
   8.297629569300000E-01   1.197659693100000E+01   1.197659693100000E+01   0.000000000000000E+00  -9.992338866400000E-01   0.000000000000000E+00   0.000000000000000E+00   0.000000000000000E+00
   8.321207385600000E-01   1.201062857800000E+01   1.201062857800000E+01   0.000000000000000E+00  -9.992338866400000E-01   0.000000000000000E+00   0.000000000000000E+00   0.000000000000000E+00
   8.344785201900000E-01   1.204466022600000E+01   1.204466022600000E+01   0.000000000000000E+00  -9.992338866400000E-01   0.000000000000000E+00   0.000000000000000E+00   0.000000000000000E+00
   8.368363018200000E-01   1.207869187300000E+01   1.207869187300000E+01   0.000000000000000E+00  -9.992338866400000E-01   0.000000000000000E+00   0.000000000000000E+00   0.000000000000000E+00
   8.391940834600000E-01   1.211272352000000E+01   1.211272352000000E+01   0.000000000000000E+00  -9.992338866400000E-01   0.000000000000000E+00   0.000000000000000E+00   0.000000000000000E+00
   8.411955928000000E-01   1.214161282000000E+01   1.214161282000000E+01   0.000000000000000E+00  -9.992338866400000E-01   0.000000000000000E+00   0.000000000000000E+00   0.000000000000000E+00
   8.431971021500000E-01   1.217050211900000E+01   1.217050211900000E+01   0.000000000000000E+00  -9.992338866400000E-01   0.000000000000000E+00   0.000000000000000E+00   0.000000000000000E+00
   8.451986115000000E-01   1.219939141900000E+01   1.219939141900000E+01   0.000000000000000E+00  -9.992338866400000E-01   0.000000000000000E+00   0.000000000000000E+00   0.000000000000000E+00
   8.472001208500000E-01   1.222828071900000E+01   1.222828071900000E+01   0.000000000000000E+00  -9.992338866400000E-01   0.000000000000000E+00   0.000000000000000E+00   0.000000000000000E+00
   8.491562870700000E-01   1.225651554700000E+01   1.225651554700000E+01   0.000000000000000E+00  -9.992338866400000E-01   0.000000000000000E+00   0.000000000000000E+00   0.000000000000000E+00
   8.511124532800000E-01   1.228475037500000E+01   1.228475037500000E+01   0.000000000000000E+00  -9.992338866400000E-01   0.000000000000000E+00   0.000000000000000E+00   0.000000000000000E+00
   8.530686195000000E-01   1.231298520300000E+01   1.231298520300000E+01   0.000000000000000E+00  -9.992338866400000E-01   0.000000000000000E+00   0.000000000000000E+00   0.000000000000000E+00
   8.550247857200000E-01   1.234122003000000E+01   1.234122003000000E+01   0.000000000000000E+00  -9.992338866400000E-01   0.000000000000000E+00   0.000000000000000E+00   0.000000000000000E+00
   8.573735619400000E-01   1.237512169600000E+01   1.237512169600000E+01   0.000000000000000E+00  -9.992338866400000E-01   0.000000000000000E+00   0.000000000000000E+00   0.000000000000000E+00
   8.597223381600000E-01   1.240902336100000E+01   1.240902336100000E+01   0.000000000000000E+00  -9.992338866400000E-01   0.000000000000000E+00   0.000000000000000E+00   0.000000000000000E+00
   8.620711143799999E-01   1.244292502700000E+01   1.244292502700000E+01   0.000000000000000E+00  -9.992338866400000E-01   0.000000000000000E+00   0.000000000000000E+00   0.000000000000000E+00
   8.644198906000000E-01   1.247682669200000E+01   1.247682669200000E+01   0.000000000000000E+00  -9.992338866400000E-01   0.000000000000000E+00   0.000000000000000E+00   0.000000000000000E+00
   8.665168634400000E-01   1.250709388800000E+01   1.250709388800000E+01   0.000000000000000E+00  -9.992338866400000E-01   0.000000000000000E+00   0.000000000000000E+00   0.000000000000000E+00
   8.686138362700000E-01   1.253736108500000E+01   1.253736108500000E+01   0.000000000000000E+00  -9.992338866400000E-01   0.000000000000000E+00   0.000000000000000E+00   0.000000000000000E+00
   8.707108091000000E-01   1.256762828100000E+01   1.256762828100000E+01   0.000000000000000E+00  -9.992338866400000E-01   0.000000000000000E+00   0.000000000000000E+00   0.000000000000000E+00
   8.728077819400000E-01   1.259789547800000E+01   1.259789547800000E+01   0.000000000000000E+00  -9.992338866400000E-01   0.000000000000000E+00   0.000000000000000E+00   0.000000000000000E+00
   8.745424887000000E-01   1.262293381400000E+01   1.262293381400000E+01   0.000000000000000E+00  -9.992338866400000E-01   0.000000000000000E+00   0.000000000000000E+00   0.000000000000000E+00
   8.762771954700000E-01   1.264797215000000E+01   1.264797215000000E+01   0.000000000000000E+00  -9.992338866400000E-01   0.000000000000000E+00   0.000000000000000E+00   0.000000000000000E+00
   8.780119022400000E-01   1.267301048600000E+01   1.267301048600000E+01   0.000000000000000E+00  -9.992338866400000E-01   0.000000000000000E+00   0.000000000000000E+00   0.000000000000000E+00
   8.797466090000000E-01   1.269804882200000E+01   1.269804882200000E+01   0.000000000000000E+00  -9.992338866400000E-01   0.000000000000000E+00   0.000000000000000E+00   0.000000000000000E+00
   8.813345905600000E-01   1.272096936200000E+01   1.272096936200000E+01   0.000000000000000E+00  -9.992338866400000E-01   0.000000000000000E+00   0.000000000000000E+00   0.000000000000000E+00
   8.829225721200000E-01   1.274388990200000E+01   1.274388990200000E+01   0.000000000000000E+00  -9.992338866400000E-01   0.000000000000000E+00   0.000000000000000E+00   0.000000000000000E+00
   8.845105536800000E-01   1.276681044200000E+01   1.276681044200000E+01   0.000000000000000E+00  -9.992338866400000E-01   0.000000000000000E+00   0.000000000000000E+00   0.000000000000000E+00
   8.860985352400000E-01   1.278973098200000E+01   1.278973098200000E+01   0.000000000000000E+00  -9.992338866400000E-01   0.000000000000000E+00   0.000000000000000E+00   0.000000000000000E+00
   8.878837294300000E-01   1.281549804100000E+01   1.281549804100000E+01   0.000000000000000E+00  -9.992338866400000E-01   0.000000000000000E+00   0.000000000000000E+00   0.000000000000000E+00
   8.896689236200001E-01   1.284126510000000E+01   1.284126510000000E+01   0.000000000000000E+00  -9.992338866400000E-01   0.000000000000000E+00   0.000000000000000E+00   0.000000000000000E+00
   8.914541177999999E-01   1.286703215900000E+01   1.286703215900000E+01   0.000000000000000E+00  -9.992338866400000E-01   0.000000000000000E+00   0.000000000000000E+00   0.000000000000000E+00
   8.932393119900000E-01   1.289279921900000E+01   1.289279921900000E+01   0.000000000000000E+00  -9.992338866400000E-01   0.000000000000000E+00   0.000000000000000E+00   0.000000000000000E+00
   8.951393138300000E-01   1.292022338400000E+01   1.292022338400000E+01   0.000000000000000E+00  -9.992338866400000E-01   0.000000000000000E+00   0.000000000000000E+00   0.000000000000000E+00
   8.970393156699999E-01   1.294764754800000E+01   1.294764754800000E+01   0.000000000000000E+00  -9.992338866400000E-01   0.000000000000000E+00   0.000000000000000E+00   0.000000000000000E+00
   8.989393175100000E-01   1.297507171300000E+01   1.297507171300000E+01   0.000000000000000E+00  -9.992338866400000E-01   0.000000000000000E+00   0.000000000000000E+00   0.000000000000000E+00
   9.008393193499999E-01   1.300249587800000E+01   1.300249587800000E+01   0.000000000000000E+00  -9.992338866400000E-01   0.000000000000000E+00   0.000000000000000E+00   0.000000000000000E+00
   9.029385612200000E-01   1.303279582600000E+01   1.303279582600000E+01   0.000000000000000E+00  -9.992338866400000E-01   0.000000000000000E+00   0.000000000000000E+00   0.000000000000000E+00
   9.050378030900000E-01   1.306309577300000E+01   1.306309577300000E+01   0.000000000000000E+00  -9.992338866400000E-01   0.000000000000000E+00   0.000000000000000E+00   0.000000000000000E+00
   9.071370449700000E-01   1.309339572000000E+01   1.309339572000000E+01   0.000000000000000E+00  -9.992338866400000E-01   0.000000000000000E+00   0.000000000000000E+00   0.000000000000000E+00
   9.092362868400000E-01   1.312369566700000E+01   1.312369566700000E+01   0.000000000000000E+00  -9.992338866400000E-01   0.000000000000000E+00   0.000000000000000E+00   0.000000000000000E+00
   9.117271348800000E-01   1.315964796300000E+01   1.315964796300000E+01   0.000000000000000E+00  -9.992338866400000E-01   0.000000000000000E+00   0.000000000000000E+00   0.000000000000000E+00
   9.142179829200000E-01   1.319560025800000E+01   1.319560025800000E+01   0.000000000000000E+00  -9.992338866400000E-01   0.000000000000000E+00   0.000000000000000E+00   0.000000000000000E+00
   9.167088309600000E-01   1.323155255400000E+01   1.323155255400000E+01   0.000000000000000E+00  -9.992338866400000E-01   0.000000000000000E+00   0.000000000000000E+00   0.000000000000000E+00
   9.191996790000000E-01   1.326750484900000E+01   1.326750484900000E+01   0.000000000000000E+00  -9.992338866400000E-01   0.000000000000000E+00   0.000000000000000E+00   0.000000000000000E+00
   9.210742022200000E-01   1.329456126200000E+01   1.329456126200000E+01   0.000000000000000E+00  -9.992338866400000E-01   0.000000000000000E+00   0.000000000000000E+00   0.000000000000000E+00
   9.229487254400000E-01   1.332161767400000E+01   1.332161767400000E+01   0.000000000000000E+00  -9.992338866400000E-01   0.000000000000000E+00   0.000000000000000E+00   0.000000000000000E+00
   9.248232486600000E-01   1.334867408700000E+01   1.334867408700000E+01   0.000000000000000E+00  -9.992338866400000E-01   0.000000000000000E+00   0.000000000000000E+00   0.000000000000000E+00
   9.266977718800000E-01   1.337573050000000E+01   1.337573050000000E+01   0.000000000000000E+00  -9.992338866400000E-01   0.000000000000000E+00   0.000000000000000E+00   0.000000000000000E+00
   9.287729080700000E-01   1.340568251200000E+01   1.340568251200000E+01   0.000000000000000E+00  -9.992338866400000E-01   0.000000000000000E+00   0.000000000000000E+00   0.000000000000000E+00
   9.308480442600000E-01   1.343563452300000E+01   1.343563452300000E+01   0.000000000000000E+00  -9.992338866400000E-01   0.000000000000000E+00   0.000000000000000E+00   0.000000000000000E+00
   9.329231804500000E-01   1.346558653500000E+01   1.346558653500000E+01   0.000000000000000E+00  -9.992338866400000E-01   0.000000000000000E+00   0.000000000000000E+00   0.000000000000000E+00
   9.349983166400000E-01   1.349553854600000E+01   1.349553854600000E+01   0.000000000000000E+00  -9.992338866400000E-01   0.000000000000000E+00   0.000000000000000E+00   0.000000000000000E+00
   9.377026156100000E-01   1.353457174100000E+01   1.353457174100000E+01   0.000000000000000E+00  -9.992338866400000E-01   0.000000000000000E+00   0.000000000000000E+00   0.000000000000000E+00
   9.404069145800000E-01   1.357360493500000E+01   1.357360493500000E+01   0.000000000000000E+00  -9.992338866400000E-01   0.000000000000000E+00   0.000000000000000E+00   0.000000000000000E+00
   9.431112135500000E-01   1.361263812900000E+01   1.361263812900000E+01   0.000000000000000E+00  -9.992338866400000E-01   0.000000000000000E+00   0.000000000000000E+00   0.000000000000000E+00
   9.458155125200000E-01   1.365167132400000E+01   1.365167132400000E+01   0.000000000000000E+00  -9.992338866400000E-01   0.000000000000000E+00   0.000000000000000E+00   0.000000000000000E+00
   9.496858888500000E-01   1.370753539500000E+01   1.370753539500000E+01   0.000000000000000E+00  -9.992338866400000E-01   0.000000000000000E+00   0.000000000000000E+00   0.000000000000000E+00
   9.535562651800000E-01   1.376339946700000E+01   1.376339946700000E+01   0.000000000000000E+00  -9.992338866400000E-01   0.000000000000000E+00   0.000000000000000E+00   0.000000000000000E+00
   9.574266415100000E-01   1.381926353900000E+01   1.381926353900000E+01   0.000000000000000E+00  -9.992338866400000E-01   0.000000000000000E+00   0.000000000000000E+00   0.000000000000000E+00
   9.612970178500000E-01   1.387512761000000E+01   1.387512761000000E+01   0.000000000000000E+00  -9.992338866400000E-01   0.000000000000000E+00   0.000000000000000E+00   0.000000000000000E+00
   9.648549451000000E-01   1.392648186800000E+01   1.392648186800000E+01   0.000000000000000E+00  -9.992338866400000E-01   0.000000000000000E+00   0.000000000000000E+00   0.000000000000000E+00
   9.684128723600000E-01   1.397783612600000E+01   1.397783612600000E+01   0.000000000000000E+00  -9.992338866400000E-01   0.000000000000000E+00   0.000000000000000E+00   0.000000000000000E+00
   9.719707996200000E-01   1.402919038300000E+01   1.402919038300000E+01   0.000000000000000E+00  -9.992338866400000E-01   0.000000000000000E+00   0.000000000000000E+00   0.000000000000000E+00
   9.755287268800000E-01   1.408054464100000E+01   1.408054464100000E+01   0.000000000000000E+00  -9.992338866400000E-01   0.000000000000000E+00   0.000000000000000E+00   0.000000000000000E+00
   9.785870862300000E-01   1.412468825700000E+01   1.412468825700000E+01   0.000000000000000E+00  -9.992338866400000E-01   0.000000000000000E+00   0.000000000000000E+00   0.000000000000000E+00
   9.816454455900000E-01   1.416883187300000E+01   1.416883187300000E+01   0.000000000000000E+00  -9.992338866400000E-01   0.000000000000000E+00   0.000000000000000E+00   0.000000000000000E+00
   9.847038049400000E-01   1.421297548900000E+01   1.421297548900000E+01   0.000000000000000E+00  -9.992338866400000E-01   0.000000000000000E+00   0.000000000000000E+00   0.000000000000000E+00
   9.877621642900000E-01   1.425711910500000E+01   1.425711910500000E+01   0.000000000000000E+00  -9.992338866400000E-01   0.000000000000000E+00   0.000000000000000E+00   0.000000000000000E+00
   9.908216232200000E-01   1.430127859100000E+01   1.430127859100000E+01   0.000000000000000E+00  -9.992338866400000E-01   0.000000000000000E+00   0.000000000000000E+00   0.000000000000000E+00
   9.938810821500000E-01   1.434543807800000E+01   1.434543807800000E+01   0.000000000000000E+00  -9.992338866400000E-01   0.000000000000000E+00   0.000000000000000E+00   0.000000000000000E+00
   9.969405410700000E-01   1.438959756500000E+01   1.438959756500000E+01   0.000000000000000E+00  -9.992338866400000E-01   0.000000000000000E+00   0.000000000000000E+00   0.000000000000000E+00
   1.000000000000000E+00   1.443375705200000E+01   1.443375705200000E+01   0.000000000000000E+00  -9.992338866400000E-01   0.000000000000000E+00   0.000000000000000E+00   0.000000000000000E+00
