   0.000000000000000E+00  -1.438332196000000E-30   0.000000000000000E+00   0.000000000000000E+00  -9.821273185200000E-01   0.000000000000000E+00   0.000000000000000E+00   0.000000000000000E+00
   2.485237548600000E-02   3.587131499300000E-01   3.587131499300000E-01   0.000000000000000E+00  -9.821273185200000E-01   0.000000000000000E+00   0.000000000000000E+00   0.000000000000000E+00
   4.970475097200000E-02   7.174262998599999E-01   7.174262998599999E-01   0.000000000000000E+00  -9.821273185200000E-01   0.000000000000000E+00   0.000000000000000E+00   0.000000000000000E+00
   7.455712645800000E-02   1.076139449800000E+00   1.076139449800000E+00   0.000000000000000E+00  -9.821273185200000E-01   0.000000000000000E+00   0.000000000000000E+00   0.000000000000000E+00
   9.940950194400000E-02   1.434852599700000E+00   1.434852599700000E+00   0.000000000000000E+00  -9.821273185200000E-01   0.000000000000000E+00   0.000000000000000E+00   0.000000000000000E+00
   1.216077390900000E-01   1.755256561600000E+00   1.755256561600000E+00   0.000000000000000E+00  -9.821273185200000E-01   0.000000000000000E+00   0.000000000000000E+00   0.000000000000000E+00
   1.438059762300000E-01   2.075660523600000E+00   2.075660523600000E+00   0.000000000000000E+00  -9.821273185200000E-01   0.000000000000000E+00   0.000000000000000E+00   0.000000000000000E+00
   1.660042133800000E-01   2.396064485500000E+00   2.396064485500000E+00   0.000000000000000E+00  -9.821273185200000E-01   0.000000000000000E+00   0.000000000000000E+00   0.000000000000000E+00
   1.882024505200000E-01   2.716468447400000E+00   2.716468447400000E+00   0.000000000000000E+00  -9.821273185200000E-01   0.000000000000000E+00   0.000000000000000E+00   0.000000000000000E+00
   2.043633459700000E-01   2.949730886000000E+00   2.949730886000000E+00   0.000000000000000E+00  -9.821273185200000E-01   0.000000000000000E+00   0.000000000000000E+00   0.000000000000000E+00
   2.205242414100000E-01   3.182993324600000E+00   3.182993324600000E+00   0.000000000000000E+00  -9.821273185200000E-01   0.000000000000000E+00   0.000000000000000E+00   0.000000000000000E+00
   2.366851368600000E-01   3.416255763200000E+00   3.416255763200000E+00   0.000000000000000E+00  -9.821273185200000E-01   0.000000000000000E+00   0.000000000000000E+00   0.000000000000000E+00
   2.528460323000000E-01   3.649518201800000E+00   3.649518201800000E+00   0.000000000000000E+00  -9.821273185200000E-01   0.000000000000000E+00   0.000000000000000E+00   0.000000000000000E+00
   2.640074749000000E-01   3.810619752600000E+00   3.810619752600000E+00   0.000000000000000E+00  -9.821273185200000E-01   0.000000000000000E+00   0.000000000000000E+00   0.000000000000000E+00
   2.751689174900000E-01   3.971721303300000E+00   3.971721303300000E+00   0.000000000000000E+00  -9.821273185200000E-01   0.000000000000000E+00   0.000000000000000E+00   0.000000000000000E+00
   2.863303600900000E-01   4.132822854100000E+00   4.132822854100000E+00   0.000000000000000E+00  -9.821273185200000E-01   0.000000000000000E+00   0.000000000000000E+00   0.000000000000000E+00
   2.974918026800000E-01   4.293924404900000E+00   4.293924404900000E+00   0.000000000000000E+00  -9.821273185200000E-01   0.000000000000000E+00   0.000000000000000E+00   0.000000000000000E+00
   3.079060165700000E-01   4.444240638100000E+00   4.444240638100000E+00   0.000000000000000E+00  -9.821273185200000E-01   0.000000000000000E+00   0.000000000000000E+00   0.000000000000000E+00
   3.183202304600000E-01   4.594556871200000E+00   4.594556871200000E+00   0.000000000000000E+00  -9.821273185200000E-01   0.000000000000000E+00   0.000000000000000E+00   0.000000000000000E+00
   3.287344443500000E-01   4.744873104400000E+00   4.744873104400000E+00   0.000000000000000E+00  -9.821273185200000E-01   0.000000000000000E+00   0.000000000000000E+00   0.000000000000000E+00
   3.391486582400000E-01   4.895189337600000E+00   4.895189337600000E+00   0.000000000000000E+00  -9.821273185200000E-01   0.000000000000000E+00   0.000000000000000E+00   0.000000000000000E+00
   3.472947169000000E-01   5.012767569200000E+00   5.012767569200000E+00   0.000000000000000E+00  -9.821273185200000E-01   0.000000000000000E+00   0.000000000000000E+00   0.000000000000000E+00
   3.554407755600000E-01   5.130345800800000E+00   5.130345800800000E+00   0.000000000000000E+00  -9.821273185200000E-01   0.000000000000000E+00   0.000000000000000E+00   0.000000000000000E+00
   3.635868342200000E-01   5.247924032400000E+00   5.247924032400000E+00   0.000000000000000E+00  -9.821273185200000E-01   0.000000000000000E+00   0.000000000000000E+00   0.000000000000000E+00
   3.717328928800000E-01   5.365502264100000E+00   5.365502264100000E+00   0.000000000000000E+00  -9.821273185200000E-01   0.000000000000000E+00   0.000000000000000E+00   0.000000000000000E+00
   3.779214908600000E-01   5.454826983900000E+00   5.454826983900000E+00   0.000000000000000E+00  -9.821273185200000E-01   0.000000000000000E+00   0.000000000000000E+00   0.000000000000000E+00
   3.841100888500000E-01   5.544151703700000E+00   5.544151703700000E+00   0.000000000000000E+00  -9.821273185200000E-01   0.000000000000000E+00   0.000000000000000E+00   0.000000000000000E+00
   3.902986868300000E-01   5.633476423500000E+00   5.633476423500000E+00   0.000000000000000E+00  -9.821273185200000E-01   0.000000000000000E+00   0.000000000000000E+00   0.000000000000000E+00
   3.964872848200000E-01   5.722801143300000E+00   5.722801143300000E+00   0.000000000000000E+00  -9.821273185200000E-01   0.000000000000000E+00   0.000000000000000E+00   0.000000000000000E+00
   4.021355551300000E-01   5.804326904700000E+00   5.804326904700000E+00   0.000000000000000E+00  -9.821273185200000E-01   0.000000000000000E+00   0.000000000000000E+00   0.000000000000000E+00
   4.077838254400000E-01   5.885852666100000E+00   5.885852666100000E+00   0.000000000000000E+00  -9.821273185200000E-01   0.000000000000000E+00   0.000000000000000E+00   0.000000000000000E+00
   4.134320957500000E-01   5.967378427500000E+00   5.967378427500000E+00   0.000000000000000E+00  -9.821273185200000E-01   0.000000000000000E+00   0.000000000000000E+00   0.000000000000000E+00
   4.190803660600000E-01   6.048904188900000E+00   6.048904188900000E+00   0.000000000000000E+00  -9.821273185200000E-01   0.000000000000000E+00   0.000000000000000E+00   0.000000000000000E+00
   4.250276111400000E-01   6.134745279600000E+00   6.134745279600000E+00   0.000000000000000E+00  -9.821273185200000E-01   0.000000000000000E+00   0.000000000000000E+00   0.000000000000000E+00
   4.309748562200000E-01   6.220586370200000E+00   6.220586370200000E+00   0.000000000000000E+00  -9.821273185200000E-01   0.000000000000000E+00   0.000000000000000E+00   0.000000000000000E+00
   4.369221013000000E-01   6.306427460800000E+00   6.306427460800000E+00   0.000000000000000E+00  -9.821273185200000E-01   0.000000000000000E+00   0.000000000000000E+00   0.000000000000000E+00
   4.428693463800000E-01   6.392268551500000E+00   6.392268551500000E+00   0.000000000000000E+00  -9.821273185200000E-01   0.000000000000000E+00   0.000000000000000E+00   0.000000000000000E+00
   4.476098589100000E-01   6.460691957600000E+00   6.460691957600000E+00   0.000000000000000E+00  -9.821273185200000E-01   0.000000000000000E+00   0.000000000000000E+00   0.000000000000000E+00
   4.523503714400000E-01   6.529115363800000E+00   6.529115363800000E+00   0.000000000000000E+00  -9.821273185200000E-01   0.000000000000000E+00   0.000000000000000E+00   0.000000000000000E+00
   4.570908839800000E-01   6.597538770000000E+00   6.597538770000000E+00   0.000000000000000E+00  -9.821273185200000E-01   0.000000000000000E+00   0.000000000000000E+00   0.000000000000000E+00
   4.618313965100000E-01   6.665962176200000E+00   6.665962176200000E+00   0.000000000000000E+00  -9.821273185200000E-01   0.000000000000000E+00   0.000000000000000E+00   0.000000000000000E+00
   4.662512652400000E-01   6.729757487600000E+00   6.729757487600000E+00   0.000000000000000E+00  -9.821273185200000E-01   0.000000000000000E+00   0.000000000000000E+00   0.000000000000000E+00
   4.706711339700000E-01   6.793552799100000E+00   6.793552799100000E+00   0.000000000000000E+00  -9.821273185200000E-01   0.000000000000000E+00   0.000000000000000E+00   0.000000000000000E+00
   4.750910027000000E-01   6.857348110600000E+00   6.857348110600000E+00   0.000000000000000E+00  -9.821273185200000E-01   0.000000000000000E+00   0.000000000000000E+00   0.000000000000000E+00
   4.795108714400000E-01   6.921143422100000E+00   6.921143422100000E+00   0.000000000000000E+00  -9.821273185200000E-01   0.000000000000000E+00   0.000000000000000E+00   0.000000000000000E+00
   4.857942433900000E-01   7.011836086400000E+00   7.011836086400000E+00   0.000000000000000E+00  -9.821273185200000E-01   0.000000000000000E+00   0.000000000000000E+00   0.000000000000000E+00
   4.920776153400000E-01   7.102528750600000E+00   7.102528750600000E+00   0.000000000000000E+00  -9.821273185200000E-01   0.000000000000000E+00   0.000000000000000E+00   0.000000000000000E+00
   4.983609873000000E-01   7.193221414900000E+00   7.193221414900000E+00   0.000000000000000E+00  -9.821273185200000E-01   0.000000000000000E+00   0.000000000000000E+00   0.000000000000000E+00
   5.046443592500000E-01   7.283914079100000E+00   7.283914079100000E+00   0.000000000000000E+00  -9.821273185200000E-01   0.000000000000000E+00   0.000000000000000E+00   0.000000000000000E+00
   5.086970635200000E-01   7.342409828000000E+00   7.342409828000000E+00   0.000000000000000E+00  -9.821273185200000E-01   0.000000000000000E+00   0.000000000000000E+00   0.000000000000000E+00
   5.127497678000000E-01   7.400905576800000E+00   7.400905576800000E+00   0.000000000000000E+00  -9.821273185200000E-01   0.000000000000000E+00   0.000000000000000E+00   0.000000000000000E+00
   5.168024720700000E-01   7.459401325700000E+00   7.459401325700000E+00   0.000000000000000E+00  -9.821273185200000E-01   0.000000000000000E+00   0.000000000000000E+00   0.000000000000000E+00
   5.208551763400000E-01   7.517897074600000E+00   7.517897074600000E+00   0.000000000000000E+00  -9.821273185200000E-01   0.000000000000000E+00   0.000000000000000E+00   0.000000000000000E+00
   5.240602506399999E-01   7.564158338300000E+00   7.564158338300000E+00   0.000000000000000E+00  -9.821273185200000E-01   0.000000000000000E+00   0.000000000000000E+00   0.000000000000000E+00
   5.272653249300000E-01   7.610419602000000E+00   7.610419602000000E+00   0.000000000000000E+00  -9.821273185200000E-01   0.000000000000000E+00   0.000000000000000E+00   0.000000000000000E+00
   5.304703992299999E-01   7.656680865800000E+00   7.656680865800000E+00   0.000000000000000E+00  -9.821273185200000E-01   0.000000000000000E+00   0.000000000000000E+00   0.000000000000000E+00
   5.336754735300000E-01   7.702942129500000E+00   7.702942129500000E+00   0.000000000000000E+00  -9.821273185200000E-01   0.000000000000000E+00   0.000000000000000E+00   0.000000000000000E+00
   5.364790140600000E-01   7.743407752400000E+00   7.743407752400000E+00   0.000000000000000E+00  -9.821273185200000E-01   0.000000000000000E+00   0.000000000000000E+00   0.000000000000000E+00
   5.392825545900000E-01   7.783873375300000E+00   7.783873375300000E+00   0.000000000000000E+00  -9.821273185200000E-01   0.000000000000000E+00   0.000000000000000E+00   0.000000000000000E+00
   5.420860951200001E-01   7.824338998200000E+00   7.824338998200000E+00   0.000000000000000E+00  -9.821273185200000E-01   0.000000000000000E+00   0.000000000000000E+00   0.000000000000000E+00
   5.448896356500000E-01   7.864804621100000E+00   7.864804621100000E+00   0.000000000000000E+00  -9.821273185200000E-01   0.000000000000000E+00   0.000000000000000E+00   0.000000000000000E+00
   5.478340989500000E-01   7.907304289000000E+00   7.907304289000000E+00   0.000000000000000E+00  -9.821273185200000E-01   0.000000000000000E+00   0.000000000000000E+00   0.000000000000000E+00
   5.507785622500000E-01   7.949803956900000E+00   7.949803956900000E+00   0.000000000000000E+00  -9.821273185200000E-01   0.000000000000000E+00   0.000000000000000E+00   0.000000000000000E+00
   5.537230255400000E-01   7.992303624800000E+00   7.992303624800000E+00   0.000000000000000E+00  -9.821273185200000E-01   0.000000000000000E+00   0.000000000000000E+00   0.000000000000000E+00
   5.566674888399999E-01   8.034803292699999E+00   8.034803292699999E+00   0.000000000000000E+00  -9.821273185200000E-01   0.000000000000000E+00   0.000000000000000E+00   0.000000000000000E+00
   5.590062770200001E-01   8.068560793100000E+00   8.068560793100000E+00   0.000000000000000E+00  -9.821273185200000E-01   0.000000000000000E+00   0.000000000000000E+00   0.000000000000000E+00
   5.613450652100000E-01   8.102318293600000E+00   8.102318293600000E+00   0.000000000000000E+00  -9.821273185200000E-01   0.000000000000000E+00   0.000000000000000E+00   0.000000000000000E+00
   5.636838533900000E-01   8.136075794000000E+00   8.136075794000000E+00   0.000000000000000E+00  -9.821273185200000E-01   0.000000000000000E+00   0.000000000000000E+00   0.000000000000000E+00
   5.660226415800000E-01   8.169833294500000E+00   8.169833294500000E+00   0.000000000000000E+00  -9.821273185200000E-01   0.000000000000000E+00   0.000000000000000E+00   0.000000000000000E+00
   5.682631447399999E-01   8.202172172799999E+00   8.202172172799999E+00   0.000000000000000E+00  -9.821273185200000E-01   0.000000000000000E+00   0.000000000000000E+00   0.000000000000000E+00
   5.705036479000000E-01   8.234511051100000E+00   8.234511051100000E+00   0.000000000000000E+00  -9.821273185200000E-01   0.000000000000000E+00   0.000000000000000E+00   0.000000000000000E+00
   5.727441510600000E-01   8.266849929399999E+00   8.266849929399999E+00   0.000000000000000E+00  -9.821273185200000E-01   0.000000000000000E+00   0.000000000000000E+00   0.000000000000000E+00
   5.749846542200000E-01   8.299188807600000E+00   8.299188807600000E+00   0.000000000000000E+00  -9.821273185200000E-01   0.000000000000000E+00   0.000000000000000E+00   0.000000000000000E+00
   5.770612368400000E-01   8.329161696700000E+00   8.329161696700000E+00   0.000000000000000E+00  -9.821273185200000E-01   0.000000000000000E+00   0.000000000000000E+00   0.000000000000000E+00
   5.791378194600000E-01   8.359134585700000E+00   8.359134585700000E+00   0.000000000000000E+00  -9.821273185200000E-01   0.000000000000000E+00   0.000000000000000E+00   0.000000000000000E+00
   5.812144020800000E-01   8.389107474699999E+00   8.389107474699999E+00   0.000000000000000E+00  -9.821273185200000E-01   0.000000000000000E+00   0.000000000000000E+00   0.000000000000000E+00
   5.832909847000000E-01   8.419080363699999E+00   8.419080363699999E+00   0.000000000000000E+00  -9.821273185200000E-01   0.000000000000000E+00   0.000000000000000E+00   0.000000000000000E+00
   5.849644386500000E-01   8.443234591500000E+00   8.443234591500000E+00   0.000000000000000E+00  -9.821273185200000E-01   0.000000000000000E+00   0.000000000000000E+00   0.000000000000000E+00
   5.866378926000000E-01   8.467388819300000E+00   8.467388819300000E+00   0.000000000000000E+00  -9.821273185200000E-01   0.000000000000000E+00   0.000000000000000E+00   0.000000000000000E+00
   5.883113465499999E-01   8.491543047100000E+00   8.491543047100000E+00   0.000000000000000E+00  -9.821273185200000E-01   0.000000000000000E+00   0.000000000000000E+00   0.000000000000000E+00
   5.899848005000000E-01   8.515697274800001E+00   8.515697274800001E+00   0.000000000000000E+00  -9.821273185200000E-01   0.000000000000000E+00   0.000000000000000E+00   0.000000000000000E+00
   5.913585809500000E-01   8.535526087999999E+00   8.535526087999999E+00   0.000000000000000E+00  -9.821273185200000E-01   0.000000000000000E+00   0.000000000000000E+00   0.000000000000000E+00
   5.927323614000000E-01   8.555354901299999E+00   8.555354901299999E+00   0.000000000000000E+00  -9.821273185200000E-01   0.000000000000000E+00   0.000000000000000E+00   0.000000000000000E+00
   5.941061418400000E-01   8.575183714500000E+00   8.575183714500000E+00   0.000000000000000E+00  -9.821273185200000E-01   0.000000000000000E+00   0.000000000000000E+00   0.000000000000000E+00
   5.954799222900000E-01   8.595012527700000E+00   8.595012527700000E+00   0.000000000000000E+00  -9.821273185200000E-01   0.000000000000000E+00   0.000000000000000E+00   0.000000000000000E+00
   5.970787012000000E-01   8.618088913999999E+00   8.618088913999999E+00   0.000000000000000E+00  -9.821273185200000E-01   0.000000000000000E+00   0.000000000000000E+00   0.000000000000000E+00
   5.986774801100000E-01   8.641165300400001E+00   8.641165300400001E+00   0.000000000000000E+00  -9.821273185200000E-01   0.000000000000000E+00   0.000000000000000E+00   0.000000000000000E+00
   6.002762590200000E-01   8.664241686700000E+00   8.664241686700000E+00   0.000000000000000E+00  -9.821273185200000E-01   0.000000000000000E+00   0.000000000000000E+00   0.000000000000000E+00
   6.018750379200000E-01   8.687318073100000E+00   8.687318073100000E+00   0.000000000000000E+00  -9.821273185200000E-01   0.000000000000000E+00   0.000000000000000E+00   0.000000000000000E+00
   6.035955973400000E-01   8.712152209699999E+00   8.712152209699999E+00   0.000000000000000E+00  -9.821273185200000E-01   0.000000000000000E+00   0.000000000000000E+00   0.000000000000000E+00
   6.053161567599999E-01   8.736986346300000E+00   8.736986346300000E+00   0.000000000000000E+00  -9.821273185200000E-01   0.000000000000000E+00   0.000000000000000E+00   0.000000000000000E+00
   6.070367161700000E-01   8.761820482899999E+00   8.761820482899999E+00   0.000000000000000E+00  -9.821273185200000E-01   0.000000000000000E+00   0.000000000000000E+00   0.000000000000000E+00
   6.087572755900000E-01   8.786654619500000E+00   8.786654619500000E+00   0.000000000000000E+00  -9.821273185200000E-01   0.000000000000000E+00   0.000000000000000E+00   0.000000000000000E+00
   6.105834728500000E-01   8.813013507100001E+00   8.813013507100001E+00   0.000000000000000E+00  -9.821273185200000E-01   0.000000000000000E+00   0.000000000000000E+00   0.000000000000000E+00
   6.124096701100000E-01   8.839372394700000E+00   8.839372394700000E+00   0.000000000000000E+00  -9.821273185200000E-01   0.000000000000000E+00   0.000000000000000E+00   0.000000000000000E+00
   6.142358673700000E-01   8.865731282300001E+00   8.865731282300001E+00   0.000000000000000E+00  -9.821273185200000E-01   0.000000000000000E+00   0.000000000000000E+00   0.000000000000000E+00
   6.160620646300000E-01   8.892090169899999E+00   8.892090169899999E+00   0.000000000000000E+00  -9.821273185200000E-01   0.000000000000000E+00   0.000000000000000E+00   0.000000000000000E+00
   6.178052614600000E-01   8.917251049400001E+00   8.917251049400001E+00   0.000000000000000E+00  -9.821273185200000E-01   0.000000000000000E+00   0.000000000000000E+00   0.000000000000000E+00
   6.195484582900000E-01   8.942411928900000E+00   8.942411928900000E+00   0.000000000000000E+00  -9.821273185200000E-01   0.000000000000000E+00   0.000000000000000E+00   0.000000000000000E+00
   6.212916551100000E-01   8.967572808400000E+00   8.967572808400000E+00   0.000000000000000E+00  -9.821273185200000E-01   0.000000000000000E+00   0.000000000000000E+00   0.000000000000000E+00
   6.230348519400000E-01   8.992733687899999E+00   8.992733687899999E+00   0.000000000000000E+00  -9.821273185200000E-01   0.000000000000000E+00   0.000000000000000E+00   0.000000000000000E+00
   6.245389976500000E-01   9.014444161600000E+00   9.014444161600000E+00   0.000000000000000E+00  -9.821273185200000E-01   0.000000000000000E+00   0.000000000000000E+00   0.000000000000000E+00
   6.260431433600000E-01   9.036154635300001E+00   9.036154635300001E+00   0.000000000000000E+00  -9.821273185200000E-01   0.000000000000000E+00   0.000000000000000E+00   0.000000000000000E+00
   6.275472890700000E-01   9.057865109100000E+00   9.057865109100000E+00   0.000000000000000E+00  -9.821273185200000E-01   0.000000000000000E+00   0.000000000000000E+00   0.000000000000000E+00
   6.290514347800000E-01   9.079575582800000E+00   9.079575582800000E+00   0.000000000000000E+00  -9.821273185200000E-01   0.000000000000000E+00   0.000000000000000E+00   0.000000000000000E+00
   6.307218798200001E-01   9.103686380599999E+00   9.103686380599999E+00   0.000000000000000E+00  -9.821273185200000E-01   0.000000000000000E+00   0.000000000000000E+00   0.000000000000000E+00
   6.323923248500000E-01   9.127797178500000E+00   9.127797178500000E+00   0.000000000000000E+00  -9.821273185200000E-01   0.000000000000000E+00   0.000000000000000E+00   0.000000000000000E+00
   6.340627698900000E-01   9.151907976300000E+00   9.151907976300000E+00   0.000000000000000E+00  -9.821273185200000E-01   0.000000000000000E+00   0.000000000000000E+00   0.000000000000000E+00
   6.357332149200000E-01   9.176018774099999E+00   9.176018774099999E+00   0.000000000000000E+00  -9.821273185200000E-01   0.000000000000000E+00   0.000000000000000E+00   0.000000000000000E+00
   6.371953628100000E-01   9.197123061399999E+00   9.197123061399999E+00   0.000000000000000E+00  -9.821273185200000E-01   0.000000000000000E+00   0.000000000000000E+00   0.000000000000000E+00
   6.386575106900000E-01   9.218227348699999E+00   9.218227348699999E+00   0.000000000000000E+00  -9.821273185200000E-01   0.000000000000000E+00   0.000000000000000E+00   0.000000000000000E+00
   6.401196585700000E-01   9.239331636099999E+00   9.239331636099999E+00   0.000000000000000E+00  -9.821273185200000E-01   0.000000000000000E+00   0.000000000000000E+00   0.000000000000000E+00
   6.415818064600000E-01   9.260435923399999E+00   9.260435923399999E+00   0.000000000000000E+00  -9.821273185200000E-01   0.000000000000000E+00   0.000000000000000E+00   0.000000000000000E+00
   6.430127581500000E-01   9.281089932500000E+00   9.281089932500000E+00   0.000000000000000E+00  -9.821273185200000E-01   0.000000000000000E+00   0.000000000000000E+00   0.000000000000000E+00
   6.444437098400000E-01   9.301743941600000E+00   9.301743941600000E+00   0.000000000000000E+00  -9.821273185200000E-01   0.000000000000000E+00   0.000000000000000E+00   0.000000000000000E+00
   6.458746615400000E-01   9.322397950699999E+00   9.322397950699999E+00   0.000000000000000E+00  -9.821273185200000E-01   0.000000000000000E+00   0.000000000000000E+00   0.000000000000000E+00
   6.473056132300000E-01   9.343051959800000E+00   9.343051959800000E+00   0.000000000000000E+00  -9.821273185200000E-01   0.000000000000000E+00   0.000000000000000E+00   0.000000000000000E+00
   6.488874930200000E-01   9.365884428299999E+00   9.365884428299999E+00   0.000000000000000E+00  -9.821273185200000E-01   0.000000000000000E+00   0.000000000000000E+00   0.000000000000000E+00
   6.504693728099999E-01   9.388716896800000E+00   9.388716896800000E+00   0.000000000000000E+00  -9.821273185200000E-01   0.000000000000000E+00   0.000000000000000E+00   0.000000000000000E+00
   6.520512525900000E-01   9.411549365400001E+00   9.411549365400001E+00   0.000000000000000E+00  -9.821273185200000E-01   0.000000000000000E+00   0.000000000000000E+00   0.000000000000000E+00
   6.536331323800000E-01   9.434381833900000E+00   9.434381833900000E+00   0.000000000000000E+00  -9.821273185200000E-01   0.000000000000000E+00   0.000000000000000E+00   0.000000000000000E+00
   6.554122878800001E-01   9.460061732100000E+00   9.460061732100000E+00   0.000000000000000E+00  -9.821273185200000E-01   0.000000000000000E+00   0.000000000000000E+00   0.000000000000000E+00
   6.571914433800000E-01   9.485741630300000E+00   9.485741630300000E+00   0.000000000000000E+00  -9.821273185200000E-01   0.000000000000000E+00   0.000000000000000E+00   0.000000000000000E+00
   6.589705988700000E-01   9.511421528500000E+00   9.511421528500000E+00   0.000000000000000E+00  -9.821273185200000E-01   0.000000000000000E+00   0.000000000000000E+00   0.000000000000000E+00
   6.607497543700001E-01   9.537101426700000E+00   9.537101426700000E+00   0.000000000000000E+00  -9.821273185200000E-01   0.000000000000000E+00   0.000000000000000E+00   0.000000000000000E+00
   6.624414246500000E-01   9.561518584700000E+00   9.561518584700000E+00   0.000000000000000E+00  -9.821273185200000E-01   0.000000000000000E+00   0.000000000000000E+00   0.000000000000000E+00
   6.641330949399999E-01   9.585935742600000E+00   9.585935742600000E+00   0.000000000000000E+00  -9.821273185200000E-01   0.000000000000000E+00   0.000000000000000E+00   0.000000000000000E+00
   6.658247652300000E-01   9.610352900500001E+00   9.610352900500001E+00   0.000000000000000E+00  -9.821273185200000E-01   0.000000000000000E+00   0.000000000000000E+00   0.000000000000000E+00
   6.675164355100000E-01   9.634770058399999E+00   9.634770058399999E+00   0.000000000000000E+00  -9.821273185200000E-01   0.000000000000000E+00   0.000000000000000E+00   0.000000000000000E+00
   6.689139869700000E-01   9.654941976700000E+00   9.654941976700000E+00   0.000000000000000E+00  -9.821273185200000E-01   0.000000000000000E+00   0.000000000000000E+00   0.000000000000000E+00
   6.703115384400000E-01   9.675113895000001E+00   9.675113895000001E+00   0.000000000000000E+00  -9.821273185200000E-01   0.000000000000000E+00   0.000000000000000E+00   0.000000000000000E+00
   6.717090899000000E-01   9.695285813300000E+00   9.695285813300000E+00   0.000000000000000E+00  -9.821273185200000E-01   0.000000000000000E+00   0.000000000000000E+00   0.000000000000000E+00
   6.731066413700000E-01   9.715457731600001E+00   9.715457731600001E+00   0.000000000000000E+00  -9.821273185200000E-01   0.000000000000000E+00   0.000000000000000E+00   0.000000000000000E+00
   6.742104001300000E-01   9.731389117399999E+00   9.731389117399999E+00   0.000000000000000E+00  -9.821273185200000E-01   0.000000000000000E+00   0.000000000000000E+00   0.000000000000000E+00
   6.753141589000000E-01   9.747320503299999E+00   9.747320503299999E+00   0.000000000000000E+00  -9.821273185200000E-01   0.000000000000000E+00   0.000000000000000E+00   0.000000000000000E+00
   6.764179176600000E-01   9.763251889199999E+00   9.763251889199999E+00   0.000000000000000E+00  -9.821273185200000E-01   0.000000000000000E+00   0.000000000000000E+00   0.000000000000000E+00
   6.775216764300001E-01   9.779183274999999E+00   9.779183274999999E+00   0.000000000000000E+00  -9.821273185200000E-01   0.000000000000000E+00   0.000000000000000E+00   0.000000000000000E+00
   6.782946677500000E-01   9.790340443900000E+00   9.790340443900000E+00   0.000000000000000E+00  -9.821273185200000E-01   0.000000000000000E+00   0.000000000000000E+00   0.000000000000000E+00
   6.790676590700000E-01   9.801497612900000E+00   9.801497612900000E+00   0.000000000000000E+00  -9.821273185200000E-01   0.000000000000000E+00   0.000000000000000E+00   0.000000000000000E+00
   6.798406503900000E-01   9.812654781799999E+00   9.812654781799999E+00   0.000000000000000E+00  -9.821273185200000E-01   0.000000000000000E+00   0.000000000000000E+00   0.000000000000000E+00
   6.806136417100001E-01   9.823811950700000E+00   9.823811950700000E+00   0.000000000000000E+00  -9.821273185200000E-01   0.000000000000000E+00   0.000000000000000E+00   0.000000000000000E+00
   6.813916889100000E-01   9.835042095000000E+00   9.835042095000000E+00   0.000000000000000E+00  -9.821273185200000E-01   0.000000000000000E+00   0.000000000000000E+00   0.000000000000000E+00
   6.821697361100000E-01   9.846272239199999E+00   9.846272239199999E+00   0.000000000000000E+00  -9.821273185200000E-01   0.000000000000000E+00   0.000000000000000E+00   0.000000000000000E+00
   6.829477833000001E-01   9.857502383400000E+00   9.857502383400000E+00   0.000000000000000E+00  -9.821273185200000E-01   0.000000000000000E+00   0.000000000000000E+00   0.000000000000000E+00
   6.837258305000000E-01   9.868732527600001E+00   9.868732527600001E+00   0.000000000000000E+00  -9.821273185200000E-01   0.000000000000000E+00   0.000000000000000E+00   0.000000000000000E+00
   6.844570841299999E-01   9.879287264800000E+00   9.879287264800000E+00   0.000000000000000E+00  -9.821273185200000E-01   0.000000000000000E+00   0.000000000000000E+00   0.000000000000000E+00
   6.851883377600000E-01   9.889842002000000E+00   9.889842002000000E+00   0.000000000000000E+00  -9.821273185200000E-01   0.000000000000000E+00   0.000000000000000E+00   0.000000000000000E+00
   6.859195913800000E-01   9.900396739200000E+00   9.900396739200000E+00   0.000000000000000E+00  -9.821273185200000E-01   0.000000000000000E+00   0.000000000000000E+00   0.000000000000000E+00
   6.866508450100000E-01   9.910951476399999E+00   9.910951476399999E+00   0.000000000000000E+00  -9.821273185200000E-01   0.000000000000000E+00   0.000000000000000E+00   0.000000000000000E+00
   6.872698031500000E-01   9.919885367899999E+00   9.919885367899999E+00   0.000000000000000E+00  -9.821273185200000E-01   0.000000000000000E+00   0.000000000000000E+00   0.000000000000000E+00
   6.878887612900000E-01   9.928819259300001E+00   9.928819259300001E+00   0.000000000000000E+00  -9.821273185200000E-01   0.000000000000000E+00   0.000000000000000E+00   0.000000000000000E+00
   6.885077194300000E-01   9.937753150700001E+00   9.937753150700001E+00   0.000000000000000E+00  -9.821273185200000E-01   0.000000000000000E+00   0.000000000000000E+00   0.000000000000000E+00
   6.891266775700000E-01   9.946687042100001E+00   9.946687042100001E+00   0.000000000000000E+00  -9.821273185200000E-01   0.000000000000000E+00   0.000000000000000E+00   0.000000000000000E+00
   6.897048614000000E-01   9.955032406999999E+00   9.955032406999999E+00   0.000000000000000E+00  -9.821273185200000E-01   0.000000000000000E+00   0.000000000000000E+00   0.000000000000000E+00
   6.902830452199999E-01   9.963377771799999E+00   9.963377771799999E+00   0.000000000000000E+00  -9.821273185200000E-01   0.000000000000000E+00   0.000000000000000E+00   0.000000000000000E+00
   6.908612290500000E-01   9.971723136700000E+00   9.971723136700000E+00   0.000000000000000E+00  -9.821273185200000E-01   0.000000000000000E+00   0.000000000000000E+00   0.000000000000000E+00
   6.914394128700000E-01   9.980068501500000E+00   9.980068501500000E+00   0.000000000000000E+00  -9.821273185200000E-01   0.000000000000000E+00   0.000000000000000E+00   0.000000000000000E+00
   6.920138785500000E-01   9.988360199600001E+00   9.988360199600001E+00   0.000000000000000E+00  -9.821273185200000E-01   0.000000000000000E+00   0.000000000000000E+00   0.000000000000000E+00
   6.925883442400000E-01   9.996651897700000E+00   9.996651897700000E+00   0.000000000000000E+00  -9.821273185200000E-01   0.000000000000000E+00   0.000000000000000E+00   0.000000000000000E+00
   6.931628099200000E-01   1.000494359600000E+01   1.000494359600000E+01   0.000000000000000E+00  -9.821273185200000E-01   0.000000000000000E+00   0.000000000000000E+00   0.000000000000000E+00
   6.937372756000000E-01   1.001323529400000E+01   1.001323529400000E+01   0.000000000000000E+00  -9.821273185200000E-01   0.000000000000000E+00   0.000000000000000E+00   0.000000000000000E+00
   6.942368869800000E-01   1.002044656300000E+01   1.002044656300000E+01   0.000000000000000E+00  -9.821273185200000E-01   0.000000000000000E+00   0.000000000000000E+00   0.000000000000000E+00
   6.947364983700000E-01   1.002765783300000E+01   1.002765783300000E+01   0.000000000000000E+00  -9.821273185200000E-01   0.000000000000000E+00   0.000000000000000E+00   0.000000000000000E+00
   6.952361097500001E-01   1.003486910200000E+01   1.003486910200000E+01   0.000000000000000E+00  -9.821273185200000E-01   0.000000000000000E+00   0.000000000000000E+00   0.000000000000000E+00
   6.957357211300000E-01   1.004208037100000E+01   1.004208037100000E+01   0.000000000000000E+00  -9.821273185200000E-01   0.000000000000000E+00   0.000000000000000E+00   0.000000000000000E+00
   6.961850824400000E-01   1.004856634300000E+01   1.004856634300000E+01   0.000000000000000E+00  -9.821273185200000E-01   0.000000000000000E+00   0.000000000000000E+00   0.000000000000000E+00
   6.966344437500001E-01   1.005505231500000E+01   1.005505231500000E+01   0.000000000000000E+00  -9.821273185200000E-01   0.000000000000000E+00   0.000000000000000E+00   0.000000000000000E+00
   6.970838050600000E-01   1.006153828700000E+01   1.006153828700000E+01   0.000000000000000E+00  -9.821273185200000E-01   0.000000000000000E+00   0.000000000000000E+00   0.000000000000000E+00
   6.975331663600000E-01   1.006802425900000E+01   1.006802425900000E+01   0.000000000000000E+00  -9.821273185200000E-01   0.000000000000000E+00   0.000000000000000E+00   0.000000000000000E+00
   6.979884864800000E-01   1.007459623900000E+01   1.007459623900000E+01   0.000000000000000E+00  -9.821273185200000E-01   0.000000000000000E+00   0.000000000000000E+00   0.000000000000000E+00
   6.984438066000001E-01   1.008116821900000E+01   1.008116821900000E+01   0.000000000000000E+00  -9.821273185200000E-01   0.000000000000000E+00   0.000000000000000E+00   0.000000000000000E+00
   6.988991267200000E-01   1.008774019900000E+01   1.008774019900000E+01   0.000000000000000E+00  -9.821273185200000E-01   0.000000000000000E+00   0.000000000000000E+00   0.000000000000000E+00
   6.993544468400000E-01   1.009431217900000E+01   1.009431217900000E+01   0.000000000000000E+00  -9.821273185200000E-01   0.000000000000000E+00   0.000000000000000E+00   0.000000000000000E+00
   6.998323566500000E-01   1.010121021300000E+01   1.010121021300000E+01   0.000000000000000E+00  -9.821273185200000E-01   0.000000000000000E+00   0.000000000000000E+00   0.000000000000000E+00
   7.003102664500001E-01   1.010810824700000E+01   1.010810824700000E+01   0.000000000000000E+00  -9.821273185200000E-01   0.000000000000000E+00   0.000000000000000E+00   0.000000000000000E+00
   7.007881762500000E-01   1.011500628100000E+01   1.011500628100000E+01   0.000000000000000E+00  -9.821273185200000E-01   0.000000000000000E+00   0.000000000000000E+00   0.000000000000000E+00
   7.012660860600000E-01   1.012190431500000E+01   1.012190431500000E+01   0.000000000000000E+00  -9.821273185200000E-01   0.000000000000000E+00   0.000000000000000E+00   0.000000000000000E+00
   7.017970594900000E-01   1.012956825700000E+01   1.012956825700000E+01   0.000000000000000E+00  -9.821273185200000E-01   0.000000000000000E+00   0.000000000000000E+00   0.000000000000000E+00
   7.023280329300000E-01   1.013723219800000E+01   1.013723219800000E+01   0.000000000000000E+00  -9.821273185200000E-01   0.000000000000000E+00   0.000000000000000E+00   0.000000000000000E+00
   7.028590063600000E-01   1.014489614000000E+01   1.014489614000000E+01   0.000000000000000E+00  -9.821273185200000E-01   0.000000000000000E+00   0.000000000000000E+00   0.000000000000000E+00
   7.033899797900000E-01   1.015256008100000E+01   1.015256008100000E+01   0.000000000000000E+00  -9.821273185200000E-01   0.000000000000000E+00   0.000000000000000E+00   0.000000000000000E+00
   7.040748528500000E-01   1.016244537300000E+01   1.016244537300000E+01   0.000000000000000E+00  -9.821273185200000E-01   0.000000000000000E+00   0.000000000000000E+00   0.000000000000000E+00
   7.047597259100000E-01   1.017233066400000E+01   1.017233066400000E+01   0.000000000000000E+00  -9.821273185200000E-01   0.000000000000000E+00   0.000000000000000E+00   0.000000000000000E+00
   7.054445989700000E-01   1.018221595500000E+01   1.018221595500000E+01   0.000000000000000E+00  -9.821273185200000E-01   0.000000000000000E+00   0.000000000000000E+00   0.000000000000000E+00
   7.061294720400000E-01   1.019210124700000E+01   1.019210124700000E+01   0.000000000000000E+00  -9.821273185200000E-01   0.000000000000000E+00   0.000000000000000E+00   0.000000000000000E+00
   7.072426540400000E-01   1.020816864500000E+01   1.020816864500000E+01   0.000000000000000E+00  -9.821273185200000E-01   0.000000000000000E+00   0.000000000000000E+00   0.000000000000000E+00
   7.083558360400000E-01   1.022423604400000E+01   1.022423604400000E+01   0.000000000000000E+00  -9.821273185200000E-01   0.000000000000000E+00   0.000000000000000E+00   0.000000000000000E+00
   7.094690180500000E-01   1.024030344200000E+01   1.024030344200000E+01   0.000000000000000E+00  -9.821273185200000E-01   0.000000000000000E+00   0.000000000000000E+00   0.000000000000000E+00
   7.105822000499999E-01   1.025637084100000E+01   1.025637084100000E+01   0.000000000000000E+00  -9.821273185200000E-01   0.000000000000000E+00   0.000000000000000E+00   0.000000000000000E+00
   7.122429971100001E-01   1.028034238200000E+01   1.028034238200000E+01   0.000000000000000E+00  -9.821273185200000E-01   0.000000000000000E+00   0.000000000000000E+00   0.000000000000000E+00
   7.139037941800001E-01   1.030431392400000E+01   1.030431392400000E+01   0.000000000000000E+00  -9.821273185200000E-01   0.000000000000000E+00   0.000000000000000E+00   0.000000000000000E+00
   7.155645912400000E-01   1.032828546500000E+01   1.032828546500000E+01   0.000000000000000E+00  -9.821273185200000E-01   0.000000000000000E+00   0.000000000000000E+00   0.000000000000000E+00
   7.172253883100000E-01   1.035225700600000E+01   1.035225700600000E+01   0.000000000000000E+00  -9.821273185200000E-01   0.000000000000000E+00   0.000000000000000E+00   0.000000000000000E+00
   7.187315817200000E-01   1.037399703600000E+01   1.037399703600000E+01   0.000000000000000E+00  -9.821273185200000E-01   0.000000000000000E+00   0.000000000000000E+00   0.000000000000000E+00
   7.202377751300000E-01   1.039573706600000E+01   1.039573706600000E+01   0.000000000000000E+00  -9.821273185200000E-01   0.000000000000000E+00   0.000000000000000E+00   0.000000000000000E+00
   7.217439685500000E-01   1.041747709600000E+01   1.041747709600000E+01   0.000000000000000E+00  -9.821273185200000E-01   0.000000000000000E+00   0.000000000000000E+00   0.000000000000000E+00
   7.232501619600000E-01   1.043921712600000E+01   1.043921712600000E+01   0.000000000000000E+00  -9.821273185200000E-01   0.000000000000000E+00   0.000000000000000E+00   0.000000000000000E+00
   7.244426340900000E-01   1.045642897900000E+01   1.045642897900000E+01   0.000000000000000E+00  -9.821273185200000E-01   0.000000000000000E+00   0.000000000000000E+00   0.000000000000000E+00
   7.256351062200000E-01   1.047364083200000E+01   1.047364083200000E+01   0.000000000000000E+00  -9.821273185200000E-01   0.000000000000000E+00   0.000000000000000E+00   0.000000000000000E+00
   7.268275783500000E-01   1.049085268500000E+01   1.049085268500000E+01   0.000000000000000E+00  -9.821273185200000E-01   0.000000000000000E+00   0.000000000000000E+00   0.000000000000000E+00
   7.280200504800000E-01   1.050806453800000E+01   1.050806453800000E+01   0.000000000000000E+00  -9.821273185200000E-01   0.000000000000000E+00   0.000000000000000E+00   0.000000000000000E+00
   7.290393983300000E-01   1.052277755700000E+01   1.052277755700000E+01   0.000000000000000E+00  -9.821273185200000E-01   0.000000000000000E+00   0.000000000000000E+00   0.000000000000000E+00
   7.300587461900000E-01   1.053749057600000E+01   1.053749057600000E+01   0.000000000000000E+00  -9.821273185200000E-01   0.000000000000000E+00   0.000000000000000E+00   0.000000000000000E+00
   7.310780940400000E-01   1.055220359500000E+01   1.055220359500000E+01   0.000000000000000E+00  -9.821273185200000E-01   0.000000000000000E+00   0.000000000000000E+00   0.000000000000000E+00
   7.320974418900000E-01   1.056691661500000E+01   1.056691661500000E+01   0.000000000000000E+00  -9.821273185200000E-01   0.000000000000000E+00   0.000000000000000E+00   0.000000000000000E+00
   7.330397983400000E-01   1.058051835900000E+01   1.058051835900000E+01   0.000000000000000E+00  -9.821273185200000E-01   0.000000000000000E+00   0.000000000000000E+00   0.000000000000000E+00
   7.339821547900000E-01   1.059412010300000E+01   1.059412010300000E+01   0.000000000000000E+00  -9.821273185200000E-01   0.000000000000000E+00   0.000000000000000E+00   0.000000000000000E+00
   7.349245112400000E-01   1.060772184700000E+01   1.060772184700000E+01   0.000000000000000E+00  -9.821273185200000E-01   0.000000000000000E+00   0.000000000000000E+00   0.000000000000000E+00
   7.358668676900000E-01   1.062132359100000E+01   1.062132359100000E+01   0.000000000000000E+00  -9.821273185200000E-01   0.000000000000000E+00   0.000000000000000E+00   0.000000000000000E+00
   7.367714399500001E-01   1.063437996700000E+01   1.063437996700000E+01   0.000000000000000E+00  -9.821273185200000E-01   0.000000000000000E+00   0.000000000000000E+00   0.000000000000000E+00
   7.376760122200000E-01   1.064743634400000E+01   1.064743634400000E+01   0.000000000000000E+00  -9.821273185200000E-01   0.000000000000000E+00   0.000000000000000E+00   0.000000000000000E+00
   7.385805844900000E-01   1.066049272000000E+01   1.066049272000000E+01   0.000000000000000E+00  -9.821273185200000E-01   0.000000000000000E+00   0.000000000000000E+00   0.000000000000000E+00
   7.394851567600000E-01   1.067354909600000E+01   1.067354909600000E+01   0.000000000000000E+00  -9.821273185200000E-01   0.000000000000000E+00   0.000000000000000E+00   0.000000000000000E+00
   7.405292506100000E-01   1.068861929300000E+01   1.068861929300000E+01   0.000000000000000E+00  -9.821273185200000E-01   0.000000000000000E+00   0.000000000000000E+00   0.000000000000000E+00
   7.415733444600000E-01   1.070368949000000E+01   1.070368949000000E+01   0.000000000000000E+00  -9.821273185200000E-01   0.000000000000000E+00   0.000000000000000E+00   0.000000000000000E+00
   7.426174383100000E-01   1.071875968700000E+01   1.071875968700000E+01   0.000000000000000E+00  -9.821273185200000E-01   0.000000000000000E+00   0.000000000000000E+00   0.000000000000000E+00
   7.436615321600000E-01   1.073382988400000E+01   1.073382988400000E+01   0.000000000000000E+00  -9.821273185200000E-01   0.000000000000000E+00   0.000000000000000E+00   0.000000000000000E+00
   7.447390082899999E-01   1.074938191300000E+01   1.074938191300000E+01   0.000000000000000E+00  -9.821273185200000E-01   0.000000000000000E+00   0.000000000000000E+00   0.000000000000000E+00
   7.458164844100000E-01   1.076493394100000E+01   1.076493394100000E+01   0.000000000000000E+00  -9.821273185200000E-01   0.000000000000000E+00   0.000000000000000E+00   0.000000000000000E+00
   7.468939605400000E-01   1.078048597000000E+01   1.078048597000000E+01   0.000000000000000E+00  -9.821273185200000E-01   0.000000000000000E+00   0.000000000000000E+00   0.000000000000000E+00
   7.479714366700000E-01   1.079603799900000E+01   1.079603799900000E+01   0.000000000000000E+00  -9.821273185200000E-01   0.000000000000000E+00   0.000000000000000E+00   0.000000000000000E+00
   7.494451456500000E-01   1.081730915600000E+01   1.081730915600000E+01   0.000000000000000E+00  -9.821273185200000E-01   0.000000000000000E+00   0.000000000000000E+00   0.000000000000000E+00
   7.509188546400000E-01   1.083858031400000E+01   1.083858031400000E+01   0.000000000000000E+00  -9.821273185200000E-01   0.000000000000000E+00   0.000000000000000E+00   0.000000000000000E+00
   7.523925636300000E-01   1.085985147100000E+01   1.085985147100000E+01   0.000000000000000E+00  -9.821273185200000E-01   0.000000000000000E+00   0.000000000000000E+00   0.000000000000000E+00
   7.538662726200001E-01   1.088112262900000E+01   1.088112262900000E+01   0.000000000000000E+00  -9.821273185200000E-01   0.000000000000000E+00   0.000000000000000E+00   0.000000000000000E+00
   7.555591708700000E-01   1.090555751100000E+01   1.090555751100000E+01   0.000000000000000E+00  -9.821273185200000E-01   0.000000000000000E+00   0.000000000000000E+00   0.000000000000000E+00
   7.572520691200000E-01   1.092999239300000E+01   1.092999239300000E+01   0.000000000000000E+00  -9.821273185200000E-01   0.000000000000000E+00   0.000000000000000E+00   0.000000000000000E+00
   7.589449673699999E-01   1.095442727500000E+01   1.095442727500000E+01   0.000000000000000E+00  -9.821273185200000E-01   0.000000000000000E+00   0.000000000000000E+00   0.000000000000000E+00
   7.606378656200000E-01   1.097886215700000E+01   1.097886215700000E+01   0.000000000000000E+00  -9.821273185200000E-01   0.000000000000000E+00   0.000000000000000E+00   0.000000000000000E+00
   7.622365457100000E-01   1.100193711700000E+01   1.100193711700000E+01   0.000000000000000E+00  -9.821273185200000E-01   0.000000000000000E+00   0.000000000000000E+00   0.000000000000000E+00
   7.638352257900000E-01   1.102501207700000E+01   1.102501207700000E+01   0.000000000000000E+00  -9.821273185200000E-01   0.000000000000000E+00   0.000000000000000E+00   0.000000000000000E+00
   7.654339058800000E-01   1.104808703700000E+01   1.104808703700000E+01   0.000000000000000E+00  -9.821273185200000E-01   0.000000000000000E+00   0.000000000000000E+00   0.000000000000000E+00
   7.670325859700000E-01   1.107116199700000E+01   1.107116199700000E+01   0.000000000000000E+00  -9.821273185200000E-01   0.000000000000000E+00   0.000000000000000E+00   0.000000000000000E+00
   7.685550983500000E-01   1.109313757100000E+01   1.109313757100000E+01   0.000000000000000E+00  -9.821273185200000E-01   0.000000000000000E+00   0.000000000000000E+00   0.000000000000000E+00
   7.700776107300000E-01   1.111511314500000E+01   1.111511314500000E+01   0.000000000000000E+00  -9.821273185200000E-01   0.000000000000000E+00   0.000000000000000E+00   0.000000000000000E+00
   7.716001231200000E-01   1.113708871800000E+01   1.113708871800000E+01   0.000000000000000E+00  -9.821273185200000E-01   0.000000000000000E+00   0.000000000000000E+00   0.000000000000000E+00
   7.731226355000000E-01   1.115906429200000E+01   1.115906429200000E+01   0.000000000000000E+00  -9.821273185200000E-01   0.000000000000000E+00   0.000000000000000E+00   0.000000000000000E+00
   7.745039983999999E-01   1.117900254900000E+01   1.117900254900000E+01   0.000000000000000E+00  -9.821273185200000E-01   0.000000000000000E+00   0.000000000000000E+00   0.000000000000000E+00
   7.758853613000000E-01   1.119894080500000E+01   1.119894080500000E+01   0.000000000000000E+00  -9.821273185200000E-01   0.000000000000000E+00   0.000000000000000E+00   0.000000000000000E+00
   7.772667242000000E-01   1.121887906200000E+01   1.121887906200000E+01   0.000000000000000E+00  -9.821273185200000E-01   0.000000000000000E+00   0.000000000000000E+00   0.000000000000000E+00
   7.786480871000000E-01   1.123881731800000E+01   1.123881731800000E+01   0.000000000000000E+00  -9.821273185200000E-01   0.000000000000000E+00   0.000000000000000E+00   0.000000000000000E+00
   7.800017788100000E-01   1.125835617600000E+01   1.125835617600000E+01   0.000000000000000E+00  -9.821273185200000E-01   0.000000000000000E+00   0.000000000000000E+00   0.000000000000000E+00
   7.813554705300000E-01   1.127789503300000E+01   1.127789503300000E+01   0.000000000000000E+00  -9.821273185200000E-01   0.000000000000000E+00   0.000000000000000E+00   0.000000000000000E+00
   7.827091622400000E-01   1.129743389000000E+01   1.129743389000000E+01   0.000000000000000E+00  -9.821273185200000E-01   0.000000000000000E+00   0.000000000000000E+00   0.000000000000000E+00
   7.840628539500000E-01   1.131697274700000E+01   1.131697274700000E+01   0.000000000000000E+00  -9.821273185200000E-01   0.000000000000000E+00   0.000000000000000E+00   0.000000000000000E+00
   7.856442128100000E-01   1.133979769700000E+01   1.133979769700000E+01   0.000000000000000E+00  -9.821273185200000E-01   0.000000000000000E+00   0.000000000000000E+00   0.000000000000000E+00
   7.872255716700000E-01   1.136262264700000E+01   1.136262264700000E+01   0.000000000000000E+00  -9.821273185200000E-01   0.000000000000000E+00   0.000000000000000E+00   0.000000000000000E+00
   7.888069305300000E-01   1.138544759600000E+01   1.138544759600000E+01   0.000000000000000E+00  -9.821273185200000E-01   0.000000000000000E+00   0.000000000000000E+00   0.000000000000000E+00
   7.903882893900001E-01   1.140827254600000E+01   1.140827254600000E+01   0.000000000000000E+00  -9.821273185200000E-01   0.000000000000000E+00   0.000000000000000E+00   0.000000000000000E+00
   7.923372332300000E-01   1.143640312800000E+01   1.143640312800000E+01   0.000000000000000E+00  -9.821273185200000E-01   0.000000000000000E+00   0.000000000000000E+00   0.000000000000000E+00
   7.942861770700000E-01   1.146453371000000E+01   1.146453371000000E+01   0.000000000000000E+00  -9.821273185200000E-01   0.000000000000000E+00   0.000000000000000E+00   0.000000000000000E+00
   7.962351209100000E-01   1.149266429100000E+01   1.149266429100000E+01   0.000000000000000E+00  -9.821273185200000E-01   0.000000000000000E+00   0.000000000000000E+00   0.000000000000000E+00
   7.981840647500000E-01   1.152079487300000E+01   1.152079487300000E+01   0.000000000000000E+00  -9.821273185200000E-01   0.000000000000000E+00   0.000000000000000E+00   0.000000000000000E+00
   8.009819667400000E-01   1.156117911100000E+01   1.156117911100000E+01   0.000000000000000E+00  -9.821273185200000E-01   0.000000000000000E+00   0.000000000000000E+00   0.000000000000000E+00
   8.037798687200000E-01   1.160156334800000E+01   1.160156334800000E+01   0.000000000000000E+00  -9.821273185200000E-01   0.000000000000000E+00   0.000000000000000E+00   0.000000000000000E+00
   8.065777707100000E-01   1.164194758600000E+01   1.164194758600000E+01   0.000000000000000E+00  -9.821273185200000E-01   0.000000000000000E+00   0.000000000000000E+00   0.000000000000000E+00
   8.093756727000000E-01   1.168233182300000E+01   1.168233182300000E+01   0.000000000000000E+00  -9.821273185200000E-01   0.000000000000000E+00   0.000000000000000E+00   0.000000000000000E+00
   8.124444699400000E-01   1.172662609700000E+01   1.172662609700000E+01   0.000000000000000E+00  -9.821273185200000E-01   0.000000000000000E+00   0.000000000000000E+00   0.000000000000000E+00
   8.155132671899999E-01   1.177092037100000E+01   1.177092037100000E+01   0.000000000000000E+00  -9.821273185200000E-01   0.000000000000000E+00   0.000000000000000E+00   0.000000000000000E+00
   8.185820644400000E-01   1.181521464500000E+01   1.181521464500000E+01   0.000000000000000E+00  -9.821273185200000E-01   0.000000000000000E+00   0.000000000000000E+00   0.000000000000000E+00
   8.216508616900000E-01   1.185950891900000E+01   1.185950891900000E+01   0.000000000000000E+00  -9.821273185200000E-01   0.000000000000000E+00   0.000000000000000E+00   0.000000000000000E+00
   8.243156362200000E-01   1.189797162700000E+01   1.189797162700000E+01   0.000000000000000E+00  -9.821273185200000E-01   0.000000000000000E+00   0.000000000000000E+00   0.000000000000000E+00
   8.269804107500000E-01   1.193643433600000E+01   1.193643433600000E+01   0.000000000000000E+00  -9.821273185200000E-01   0.000000000000000E+00   0.000000000000000E+00   0.000000000000000E+00
   8.296451852800000E-01   1.197489704400000E+01   1.197489704400000E+01   0.000000000000000E+00  -9.821273185200000E-01   0.000000000000000E+00   0.000000000000000E+00   0.000000000000000E+00
   8.323099598200000E-01   1.201335975200000E+01   1.201335975200000E+01   0.000000000000000E+00  -9.821273185200000E-01   0.000000000000000E+00   0.000000000000000E+00   0.000000000000000E+00
   8.352838552900000E-01   1.205628423700000E+01   1.205628423700000E+01   0.000000000000000E+00  -9.821273185200000E-01   0.000000000000000E+00   0.000000000000000E+00   0.000000000000000E+00
   8.382577507600000E-01   1.209920872100000E+01   1.209920872100000E+01   0.000000000000000E+00  -9.821273185200000E-01   0.000000000000000E+00   0.000000000000000E+00   0.000000000000000E+00
   8.412316462400000E-01   1.214213320600000E+01   1.214213320600000E+01   0.000000000000000E+00  -9.821273185200000E-01   0.000000000000000E+00   0.000000000000000E+00   0.000000000000000E+00
   8.442055417100000E-01   1.218505769100000E+01   1.218505769100000E+01   0.000000000000000E+00  -9.821273185200000E-01   0.000000000000000E+00   0.000000000000000E+00   0.000000000000000E+00
   8.478362642900000E-01   1.223746265900000E+01   1.223746265900000E+01   0.000000000000000E+00  -9.821273185200000E-01   0.000000000000000E+00   0.000000000000000E+00   0.000000000000000E+00
   8.514669868700000E-01   1.228986762600000E+01   1.228986762600000E+01   0.000000000000000E+00  -9.821273185200000E-01   0.000000000000000E+00   0.000000000000000E+00   0.000000000000000E+00
   8.550977094500000E-01   1.234227259400000E+01   1.234227259400000E+01   0.000000000000000E+00  -9.821273185200000E-01   0.000000000000000E+00   0.000000000000000E+00   0.000000000000000E+00
   8.587284320300000E-01   1.239467756200000E+01   1.239467756200000E+01   0.000000000000000E+00  -9.821273185200000E-01   0.000000000000000E+00   0.000000000000000E+00   0.000000000000000E+00
   8.634920217399999E-01   1.246343405800000E+01   1.246343405800000E+01   0.000000000000000E+00  -9.821273185200000E-01   0.000000000000000E+00   0.000000000000000E+00   0.000000000000000E+00
   8.682556114400000E-01   1.253219055500000E+01   1.253219055500000E+01   0.000000000000000E+00  -9.821273185200000E-01   0.000000000000000E+00   0.000000000000000E+00   0.000000000000000E+00
   8.730192011400000E-01   1.260094705100000E+01   1.260094705100000E+01   0.000000000000000E+00  -9.821273185200000E-01   0.000000000000000E+00   0.000000000000000E+00   0.000000000000000E+00
   8.777827908500000E-01   1.266970354700000E+01   1.266970354700000E+01   0.000000000000000E+00  -9.821273185200000E-01   0.000000000000000E+00   0.000000000000000E+00   0.000000000000000E+00
   8.822944478500000E-01   1.273482370900000E+01   1.273482370900000E+01   0.000000000000000E+00  -9.821273185200000E-01   0.000000000000000E+00   0.000000000000000E+00   0.000000000000000E+00
   8.868061048600000E-01   1.279994387000000E+01   1.279994387000000E+01   0.000000000000000E+00  -9.821273185200000E-01   0.000000000000000E+00   0.000000000000000E+00   0.000000000000000E+00
   8.913177618700000E-01   1.286506403100000E+01   1.286506403100000E+01   0.000000000000000E+00  -9.821273185200000E-01   0.000000000000000E+00   0.000000000000000E+00   0.000000000000000E+00
   8.958294188800000E-01   1.293018419200000E+01   1.293018419200000E+01   0.000000000000000E+00  -9.821273185200000E-01   0.000000000000000E+00   0.000000000000000E+00   0.000000000000000E+00
   9.005180387200000E-01   1.299785859200000E+01   1.299785859200000E+01   0.000000000000000E+00  -9.821273185200000E-01   0.000000000000000E+00   0.000000000000000E+00   0.000000000000000E+00
   9.052066585700000E-01   1.306553299200000E+01   1.306553299200000E+01   0.000000000000000E+00  -9.821273185200000E-01   0.000000000000000E+00   0.000000000000000E+00   0.000000000000000E+00
   9.098952784100000E-01   1.313320739100000E+01   1.313320739100000E+01   0.000000000000000E+00  -9.821273185200000E-01   0.000000000000000E+00   0.000000000000000E+00   0.000000000000000E+00
   9.145838982500000E-01   1.320088179100000E+01   1.320088179100000E+01   0.000000000000000E+00  -9.821273185200000E-01   0.000000000000000E+00   0.000000000000000E+00   0.000000000000000E+00
   9.190993333100000E-01   1.326605648400000E+01   1.326605648400000E+01   0.000000000000000E+00  -9.821273185200000E-01   0.000000000000000E+00   0.000000000000000E+00   0.000000000000000E+00
   9.236147683700000E-01   1.333123117600000E+01   1.333123117600000E+01   0.000000000000000E+00  -9.821273185200000E-01   0.000000000000000E+00   0.000000000000000E+00   0.000000000000000E+00
   9.281302034300000E-01   1.339640586900000E+01   1.339640586900000E+01   0.000000000000000E+00  -9.821273185200000E-01   0.000000000000000E+00   0.000000000000000E+00   0.000000000000000E+00
   9.326456384900000E-01   1.346158056200000E+01   1.346158056200000E+01   0.000000000000000E+00  -9.821273185200000E-01   0.000000000000000E+00   0.000000000000000E+00   0.000000000000000E+00
   9.382457004900000E-01   1.354241049600000E+01   1.354241049600000E+01   0.000000000000000E+00  -9.821273185200000E-01   0.000000000000000E+00   0.000000000000000E+00   0.000000000000000E+00
   9.438457624800000E-01   1.362324043000000E+01   1.362324043000000E+01   0.000000000000000E+00  -9.821273185200000E-01   0.000000000000000E+00   0.000000000000000E+00   0.000000000000000E+00
   9.494458244700000E-01   1.370407036400000E+01   1.370407036400000E+01   0.000000000000000E+00  -9.821273185200000E-01   0.000000000000000E+00   0.000000000000000E+00   0.000000000000000E+00
   9.550458864600000E-01   1.378490029900000E+01   1.378490029900000E+01   0.000000000000000E+00  -9.821273185200000E-01   0.000000000000000E+00   0.000000000000000E+00   0.000000000000000E+00
   9.606628636300000E-01   1.386597438300000E+01   1.386597438300000E+01   0.000000000000000E+00  -9.821273185200000E-01   0.000000000000000E+00   0.000000000000000E+00   0.000000000000000E+00
   9.662798408000000E-01   1.394704846600000E+01   1.394704846600000E+01   0.000000000000000E+00  -9.821273185200000E-01   0.000000000000000E+00   0.000000000000000E+00   0.000000000000000E+00
   9.718968179700000E-01   1.402812255000000E+01   1.402812255000000E+01   0.000000000000000E+00  -9.821273185200000E-01   0.000000000000000E+00   0.000000000000000E+00   0.000000000000000E+00
   9.775137951400000E-01   1.410919663400000E+01   1.410919663400000E+01   0.000000000000000E+00  -9.821273185200000E-01   0.000000000000000E+00   0.000000000000000E+00   0.000000000000000E+00
   9.831353463600000E-01   1.419033673900000E+01   1.419033673900000E+01   0.000000000000000E+00  -9.821273185200000E-01   0.000000000000000E+00   0.000000000000000E+00   0.000000000000000E+00
   9.887568975700000E-01   1.427147684300000E+01   1.427147684300000E+01   0.000000000000000E+00  -9.821273185200000E-01   0.000000000000000E+00   0.000000000000000E+00   0.000000000000000E+00
   9.943784487900000E-01   1.435261694800000E+01   1.435261694800000E+01   0.000000000000000E+00  -9.821273185200000E-01   0.000000000000000E+00   0.000000000000000E+00   0.000000000000000E+00
   1.000000000000000E+00   1.443375705200000E+01   1.443375705200000E+01   0.000000000000000E+00  -9.821273185200000E-01   0.000000000000000E+00   0.000000000000000E+00   0.000000000000000E+00
