   0.000000000000000E+00  -6.505838214900000E-31   0.000000000000000E+00   0.000000000000000E+00  -9.902667570900000E-01   0.000000000000000E+00   0.000000000000000E+00   0.000000000000000E+00
   1.796736020300000E-02   2.593365120400000E-01   2.593365120400000E-01   0.000000000000000E+00  -9.902667570900000E-01   0.000000000000000E+00   0.000000000000000E+00   0.000000000000000E+00
   3.593472040700000E-02   5.186730240800000E-01   5.186730240800000E-01   0.000000000000000E+00  -9.902667570900000E-01   0.000000000000000E+00   0.000000000000000E+00   0.000000000000000E+00
   5.390208061000000E-02   7.780095361300000E-01   7.780095361300000E-01   0.000000000000000E+00  -9.902667570900000E-01   0.000000000000000E+00   0.000000000000000E+00   0.000000000000000E+00
   7.186944081400000E-02   1.037346048200000E+00   1.037346048200000E+00   0.000000000000000E+00  -9.902667570900000E-01   0.000000000000000E+00   0.000000000000000E+00   0.000000000000000E+00
   8.926115744300001E-02   1.288373860700000E+00   1.288373860700000E+00   0.000000000000000E+00  -9.902667570900000E-01   0.000000000000000E+00   0.000000000000000E+00   0.000000000000000E+00
   1.066528740700000E-01   1.539401673300000E+00   1.539401673300000E+00   0.000000000000000E+00  -9.902667570900000E-01   0.000000000000000E+00   0.000000000000000E+00   0.000000000000000E+00
   1.240445907000000E-01   1.790429485800000E+00   1.790429485800000E+00   0.000000000000000E+00  -9.902667570900000E-01   0.000000000000000E+00   0.000000000000000E+00   0.000000000000000E+00
   1.414363073300000E-01   2.041457298400000E+00   2.041457298400000E+00   0.000000000000000E+00  -9.902667570900000E-01   0.000000000000000E+00   0.000000000000000E+00   0.000000000000000E+00
   1.569957649100000E-01   2.266038728900000E+00   2.266038728900000E+00   0.000000000000000E+00  -9.902667570900000E-01   0.000000000000000E+00   0.000000000000000E+00   0.000000000000000E+00
   1.725552224900000E-01   2.490620159500000E+00   2.490620159500000E+00   0.000000000000000E+00  -9.902667570900000E-01   0.000000000000000E+00   0.000000000000000E+00   0.000000000000000E+00
   1.881146800700000E-01   2.715201590000000E+00   2.715201590000000E+00   0.000000000000000E+00  -9.902667570900000E-01   0.000000000000000E+00   0.000000000000000E+00   0.000000000000000E+00
   2.036741376500000E-01   2.939783020600000E+00   2.939783020600000E+00   0.000000000000000E+00  -9.902667570900000E-01   0.000000000000000E+00   0.000000000000000E+00   0.000000000000000E+00
   2.162989309700000E-01   3.122006220300000E+00   3.122006220300000E+00   0.000000000000000E+00  -9.902667570900000E-01   0.000000000000000E+00   0.000000000000000E+00   0.000000000000000E+00
   2.289237243000000E-01   3.304229420000000E+00   3.304229420000000E+00   0.000000000000000E+00  -9.902667570900000E-01   0.000000000000000E+00   0.000000000000000E+00   0.000000000000000E+00
   2.415485176300000E-01   3.486452619700000E+00   3.486452619700000E+00   0.000000000000000E+00  -9.902667570900000E-01   0.000000000000000E+00   0.000000000000000E+00   0.000000000000000E+00
   2.541733109500000E-01   3.668675819400000E+00   3.668675819400000E+00   0.000000000000000E+00  -9.902667570900000E-01   0.000000000000000E+00   0.000000000000000E+00   0.000000000000000E+00
   2.651315127100000E-01   3.826843841300000E+00   3.826843841300000E+00   0.000000000000000E+00  -9.902667570900000E-01   0.000000000000000E+00   0.000000000000000E+00   0.000000000000000E+00
   2.760897144700000E-01   3.985011863200000E+00   3.985011863200000E+00   0.000000000000000E+00  -9.902667570900000E-01   0.000000000000000E+00   0.000000000000000E+00   0.000000000000000E+00
   2.870479162300000E-01   4.143179885200000E+00   4.143179885200000E+00   0.000000000000000E+00  -9.902667570900000E-01   0.000000000000000E+00   0.000000000000000E+00   0.000000000000000E+00
   2.980061179900000E-01   4.301347907100000E+00   4.301347907100000E+00   0.000000000000000E+00  -9.902667570900000E-01   0.000000000000000E+00   0.000000000000000E+00   0.000000000000000E+00
   3.086223743200000E-01   4.454580371800000E+00   4.454580371800000E+00   0.000000000000000E+00  -9.902667570900000E-01   0.000000000000000E+00   0.000000000000000E+00   0.000000000000000E+00
   3.192386306500000E-01   4.607812836500000E+00   4.607812836500000E+00   0.000000000000000E+00  -9.902667570900000E-01   0.000000000000000E+00   0.000000000000000E+00   0.000000000000000E+00
   3.298548869800000E-01   4.761045301200000E+00   4.761045301200000E+00   0.000000000000000E+00  -9.902667570900000E-01   0.000000000000000E+00   0.000000000000000E+00   0.000000000000000E+00
   3.404711433200000E-01   4.914277765800000E+00   4.914277765800000E+00   0.000000000000000E+00  -9.902667570900000E-01   0.000000000000000E+00   0.000000000000000E+00   0.000000000000000E+00
   3.489496737000000E-01   5.036654813600000E+00   5.036654813600000E+00   0.000000000000000E+00  -9.902667570900000E-01   0.000000000000000E+00   0.000000000000000E+00   0.000000000000000E+00
   3.574282040900000E-01   5.159031861400000E+00   5.159031861400000E+00   0.000000000000000E+00  -9.902667570900000E-01   0.000000000000000E+00   0.000000000000000E+00   0.000000000000000E+00
   3.659067344800000E-01   5.281408909200000E+00   5.281408909200000E+00   0.000000000000000E+00  -9.902667570900000E-01   0.000000000000000E+00   0.000000000000000E+00   0.000000000000000E+00
   3.743852648700000E-01   5.403785957000000E+00   5.403785957000000E+00   0.000000000000000E+00  -9.902667570900000E-01   0.000000000000000E+00   0.000000000000000E+00   0.000000000000000E+00
   3.821000440300000E-01   5.515139205100000E+00   5.515139205100000E+00   0.000000000000000E+00  -9.902667570900000E-01   0.000000000000000E+00   0.000000000000000E+00   0.000000000000000E+00
   3.898148231900000E-01   5.626492453200000E+00   5.626492453200000E+00   0.000000000000000E+00  -9.902667570900000E-01   0.000000000000000E+00   0.000000000000000E+00   0.000000000000000E+00
   3.975296023500000E-01   5.737845701300000E+00   5.737845701300000E+00   0.000000000000000E+00  -9.902667570900000E-01   0.000000000000000E+00   0.000000000000000E+00   0.000000000000000E+00
   4.052443815100000E-01   5.849198949400000E+00   5.849198949400000E+00   0.000000000000000E+00  -9.902667570900000E-01   0.000000000000000E+00   0.000000000000000E+00   0.000000000000000E+00
   4.124237475800000E-01   5.952824175100000E+00   5.952824175100000E+00   0.000000000000000E+00  -9.902667570900000E-01   0.000000000000000E+00   0.000000000000000E+00   0.000000000000000E+00
   4.196031136500000E-01   6.056449400700000E+00   6.056449400700000E+00   0.000000000000000E+00  -9.902667570900000E-01   0.000000000000000E+00   0.000000000000000E+00   0.000000000000000E+00
   4.267824797300000E-01   6.160074626400000E+00   6.160074626400000E+00   0.000000000000000E+00  -9.902667570900000E-01   0.000000000000000E+00   0.000000000000000E+00   0.000000000000000E+00
   4.339618458000000E-01   6.263699852100000E+00   6.263699852100000E+00   0.000000000000000E+00  -9.902667570900000E-01   0.000000000000000E+00   0.000000000000000E+00   0.000000000000000E+00
   4.408399741600000E-01   6.362977085900000E+00   6.362977085900000E+00   0.000000000000000E+00  -9.902667570900000E-01   0.000000000000000E+00   0.000000000000000E+00   0.000000000000000E+00
   4.477181025300000E-01   6.462254319700000E+00   6.462254319700000E+00   0.000000000000000E+00  -9.902667570900000E-01   0.000000000000000E+00   0.000000000000000E+00   0.000000000000000E+00
   4.545962309000000E-01   6.561531553500000E+00   6.561531553500000E+00   0.000000000000000E+00  -9.902667570900000E-01   0.000000000000000E+00   0.000000000000000E+00   0.000000000000000E+00
   4.614743592600000E-01   6.660808787300000E+00   6.660808787300000E+00   0.000000000000000E+00  -9.902667570900000E-01   0.000000000000000E+00   0.000000000000000E+00   0.000000000000000E+00
   4.687768121500000E-01   6.766210618200000E+00   6.766210618200000E+00   0.000000000000000E+00  -9.902667570900000E-01   0.000000000000000E+00   0.000000000000000E+00   0.000000000000000E+00
   4.760792650400000E-01   6.871612449100000E+00   6.871612449100000E+00   0.000000000000000E+00  -9.902667570900000E-01   0.000000000000000E+00   0.000000000000000E+00   0.000000000000000E+00
   4.833817179300000E-01   6.977014279900000E+00   6.977014279900000E+00   0.000000000000000E+00  -9.902667570900000E-01   0.000000000000000E+00   0.000000000000000E+00   0.000000000000000E+00
   4.906841708100000E-01   7.082416110800000E+00   7.082416110800000E+00   0.000000000000000E+00  -9.902667570900000E-01   0.000000000000000E+00   0.000000000000000E+00   0.000000000000000E+00
   4.963945727600000E-01   7.164838665100000E+00   7.164838665100000E+00   0.000000000000000E+00  -9.902667570900000E-01   0.000000000000000E+00   0.000000000000000E+00   0.000000000000000E+00
   5.021049747000000E-01   7.247261219500000E+00   7.247261219500000E+00   0.000000000000000E+00  -9.902667570900000E-01   0.000000000000000E+00   0.000000000000000E+00   0.000000000000000E+00
   5.078153766500000E-01   7.329683773800000E+00   7.329683773800000E+00   0.000000000000000E+00  -9.902667570900000E-01   0.000000000000000E+00   0.000000000000000E+00   0.000000000000000E+00
   5.135257785900000E-01   7.412106328200000E+00   7.412106328200000E+00   0.000000000000000E+00  -9.902667570900000E-01   0.000000000000000E+00   0.000000000000000E+00   0.000000000000000E+00
   5.189791362400000E-01   7.490818767500000E+00   7.490818767500000E+00   0.000000000000000E+00  -9.902667570900000E-01   0.000000000000000E+00   0.000000000000000E+00   0.000000000000000E+00
   5.244324938800000E-01   7.569531206900000E+00   7.569531206900000E+00   0.000000000000000E+00  -9.902667570900000E-01   0.000000000000000E+00   0.000000000000000E+00   0.000000000000000E+00
   5.298858515200000E-01   7.648243646200000E+00   7.648243646200000E+00   0.000000000000000E+00  -9.902667570900000E-01   0.000000000000000E+00   0.000000000000000E+00   0.000000000000000E+00
   5.353392091700000E-01   7.726956085500000E+00   7.726956085500000E+00   0.000000000000000E+00  -9.902667570900000E-01   0.000000000000000E+00   0.000000000000000E+00   0.000000000000000E+00
   5.399056780900000E-01   7.792867388600000E+00   7.792867388600000E+00   0.000000000000000E+00  -9.902667570900000E-01   0.000000000000000E+00   0.000000000000000E+00   0.000000000000000E+00
   5.444721470200000E-01   7.858778691600000E+00   7.858778691600000E+00   0.000000000000000E+00  -9.902667570900000E-01   0.000000000000000E+00   0.000000000000000E+00   0.000000000000000E+00
   5.490386159400000E-01   7.924689994700000E+00   7.924689994700000E+00   0.000000000000000E+00  -9.902667570900000E-01   0.000000000000000E+00   0.000000000000000E+00   0.000000000000000E+00
   5.536050848700000E-01   7.990601297700000E+00   7.990601297700000E+00   0.000000000000000E+00  -9.902667570900000E-01   0.000000000000000E+00   0.000000000000000E+00   0.000000000000000E+00
   5.568984407200001E-01   8.038136795900000E+00   8.038136795900000E+00   0.000000000000000E+00  -9.902667570900000E-01   0.000000000000000E+00   0.000000000000000E+00   0.000000000000000E+00
   5.601917965700000E-01   8.085672294200000E+00   8.085672294200000E+00   0.000000000000000E+00  -9.902667570900000E-01   0.000000000000000E+00   0.000000000000000E+00   0.000000000000000E+00
   5.634851524100000E-01   8.133207792400000E+00   8.133207792400000E+00   0.000000000000000E+00  -9.902667570900000E-01   0.000000000000000E+00   0.000000000000000E+00   0.000000000000000E+00
   5.667785082600000E-01   8.180743290600001E+00   8.180743290600001E+00   0.000000000000000E+00  -9.902667570900000E-01   0.000000000000000E+00   0.000000000000000E+00   0.000000000000000E+00
   5.697076926000000E-01   8.223022425600000E+00   8.223022425600000E+00   0.000000000000000E+00  -9.902667570900000E-01   0.000000000000000E+00   0.000000000000000E+00   0.000000000000000E+00
   5.726368769300000E-01   8.265301560699999E+00   8.265301560699999E+00   0.000000000000000E+00  -9.902667570900000E-01   0.000000000000000E+00   0.000000000000000E+00   0.000000000000000E+00
   5.755660612700000E-01   8.307580695700000E+00   8.307580695700000E+00   0.000000000000000E+00  -9.902667570900000E-01   0.000000000000000E+00   0.000000000000000E+00   0.000000000000000E+00
   5.784952456100000E-01   8.349859830800000E+00   8.349859830800000E+00   0.000000000000000E+00  -9.902667570900000E-01   0.000000000000000E+00   0.000000000000000E+00   0.000000000000000E+00
   5.816347044800000E-01   8.395174017500000E+00   8.395174017500000E+00   0.000000000000000E+00  -9.902667570900000E-01   0.000000000000000E+00   0.000000000000000E+00   0.000000000000000E+00
   5.847741633600000E-01   8.440488204299999E+00   8.440488204299999E+00   0.000000000000000E+00  -9.902667570900000E-01   0.000000000000000E+00   0.000000000000000E+00   0.000000000000000E+00
   5.879136222400000E-01   8.485802391000000E+00   8.485802391000000E+00   0.000000000000000E+00  -9.902667570900000E-01   0.000000000000000E+00   0.000000000000000E+00   0.000000000000000E+00
   5.910530811200000E-01   8.531116577700001E+00   8.531116577700001E+00   0.000000000000000E+00  -9.902667570900000E-01   0.000000000000000E+00   0.000000000000000E+00   0.000000000000000E+00
   5.939902554599999E-01   8.573511038500000E+00   8.573511038500000E+00   0.000000000000000E+00  -9.902667570900000E-01   0.000000000000000E+00   0.000000000000000E+00   0.000000000000000E+00
   5.969274297900000E-01   8.615905499300000E+00   8.615905499300000E+00   0.000000000000000E+00  -9.902667570900000E-01   0.000000000000000E+00   0.000000000000000E+00   0.000000000000000E+00
   5.998646041300000E-01   8.658299960100001E+00   8.658299960100001E+00   0.000000000000000E+00  -9.902667570900000E-01   0.000000000000000E+00   0.000000000000000E+00   0.000000000000000E+00
   6.028017784700000E-01   8.700694420900000E+00   8.700694420900000E+00   0.000000000000000E+00  -9.902667570900000E-01   0.000000000000000E+00   0.000000000000000E+00   0.000000000000000E+00
   6.049454589700000E-01   8.731635784500000E+00   8.731635784500000E+00   0.000000000000000E+00  -9.902667570900000E-01   0.000000000000000E+00   0.000000000000000E+00   0.000000000000000E+00
   6.070891394700000E-01   8.762577148000000E+00   8.762577148000000E+00   0.000000000000000E+00  -9.902667570900000E-01   0.000000000000000E+00   0.000000000000000E+00   0.000000000000000E+00
   6.092328199700000E-01   8.793518511600000E+00   8.793518511600000E+00   0.000000000000000E+00  -9.902667570900000E-01   0.000000000000000E+00   0.000000000000000E+00   0.000000000000000E+00
   6.113765004700000E-01   8.824459875100001E+00   8.824459875100001E+00   0.000000000000000E+00  -9.902667570900000E-01   0.000000000000000E+00   0.000000000000000E+00   0.000000000000000E+00
   6.133925436200000E-01   8.853558952100000E+00   8.853558952100000E+00   0.000000000000000E+00  -9.902667570900000E-01   0.000000000000000E+00   0.000000000000000E+00   0.000000000000000E+00
   6.154085867700000E-01   8.882658029100000E+00   8.882658029100000E+00   0.000000000000000E+00  -9.902667570900000E-01   0.000000000000000E+00   0.000000000000000E+00   0.000000000000000E+00
   6.174246299100000E-01   8.911757106100000E+00   8.911757106100000E+00   0.000000000000000E+00  -9.902667570900000E-01   0.000000000000000E+00   0.000000000000000E+00   0.000000000000000E+00
   6.194406730599999E-01   8.940856183099999E+00   8.940856183099999E+00   0.000000000000000E+00  -9.902667570900000E-01   0.000000000000000E+00   0.000000000000000E+00   0.000000000000000E+00
   6.217786903100000E-01   8.974602556100001E+00   8.974602556100001E+00   0.000000000000000E+00  -9.902667570900000E-01   0.000000000000000E+00   0.000000000000000E+00   0.000000000000000E+00
   6.241167075600000E-01   9.008348929000000E+00   9.008348929000000E+00   0.000000000000000E+00  -9.902667570900000E-01   0.000000000000000E+00   0.000000000000000E+00   0.000000000000000E+00
   6.264547248100000E-01   9.042095301900000E+00   9.042095301900000E+00   0.000000000000000E+00  -9.902667570900000E-01   0.000000000000000E+00   0.000000000000000E+00   0.000000000000000E+00
   6.287927420600000E-01   9.075841674899999E+00   9.075841674899999E+00   0.000000000000000E+00  -9.902667570900000E-01   0.000000000000000E+00   0.000000000000000E+00   0.000000000000000E+00
   6.316187762200000E-01   9.116631965500000E+00   9.116631965500000E+00   0.000000000000000E+00  -9.902667570900000E-01   0.000000000000000E+00   0.000000000000000E+00   0.000000000000000E+00
   6.344448103900000E-01   9.157422256000000E+00   9.157422256000000E+00   0.000000000000000E+00  -9.902667570900000E-01   0.000000000000000E+00   0.000000000000000E+00   0.000000000000000E+00
   6.372708445500000E-01   9.198212546600001E+00   9.198212546600001E+00   0.000000000000000E+00  -9.902667570900000E-01   0.000000000000000E+00   0.000000000000000E+00   0.000000000000000E+00
   6.400968787200000E-01   9.239002837199999E+00   9.239002837199999E+00   0.000000000000000E+00  -9.902667570900000E-01   0.000000000000000E+00   0.000000000000000E+00   0.000000000000000E+00
   6.425742648000000E-01   9.274760826000000E+00   9.274760826000000E+00   0.000000000000000E+00  -9.902667570900000E-01   0.000000000000000E+00   0.000000000000000E+00   0.000000000000000E+00
   6.450516508800000E-01   9.310518814800000E+00   9.310518814800000E+00   0.000000000000000E+00  -9.902667570900000E-01   0.000000000000000E+00   0.000000000000000E+00   0.000000000000000E+00
   6.475290369600000E-01   9.346276803600000E+00   9.346276803600000E+00   0.000000000000000E+00  -9.902667570900000E-01   0.000000000000000E+00   0.000000000000000E+00   0.000000000000000E+00
   6.500064230400000E-01   9.382034792400001E+00   9.382034792400001E+00   0.000000000000000E+00  -9.902667570900000E-01   0.000000000000000E+00   0.000000000000000E+00   0.000000000000000E+00
   6.520735313500000E-01   9.411870931499999E+00   9.411870931499999E+00   0.000000000000000E+00  -9.902667570900000E-01   0.000000000000000E+00   0.000000000000000E+00   0.000000000000000E+00
   6.541406396600000E-01   9.441707070600000E+00   9.441707070600000E+00   0.000000000000000E+00  -9.902667570900000E-01   0.000000000000000E+00   0.000000000000000E+00   0.000000000000000E+00
   6.562077479600000E-01   9.471543209800000E+00   9.471543209800000E+00   0.000000000000000E+00  -9.902667570900000E-01   0.000000000000000E+00   0.000000000000000E+00   0.000000000000000E+00
   6.582748562700000E-01   9.501379348900000E+00   9.501379348900000E+00   0.000000000000000E+00  -9.902667570900000E-01   0.000000000000000E+00   0.000000000000000E+00   0.000000000000000E+00
   6.599915585000000E-01   9.526157811799999E+00   9.526157811799999E+00   0.000000000000000E+00  -9.902667570900000E-01   0.000000000000000E+00   0.000000000000000E+00   0.000000000000000E+00
   6.617082607300000E-01   9.550936274700000E+00   9.550936274700000E+00   0.000000000000000E+00  -9.902667570900000E-01   0.000000000000000E+00   0.000000000000000E+00   0.000000000000000E+00
   6.634249629600000E-01   9.575714737600000E+00   9.575714737600000E+00   0.000000000000000E+00  -9.902667570900000E-01   0.000000000000000E+00   0.000000000000000E+00   0.000000000000000E+00
   6.651416651900000E-01   9.600493200500001E+00   9.600493200500001E+00   0.000000000000000E+00  -9.902667570900000E-01   0.000000000000000E+00   0.000000000000000E+00   0.000000000000000E+00
   6.665604166200000E-01   9.620971113900000E+00   9.620971113900000E+00   0.000000000000000E+00  -9.902667570900000E-01   0.000000000000000E+00   0.000000000000000E+00   0.000000000000000E+00
   6.679791680400000E-01   9.641449027300000E+00   9.641449027300000E+00   0.000000000000000E+00  -9.902667570900000E-01   0.000000000000000E+00   0.000000000000000E+00   0.000000000000000E+00
   6.693979194700000E-01   9.661926940700001E+00   9.661926940700001E+00   0.000000000000000E+00  -9.902667570900000E-01   0.000000000000000E+00   0.000000000000000E+00   0.000000000000000E+00
   6.708166708900000E-01   9.682404854100000E+00   9.682404854100000E+00   0.000000000000000E+00  -9.902667570900000E-01   0.000000000000000E+00   0.000000000000000E+00   0.000000000000000E+00
   6.728913752000000E-01   9.712350632000000E+00   9.712350632000000E+00   0.000000000000000E+00  -9.902667570900000E-01   0.000000000000000E+00   0.000000000000000E+00   0.000000000000000E+00
   6.749660795000000E-01   9.742296409800000E+00   9.742296409800000E+00   0.000000000000000E+00  -9.902667570900000E-01   0.000000000000000E+00   0.000000000000000E+00   0.000000000000000E+00
   6.770407838000000E-01   9.772242187700000E+00   9.772242187700000E+00   0.000000000000000E+00  -9.902667570900000E-01   0.000000000000000E+00   0.000000000000000E+00   0.000000000000000E+00
   6.791154881000000E-01   9.802187965500000E+00   9.802187965500000E+00   0.000000000000000E+00  -9.902667570900000E-01   0.000000000000000E+00   0.000000000000000E+00   0.000000000000000E+00
   6.804549123000000E-01   9.821520889000000E+00   9.821520889000000E+00   0.000000000000000E+00  -9.902667570900000E-01   0.000000000000000E+00   0.000000000000000E+00   0.000000000000000E+00
   6.817943365000000E-01   9.840853812400001E+00   9.840853812400001E+00   0.000000000000000E+00  -9.902667570900000E-01   0.000000000000000E+00   0.000000000000000E+00   0.000000000000000E+00
   6.831337607000000E-01   9.860186735899999E+00   9.860186735899999E+00   0.000000000000000E+00  -9.902667570900000E-01   0.000000000000000E+00   0.000000000000000E+00   0.000000000000000E+00
   6.844731849000000E-01   9.879519659400000E+00   9.879519659400000E+00   0.000000000000000E+00  -9.902667570900000E-01   0.000000000000000E+00   0.000000000000000E+00   0.000000000000000E+00
   6.858659243000000E-01   9.899622121600000E+00   9.899622121600000E+00   0.000000000000000E+00  -9.902667570900000E-01   0.000000000000000E+00   0.000000000000000E+00   0.000000000000000E+00
   6.872586637000000E-01   9.919724583700001E+00   9.919724583700001E+00   0.000000000000000E+00  -9.902667570900000E-01   0.000000000000000E+00   0.000000000000000E+00   0.000000000000000E+00
   6.886514030999999E-01   9.939827045900000E+00   9.939827045900000E+00   0.000000000000000E+00  -9.902667570900000E-01   0.000000000000000E+00   0.000000000000000E+00   0.000000000000000E+00
   6.900441425100000E-01   9.959929508100000E+00   9.959929508100000E+00   0.000000000000000E+00  -9.902667570900000E-01   0.000000000000000E+00   0.000000000000000E+00   0.000000000000000E+00
   6.910571745500000E-01   9.974551366400000E+00   9.974551366400000E+00   0.000000000000000E+00  -9.902667570900000E-01   0.000000000000000E+00   0.000000000000000E+00   0.000000000000000E+00
   6.920702065900000E-01   9.989173224800000E+00   9.989173224800000E+00   0.000000000000000E+00  -9.902667570900000E-01   0.000000000000000E+00   0.000000000000000E+00   0.000000000000000E+00
   6.930832386200000E-01   1.000379508300000E+01   1.000379508300000E+01   0.000000000000000E+00  -9.902667570900000E-01   0.000000000000000E+00   0.000000000000000E+00   0.000000000000000E+00
   6.940962706600000E-01   1.001841694100000E+01   1.001841694100000E+01   0.000000000000000E+00  -9.902667570900000E-01   0.000000000000000E+00   0.000000000000000E+00   0.000000000000000E+00
   6.949487321900000E-01   1.003072116400000E+01   1.003072116400000E+01   0.000000000000000E+00  -9.902667570900000E-01   0.000000000000000E+00   0.000000000000000E+00   0.000000000000000E+00
   6.958011937100000E-01   1.004302538700000E+01   1.004302538700000E+01   0.000000000000000E+00  -9.902667570900000E-01   0.000000000000000E+00   0.000000000000000E+00   0.000000000000000E+00
   6.966536552400000E-01   1.005532960900000E+01   1.005532960900000E+01   0.000000000000000E+00  -9.902667570900000E-01   0.000000000000000E+00   0.000000000000000E+00   0.000000000000000E+00
   6.975061167600000E-01   1.006763383200000E+01   1.006763383200000E+01   0.000000000000000E+00  -9.902667570900000E-01   0.000000000000000E+00   0.000000000000000E+00   0.000000000000000E+00
   6.983792513400000E-01   1.008023644400000E+01   1.008023644400000E+01   0.000000000000000E+00  -9.902667570900000E-01   0.000000000000000E+00   0.000000000000000E+00   0.000000000000000E+00
   6.992523859200001E-01   1.009283905600000E+01   1.009283905600000E+01   0.000000000000000E+00  -9.902667570900000E-01   0.000000000000000E+00   0.000000000000000E+00   0.000000000000000E+00
   7.001255205000000E-01   1.010544166900000E+01   1.010544166900000E+01   0.000000000000000E+00  -9.902667570900000E-01   0.000000000000000E+00   0.000000000000000E+00   0.000000000000000E+00
   7.009986550800000E-01   1.011804428100000E+01   1.011804428100000E+01   0.000000000000000E+00  -9.902667570900000E-01   0.000000000000000E+00   0.000000000000000E+00   0.000000000000000E+00
   7.017641134300000E-01   1.012909272100000E+01   1.012909272100000E+01   0.000000000000000E+00  -9.902667570900000E-01   0.000000000000000E+00   0.000000000000000E+00   0.000000000000000E+00
   7.025295717800000E-01   1.014014116100000E+01   1.014014116100000E+01   0.000000000000000E+00  -9.902667570900000E-01   0.000000000000000E+00   0.000000000000000E+00   0.000000000000000E+00
   7.032950301400001E-01   1.015118960100000E+01   1.015118960100000E+01   0.000000000000000E+00  -9.902667570900000E-01   0.000000000000000E+00   0.000000000000000E+00   0.000000000000000E+00
   7.040604884900000E-01   1.016223804100000E+01   1.016223804100000E+01   0.000000000000000E+00  -9.902667570900000E-01   0.000000000000000E+00   0.000000000000000E+00   0.000000000000000E+00
   7.049441683900000E-01   1.017499286200000E+01   1.017499286200000E+01   0.000000000000000E+00  -9.902667570900000E-01   0.000000000000000E+00   0.000000000000000E+00   0.000000000000000E+00
   7.058278482800000E-01   1.018774768300000E+01   1.018774768300000E+01   0.000000000000000E+00  -9.902667570900000E-01   0.000000000000000E+00   0.000000000000000E+00   0.000000000000000E+00
   7.067115281800000E-01   1.020050250400000E+01   1.020050250400000E+01   0.000000000000000E+00  -9.902667570900000E-01   0.000000000000000E+00   0.000000000000000E+00   0.000000000000000E+00
   7.075952080700000E-01   1.021325732400000E+01   1.021325732400000E+01   0.000000000000000E+00  -9.902667570900000E-01   0.000000000000000E+00   0.000000000000000E+00   0.000000000000000E+00
   7.088271784200000E-01   1.023103928500000E+01   1.023103928500000E+01   0.000000000000000E+00  -9.902667570900000E-01   0.000000000000000E+00   0.000000000000000E+00   0.000000000000000E+00
   7.100591487700000E-01   1.024882124600000E+01   1.024882124600000E+01   0.000000000000000E+00  -9.902667570900000E-01   0.000000000000000E+00   0.000000000000000E+00   0.000000000000000E+00
   7.112911191200000E-01   1.026660320700000E+01   1.026660320700000E+01   0.000000000000000E+00  -9.902667570900000E-01   0.000000000000000E+00   0.000000000000000E+00   0.000000000000000E+00
   7.125230894600000E-01   1.028438516700000E+01   1.028438516700000E+01   0.000000000000000E+00  -9.902667570900000E-01   0.000000000000000E+00   0.000000000000000E+00   0.000000000000000E+00
   7.141826133100000E-01   1.030833833100000E+01   1.030833833100000E+01   0.000000000000000E+00  -9.902667570900000E-01   0.000000000000000E+00   0.000000000000000E+00   0.000000000000000E+00
   7.158421371500000E-01   1.033229149500000E+01   1.033229149500000E+01   0.000000000000000E+00  -9.902667570900000E-01   0.000000000000000E+00   0.000000000000000E+00   0.000000000000000E+00
   7.175016609900000E-01   1.035624465900000E+01   1.035624465900000E+01   0.000000000000000E+00  -9.902667570900000E-01   0.000000000000000E+00   0.000000000000000E+00   0.000000000000000E+00
   7.191611848300000E-01   1.038019782300000E+01   1.038019782300000E+01   0.000000000000000E+00  -9.902667570900000E-01   0.000000000000000E+00   0.000000000000000E+00   0.000000000000000E+00
   7.211202073100000E-01   1.040847387800000E+01   1.040847387800000E+01   0.000000000000000E+00  -9.902667570900000E-01   0.000000000000000E+00   0.000000000000000E+00   0.000000000000000E+00
   7.230792297800001E-01   1.043674993200000E+01   1.043674993200000E+01   0.000000000000000E+00  -9.902667570900000E-01   0.000000000000000E+00   0.000000000000000E+00   0.000000000000000E+00
   7.250382522600000E-01   1.046502598600000E+01   1.046502598600000E+01   0.000000000000000E+00  -9.902667570900000E-01   0.000000000000000E+00   0.000000000000000E+00   0.000000000000000E+00
   7.269972747300000E-01   1.049330204100000E+01   1.049330204100000E+01   0.000000000000000E+00  -9.902667570900000E-01   0.000000000000000E+00   0.000000000000000E+00   0.000000000000000E+00
   7.300600961800000E-01   1.053751006200000E+01   1.053751006200000E+01   0.000000000000000E+00  -9.902667570900000E-01   0.000000000000000E+00   0.000000000000000E+00   0.000000000000000E+00
   7.331229176200000E-01   1.058171808200000E+01   1.058171808200000E+01   0.000000000000000E+00  -9.902667570900000E-01   0.000000000000000E+00   0.000000000000000E+00   0.000000000000000E+00
   7.361857390600000E-01   1.062592610300000E+01   1.062592610300000E+01   0.000000000000000E+00  -9.902667570900000E-01   0.000000000000000E+00   0.000000000000000E+00   0.000000000000000E+00
   7.392485605100000E-01   1.067013412300000E+01   1.067013412300000E+01   0.000000000000000E+00  -9.902667570900000E-01   0.000000000000000E+00   0.000000000000000E+00   0.000000000000000E+00
   7.409973708599999E-01   1.069537602700000E+01   1.069537602700000E+01   0.000000000000000E+00  -9.902667570900000E-01   0.000000000000000E+00   0.000000000000000E+00   0.000000000000000E+00
   7.427461812200000E-01   1.072061793100000E+01   1.072061793100000E+01   0.000000000000000E+00  -9.902667570900000E-01   0.000000000000000E+00   0.000000000000000E+00   0.000000000000000E+00
   7.444949915800000E-01   1.074585983500000E+01   1.074585983500000E+01   0.000000000000000E+00  -9.902667570900000E-01   0.000000000000000E+00   0.000000000000000E+00   0.000000000000000E+00
   7.462438019400000E-01   1.077110173900000E+01   1.077110173900000E+01   0.000000000000000E+00  -9.902667570900000E-01   0.000000000000000E+00   0.000000000000000E+00   0.000000000000000E+00
   7.475995276800000E-01   1.079066995500000E+01   1.079066995500000E+01   0.000000000000000E+00  -9.902667570900000E-01   0.000000000000000E+00   0.000000000000000E+00   0.000000000000000E+00
   7.489552534200000E-01   1.081023817100000E+01   1.081023817100000E+01   0.000000000000000E+00  -9.902667570900000E-01   0.000000000000000E+00   0.000000000000000E+00   0.000000000000000E+00
   7.503109791600000E-01   1.082980638700000E+01   1.082980638700000E+01   0.000000000000000E+00  -9.902667570900000E-01   0.000000000000000E+00   0.000000000000000E+00   0.000000000000000E+00
   7.516667049000000E-01   1.084937460300000E+01   1.084937460300000E+01   0.000000000000000E+00  -9.902667570900000E-01   0.000000000000000E+00   0.000000000000000E+00   0.000000000000000E+00
   7.535648470400000E-01   1.087677192500000E+01   1.087677192500000E+01   0.000000000000000E+00  -9.902667570900000E-01   0.000000000000000E+00   0.000000000000000E+00   0.000000000000000E+00
   7.554629891800000E-01   1.090416924800000E+01   1.090416924800000E+01   0.000000000000000E+00  -9.902667570900000E-01   0.000000000000000E+00   0.000000000000000E+00   0.000000000000000E+00
   7.573611313200000E-01   1.093156657000000E+01   1.093156657000000E+01   0.000000000000000E+00  -9.902667570900000E-01   0.000000000000000E+00   0.000000000000000E+00   0.000000000000000E+00
   7.592592734600000E-01   1.095896389300000E+01   1.095896389300000E+01   0.000000000000000E+00  -9.902667570900000E-01   0.000000000000000E+00   0.000000000000000E+00   0.000000000000000E+00
   7.612850172600000E-01   1.098820298600000E+01   1.098820298600000E+01   0.000000000000000E+00  -9.902667570900000E-01   0.000000000000000E+00   0.000000000000000E+00   0.000000000000000E+00
   7.633107610600000E-01   1.101744208000000E+01   1.101744208000000E+01   0.000000000000000E+00  -9.902667570900000E-01   0.000000000000000E+00   0.000000000000000E+00   0.000000000000000E+00
   7.653365048600000E-01   1.104668117400000E+01   1.104668117400000E+01   0.000000000000000E+00  -9.902667570900000E-01   0.000000000000000E+00   0.000000000000000E+00   0.000000000000000E+00
   7.673622486600000E-01   1.107592026800000E+01   1.107592026800000E+01   0.000000000000000E+00  -9.902667570900000E-01   0.000000000000000E+00   0.000000000000000E+00   0.000000000000000E+00
   7.691387969300000E-01   1.110156253400000E+01   1.110156253400000E+01   0.000000000000000E+00  -9.902667570900000E-01   0.000000000000000E+00   0.000000000000000E+00   0.000000000000000E+00
   7.709153452000000E-01   1.112720480000000E+01   1.112720480000000E+01   0.000000000000000E+00  -9.902667570900000E-01   0.000000000000000E+00   0.000000000000000E+00   0.000000000000000E+00
   7.726918934800000E-01   1.115284706600000E+01   1.115284706600000E+01   0.000000000000000E+00  -9.902667570900000E-01   0.000000000000000E+00   0.000000000000000E+00   0.000000000000000E+00
   7.744684417500000E-01   1.117848933300000E+01   1.117848933300000E+01   0.000000000000000E+00  -9.902667570900000E-01   0.000000000000000E+00   0.000000000000000E+00   0.000000000000000E+00
   7.764737267900000E-01   1.120743313000000E+01   1.120743313000000E+01   0.000000000000000E+00  -9.902667570900000E-01   0.000000000000000E+00   0.000000000000000E+00   0.000000000000000E+00
   7.784790118200000E-01   1.123637692700000E+01   1.123637692700000E+01   0.000000000000000E+00  -9.902667570900000E-01   0.000000000000000E+00   0.000000000000000E+00   0.000000000000000E+00
   7.804842968600000E-01   1.126532072400000E+01   1.126532072400000E+01   0.000000000000000E+00  -9.902667570900000E-01   0.000000000000000E+00   0.000000000000000E+00   0.000000000000000E+00
   7.824895819000000E-01   1.129426452100000E+01   1.129426452100000E+01   0.000000000000000E+00  -9.902667570900000E-01   0.000000000000000E+00   0.000000000000000E+00   0.000000000000000E+00
   7.844898965300000E-01   1.132313657600000E+01   1.132313657600000E+01   0.000000000000000E+00  -9.902667570900000E-01   0.000000000000000E+00   0.000000000000000E+00   0.000000000000000E+00
   7.864902111600000E-01   1.135200863200000E+01   1.135200863200000E+01   0.000000000000000E+00  -9.902667570900000E-01   0.000000000000000E+00   0.000000000000000E+00   0.000000000000000E+00
   7.884905257900000E-01   1.138088068700000E+01   1.138088068700000E+01   0.000000000000000E+00  -9.902667570900000E-01   0.000000000000000E+00   0.000000000000000E+00   0.000000000000000E+00
   7.904908404200000E-01   1.140975274200000E+01   1.140975274200000E+01   0.000000000000000E+00  -9.902667570900000E-01   0.000000000000000E+00   0.000000000000000E+00   0.000000000000000E+00
   7.921093284100000E-01   1.143311360500000E+01   1.143311360500000E+01   0.000000000000000E+00  -9.902667570900000E-01   0.000000000000000E+00   0.000000000000000E+00   0.000000000000000E+00
   7.937278164000000E-01   1.145647446700000E+01   1.145647446700000E+01   0.000000000000000E+00  -9.902667570900000E-01   0.000000000000000E+00   0.000000000000000E+00   0.000000000000000E+00
   7.953463043900000E-01   1.147983533000000E+01   1.147983533000000E+01   0.000000000000000E+00  -9.902667570900000E-01   0.000000000000000E+00   0.000000000000000E+00   0.000000000000000E+00
   7.969647923800000E-01   1.150319619200000E+01   1.150319619200000E+01   0.000000000000000E+00  -9.902667570900000E-01   0.000000000000000E+00   0.000000000000000E+00   0.000000000000000E+00
   7.993354031600000E-01   1.153741301200000E+01   1.153741301200000E+01   0.000000000000000E+00  -9.902667570900000E-01   0.000000000000000E+00   0.000000000000000E+00   0.000000000000000E+00
   8.017060139400000E-01   1.157162983200000E+01   1.157162983200000E+01   0.000000000000000E+00  -9.902667570900000E-01   0.000000000000000E+00   0.000000000000000E+00   0.000000000000000E+00
   8.040766247100000E-01   1.160584665200000E+01   1.160584665200000E+01   0.000000000000000E+00  -9.902667570900000E-01   0.000000000000000E+00   0.000000000000000E+00   0.000000000000000E+00
   8.064472354900000E-01   1.164006347200000E+01   1.164006347200000E+01   0.000000000000000E+00  -9.902667570900000E-01   0.000000000000000E+00   0.000000000000000E+00   0.000000000000000E+00
   8.086921035600000E-01   1.167246535300000E+01   1.167246535300000E+01   0.000000000000000E+00  -9.902667570900000E-01   0.000000000000000E+00   0.000000000000000E+00   0.000000000000000E+00
   8.109369716300000E-01   1.170486723300000E+01   1.170486723300000E+01   0.000000000000000E+00  -9.902667570900000E-01   0.000000000000000E+00   0.000000000000000E+00   0.000000000000000E+00
   8.131818397000000E-01   1.173726911300000E+01   1.173726911300000E+01   0.000000000000000E+00  -9.902667570900000E-01   0.000000000000000E+00   0.000000000000000E+00   0.000000000000000E+00
   8.154267077600000E-01   1.176967099400000E+01   1.176967099400000E+01   0.000000000000000E+00  -9.902667570900000E-01   0.000000000000000E+00   0.000000000000000E+00   0.000000000000000E+00
   8.181600472900000E-01   1.180912335200000E+01   1.180912335200000E+01   0.000000000000000E+00  -9.902667570900000E-01   0.000000000000000E+00   0.000000000000000E+00   0.000000000000000E+00
   8.208933868100000E-01   1.184857571100000E+01   1.184857571100000E+01   0.000000000000000E+00  -9.902667570900000E-01   0.000000000000000E+00   0.000000000000000E+00   0.000000000000000E+00
   8.236267263300000E-01   1.188802806900000E+01   1.188802806900000E+01   0.000000000000000E+00  -9.902667570900000E-01   0.000000000000000E+00   0.000000000000000E+00   0.000000000000000E+00
   8.263600658500000E-01   1.192748042800000E+01   1.192748042800000E+01   0.000000000000000E+00  -9.902667570900000E-01   0.000000000000000E+00   0.000000000000000E+00   0.000000000000000E+00
   8.290306687400000E-01   1.196602726100000E+01   1.196602726100000E+01   0.000000000000000E+00  -9.902667570900000E-01   0.000000000000000E+00   0.000000000000000E+00   0.000000000000000E+00
   8.317012716200000E-01   1.200457409400000E+01   1.200457409400000E+01   0.000000000000000E+00  -9.902667570900000E-01   0.000000000000000E+00   0.000000000000000E+00   0.000000000000000E+00
   8.343718745099999E-01   1.204312092800000E+01   1.204312092800000E+01   0.000000000000000E+00  -9.902667570900000E-01   0.000000000000000E+00   0.000000000000000E+00   0.000000000000000E+00
   8.370424773900000E-01   1.208166776100000E+01   1.208166776100000E+01   0.000000000000000E+00  -9.902667570900000E-01   0.000000000000000E+00   0.000000000000000E+00   0.000000000000000E+00
   8.389281962900000E-01   1.210888576900000E+01   1.210888576900000E+01   0.000000000000000E+00  -9.902667570900000E-01   0.000000000000000E+00   0.000000000000000E+00   0.000000000000000E+00
   8.408139151800000E-01   1.213610377800000E+01   1.213610377800000E+01   0.000000000000000E+00  -9.902667570900000E-01   0.000000000000000E+00   0.000000000000000E+00   0.000000000000000E+00
   8.426996340700000E-01   1.216332178600000E+01   1.216332178600000E+01   0.000000000000000E+00  -9.902667570900000E-01   0.000000000000000E+00   0.000000000000000E+00   0.000000000000000E+00
   8.445853529700000E-01   1.219053979400000E+01   1.219053979400000E+01   0.000000000000000E+00  -9.902667570900000E-01   0.000000000000000E+00   0.000000000000000E+00   0.000000000000000E+00
   8.463526346600000E-01   1.221604830900000E+01   1.221604830900000E+01   0.000000000000000E+00  -9.902667570900000E-01   0.000000000000000E+00   0.000000000000000E+00   0.000000000000000E+00
   8.481199163599999E-01   1.224155682400000E+01   1.224155682400000E+01   0.000000000000000E+00  -9.902667570900000E-01   0.000000000000000E+00   0.000000000000000E+00   0.000000000000000E+00
   8.498871980500000E-01   1.226706533800000E+01   1.226706533800000E+01   0.000000000000000E+00  -9.902667570900000E-01   0.000000000000000E+00   0.000000000000000E+00   0.000000000000000E+00
   8.516544797500000E-01   1.229257385300000E+01   1.229257385300000E+01   0.000000000000000E+00  -9.902667570900000E-01   0.000000000000000E+00   0.000000000000000E+00   0.000000000000000E+00
   8.530992835300000E-01   1.231342780000000E+01   1.231342780000000E+01   0.000000000000000E+00  -9.902667570900000E-01   0.000000000000000E+00   0.000000000000000E+00   0.000000000000000E+00
   8.545440873200000E-01   1.233428174700000E+01   1.233428174700000E+01   0.000000000000000E+00  -9.902667570900000E-01   0.000000000000000E+00   0.000000000000000E+00   0.000000000000000E+00
   8.559888911100000E-01   1.235513569300000E+01   1.235513569300000E+01   0.000000000000000E+00  -9.902667570900000E-01   0.000000000000000E+00   0.000000000000000E+00   0.000000000000000E+00
   8.574336948900000E-01   1.237598964000000E+01   1.237598964000000E+01   0.000000000000000E+00  -9.902667570900000E-01   0.000000000000000E+00   0.000000000000000E+00   0.000000000000000E+00
   8.586818834200000E-01   1.239400569000000E+01   1.239400569000000E+01   0.000000000000000E+00  -9.902667570900000E-01   0.000000000000000E+00   0.000000000000000E+00   0.000000000000000E+00
   8.599300719500000E-01   1.241202174000000E+01   1.241202174000000E+01   0.000000000000000E+00  -9.902667570900000E-01   0.000000000000000E+00   0.000000000000000E+00   0.000000000000000E+00
   8.611782604800000E-01   1.243003779000000E+01   1.243003779000000E+01   0.000000000000000E+00  -9.902667570900000E-01   0.000000000000000E+00   0.000000000000000E+00   0.000000000000000E+00
   8.624264490100000E-01   1.244805384000000E+01   1.244805384000000E+01   0.000000000000000E+00  -9.902667570900000E-01   0.000000000000000E+00   0.000000000000000E+00   0.000000000000000E+00
   8.637508775600000E-01   1.246717032000000E+01   1.246717032000000E+01   0.000000000000000E+00  -9.902667570900000E-01   0.000000000000000E+00   0.000000000000000E+00   0.000000000000000E+00
   8.650753061100001E-01   1.248628680000000E+01   1.248628680000000E+01   0.000000000000000E+00  -9.902667570900000E-01   0.000000000000000E+00   0.000000000000000E+00   0.000000000000000E+00
   8.663997346500000E-01   1.250540328000000E+01   1.250540328000000E+01   0.000000000000000E+00  -9.902667570900000E-01   0.000000000000000E+00   0.000000000000000E+00   0.000000000000000E+00
   8.677241632000000E-01   1.252451976000000E+01   1.252451976000000E+01   0.000000000000000E+00  -9.902667570900000E-01   0.000000000000000E+00   0.000000000000000E+00   0.000000000000000E+00
   8.690281159600000E-01   1.254334069700000E+01   1.254334069700000E+01   0.000000000000000E+00  -9.902667570900000E-01   0.000000000000000E+00   0.000000000000000E+00   0.000000000000000E+00
   8.703320687100000E-01   1.256216163400000E+01   1.256216163400000E+01   0.000000000000000E+00  -9.902667570900000E-01   0.000000000000000E+00   0.000000000000000E+00   0.000000000000000E+00
   8.716360214700000E-01   1.258098257200000E+01   1.258098257200000E+01   0.000000000000000E+00  -9.902667570900000E-01   0.000000000000000E+00   0.000000000000000E+00   0.000000000000000E+00
   8.729399742200000E-01   1.259980350900000E+01   1.259980350900000E+01   0.000000000000000E+00  -9.902667570900000E-01   0.000000000000000E+00   0.000000000000000E+00   0.000000000000000E+00
   8.742133665100000E-01   1.261818334400000E+01   1.261818334400000E+01   0.000000000000000E+00  -9.902667570900000E-01   0.000000000000000E+00   0.000000000000000E+00   0.000000000000000E+00
   8.754867588000000E-01   1.263656317900000E+01   1.263656317900000E+01   0.000000000000000E+00  -9.902667570900000E-01   0.000000000000000E+00   0.000000000000000E+00   0.000000000000000E+00
   8.767601510900001E-01   1.265494301400000E+01   1.265494301400000E+01   0.000000000000000E+00  -9.902667570900000E-01   0.000000000000000E+00   0.000000000000000E+00   0.000000000000000E+00
   8.780335433799999E-01   1.267332284900000E+01   1.267332284900000E+01   0.000000000000000E+00  -9.902667570900000E-01   0.000000000000000E+00   0.000000000000000E+00   0.000000000000000E+00
   8.794139149100000E-01   1.269324679600000E+01   1.269324679600000E+01   0.000000000000000E+00  -9.902667570900000E-01   0.000000000000000E+00   0.000000000000000E+00   0.000000000000000E+00
   8.807942864300000E-01   1.271317074300000E+01   1.271317074300000E+01   0.000000000000000E+00  -9.902667570900000E-01   0.000000000000000E+00   0.000000000000000E+00   0.000000000000000E+00
   8.821746579600001E-01   1.273309469000000E+01   1.273309469000000E+01   0.000000000000000E+00  -9.902667570900000E-01   0.000000000000000E+00   0.000000000000000E+00   0.000000000000000E+00
   8.835550294900000E-01   1.275301863800000E+01   1.275301863800000E+01   0.000000000000000E+00  -9.902667570900000E-01   0.000000000000000E+00   0.000000000000000E+00   0.000000000000000E+00
   8.851125656700000E-01   1.277549973700000E+01   1.277549973700000E+01   0.000000000000000E+00  -9.902667570900000E-01   0.000000000000000E+00   0.000000000000000E+00   0.000000000000000E+00
   8.866701018399999E-01   1.279798083500000E+01   1.279798083500000E+01   0.000000000000000E+00  -9.902667570900000E-01   0.000000000000000E+00   0.000000000000000E+00   0.000000000000000E+00
   8.882276380200000E-01   1.282046193400000E+01   1.282046193400000E+01   0.000000000000000E+00  -9.902667570900000E-01   0.000000000000000E+00   0.000000000000000E+00   0.000000000000000E+00
   8.897851742000000E-01   1.284294303300000E+01   1.284294303300000E+01   0.000000000000000E+00  -9.902667570900000E-01   0.000000000000000E+00   0.000000000000000E+00   0.000000000000000E+00
   8.914089361300001E-01   1.286638001800000E+01   1.286638001800000E+01   0.000000000000000E+00  -9.902667570900000E-01   0.000000000000000E+00   0.000000000000000E+00   0.000000000000000E+00
   8.930326980500000E-01   1.288981700300000E+01   1.288981700300000E+01   0.000000000000000E+00  -9.902667570900000E-01   0.000000000000000E+00   0.000000000000000E+00   0.000000000000000E+00
   8.946564599800000E-01   1.291325398800000E+01   1.291325398800000E+01   0.000000000000000E+00  -9.902667570900000E-01   0.000000000000000E+00   0.000000000000000E+00   0.000000000000000E+00
   8.962802219100000E-01   1.293669097400000E+01   1.293669097400000E+01   0.000000000000000E+00  -9.902667570900000E-01   0.000000000000000E+00   0.000000000000000E+00   0.000000000000000E+00
   8.977992470100000E-01   1.295861621300000E+01   1.295861621300000E+01   0.000000000000000E+00  -9.902667570900000E-01   0.000000000000000E+00   0.000000000000000E+00   0.000000000000000E+00
   8.993182721000000E-01   1.298054145200000E+01   1.298054145200000E+01   0.000000000000000E+00  -9.902667570900000E-01   0.000000000000000E+00   0.000000000000000E+00   0.000000000000000E+00
   9.008372971900001E-01   1.300246669100000E+01   1.300246669100000E+01   0.000000000000000E+00  -9.902667570900000E-01   0.000000000000000E+00   0.000000000000000E+00   0.000000000000000E+00
   9.023563222800000E-01   1.302439193000000E+01   1.302439193000000E+01   0.000000000000000E+00  -9.902667570900000E-01   0.000000000000000E+00   0.000000000000000E+00   0.000000000000000E+00
   9.036503981200000E-01   1.304307030600000E+01   1.304307030600000E+01   0.000000000000000E+00  -9.902667570900000E-01   0.000000000000000E+00   0.000000000000000E+00   0.000000000000000E+00
   9.049444739600000E-01   1.306174868300000E+01   1.306174868300000E+01   0.000000000000000E+00  -9.902667570900000E-01   0.000000000000000E+00   0.000000000000000E+00   0.000000000000000E+00
   9.062385498000000E-01   1.308042705900000E+01   1.308042705900000E+01   0.000000000000000E+00  -9.902667570900000E-01   0.000000000000000E+00   0.000000000000000E+00   0.000000000000000E+00
   9.075326256400000E-01   1.309910543500000E+01   1.309910543500000E+01   0.000000000000000E+00  -9.902667570900000E-01   0.000000000000000E+00   0.000000000000000E+00   0.000000000000000E+00
   9.085413336800000E-01   1.311366488200000E+01   1.311366488200000E+01   0.000000000000000E+00  -9.902667570900000E-01   0.000000000000000E+00   0.000000000000000E+00   0.000000000000000E+00
   9.095500417100000E-01   1.312822432900000E+01   1.312822432900000E+01   0.000000000000000E+00  -9.902667570900000E-01   0.000000000000000E+00   0.000000000000000E+00   0.000000000000000E+00
   9.105587497500000E-01   1.314278377500000E+01   1.314278377500000E+01   0.000000000000000E+00  -9.902667570900000E-01   0.000000000000000E+00   0.000000000000000E+00   0.000000000000000E+00
   9.115674577900000E-01   1.315734322200000E+01   1.315734322200000E+01   0.000000000000000E+00  -9.902667570900000E-01   0.000000000000000E+00   0.000000000000000E+00   0.000000000000000E+00
   9.124925236600000E-01   1.317069539800000E+01   1.317069539800000E+01   0.000000000000000E+00  -9.902667570900000E-01   0.000000000000000E+00   0.000000000000000E+00   0.000000000000000E+00
   9.134175895300000E-01   1.318404757400000E+01   1.318404757400000E+01   0.000000000000000E+00  -9.902667570900000E-01   0.000000000000000E+00   0.000000000000000E+00   0.000000000000000E+00
   9.143426553900000E-01   1.319739975000000E+01   1.319739975000000E+01   0.000000000000000E+00  -9.902667570900000E-01   0.000000000000000E+00   0.000000000000000E+00   0.000000000000000E+00
   9.152677212600000E-01   1.321075192600000E+01   1.321075192600000E+01   0.000000000000000E+00  -9.902667570900000E-01   0.000000000000000E+00   0.000000000000000E+00   0.000000000000000E+00
   9.165726870999999E-01   1.322958748600000E+01   1.322958748600000E+01   0.000000000000000E+00  -9.902667570900000E-01   0.000000000000000E+00   0.000000000000000E+00   0.000000000000000E+00
   9.178776529300000E-01   1.324842304600000E+01   1.324842304600000E+01   0.000000000000000E+00  -9.902667570900000E-01   0.000000000000000E+00   0.000000000000000E+00   0.000000000000000E+00
   9.191826187600000E-01   1.326725860600000E+01   1.326725860600000E+01   0.000000000000000E+00  -9.902667570900000E-01   0.000000000000000E+00   0.000000000000000E+00   0.000000000000000E+00
   9.204875846000000E-01   1.328609416500000E+01   1.328609416500000E+01   0.000000000000000E+00  -9.902667570900000E-01   0.000000000000000E+00   0.000000000000000E+00   0.000000000000000E+00
   9.216663024600000E-01   1.330310749300000E+01   1.330310749300000E+01   0.000000000000000E+00  -9.902667570900000E-01   0.000000000000000E+00   0.000000000000000E+00   0.000000000000000E+00
   9.228450203200000E-01   1.332012082000000E+01   1.332012082000000E+01   0.000000000000000E+00  -9.902667570900000E-01   0.000000000000000E+00   0.000000000000000E+00   0.000000000000000E+00
   9.240237381800001E-01   1.333713414700000E+01   1.333713414700000E+01   0.000000000000000E+00  -9.902667570900000E-01   0.000000000000000E+00   0.000000000000000E+00   0.000000000000000E+00
   9.252024560400000E-01   1.335414747400000E+01   1.335414747400000E+01   0.000000000000000E+00  -9.902667570900000E-01   0.000000000000000E+00   0.000000000000000E+00   0.000000000000000E+00
   9.263276313300000E-01   1.337038798100000E+01   1.337038798100000E+01   0.000000000000000E+00  -9.902667570900000E-01   0.000000000000000E+00   0.000000000000000E+00   0.000000000000000E+00
   9.274528066200000E-01   1.338662848800000E+01   1.338662848800000E+01   0.000000000000000E+00  -9.902667570900000E-01   0.000000000000000E+00   0.000000000000000E+00   0.000000000000000E+00
   9.285779819200000E-01   1.340286899500000E+01   1.340286899500000E+01   0.000000000000000E+00  -9.902667570900000E-01   0.000000000000000E+00   0.000000000000000E+00   0.000000000000000E+00
   9.297031572100000E-01   1.341910950200000E+01   1.341910950200000E+01   0.000000000000000E+00  -9.902667570900000E-01   0.000000000000000E+00   0.000000000000000E+00   0.000000000000000E+00
   9.308736717800000E-01   1.343600442500000E+01   1.343600442500000E+01   0.000000000000000E+00  -9.902667570900000E-01   0.000000000000000E+00   0.000000000000000E+00   0.000000000000000E+00
   9.320441863500000E-01   1.345289934700000E+01   1.345289934700000E+01   0.000000000000000E+00  -9.902667570900000E-01   0.000000000000000E+00   0.000000000000000E+00   0.000000000000000E+00
   9.332147009200000E-01   1.346979427000000E+01   1.346979427000000E+01   0.000000000000000E+00  -9.902667570900000E-01   0.000000000000000E+00   0.000000000000000E+00   0.000000000000000E+00
   9.343852154900000E-01   1.348668919300000E+01   1.348668919300000E+01   0.000000000000000E+00  -9.902667570900000E-01   0.000000000000000E+00   0.000000000000000E+00   0.000000000000000E+00
   9.355400061700000E-01   1.350335716100000E+01   1.350335716100000E+01   0.000000000000000E+00  -9.902667570900000E-01   0.000000000000000E+00   0.000000000000000E+00   0.000000000000000E+00
   9.366947968600000E-01   1.352002513000000E+01   1.352002513000000E+01   0.000000000000000E+00  -9.902667570900000E-01   0.000000000000000E+00   0.000000000000000E+00   0.000000000000000E+00
   9.378495875400000E-01   1.353669309800000E+01   1.353669309800000E+01   0.000000000000000E+00  -9.902667570900000E-01   0.000000000000000E+00   0.000000000000000E+00   0.000000000000000E+00
   9.390043782300000E-01   1.355336106600000E+01   1.355336106600000E+01   0.000000000000000E+00  -9.902667570900000E-01   0.000000000000000E+00   0.000000000000000E+00   0.000000000000000E+00
   9.402898041100000E-01   1.357191459100000E+01   1.357191459100000E+01   0.000000000000000E+00  -9.902667570900000E-01   0.000000000000000E+00   0.000000000000000E+00   0.000000000000000E+00
   9.415752299900000E-01   1.359046811600000E+01   1.359046811600000E+01   0.000000000000000E+00  -9.902667570900000E-01   0.000000000000000E+00   0.000000000000000E+00   0.000000000000000E+00
   9.428606558700000E-01   1.360902164100000E+01   1.360902164100000E+01   0.000000000000000E+00  -9.902667570900000E-01   0.000000000000000E+00   0.000000000000000E+00   0.000000000000000E+00
   9.441460817600000E-01   1.362757516600000E+01   1.362757516600000E+01   0.000000000000000E+00  -9.902667570900000E-01   0.000000000000000E+00   0.000000000000000E+00   0.000000000000000E+00
   9.456180089700000E-01   1.364882060600000E+01   1.364882060600000E+01   0.000000000000000E+00  -9.902667570900000E-01   0.000000000000000E+00   0.000000000000000E+00   0.000000000000000E+00
   9.470899361900000E-01   1.367006604500000E+01   1.367006604500000E+01   0.000000000000000E+00  -9.902667570900000E-01   0.000000000000000E+00   0.000000000000000E+00   0.000000000000000E+00
   9.485618634100000E-01   1.369131148500000E+01   1.369131148500000E+01   0.000000000000000E+00  -9.902667570900000E-01   0.000000000000000E+00   0.000000000000000E+00   0.000000000000000E+00
   9.500337906200000E-01   1.371255692500000E+01   1.371255692500000E+01   0.000000000000000E+00  -9.902667570900000E-01   0.000000000000000E+00   0.000000000000000E+00   0.000000000000000E+00
   9.520132790600000E-01   1.374112838000000E+01   1.374112838000000E+01   0.000000000000000E+00  -9.902667570900000E-01   0.000000000000000E+00   0.000000000000000E+00   0.000000000000000E+00
   9.539927674899999E-01   1.376969983500000E+01   1.376969983500000E+01   0.000000000000000E+00  -9.902667570900000E-01   0.000000000000000E+00   0.000000000000000E+00   0.000000000000000E+00
   9.559722559300000E-01   1.379827129000000E+01   1.379827129000000E+01   0.000000000000000E+00  -9.902667570900000E-01   0.000000000000000E+00   0.000000000000000E+00   0.000000000000000E+00
   9.579517443600000E-01   1.382684274600000E+01   1.382684274600000E+01   0.000000000000000E+00  -9.902667570900000E-01   0.000000000000000E+00   0.000000000000000E+00   0.000000000000000E+00
   9.605557156800000E-01   1.386442783500000E+01   1.386442783500000E+01   0.000000000000000E+00  -9.902667570900000E-01   0.000000000000000E+00   0.000000000000000E+00   0.000000000000000E+00
   9.631596870100000E-01   1.390201292500000E+01   1.390201292500000E+01   0.000000000000000E+00  -9.902667570900000E-01   0.000000000000000E+00   0.000000000000000E+00   0.000000000000000E+00
   9.657636583300000E-01   1.393959801400000E+01   1.393959801400000E+01   0.000000000000000E+00  -9.902667570900000E-01   0.000000000000000E+00   0.000000000000000E+00   0.000000000000000E+00
   9.683676296600000E-01   1.397718310400000E+01   1.397718310400000E+01   0.000000000000000E+00  -9.902667570900000E-01   0.000000000000000E+00   0.000000000000000E+00   0.000000000000000E+00
   9.722809837200000E-01   1.403366750500000E+01   1.403366750500000E+01   0.000000000000000E+00  -9.902667570900000E-01   0.000000000000000E+00   0.000000000000000E+00   0.000000000000000E+00
   9.761943377800000E-01   1.409015190700000E+01   1.409015190700000E+01   0.000000000000000E+00  -9.902667570900000E-01   0.000000000000000E+00   0.000000000000000E+00   0.000000000000000E+00
   9.801076918500000E-01   1.414663630900000E+01   1.414663630900000E+01   0.000000000000000E+00  -9.902667570900000E-01   0.000000000000000E+00   0.000000000000000E+00   0.000000000000000E+00
   9.840210459099999E-01   1.420312071100000E+01   1.420312071100000E+01   0.000000000000000E+00  -9.902667570900000E-01   0.000000000000000E+00   0.000000000000000E+00   0.000000000000000E+00
   9.880157844300000E-01   1.426077979600000E+01   1.426077979600000E+01   0.000000000000000E+00  -9.902667570900000E-01   0.000000000000000E+00   0.000000000000000E+00   0.000000000000000E+00
   9.920105229500000E-01   1.431843888100000E+01   1.431843888100000E+01   0.000000000000000E+00  -9.902667570900000E-01   0.000000000000000E+00   0.000000000000000E+00   0.000000000000000E+00
   9.960052614800000E-01   1.437609796700000E+01   1.437609796700000E+01   0.000000000000000E+00  -9.902667570900000E-01   0.000000000000000E+00   0.000000000000000E+00   0.000000000000000E+00
   1.000000000000000E+00   1.443375705200000E+01   1.443375705200000E+01   0.000000000000000E+00  -9.902667570900000E-01   0.000000000000000E+00   0.000000000000000E+00   0.000000000000000E+00
