   0.000000000000000E+00   5.127136958900000E-32   0.000000000000000E+00   0.000000000000000E+00  -9.963518292300000E-01   0.000000000000000E+00   0.000000000000000E+00   0.000000000000000E+00
   1.841550201700000E-02   2.658048821000000E-01   2.658048821000000E-01   0.000000000000000E+00  -9.963518292300000E-01   0.000000000000000E+00   0.000000000000000E+00   0.000000000000000E+00
   3.683100403400000E-02   5.316097641999999E-01   5.316097641999999E-01   0.000000000000000E+00  -9.963518292300000E-01   0.000000000000000E+00   0.000000000000000E+00   0.000000000000000E+00
   5.524650605100000E-02   7.974146463100000E-01   7.974146463100000E-01   0.000000000000000E+00  -9.963518292300000E-01   0.000000000000000E+00   0.000000000000000E+00   0.000000000000000E+00
   7.366200806700000E-02   1.063219528400000E+00   1.063219528400000E+00   0.000000000000000E+00  -9.963518292300000E-01   0.000000000000000E+00   0.000000000000000E+00   0.000000000000000E+00
   8.796041338500001E-02   1.269599237000000E+00   1.269599237000000E+00   0.000000000000000E+00  -9.963518292300000E-01   0.000000000000000E+00   0.000000000000000E+00   0.000000000000000E+00
   1.022588187000000E-01   1.475978945600000E+00   1.475978945600000E+00   0.000000000000000E+00  -9.963518292300000E-01   0.000000000000000E+00   0.000000000000000E+00   0.000000000000000E+00
   1.165572240200000E-01   1.682358654200000E+00   1.682358654200000E+00   0.000000000000000E+00  -9.963518292300000E-01   0.000000000000000E+00   0.000000000000000E+00   0.000000000000000E+00
   1.308556293400000E-01   1.888738362700000E+00   1.888738362700000E+00   0.000000000000000E+00  -9.963518292300000E-01   0.000000000000000E+00   0.000000000000000E+00   0.000000000000000E+00
   1.453345903200000E-01   2.097724168000000E+00   2.097724168000000E+00   0.000000000000000E+00  -9.963518292300000E-01   0.000000000000000E+00   0.000000000000000E+00   0.000000000000000E+00
   1.598135513100000E-01   2.306709973200000E+00   2.306709973200000E+00   0.000000000000000E+00  -9.963518292300000E-01   0.000000000000000E+00   0.000000000000000E+00   0.000000000000000E+00
   1.742925123000000E-01   2.515695778500000E+00   2.515695778500000E+00   0.000000000000000E+00  -9.963518292300000E-01   0.000000000000000E+00   0.000000000000000E+00   0.000000000000000E+00
   1.887714732800000E-01   2.724681583700000E+00   2.724681583700000E+00   0.000000000000000E+00  -9.963518292300000E-01   0.000000000000000E+00   0.000000000000000E+00   0.000000000000000E+00
   2.004412788700000E-01   2.893120722400000E+00   2.893120722400000E+00   0.000000000000000E+00  -9.963518292300000E-01   0.000000000000000E+00   0.000000000000000E+00   0.000000000000000E+00
   2.121110844600000E-01   3.061559861100000E+00   3.061559861100000E+00   0.000000000000000E+00  -9.963518292300000E-01   0.000000000000000E+00   0.000000000000000E+00   0.000000000000000E+00
   2.237808900400000E-01   3.229998999800000E+00   3.229998999800000E+00   0.000000000000000E+00  -9.963518292300000E-01   0.000000000000000E+00   0.000000000000000E+00   0.000000000000000E+00
   2.354506956300000E-01   3.398438138500000E+00   3.398438138500000E+00   0.000000000000000E+00  -9.963518292300000E-01   0.000000000000000E+00   0.000000000000000E+00   0.000000000000000E+00
   2.447819157900000E-01   3.533122703200000E+00   3.533122703200000E+00   0.000000000000000E+00  -9.963518292300000E-01   0.000000000000000E+00   0.000000000000000E+00   0.000000000000000E+00
   2.541131359400000E-01   3.667807267900000E+00   3.667807267900000E+00   0.000000000000000E+00  -9.963518292300000E-01   0.000000000000000E+00   0.000000000000000E+00   0.000000000000000E+00
   2.634443561000000E-01   3.802491832600000E+00   3.802491832600000E+00   0.000000000000000E+00  -9.963518292300000E-01   0.000000000000000E+00   0.000000000000000E+00   0.000000000000000E+00
   2.727755762500000E-01   3.937176397400000E+00   3.937176397400000E+00   0.000000000000000E+00  -9.963518292300000E-01   0.000000000000000E+00   0.000000000000000E+00   0.000000000000000E+00
   2.815602304200000E-01   4.063971961400000E+00   4.063971961400000E+00   0.000000000000000E+00  -9.963518292300000E-01   0.000000000000000E+00   0.000000000000000E+00   0.000000000000000E+00
   2.903448845900000E-01   4.190767525400000E+00   4.190767525400000E+00   0.000000000000000E+00  -9.963518292300000E-01   0.000000000000000E+00   0.000000000000000E+00   0.000000000000000E+00
   2.991295387500000E-01   4.317563089500000E+00   4.317563089500000E+00   0.000000000000000E+00  -9.963518292300000E-01   0.000000000000000E+00   0.000000000000000E+00   0.000000000000000E+00
   3.079141929200000E-01   4.444358653500000E+00   4.444358653500000E+00   0.000000000000000E+00  -9.963518292300000E-01   0.000000000000000E+00   0.000000000000000E+00   0.000000000000000E+00
   3.157537397400000E-01   4.557512767600000E+00   4.557512767600000E+00   0.000000000000000E+00  -9.963518292300000E-01   0.000000000000000E+00   0.000000000000000E+00   0.000000000000000E+00
   3.235932865500000E-01   4.670666881700000E+00   4.670666881700000E+00   0.000000000000000E+00  -9.963518292300000E-01   0.000000000000000E+00   0.000000000000000E+00   0.000000000000000E+00
   3.314328333600000E-01   4.783820995800000E+00   4.783820995800000E+00   0.000000000000000E+00  -9.963518292300000E-01   0.000000000000000E+00   0.000000000000000E+00   0.000000000000000E+00
   3.392723801800000E-01   4.896975109900000E+00   4.896975109900000E+00   0.000000000000000E+00  -9.963518292300000E-01   0.000000000000000E+00   0.000000000000000E+00   0.000000000000000E+00
   3.469326951800000E-01   5.007542235600000E+00   5.007542235600000E+00   0.000000000000000E+00  -9.963518292300000E-01   0.000000000000000E+00   0.000000000000000E+00   0.000000000000000E+00
   3.545930101800000E-01   5.118109361200000E+00   5.118109361200000E+00   0.000000000000000E+00  -9.963518292300000E-01   0.000000000000000E+00   0.000000000000000E+00   0.000000000000000E+00
   3.622533251700000E-01   5.228676486800000E+00   5.228676486800000E+00   0.000000000000000E+00  -9.963518292300000E-01   0.000000000000000E+00   0.000000000000000E+00   0.000000000000000E+00
   3.699136401700000E-01   5.339243612500000E+00   5.339243612500000E+00   0.000000000000000E+00  -9.963518292300000E-01   0.000000000000000E+00   0.000000000000000E+00   0.000000000000000E+00
   3.779806421700000E-01   5.455680759400000E+00   5.455680759400000E+00   0.000000000000000E+00  -9.963518292300000E-01   0.000000000000000E+00   0.000000000000000E+00   0.000000000000000E+00
   3.860476441600000E-01   5.572117906300000E+00   5.572117906300000E+00   0.000000000000000E+00  -9.963518292300000E-01   0.000000000000000E+00   0.000000000000000E+00   0.000000000000000E+00
   3.941146461500000E-01   5.688555053200000E+00   5.688555053200000E+00   0.000000000000000E+00  -9.963518292300000E-01   0.000000000000000E+00   0.000000000000000E+00   0.000000000000000E+00
   4.021816481400000E-01   5.804992200000000E+00   5.804992200000000E+00   0.000000000000000E+00  -9.963518292300000E-01   0.000000000000000E+00   0.000000000000000E+00   0.000000000000000E+00
   4.091543220100000E-01   5.905634080700000E+00   5.905634080700000E+00   0.000000000000000E+00  -9.963518292300000E-01   0.000000000000000E+00   0.000000000000000E+00   0.000000000000000E+00
   4.161269958900000E-01   6.006275961400000E+00   6.006275961400000E+00   0.000000000000000E+00  -9.963518292300000E-01   0.000000000000000E+00   0.000000000000000E+00   0.000000000000000E+00
   4.230996697600000E-01   6.106917842100000E+00   6.106917842100000E+00   0.000000000000000E+00  -9.963518292300000E-01   0.000000000000000E+00   0.000000000000000E+00   0.000000000000000E+00
   4.300723436300000E-01   6.207559722700000E+00   6.207559722700000E+00   0.000000000000000E+00  -9.963518292300000E-01   0.000000000000000E+00   0.000000000000000E+00   0.000000000000000E+00
   4.371389398200000E-01   6.309557255300000E+00   6.309557255300000E+00   0.000000000000000E+00  -9.963518292300000E-01   0.000000000000000E+00   0.000000000000000E+00   0.000000000000000E+00
   4.442055360100000E-01   6.411554787900000E+00   6.411554787900000E+00   0.000000000000000E+00  -9.963518292300000E-01   0.000000000000000E+00   0.000000000000000E+00   0.000000000000000E+00
   4.512721322000000E-01   6.513552320500000E+00   6.513552320500000E+00   0.000000000000000E+00  -9.963518292300000E-01   0.000000000000000E+00   0.000000000000000E+00   0.000000000000000E+00
   4.583387283900000E-01   6.615549853000000E+00   6.615549853000000E+00   0.000000000000000E+00  -9.963518292300000E-01   0.000000000000000E+00   0.000000000000000E+00   0.000000000000000E+00
   4.647217883100000E-01   6.707681389200000E+00   6.707681389200000E+00   0.000000000000000E+00  -9.963518292300000E-01   0.000000000000000E+00   0.000000000000000E+00   0.000000000000000E+00
   4.711048482300000E-01   6.799812925300000E+00   6.799812925300000E+00   0.000000000000000E+00  -9.963518292300000E-01   0.000000000000000E+00   0.000000000000000E+00   0.000000000000000E+00
   4.774879081500000E-01   6.891944461400000E+00   6.891944461400000E+00   0.000000000000000E+00  -9.963518292300000E-01   0.000000000000000E+00   0.000000000000000E+00   0.000000000000000E+00
   4.838709680700000E-01   6.984075997600000E+00   6.984075997600000E+00   0.000000000000000E+00  -9.963518292300000E-01   0.000000000000000E+00   0.000000000000000E+00   0.000000000000000E+00
   4.905546454700000E-01   7.080546573500000E+00   7.080546573500000E+00   0.000000000000000E+00  -9.963518292300000E-01   0.000000000000000E+00   0.000000000000000E+00   0.000000000000000E+00
   4.972383228800000E-01   7.177017149400000E+00   7.177017149400000E+00   0.000000000000000E+00  -9.963518292300000E-01   0.000000000000000E+00   0.000000000000000E+00   0.000000000000000E+00
   5.039220002900000E-01   7.273487725300000E+00   7.273487725300000E+00   0.000000000000000E+00  -9.963518292300000E-01   0.000000000000000E+00   0.000000000000000E+00   0.000000000000000E+00
   5.106056777000000E-01   7.369958301300000E+00   7.369958301300000E+00   0.000000000000000E+00  -9.963518292300000E-01   0.000000000000000E+00   0.000000000000000E+00   0.000000000000000E+00
   5.164195765000000E-01   7.453874704100000E+00   7.453874704100000E+00   0.000000000000000E+00  -9.963518292300000E-01   0.000000000000000E+00   0.000000000000000E+00   0.000000000000000E+00
   5.222334753000000E-01   7.537791106900000E+00   7.537791106900000E+00   0.000000000000000E+00  -9.963518292300000E-01   0.000000000000000E+00   0.000000000000000E+00   0.000000000000000E+00
   5.280473741100000E-01   7.621707509800000E+00   7.621707509800000E+00   0.000000000000000E+00  -9.963518292300000E-01   0.000000000000000E+00   0.000000000000000E+00   0.000000000000000E+00
   5.338612729100000E-01   7.705623912600000E+00   7.705623912600000E+00   0.000000000000000E+00  -9.963518292300000E-01   0.000000000000000E+00   0.000000000000000E+00   0.000000000000000E+00
   5.400087413400000E-01   7.794354978500000E+00   7.794354978500000E+00   0.000000000000000E+00  -9.963518292300000E-01   0.000000000000000E+00   0.000000000000000E+00   0.000000000000000E+00
   5.461562097800000E-01   7.883086044300000E+00   7.883086044300000E+00   0.000000000000000E+00  -9.963518292300000E-01   0.000000000000000E+00   0.000000000000000E+00   0.000000000000000E+00
   5.523036782100000E-01   7.971817110200000E+00   7.971817110200000E+00   0.000000000000000E+00  -9.963518292300000E-01   0.000000000000000E+00   0.000000000000000E+00   0.000000000000000E+00
   5.584511466400000E-01   8.060548175999999E+00   8.060548175999999E+00   0.000000000000000E+00  -9.963518292300000E-01   0.000000000000000E+00   0.000000000000000E+00   0.000000000000000E+00
   5.644728947600000E-01   8.147464625400000E+00   8.147464625400000E+00   0.000000000000000E+00  -9.963518292300000E-01   0.000000000000000E+00   0.000000000000000E+00   0.000000000000000E+00
   5.704946428800000E-01   8.234381074800000E+00   8.234381074800000E+00   0.000000000000000E+00  -9.963518292300000E-01   0.000000000000000E+00   0.000000000000000E+00   0.000000000000000E+00
   5.765163909900000E-01   8.321297524100000E+00   8.321297524100000E+00   0.000000000000000E+00  -9.963518292300000E-01   0.000000000000000E+00   0.000000000000000E+00   0.000000000000000E+00
   5.825381391100000E-01   8.408213973500001E+00   8.408213973500001E+00   0.000000000000000E+00  -9.963518292300000E-01   0.000000000000000E+00   0.000000000000000E+00   0.000000000000000E+00
   5.865755211700000E-01   8.466488565200001E+00   8.466488565200001E+00   0.000000000000000E+00  -9.963518292300000E-01   0.000000000000000E+00   0.000000000000000E+00   0.000000000000000E+00
   5.906129032300000E-01   8.524763157000001E+00   8.524763157000001E+00   0.000000000000000E+00  -9.963518292300000E-01   0.000000000000000E+00   0.000000000000000E+00   0.000000000000000E+00
   5.946502852900000E-01   8.583037748800001E+00   8.583037748800001E+00   0.000000000000000E+00  -9.963518292300000E-01   0.000000000000000E+00   0.000000000000000E+00   0.000000000000000E+00
   5.986876673500000E-01   8.641312340600001E+00   8.641312340600001E+00   0.000000000000000E+00  -9.963518292300000E-01   0.000000000000000E+00   0.000000000000000E+00   0.000000000000000E+00
   6.023215418500000E-01   8.693762802200000E+00   8.693762802200000E+00   0.000000000000000E+00  -9.963518292300000E-01   0.000000000000000E+00   0.000000000000000E+00   0.000000000000000E+00
   6.059554163500001E-01   8.746213263900000E+00   8.746213263900000E+00   0.000000000000000E+00  -9.963518292300000E-01   0.000000000000000E+00   0.000000000000000E+00   0.000000000000000E+00
   6.095892908400000E-01   8.798663725500001E+00   8.798663725500001E+00   0.000000000000000E+00  -9.963518292300000E-01   0.000000000000000E+00   0.000000000000000E+00   0.000000000000000E+00
   6.132231653400000E-01   8.851114187200000E+00   8.851114187200000E+00   0.000000000000000E+00  -9.963518292300000E-01   0.000000000000000E+00   0.000000000000000E+00   0.000000000000000E+00
   6.169126622000000E-01   8.904367488400000E+00   8.904367488400000E+00   0.000000000000000E+00  -9.963518292300000E-01   0.000000000000000E+00   0.000000000000000E+00   0.000000000000000E+00
   6.206021590500000E-01   8.957620789700000E+00   8.957620789700000E+00   0.000000000000000E+00  -9.963518292300000E-01   0.000000000000000E+00   0.000000000000000E+00   0.000000000000000E+00
   6.242916559000000E-01   9.010874090900000E+00   9.010874090900000E+00   0.000000000000000E+00  -9.963518292300000E-01   0.000000000000000E+00   0.000000000000000E+00   0.000000000000000E+00
   6.279811527600000E-01   9.064127392100000E+00   9.064127392100000E+00   0.000000000000000E+00  -9.963518292300000E-01   0.000000000000000E+00   0.000000000000000E+00   0.000000000000000E+00
   6.326261998700000E-01   9.131172873600001E+00   9.131172873600001E+00   0.000000000000000E+00  -9.963518292300000E-01   0.000000000000000E+00   0.000000000000000E+00   0.000000000000000E+00
   6.372712469800000E-01   9.198218355200000E+00   9.198218355200000E+00   0.000000000000000E+00  -9.963518292300000E-01   0.000000000000000E+00   0.000000000000000E+00   0.000000000000000E+00
   6.419162940900000E-01   9.265263836700001E+00   9.265263836700001E+00   0.000000000000000E+00  -9.963518292300000E-01   0.000000000000000E+00   0.000000000000000E+00   0.000000000000000E+00
   6.465613412100000E-01   9.332309318200000E+00   9.332309318200000E+00   0.000000000000000E+00  -9.963518292300000E-01   0.000000000000000E+00   0.000000000000000E+00   0.000000000000000E+00
   6.506639034000000E-01   9.391524704200000E+00   9.391524704200000E+00   0.000000000000000E+00  -9.963518292300000E-01   0.000000000000000E+00   0.000000000000000E+00   0.000000000000000E+00
   6.547664656000000E-01   9.450740090300000E+00   9.450740090300000E+00   0.000000000000000E+00  -9.963518292300000E-01   0.000000000000000E+00   0.000000000000000E+00   0.000000000000000E+00
   6.588690278000000E-01   9.509955476300000E+00   9.509955476300000E+00   0.000000000000000E+00  -9.963518292300000E-01   0.000000000000000E+00   0.000000000000000E+00   0.000000000000000E+00
   6.629715900000001E-01   9.569170862400000E+00   9.569170862400000E+00   0.000000000000000E+00  -9.963518292300000E-01   0.000000000000000E+00   0.000000000000000E+00   0.000000000000000E+00
   6.671126772700000E-01   9.628942309999999E+00   9.628942309999999E+00   0.000000000000000E+00  -9.963518292300000E-01   0.000000000000000E+00   0.000000000000000E+00   0.000000000000000E+00
   6.712537645500000E-01   9.688713757700000E+00   9.688713757700000E+00   0.000000000000000E+00  -9.963518292300000E-01   0.000000000000000E+00   0.000000000000000E+00   0.000000000000000E+00
   6.753948518200000E-01   9.748485205300000E+00   9.748485205300000E+00   0.000000000000000E+00  -9.963518292300000E-01   0.000000000000000E+00   0.000000000000000E+00   0.000000000000000E+00
   6.795359390900000E-01   9.808256653000001E+00   9.808256653000001E+00   0.000000000000000E+00  -9.963518292300000E-01   0.000000000000000E+00   0.000000000000000E+00   0.000000000000000E+00
   6.831654207900000E-01   9.860643710000000E+00   9.860643710000000E+00   0.000000000000000E+00  -9.963518292300000E-01   0.000000000000000E+00   0.000000000000000E+00   0.000000000000000E+00
   6.867949024800000E-01   9.913030766900000E+00   9.913030766900000E+00   0.000000000000000E+00  -9.963518292300000E-01   0.000000000000000E+00   0.000000000000000E+00   0.000000000000000E+00
   6.904243841700000E-01   9.965417823899999E+00   9.965417823899999E+00   0.000000000000000E+00  -9.963518292300000E-01   0.000000000000000E+00   0.000000000000000E+00   0.000000000000000E+00
   6.940538658600000E-01   1.001780488100000E+01   1.001780488100000E+01   0.000000000000000E+00  -9.963518292300000E-01   0.000000000000000E+00   0.000000000000000E+00   0.000000000000000E+00
   6.970439055900000E-01   1.006096238800000E+01   1.006096238800000E+01   0.000000000000000E+00  -9.963518292300000E-01   0.000000000000000E+00   0.000000000000000E+00   0.000000000000000E+00
   7.000339453300000E-01   1.010411989500000E+01   1.010411989500000E+01   0.000000000000000E+00  -9.963518292300000E-01   0.000000000000000E+00   0.000000000000000E+00   0.000000000000000E+00
   7.030239850600000E-01   1.014727740200000E+01   1.014727740200000E+01   0.000000000000000E+00  -9.963518292300000E-01   0.000000000000000E+00   0.000000000000000E+00   0.000000000000000E+00
   7.060140247900000E-01   1.019043490900000E+01   1.019043490900000E+01   0.000000000000000E+00  -9.963518292300000E-01   0.000000000000000E+00   0.000000000000000E+00   0.000000000000000E+00
   7.085079171400001E-01   1.022643114500000E+01   1.022643114500000E+01   0.000000000000000E+00  -9.963518292300000E-01   0.000000000000000E+00   0.000000000000000E+00   0.000000000000000E+00
   7.110018094800000E-01   1.026242738200000E+01   1.026242738200000E+01   0.000000000000000E+00  -9.963518292300000E-01   0.000000000000000E+00   0.000000000000000E+00   0.000000000000000E+00
   7.134957018300000E-01   1.029842361800000E+01   1.029842361800000E+01   0.000000000000000E+00  -9.963518292300000E-01   0.000000000000000E+00   0.000000000000000E+00   0.000000000000000E+00
   7.159895941800000E-01   1.033441985400000E+01   1.033441985400000E+01   0.000000000000000E+00  -9.963518292300000E-01   0.000000000000000E+00   0.000000000000000E+00   0.000000000000000E+00
   7.182743002999999E-01   1.036739674700000E+01   1.036739674700000E+01   0.000000000000000E+00  -9.963518292300000E-01   0.000000000000000E+00   0.000000000000000E+00   0.000000000000000E+00
   7.205590064300000E-01   1.040037364000000E+01   1.040037364000000E+01   0.000000000000000E+00  -9.963518292300000E-01   0.000000000000000E+00   0.000000000000000E+00   0.000000000000000E+00
   7.228437125600000E-01   1.043335053400000E+01   1.043335053400000E+01   0.000000000000000E+00  -9.963518292300000E-01   0.000000000000000E+00   0.000000000000000E+00   0.000000000000000E+00
   7.251284186800000E-01   1.046632742700000E+01   1.046632742700000E+01   0.000000000000000E+00  -9.963518292300000E-01   0.000000000000000E+00   0.000000000000000E+00   0.000000000000000E+00
   7.274303283300000E-01   1.049955263100000E+01   1.049955263100000E+01   0.000000000000000E+00  -9.963518292300000E-01   0.000000000000000E+00   0.000000000000000E+00   0.000000000000000E+00
   7.297322379900000E-01   1.053277783600000E+01   1.053277783600000E+01   0.000000000000000E+00  -9.963518292300000E-01   0.000000000000000E+00   0.000000000000000E+00   0.000000000000000E+00
   7.320341476400000E-01   1.056600304100000E+01   1.056600304100000E+01   0.000000000000000E+00  -9.963518292300000E-01   0.000000000000000E+00   0.000000000000000E+00   0.000000000000000E+00
   7.343360572900000E-01   1.059922824600000E+01   1.059922824600000E+01   0.000000000000000E+00  -9.963518292300000E-01   0.000000000000000E+00   0.000000000000000E+00   0.000000000000000E+00
   7.366311026700000E-01   1.063235437300000E+01   1.063235437300000E+01   0.000000000000000E+00  -9.963518292300000E-01   0.000000000000000E+00   0.000000000000000E+00   0.000000000000000E+00
   7.389261480400000E-01   1.066548050000000E+01   1.066548050000000E+01   0.000000000000000E+00  -9.963518292300000E-01   0.000000000000000E+00   0.000000000000000E+00   0.000000000000000E+00
   7.412211934200000E-01   1.069860662800000E+01   1.069860662800000E+01   0.000000000000000E+00  -9.963518292300000E-01   0.000000000000000E+00   0.000000000000000E+00   0.000000000000000E+00
   7.435162387900000E-01   1.073173275500000E+01   1.073173275500000E+01   0.000000000000000E+00  -9.963518292300000E-01   0.000000000000000E+00   0.000000000000000E+00   0.000000000000000E+00
   7.461205255000000E-01   1.076932239700000E+01   1.076932239700000E+01   0.000000000000000E+00  -9.963518292300000E-01   0.000000000000000E+00   0.000000000000000E+00   0.000000000000000E+00
   7.487248122100000E-01   1.080691203800000E+01   1.080691203800000E+01   0.000000000000000E+00  -9.963518292300000E-01   0.000000000000000E+00   0.000000000000000E+00   0.000000000000000E+00
   7.513290989100000E-01   1.084450168000000E+01   1.084450168000000E+01   0.000000000000000E+00  -9.963518292300000E-01   0.000000000000000E+00   0.000000000000000E+00   0.000000000000000E+00
   7.539333856200000E-01   1.088209132100000E+01   1.088209132100000E+01   0.000000000000000E+00  -9.963518292300000E-01   0.000000000000000E+00   0.000000000000000E+00   0.000000000000000E+00
   7.564753964299999E-01   1.091878208800000E+01   1.091878208800000E+01   0.000000000000000E+00  -9.963518292300000E-01   0.000000000000000E+00   0.000000000000000E+00   0.000000000000000E+00
   7.590174072300000E-01   1.095547285400000E+01   1.095547285400000E+01   0.000000000000000E+00  -9.963518292300000E-01   0.000000000000000E+00   0.000000000000000E+00   0.000000000000000E+00
   7.615594180400000E-01   1.099216362100000E+01   1.099216362100000E+01   0.000000000000000E+00  -9.963518292300000E-01   0.000000000000000E+00   0.000000000000000E+00   0.000000000000000E+00
   7.641014288500000E-01   1.102885438700000E+01   1.102885438700000E+01   0.000000000000000E+00  -9.963518292300000E-01   0.000000000000000E+00   0.000000000000000E+00   0.000000000000000E+00
   7.660743388500000E-01   1.105733089100000E+01   1.105733089100000E+01   0.000000000000000E+00  -9.963518292300000E-01   0.000000000000000E+00   0.000000000000000E+00   0.000000000000000E+00
   7.680472488400000E-01   1.108580739400000E+01   1.108580739400000E+01   0.000000000000000E+00  -9.963518292300000E-01   0.000000000000000E+00   0.000000000000000E+00   0.000000000000000E+00
   7.700201588400000E-01   1.111428389800000E+01   1.111428389800000E+01   0.000000000000000E+00  -9.963518292300000E-01   0.000000000000000E+00   0.000000000000000E+00   0.000000000000000E+00
   7.719930688300000E-01   1.114276040100000E+01   1.114276040100000E+01   0.000000000000000E+00  -9.963518292300000E-01   0.000000000000000E+00   0.000000000000000E+00   0.000000000000000E+00
   7.738929718300001E-01   1.117018314000000E+01   1.117018314000000E+01   0.000000000000000E+00  -9.963518292300000E-01   0.000000000000000E+00   0.000000000000000E+00   0.000000000000000E+00
   7.757928748200000E-01   1.119760587800000E+01   1.119760587800000E+01   0.000000000000000E+00  -9.963518292300000E-01   0.000000000000000E+00   0.000000000000000E+00   0.000000000000000E+00
   7.776927778200000E-01   1.122502861600000E+01   1.122502861600000E+01   0.000000000000000E+00  -9.963518292300000E-01   0.000000000000000E+00   0.000000000000000E+00   0.000000000000000E+00
   7.795926808100000E-01   1.125245135400000E+01   1.125245135400000E+01   0.000000000000000E+00  -9.963518292300000E-01   0.000000000000000E+00   0.000000000000000E+00   0.000000000000000E+00
   7.815375187400000E-01   1.128052267300000E+01   1.128052267300000E+01   0.000000000000000E+00  -9.963518292300000E-01   0.000000000000000E+00   0.000000000000000E+00   0.000000000000000E+00
   7.834823566800000E-01   1.130859399100000E+01   1.130859399100000E+01   0.000000000000000E+00  -9.963518292300000E-01   0.000000000000000E+00   0.000000000000000E+00   0.000000000000000E+00
   7.854271946100000E-01   1.133666530900000E+01   1.133666530900000E+01   0.000000000000000E+00  -9.963518292300000E-01   0.000000000000000E+00   0.000000000000000E+00   0.000000000000000E+00
   7.873720325400000E-01   1.136473662700000E+01   1.136473662700000E+01   0.000000000000000E+00  -9.963518292300000E-01   0.000000000000000E+00   0.000000000000000E+00   0.000000000000000E+00
   7.894830118300000E-01   1.139520598900000E+01   1.139520598900000E+01   0.000000000000000E+00  -9.963518292300000E-01   0.000000000000000E+00   0.000000000000000E+00   0.000000000000000E+00
   7.915939911100000E-01   1.142567535200000E+01   1.142567535200000E+01   0.000000000000000E+00  -9.963518292300000E-01   0.000000000000000E+00   0.000000000000000E+00   0.000000000000000E+00
   7.937049704000000E-01   1.145614471400000E+01   1.145614471400000E+01   0.000000000000000E+00  -9.963518292300000E-01   0.000000000000000E+00   0.000000000000000E+00   0.000000000000000E+00
   7.958159496900000E-01   1.148661407600000E+01   1.148661407600000E+01   0.000000000000000E+00  -9.963518292300000E-01   0.000000000000000E+00   0.000000000000000E+00   0.000000000000000E+00
   7.979360393600000E-01   1.151721493500000E+01   1.151721493500000E+01   0.000000000000000E+00  -9.963518292300000E-01   0.000000000000000E+00   0.000000000000000E+00   0.000000000000000E+00
   8.000561290400000E-01   1.154781579400000E+01   1.154781579400000E+01   0.000000000000000E+00  -9.963518292300000E-01   0.000000000000000E+00   0.000000000000000E+00   0.000000000000000E+00
   8.021762187100000E-01   1.157841665400000E+01   1.157841665400000E+01   0.000000000000000E+00  -9.963518292300000E-01   0.000000000000000E+00   0.000000000000000E+00   0.000000000000000E+00
   8.042963083800000E-01   1.160901751300000E+01   1.160901751300000E+01   0.000000000000000E+00  -9.963518292300000E-01   0.000000000000000E+00   0.000000000000000E+00   0.000000000000000E+00
   8.060868694200000E-01   1.163486203600000E+01   1.163486203600000E+01   0.000000000000000E+00  -9.963518292300000E-01   0.000000000000000E+00   0.000000000000000E+00   0.000000000000000E+00
   8.078774304500000E-01   1.166070655900000E+01   1.166070655900000E+01   0.000000000000000E+00  -9.963518292300000E-01   0.000000000000000E+00   0.000000000000000E+00   0.000000000000000E+00
   8.096679914900000E-01   1.168655108200000E+01   1.168655108200000E+01   0.000000000000000E+00  -9.963518292300000E-01   0.000000000000000E+00   0.000000000000000E+00   0.000000000000000E+00
   8.114585525200000E-01   1.171239560500000E+01   1.171239560500000E+01   0.000000000000000E+00  -9.963518292300000E-01   0.000000000000000E+00   0.000000000000000E+00   0.000000000000000E+00
   8.134050746300000E-01   1.174049123200000E+01   1.174049123200000E+01   0.000000000000000E+00  -9.963518292300000E-01   0.000000000000000E+00   0.000000000000000E+00   0.000000000000000E+00
   8.153515967300000E-01   1.176858685900000E+01   1.176858685900000E+01   0.000000000000000E+00  -9.963518292300000E-01   0.000000000000000E+00   0.000000000000000E+00   0.000000000000000E+00
   8.172981188400000E-01   1.179668248600000E+01   1.179668248600000E+01   0.000000000000000E+00  -9.963518292300000E-01   0.000000000000000E+00   0.000000000000000E+00   0.000000000000000E+00
   8.192446409500000E-01   1.182477811400000E+01   1.182477811400000E+01   0.000000000000000E+00  -9.963518292300000E-01   0.000000000000000E+00   0.000000000000000E+00   0.000000000000000E+00
   8.206318122700000E-01   1.184480020700000E+01   1.184480020700000E+01   0.000000000000000E+00  -9.963518292300000E-01   0.000000000000000E+00   0.000000000000000E+00   0.000000000000000E+00
   8.220189835900000E-01   1.186482230100000E+01   1.186482230100000E+01   0.000000000000000E+00  -9.963518292300000E-01   0.000000000000000E+00   0.000000000000000E+00   0.000000000000000E+00
   8.234061549100000E-01   1.188484439500000E+01   1.188484439500000E+01   0.000000000000000E+00  -9.963518292300000E-01   0.000000000000000E+00   0.000000000000000E+00   0.000000000000000E+00
   8.247933262300000E-01   1.190486648900000E+01   1.190486648900000E+01   0.000000000000000E+00  -9.963518292300000E-01   0.000000000000000E+00   0.000000000000000E+00   0.000000000000000E+00
   8.262142717299999E-01   1.192537607100000E+01   1.192537607100000E+01   0.000000000000000E+00  -9.963518292300000E-01   0.000000000000000E+00   0.000000000000000E+00   0.000000000000000E+00
   8.276352172200000E-01   1.194588565300000E+01   1.194588565300000E+01   0.000000000000000E+00  -9.963518292300000E-01   0.000000000000000E+00   0.000000000000000E+00   0.000000000000000E+00
   8.290561627100000E-01   1.196639523500000E+01   1.196639523500000E+01   0.000000000000000E+00  -9.963518292300000E-01   0.000000000000000E+00   0.000000000000000E+00   0.000000000000000E+00
   8.304771082000000E-01   1.198690481700000E+01   1.198690481700000E+01   0.000000000000000E+00  -9.963518292300000E-01   0.000000000000000E+00   0.000000000000000E+00   0.000000000000000E+00
   8.317914304200000E-01   1.200587542500000E+01   1.200587542500000E+01   0.000000000000000E+00  -9.963518292300000E-01   0.000000000000000E+00   0.000000000000000E+00   0.000000000000000E+00
   8.331057526400000E-01   1.202484603200000E+01   1.202484603200000E+01   0.000000000000000E+00  -9.963518292300000E-01   0.000000000000000E+00   0.000000000000000E+00   0.000000000000000E+00
   8.344200748500000E-01   1.204381664000000E+01   1.204381664000000E+01   0.000000000000000E+00  -9.963518292300000E-01   0.000000000000000E+00   0.000000000000000E+00   0.000000000000000E+00
   8.357343970700000E-01   1.206278724700000E+01   1.206278724700000E+01   0.000000000000000E+00  -9.963518292300000E-01   0.000000000000000E+00   0.000000000000000E+00   0.000000000000000E+00
   8.367668010700000E-01   1.207768871600000E+01   1.207768871600000E+01   0.000000000000000E+00  -9.963518292300000E-01   0.000000000000000E+00   0.000000000000000E+00   0.000000000000000E+00
   8.377992050800001E-01   1.209259018400000E+01   1.209259018400000E+01   0.000000000000000E+00  -9.963518292300000E-01   0.000000000000000E+00   0.000000000000000E+00   0.000000000000000E+00
   8.388316090900000E-01   1.210749165300000E+01   1.210749165300000E+01   0.000000000000000E+00  -9.963518292300000E-01   0.000000000000000E+00   0.000000000000000E+00   0.000000000000000E+00
   8.398640130900000E-01   1.212239312200000E+01   1.212239312200000E+01   0.000000000000000E+00  -9.963518292300000E-01   0.000000000000000E+00   0.000000000000000E+00   0.000000000000000E+00
   8.408175106800000E-01   1.213615567400000E+01   1.213615567400000E+01   0.000000000000000E+00  -9.963518292300000E-01   0.000000000000000E+00   0.000000000000000E+00   0.000000000000000E+00
   8.417710082700000E-01   1.214991822700000E+01   1.214991822700000E+01   0.000000000000000E+00  -9.963518292300000E-01   0.000000000000000E+00   0.000000000000000E+00   0.000000000000000E+00
   8.427245058500000E-01   1.216368077900000E+01   1.216368077900000E+01   0.000000000000000E+00  -9.963518292300000E-01   0.000000000000000E+00   0.000000000000000E+00   0.000000000000000E+00
   8.436780034400000E-01   1.217744333200000E+01   1.217744333200000E+01   0.000000000000000E+00  -9.963518292300000E-01   0.000000000000000E+00   0.000000000000000E+00   0.000000000000000E+00
   8.447909255700000E-01   1.219350697900000E+01   1.219350697900000E+01   0.000000000000000E+00  -9.963518292300000E-01   0.000000000000000E+00   0.000000000000000E+00   0.000000000000000E+00
   8.459038477100000E-01   1.220957062700000E+01   1.220957062700000E+01   0.000000000000000E+00  -9.963518292300000E-01   0.000000000000000E+00   0.000000000000000E+00   0.000000000000000E+00
   8.470167698400000E-01   1.222563427500000E+01   1.222563427500000E+01   0.000000000000000E+00  -9.963518292300000E-01   0.000000000000000E+00   0.000000000000000E+00   0.000000000000000E+00
   8.481296919700000E-01   1.224169792200000E+01   1.224169792200000E+01   0.000000000000000E+00  -9.963518292300000E-01   0.000000000000000E+00   0.000000000000000E+00   0.000000000000000E+00
   8.492901042900000E-01   1.225844703200000E+01   1.225844703200000E+01   0.000000000000000E+00  -9.963518292300000E-01   0.000000000000000E+00   0.000000000000000E+00   0.000000000000000E+00
   8.504505166200000E-01   1.227519614200000E+01   1.227519614200000E+01   0.000000000000000E+00  -9.963518292300000E-01   0.000000000000000E+00   0.000000000000000E+00   0.000000000000000E+00
   8.516109289400000E-01   1.229194525100000E+01   1.229194525100000E+01   0.000000000000000E+00  -9.963518292300000E-01   0.000000000000000E+00   0.000000000000000E+00   0.000000000000000E+00
   8.527713412700000E-01   1.230869436100000E+01   1.230869436100000E+01   0.000000000000000E+00  -9.963518292300000E-01   0.000000000000000E+00   0.000000000000000E+00   0.000000000000000E+00
   8.538399948199999E-01   1.232411904700000E+01   1.232411904700000E+01   0.000000000000000E+00  -9.963518292300000E-01   0.000000000000000E+00   0.000000000000000E+00   0.000000000000000E+00
   8.549086483800000E-01   1.233954373200000E+01   1.233954373200000E+01   0.000000000000000E+00  -9.963518292300000E-01   0.000000000000000E+00   0.000000000000000E+00   0.000000000000000E+00
   8.559773019300000E-01   1.235496841800000E+01   1.235496841800000E+01   0.000000000000000E+00  -9.963518292300000E-01   0.000000000000000E+00   0.000000000000000E+00   0.000000000000000E+00
   8.570459554900000E-01   1.237039310400000E+01   1.237039310400000E+01   0.000000000000000E+00  -9.963518292300000E-01   0.000000000000000E+00   0.000000000000000E+00   0.000000000000000E+00
   8.579731554400000E-01   1.238377608300000E+01   1.238377608300000E+01   0.000000000000000E+00  -9.963518292300000E-01   0.000000000000000E+00   0.000000000000000E+00   0.000000000000000E+00
   8.589003553900000E-01   1.239715906200000E+01   1.239715906200000E+01   0.000000000000000E+00  -9.963518292300000E-01   0.000000000000000E+00   0.000000000000000E+00   0.000000000000000E+00
   8.598275553400000E-01   1.241054204000000E+01   1.241054204000000E+01   0.000000000000000E+00  -9.963518292300000E-01   0.000000000000000E+00   0.000000000000000E+00   0.000000000000000E+00
   8.607547552900000E-01   1.242392501900000E+01   1.242392501900000E+01   0.000000000000000E+00  -9.963518292300000E-01   0.000000000000000E+00   0.000000000000000E+00   0.000000000000000E+00
   8.617243985100000E-01   1.243792061400000E+01   1.243792061400000E+01   0.000000000000000E+00  -9.963518292300000E-01   0.000000000000000E+00   0.000000000000000E+00   0.000000000000000E+00
   8.626940417300000E-01   1.245191620900000E+01   1.245191620900000E+01   0.000000000000000E+00  -9.963518292300000E-01   0.000000000000000E+00   0.000000000000000E+00   0.000000000000000E+00
   8.636636849500000E-01   1.246591180300000E+01   1.246591180300000E+01   0.000000000000000E+00  -9.963518292300000E-01   0.000000000000000E+00   0.000000000000000E+00   0.000000000000000E+00
   8.646333281700000E-01   1.247990739800000E+01   1.247990739800000E+01   0.000000000000000E+00  -9.963518292300000E-01   0.000000000000000E+00   0.000000000000000E+00   0.000000000000000E+00
   8.655902376000000E-01   1.249371919600000E+01   1.249371919600000E+01   0.000000000000000E+00  -9.963518292300000E-01   0.000000000000000E+00   0.000000000000000E+00   0.000000000000000E+00
   8.665471470400000E-01   1.250753099400000E+01   1.250753099400000E+01   0.000000000000000E+00  -9.963518292300000E-01   0.000000000000000E+00   0.000000000000000E+00   0.000000000000000E+00
   8.675040564700000E-01   1.252134279300000E+01   1.252134279300000E+01   0.000000000000000E+00  -9.963518292300000E-01   0.000000000000000E+00   0.000000000000000E+00   0.000000000000000E+00
   8.684609659000000E-01   1.253515459100000E+01   1.253515459100000E+01   0.000000000000000E+00  -9.963518292300000E-01   0.000000000000000E+00   0.000000000000000E+00   0.000000000000000E+00
   8.694382351900000E-01   1.254926025800000E+01   1.254926025800000E+01   0.000000000000000E+00  -9.963518292300000E-01   0.000000000000000E+00   0.000000000000000E+00   0.000000000000000E+00
   8.704155044800000E-01   1.256336592600000E+01   1.256336592600000E+01   0.000000000000000E+00  -9.963518292300000E-01   0.000000000000000E+00   0.000000000000000E+00   0.000000000000000E+00
   8.713927737700000E-01   1.257747159300000E+01   1.257747159300000E+01   0.000000000000000E+00  -9.963518292300000E-01   0.000000000000000E+00   0.000000000000000E+00   0.000000000000000E+00
   8.723700430600000E-01   1.259157726100000E+01   1.259157726100000E+01   0.000000000000000E+00  -9.963518292300000E-01   0.000000000000000E+00   0.000000000000000E+00   0.000000000000000E+00
   8.734722004700000E-01   1.260748553300000E+01   1.260748553300000E+01   0.000000000000000E+00  -9.963518292300000E-01   0.000000000000000E+00   0.000000000000000E+00   0.000000000000000E+00
   8.745743578900000E-01   1.262339380600000E+01   1.262339380600000E+01   0.000000000000000E+00  -9.963518292300000E-01   0.000000000000000E+00   0.000000000000000E+00   0.000000000000000E+00
   8.756765153000000E-01   1.263930207800000E+01   1.263930207800000E+01   0.000000000000000E+00  -9.963518292300000E-01   0.000000000000000E+00   0.000000000000000E+00   0.000000000000000E+00
   8.767786727100000E-01   1.265521035000000E+01   1.265521035000000E+01   0.000000000000000E+00  -9.963518292300000E-01   0.000000000000000E+00   0.000000000000000E+00   0.000000000000000E+00
   8.779513320200000E-01   1.267213623000000E+01   1.267213623000000E+01   0.000000000000000E+00  -9.963518292300000E-01   0.000000000000000E+00   0.000000000000000E+00   0.000000000000000E+00
   8.791239913200000E-01   1.268906210900000E+01   1.268906210900000E+01   0.000000000000000E+00  -9.963518292300000E-01   0.000000000000000E+00   0.000000000000000E+00   0.000000000000000E+00
   8.802966506300000E-01   1.270598798900000E+01   1.270598798900000E+01   0.000000000000000E+00  -9.963518292300000E-01   0.000000000000000E+00   0.000000000000000E+00   0.000000000000000E+00
   8.814693099299999E-01   1.272291386800000E+01   1.272291386800000E+01   0.000000000000000E+00  -9.963518292300000E-01   0.000000000000000E+00   0.000000000000000E+00   0.000000000000000E+00
   8.827104167800000E-01   1.274082770300000E+01   1.274082770300000E+01   0.000000000000000E+00  -9.963518292300000E-01   0.000000000000000E+00   0.000000000000000E+00   0.000000000000000E+00
   8.839515236300000E-01   1.275874153800000E+01   1.275874153800000E+01   0.000000000000000E+00  -9.963518292300000E-01   0.000000000000000E+00   0.000000000000000E+00   0.000000000000000E+00
   8.851926304800000E-01   1.277665537300000E+01   1.277665537300000E+01   0.000000000000000E+00  -9.963518292300000E-01   0.000000000000000E+00   0.000000000000000E+00   0.000000000000000E+00
   8.864337373300000E-01   1.279456920700000E+01   1.279456920700000E+01   0.000000000000000E+00  -9.963518292300000E-01   0.000000000000000E+00   0.000000000000000E+00   0.000000000000000E+00
   8.875309481700000E-01   1.281040608200000E+01   1.281040608200000E+01   0.000000000000000E+00  -9.963518292300000E-01   0.000000000000000E+00   0.000000000000000E+00   0.000000000000000E+00
   8.886281590100000E-01   1.282624295700000E+01   1.282624295700000E+01   0.000000000000000E+00  -9.963518292300000E-01   0.000000000000000E+00   0.000000000000000E+00   0.000000000000000E+00
   8.897253698599999E-01   1.284207983200000E+01   1.284207983200000E+01   0.000000000000000E+00  -9.963518292300000E-01   0.000000000000000E+00   0.000000000000000E+00   0.000000000000000E+00
   8.908225807000000E-01   1.285791670600000E+01   1.285791670600000E+01   0.000000000000000E+00  -9.963518292300000E-01   0.000000000000000E+00   0.000000000000000E+00   0.000000000000000E+00
   8.917654603200000E-01   1.287152600200000E+01   1.287152600200000E+01   0.000000000000000E+00  -9.963518292300000E-01   0.000000000000000E+00   0.000000000000000E+00   0.000000000000000E+00
   8.927083399400000E-01   1.288513529700000E+01   1.288513529700000E+01   0.000000000000000E+00  -9.963518292300000E-01   0.000000000000000E+00   0.000000000000000E+00   0.000000000000000E+00
   8.936512195600000E-01   1.289874459200000E+01   1.289874459200000E+01   0.000000000000000E+00  -9.963518292300000E-01   0.000000000000000E+00   0.000000000000000E+00   0.000000000000000E+00
   8.945940991800000E-01   1.291235388800000E+01   1.291235388800000E+01   0.000000000000000E+00  -9.963518292300000E-01   0.000000000000000E+00   0.000000000000000E+00   0.000000000000000E+00
   8.956780885100000E-01   1.292799992600000E+01   1.292799992600000E+01   0.000000000000000E+00  -9.963518292300000E-01   0.000000000000000E+00   0.000000000000000E+00   0.000000000000000E+00
   8.967620778399999E-01   1.294364596500000E+01   1.294364596500000E+01   0.000000000000000E+00  -9.963518292300000E-01   0.000000000000000E+00   0.000000000000000E+00   0.000000000000000E+00
   8.978460671700000E-01   1.295929200400000E+01   1.295929200400000E+01   0.000000000000000E+00  -9.963518292300000E-01   0.000000000000000E+00   0.000000000000000E+00   0.000000000000000E+00
   8.989300565000000E-01   1.297493804200000E+01   1.297493804200000E+01   0.000000000000000E+00  -9.963518292300000E-01   0.000000000000000E+00   0.000000000000000E+00   0.000000000000000E+00
   9.000670732700000E-01   1.299134946600000E+01   1.299134946600000E+01   0.000000000000000E+00  -9.963518292300000E-01   0.000000000000000E+00   0.000000000000000E+00   0.000000000000000E+00
   9.012040900300000E-01   1.300776089000000E+01   1.300776089000000E+01   0.000000000000000E+00  -9.963518292300000E-01   0.000000000000000E+00   0.000000000000000E+00   0.000000000000000E+00
   9.023411067900000E-01   1.302417231400000E+01   1.302417231400000E+01   0.000000000000000E+00  -9.963518292300000E-01   0.000000000000000E+00   0.000000000000000E+00   0.000000000000000E+00
   9.034781235600000E-01   1.304058373700000E+01   1.304058373700000E+01   0.000000000000000E+00  -9.963518292300000E-01   0.000000000000000E+00   0.000000000000000E+00   0.000000000000000E+00
   9.045056531000000E-01   1.305541484900000E+01   1.305541484900000E+01   0.000000000000000E+00  -9.963518292300000E-01   0.000000000000000E+00   0.000000000000000E+00   0.000000000000000E+00
   9.055331826400000E-01   1.307024596100000E+01   1.307024596100000E+01   0.000000000000000E+00  -9.963518292300000E-01   0.000000000000000E+00   0.000000000000000E+00   0.000000000000000E+00
   9.065607121800000E-01   1.308507707200000E+01   1.308507707200000E+01   0.000000000000000E+00  -9.963518292300000E-01   0.000000000000000E+00   0.000000000000000E+00   0.000000000000000E+00
   9.075882417200000E-01   1.309990818400000E+01   1.309990818400000E+01   0.000000000000000E+00  -9.963518292300000E-01   0.000000000000000E+00   0.000000000000000E+00   0.000000000000000E+00
   9.086793904200000E-01   1.311565755900000E+01   1.311565755900000E+01   0.000000000000000E+00  -9.963518292300000E-01   0.000000000000000E+00   0.000000000000000E+00   0.000000000000000E+00
   9.097705391200001E-01   1.313140693500000E+01   1.313140693500000E+01   0.000000000000000E+00  -9.963518292300000E-01   0.000000000000000E+00   0.000000000000000E+00   0.000000000000000E+00
   9.108616878200000E-01   1.314715631000000E+01   1.314715631000000E+01   0.000000000000000E+00  -9.963518292300000E-01   0.000000000000000E+00   0.000000000000000E+00   0.000000000000000E+00
   9.119528365200000E-01   1.316290568500000E+01   1.316290568500000E+01   0.000000000000000E+00  -9.963518292300000E-01   0.000000000000000E+00   0.000000000000000E+00   0.000000000000000E+00
   9.129710143899999E-01   1.317760181700000E+01   1.317760181700000E+01   0.000000000000000E+00  -9.963518292300000E-01   0.000000000000000E+00   0.000000000000000E+00   0.000000000000000E+00
   9.139891922700000E-01   1.319229794900000E+01   1.319229794900000E+01   0.000000000000000E+00  -9.963518292300000E-01   0.000000000000000E+00   0.000000000000000E+00   0.000000000000000E+00
   9.150073701400000E-01   1.320699408100000E+01   1.320699408100000E+01   0.000000000000000E+00  -9.963518292300000E-01   0.000000000000000E+00   0.000000000000000E+00   0.000000000000000E+00
   9.160255480100000E-01   1.322169021300000E+01   1.322169021300000E+01   0.000000000000000E+00  -9.963518292300000E-01   0.000000000000000E+00   0.000000000000000E+00   0.000000000000000E+00
   9.170416131500000E-01   1.323635585100000E+01   1.323635585100000E+01   0.000000000000000E+00  -9.963518292300000E-01   0.000000000000000E+00   0.000000000000000E+00   0.000000000000000E+00
   9.180576783000000E-01   1.325102148800000E+01   1.325102148800000E+01   0.000000000000000E+00  -9.963518292300000E-01   0.000000000000000E+00   0.000000000000000E+00   0.000000000000000E+00
   9.190737434400000E-01   1.326568712600000E+01   1.326568712600000E+01   0.000000000000000E+00  -9.963518292300000E-01   0.000000000000000E+00   0.000000000000000E+00   0.000000000000000E+00
   9.200898085800000E-01   1.328035276300000E+01   1.328035276300000E+01   0.000000000000000E+00  -9.963518292300000E-01   0.000000000000000E+00   0.000000000000000E+00   0.000000000000000E+00
   9.212992780300000E-01   1.329780995100000E+01   1.329780995100000E+01   0.000000000000000E+00  -9.963518292300000E-01   0.000000000000000E+00   0.000000000000000E+00   0.000000000000000E+00
   9.225087474700000E-01   1.331526713900000E+01   1.331526713900000E+01   0.000000000000000E+00  -9.963518292300000E-01   0.000000000000000E+00   0.000000000000000E+00   0.000000000000000E+00
   9.237182169200000E-01   1.333272432800000E+01   1.333272432800000E+01   0.000000000000000E+00  -9.963518292300000E-01   0.000000000000000E+00   0.000000000000000E+00   0.000000000000000E+00
   9.249276863700000E-01   1.335018151600000E+01   1.335018151600000E+01   0.000000000000000E+00  -9.963518292300000E-01   0.000000000000000E+00   0.000000000000000E+00   0.000000000000000E+00
   9.261042207500000E-01   1.336716332700000E+01   1.336716332700000E+01   0.000000000000000E+00  -9.963518292300000E-01   0.000000000000000E+00   0.000000000000000E+00   0.000000000000000E+00
   9.272807551300000E-01   1.338414513900000E+01   1.338414513900000E+01   0.000000000000000E+00  -9.963518292300000E-01   0.000000000000000E+00   0.000000000000000E+00   0.000000000000000E+00
   9.284572895100000E-01   1.340112695000000E+01   1.340112695000000E+01   0.000000000000000E+00  -9.963518292300000E-01   0.000000000000000E+00   0.000000000000000E+00   0.000000000000000E+00
   9.296338238900000E-01   1.341810876100000E+01   1.341810876100000E+01   0.000000000000000E+00  -9.963518292300000E-01   0.000000000000000E+00   0.000000000000000E+00   0.000000000000000E+00
   9.308207990300000E-01   1.343524127200000E+01   1.343524127200000E+01   0.000000000000000E+00  -9.963518292300000E-01   0.000000000000000E+00   0.000000000000000E+00   0.000000000000000E+00
   9.320077741700000E-01   1.345237378300000E+01   1.345237378300000E+01   0.000000000000000E+00  -9.963518292300000E-01   0.000000000000000E+00   0.000000000000000E+00   0.000000000000000E+00
   9.331947493100000E-01   1.346950629400000E+01   1.346950629400000E+01   0.000000000000000E+00  -9.963518292300000E-01   0.000000000000000E+00   0.000000000000000E+00   0.000000000000000E+00
   9.343817244500000E-01   1.348663880500000E+01   1.348663880500000E+01   0.000000000000000E+00  -9.963518292300000E-01   0.000000000000000E+00   0.000000000000000E+00   0.000000000000000E+00
   9.354296656100000E-01   1.350176453300000E+01   1.350176453300000E+01   0.000000000000000E+00  -9.963518292300000E-01   0.000000000000000E+00   0.000000000000000E+00   0.000000000000000E+00
   9.364776067600000E-01   1.351689026100000E+01   1.351689026100000E+01   0.000000000000000E+00  -9.963518292300000E-01   0.000000000000000E+00   0.000000000000000E+00   0.000000000000000E+00
   9.375255479200000E-01   1.353201598900000E+01   1.353201598900000E+01   0.000000000000000E+00  -9.963518292300000E-01   0.000000000000000E+00   0.000000000000000E+00   0.000000000000000E+00
   9.385734890800000E-01   1.354714171700000E+01   1.354714171700000E+01   0.000000000000000E+00  -9.963518292300000E-01   0.000000000000000E+00   0.000000000000000E+00   0.000000000000000E+00
   9.398811009100000E-01   1.356601546800000E+01   1.356601546800000E+01   0.000000000000000E+00  -9.963518292300000E-01   0.000000000000000E+00   0.000000000000000E+00   0.000000000000000E+00
   9.411887127500000E-01   1.358488922000000E+01   1.358488922000000E+01   0.000000000000000E+00  -9.963518292300000E-01   0.000000000000000E+00   0.000000000000000E+00   0.000000000000000E+00
   9.424963245800000E-01   1.360376297100000E+01   1.360376297100000E+01   0.000000000000000E+00  -9.963518292300000E-01   0.000000000000000E+00   0.000000000000000E+00   0.000000000000000E+00
   9.438039364100000E-01   1.362263672300000E+01   1.362263672300000E+01   0.000000000000000E+00  -9.963518292300000E-01   0.000000000000000E+00   0.000000000000000E+00   0.000000000000000E+00
   9.453415265800000E-01   1.364482992600000E+01   1.364482992600000E+01   0.000000000000000E+00  -9.963518292300000E-01   0.000000000000000E+00   0.000000000000000E+00   0.000000000000000E+00
   9.468791167400000E-01   1.366702312900000E+01   1.366702312900000E+01   0.000000000000000E+00  -9.963518292300000E-01   0.000000000000000E+00   0.000000000000000E+00   0.000000000000000E+00
   9.484167069100000E-01   1.368921633200000E+01   1.368921633200000E+01   0.000000000000000E+00  -9.963518292300000E-01   0.000000000000000E+00   0.000000000000000E+00   0.000000000000000E+00
   9.499542970700000E-01   1.371140953400000E+01   1.371140953400000E+01   0.000000000000000E+00  -9.963518292300000E-01   0.000000000000000E+00   0.000000000000000E+00   0.000000000000000E+00
   9.514127790600000E-01   1.373246090900000E+01   1.373246090900000E+01   0.000000000000000E+00  -9.963518292300000E-01   0.000000000000000E+00   0.000000000000000E+00   0.000000000000000E+00
   9.528712610400000E-01   1.375351228400000E+01   1.375351228400000E+01   0.000000000000000E+00  -9.963518292300000E-01   0.000000000000000E+00   0.000000000000000E+00   0.000000000000000E+00
   9.543297430300000E-01   1.377456365800000E+01   1.377456365800000E+01   0.000000000000000E+00  -9.963518292300000E-01   0.000000000000000E+00   0.000000000000000E+00   0.000000000000000E+00
   9.557882250200000E-01   1.379561503300000E+01   1.379561503300000E+01   0.000000000000000E+00  -9.963518292300000E-01   0.000000000000000E+00   0.000000000000000E+00   0.000000000000000E+00
   9.572754877900000E-01   1.381708182300000E+01   1.381708182300000E+01   0.000000000000000E+00  -9.963518292300000E-01   0.000000000000000E+00   0.000000000000000E+00   0.000000000000000E+00
   9.587627505600000E-01   1.383854861200000E+01   1.383854861200000E+01   0.000000000000000E+00  -9.963518292300000E-01   0.000000000000000E+00   0.000000000000000E+00   0.000000000000000E+00
   9.602500133300000E-01   1.386001540200000E+01   1.386001540200000E+01   0.000000000000000E+00  -9.963518292300000E-01   0.000000000000000E+00   0.000000000000000E+00   0.000000000000000E+00
   9.617372761000000E-01   1.388148219100000E+01   1.388148219100000E+01   0.000000000000000E+00  -9.963518292300000E-01   0.000000000000000E+00   0.000000000000000E+00   0.000000000000000E+00
   9.632725472200000E-01   1.390364192100000E+01   1.390364192100000E+01   0.000000000000000E+00  -9.963518292300000E-01   0.000000000000000E+00   0.000000000000000E+00   0.000000000000000E+00
   9.648078183400000E-01   1.392580165200000E+01   1.392580165200000E+01   0.000000000000000E+00  -9.963518292300000E-01   0.000000000000000E+00   0.000000000000000E+00   0.000000000000000E+00
   9.663430894600000E-01   1.394796138200000E+01   1.394796138200000E+01   0.000000000000000E+00  -9.963518292300000E-01   0.000000000000000E+00   0.000000000000000E+00   0.000000000000000E+00
   9.678783605800000E-01   1.397012111300000E+01   1.397012111300000E+01   0.000000000000000E+00  -9.963518292300000E-01   0.000000000000000E+00   0.000000000000000E+00   0.000000000000000E+00
   9.690585656300000E-01   1.398715590500000E+01   1.398715590500000E+01   0.000000000000000E+00  -9.963518292300000E-01   0.000000000000000E+00   0.000000000000000E+00   0.000000000000000E+00
   9.702387706800000E-01   1.400419069800000E+01   1.400419069800000E+01   0.000000000000000E+00  -9.963518292300000E-01   0.000000000000000E+00   0.000000000000000E+00   0.000000000000000E+00
   9.714189757300000E-01   1.402122549100000E+01   1.402122549100000E+01   0.000000000000000E+00  -9.963518292300000E-01   0.000000000000000E+00   0.000000000000000E+00   0.000000000000000E+00
   9.725991807800000E-01   1.403826028400000E+01   1.403826028400000E+01   0.000000000000000E+00  -9.963518292300000E-01   0.000000000000000E+00   0.000000000000000E+00   0.000000000000000E+00
   9.738289060799999E-01   1.405600984100000E+01   1.405600984100000E+01   0.000000000000000E+00  -9.963518292300000E-01   0.000000000000000E+00   0.000000000000000E+00   0.000000000000000E+00
   9.750586313800000E-01   1.407375939700000E+01   1.407375939700000E+01   0.000000000000000E+00  -9.963518292300000E-01   0.000000000000000E+00   0.000000000000000E+00   0.000000000000000E+00
   9.762883566900000E-01   1.409150895300000E+01   1.409150895300000E+01   0.000000000000000E+00  -9.963518292300000E-01   0.000000000000000E+00   0.000000000000000E+00   0.000000000000000E+00
   9.775180819900000E-01   1.410925850900000E+01   1.410925850900000E+01   0.000000000000000E+00  -9.963518292300000E-01   0.000000000000000E+00   0.000000000000000E+00   0.000000000000000E+00
   9.789053206600000E-01   1.412928157500000E+01   1.412928157500000E+01   0.000000000000000E+00  -9.963518292300000E-01   0.000000000000000E+00   0.000000000000000E+00   0.000000000000000E+00
   9.802925593300000E-01   1.414930464100000E+01   1.414930464100000E+01   0.000000000000000E+00  -9.963518292300000E-01   0.000000000000000E+00   0.000000000000000E+00   0.000000000000000E+00
   9.816797980000000E-01   1.416932770700000E+01   1.416932770700000E+01   0.000000000000000E+00  -9.963518292300000E-01   0.000000000000000E+00   0.000000000000000E+00   0.000000000000000E+00
   9.830670366800000E-01   1.418935077300000E+01   1.418935077300000E+01   0.000000000000000E+00  -9.963518292300000E-01   0.000000000000000E+00   0.000000000000000E+00   0.000000000000000E+00
   9.846119571400000E-01   1.421164978000000E+01   1.421164978000000E+01   0.000000000000000E+00  -9.963518292300000E-01   0.000000000000000E+00   0.000000000000000E+00   0.000000000000000E+00
   9.861568776000000E-01   1.423394878600000E+01   1.423394878600000E+01   0.000000000000000E+00  -9.963518292300000E-01   0.000000000000000E+00   0.000000000000000E+00   0.000000000000000E+00
   9.877017980700000E-01   1.425624779300000E+01   1.425624779300000E+01   0.000000000000000E+00  -9.963518292300000E-01   0.000000000000000E+00   0.000000000000000E+00   0.000000000000000E+00
   9.892467185300000E-01   1.427854680000000E+01   1.427854680000000E+01   0.000000000000000E+00  -9.963518292300000E-01   0.000000000000000E+00   0.000000000000000E+00   0.000000000000000E+00
   9.906158632199999E-01   1.429830870200000E+01   1.429830870200000E+01   0.000000000000000E+00  -9.963518292300000E-01   0.000000000000000E+00   0.000000000000000E+00   0.000000000000000E+00
   9.919850079000000E-01   1.431807060300000E+01   1.431807060300000E+01   0.000000000000000E+00  -9.963518292300000E-01   0.000000000000000E+00   0.000000000000000E+00   0.000000000000000E+00
   9.933541525900000E-01   1.433783250500000E+01   1.433783250500000E+01   0.000000000000000E+00  -9.963518292300000E-01   0.000000000000000E+00   0.000000000000000E+00   0.000000000000000E+00
   9.947232972800000E-01   1.435759440700000E+01   1.435759440700000E+01   0.000000000000000E+00  -9.963518292300000E-01   0.000000000000000E+00   0.000000000000000E+00   0.000000000000000E+00
   9.960424729600000E-01   1.437663506800000E+01   1.437663506800000E+01   0.000000000000000E+00  -9.963518292300000E-01   0.000000000000000E+00   0.000000000000000E+00   0.000000000000000E+00
   9.973616486400000E-01   1.439567572900000E+01   1.439567572900000E+01   0.000000000000000E+00  -9.963518292300000E-01   0.000000000000000E+00   0.000000000000000E+00   0.000000000000000E+00
   9.986808243200000E-01   1.441471639100000E+01   1.441471639100000E+01   0.000000000000000E+00  -9.963518292300000E-01   0.000000000000000E+00   0.000000000000000E+00   0.000000000000000E+00
   1.000000000000000E+00   1.443375705200000E+01   1.443375705200000E+01   0.000000000000000E+00  -9.963518292300000E-01   0.000000000000000E+00   0.000000000000000E+00   0.000000000000000E+00
