   0.000000000000000E+00  -3.063475879300000E-30   0.000000000000000E+00   0.000000000000000E+00  -9.991105333000000E-01   0.000000000000000E+00   0.000000000000000E+00   0.000000000000000E+00
   8.334186574400000E-03   1.202936242400000E-01   1.202936242400000E-01   0.000000000000000E+00  -9.991105333000000E-01   0.000000000000000E+00   0.000000000000000E+00   0.000000000000000E+00
   1.666837314900000E-02   2.405872484800000E-01   2.405872484800000E-01   0.000000000000000E+00  -9.991105333000000E-01   0.000000000000000E+00   0.000000000000000E+00   0.000000000000000E+00
   2.500255972300000E-02   3.608808727200000E-01   3.608808727200000E-01   0.000000000000000E+00  -9.991105333000000E-01   0.000000000000000E+00   0.000000000000000E+00   0.000000000000000E+00
   3.333674629700000E-02   4.811744969600000E-01   4.811744969600000E-01   0.000000000000000E+00  -9.991105333000000E-01   0.000000000000000E+00   0.000000000000000E+00   0.000000000000000E+00
   3.987517122100000E-02   5.755485338200000E-01   5.755485338200000E-01   0.000000000000000E+00  -9.991105333000000E-01   0.000000000000000E+00   0.000000000000000E+00   0.000000000000000E+00
   4.641359614500000E-02   6.699225706700001E-01   6.699225706700001E-01   0.000000000000000E+00  -9.991105333000000E-01   0.000000000000000E+00   0.000000000000000E+00   0.000000000000000E+00
   5.295202106900000E-02   7.642966075199999E-01   7.642966075199999E-01   0.000000000000000E+00  -9.991105333000000E-01   0.000000000000000E+00   0.000000000000000E+00   0.000000000000000E+00
   5.949044599300000E-02   8.586706443800000E-01   8.586706443800000E-01   0.000000000000000E+00  -9.991105333000000E-01   0.000000000000000E+00   0.000000000000000E+00   0.000000000000000E+00
   6.597029400300000E-02   9.521991962800000E-01   9.521991962800000E-01   0.000000000000000E+00  -9.991105333000000E-01   0.000000000000000E+00   0.000000000000000E+00   0.000000000000000E+00
   7.245014201199999E-02   1.045727748200000E+00   1.045727748200000E+00   0.000000000000000E+00  -9.991105333000000E-01   0.000000000000000E+00   0.000000000000000E+00   0.000000000000000E+00
   7.892999002200000E-02   1.139256300100000E+00   1.139256300100000E+00   0.000000000000000E+00  -9.991105333000000E-01   0.000000000000000E+00   0.000000000000000E+00   0.000000000000000E+00
   8.540983803100000E-02   1.232784852000000E+00   1.232784852000000E+00   0.000000000000000E+00  -9.991105333000000E-01   0.000000000000000E+00   0.000000000000000E+00   0.000000000000000E+00
   9.178457574899999E-02   1.324796267500000E+00   1.324796267500000E+00   0.000000000000000E+00  -9.991105333000000E-01   0.000000000000000E+00   0.000000000000000E+00   0.000000000000000E+00
   9.815931346800000E-02   1.416807683000000E+00   1.416807683000000E+00   0.000000000000000E+00  -9.991105333000000E-01   0.000000000000000E+00   0.000000000000000E+00   0.000000000000000E+00
   1.045340511900000E-01   1.508819098500000E+00   1.508819098500000E+00   0.000000000000000E+00  -9.991105333000000E-01   0.000000000000000E+00   0.000000000000000E+00   0.000000000000000E+00
   1.109087889000000E-01   1.600830514000000E+00   1.600830514000000E+00   0.000000000000000E+00  -9.991105333000000E-01   0.000000000000000E+00   0.000000000000000E+00   0.000000000000000E+00
   1.165485660000000E-01   1.682233686400000E+00   1.682233686400000E+00   0.000000000000000E+00  -9.991105333000000E-01   0.000000000000000E+00   0.000000000000000E+00   0.000000000000000E+00
   1.221883430900000E-01   1.763636858700000E+00   1.763636858700000E+00   0.000000000000000E+00  -9.991105333000000E-01   0.000000000000000E+00   0.000000000000000E+00   0.000000000000000E+00
   1.278281201800000E-01   1.845040031100000E+00   1.845040031100000E+00   0.000000000000000E+00  -9.991105333000000E-01   0.000000000000000E+00   0.000000000000000E+00   0.000000000000000E+00
   1.334678972700000E-01   1.926443203500000E+00   1.926443203500000E+00   0.000000000000000E+00  -9.991105333000000E-01   0.000000000000000E+00   0.000000000000000E+00   0.000000000000000E+00
   1.386690939600000E-01   2.001516012800000E+00   2.001516012800000E+00   0.000000000000000E+00  -9.991105333000000E-01   0.000000000000000E+00   0.000000000000000E+00   0.000000000000000E+00
   1.438702906400000E-01   2.076588822200000E+00   2.076588822200000E+00   0.000000000000000E+00  -9.991105333000000E-01   0.000000000000000E+00   0.000000000000000E+00   0.000000000000000E+00
   1.490714873300000E-01   2.151661631500000E+00   2.151661631500000E+00   0.000000000000000E+00  -9.991105333000000E-01   0.000000000000000E+00   0.000000000000000E+00   0.000000000000000E+00
   1.542726840200000E-01   2.226734440800000E+00   2.226734440800000E+00   0.000000000000000E+00  -9.991105333000000E-01   0.000000000000000E+00   0.000000000000000E+00   0.000000000000000E+00
   1.595036385500000E-01   2.302236767700000E+00   2.302236767700000E+00   0.000000000000000E+00  -9.991105333000000E-01   0.000000000000000E+00   0.000000000000000E+00   0.000000000000000E+00
   1.647345930800000E-01   2.377739094600000E+00   2.377739094600000E+00   0.000000000000000E+00  -9.991105333000000E-01   0.000000000000000E+00   0.000000000000000E+00   0.000000000000000E+00
   1.699655476100000E-01   2.453241421400000E+00   2.453241421400000E+00   0.000000000000000E+00  -9.991105333000000E-01   0.000000000000000E+00   0.000000000000000E+00   0.000000000000000E+00
   1.751965021400000E-01   2.528743748300000E+00   2.528743748300000E+00   0.000000000000000E+00  -9.991105333000000E-01   0.000000000000000E+00   0.000000000000000E+00   0.000000000000000E+00
   1.803439426700000E-01   2.603040654200000E+00   2.603040654200000E+00   0.000000000000000E+00  -9.991105333000000E-01   0.000000000000000E+00   0.000000000000000E+00   0.000000000000000E+00
   1.854913831900000E-01   2.677337560200000E+00   2.677337560200000E+00   0.000000000000000E+00  -9.991105333000000E-01   0.000000000000000E+00   0.000000000000000E+00   0.000000000000000E+00
   1.906388237200000E-01   2.751634466200000E+00   2.751634466200000E+00   0.000000000000000E+00  -9.991105333000000E-01   0.000000000000000E+00   0.000000000000000E+00   0.000000000000000E+00
   1.957862642400000E-01   2.825931372200000E+00   2.825931372200000E+00   0.000000000000000E+00  -9.991105333000000E-01   0.000000000000000E+00   0.000000000000000E+00   0.000000000000000E+00
   2.014004751500000E-01   2.906965528500000E+00   2.906965528500000E+00   0.000000000000000E+00  -9.991105333000000E-01   0.000000000000000E+00   0.000000000000000E+00   0.000000000000000E+00
   2.070146860700000E-01   2.987999684900000E+00   2.987999684900000E+00   0.000000000000000E+00  -9.991105333000000E-01   0.000000000000000E+00   0.000000000000000E+00   0.000000000000000E+00
   2.126288969800000E-01   3.069033841300000E+00   3.069033841300000E+00   0.000000000000000E+00  -9.991105333000000E-01   0.000000000000000E+00   0.000000000000000E+00   0.000000000000000E+00
   2.182431079000000E-01   3.150067997700000E+00   3.150067997700000E+00   0.000000000000000E+00  -9.991105333000000E-01   0.000000000000000E+00   0.000000000000000E+00   0.000000000000000E+00
   2.228600115600000E-01   3.216707263500000E+00   3.216707263500000E+00   0.000000000000000E+00  -9.991105333000000E-01   0.000000000000000E+00   0.000000000000000E+00   0.000000000000000E+00
   2.274769152300000E-01   3.283346529400000E+00   3.283346529400000E+00   0.000000000000000E+00  -9.991105333000000E-01   0.000000000000000E+00   0.000000000000000E+00   0.000000000000000E+00
   2.320938189000000E-01   3.349985795200000E+00   3.349985795200000E+00   0.000000000000000E+00  -9.991105333000000E-01   0.000000000000000E+00   0.000000000000000E+00   0.000000000000000E+00
   2.367107225700000E-01   3.416625061100000E+00   3.416625061100000E+00   0.000000000000000E+00  -9.991105333000000E-01   0.000000000000000E+00   0.000000000000000E+00   0.000000000000000E+00
   2.414342554400000E-01   3.484803387000000E+00   3.484803387000000E+00   0.000000000000000E+00  -9.991105333000000E-01   0.000000000000000E+00   0.000000000000000E+00   0.000000000000000E+00
   2.461577883100000E-01   3.552981713000000E+00   3.552981713000000E+00   0.000000000000000E+00  -9.991105333000000E-01   0.000000000000000E+00   0.000000000000000E+00   0.000000000000000E+00
   2.508813211900000E-01   3.621160038900000E+00   3.621160038900000E+00   0.000000000000000E+00  -9.991105333000000E-01   0.000000000000000E+00   0.000000000000000E+00   0.000000000000000E+00
   2.556048540600000E-01   3.689338364800000E+00   3.689338364800000E+00   0.000000000000000E+00  -9.991105333000000E-01   0.000000000000000E+00   0.000000000000000E+00   0.000000000000000E+00
   2.610643087800000E-01   3.768138807900000E+00   3.768138807900000E+00   0.000000000000000E+00  -9.991105333000000E-01   0.000000000000000E+00   0.000000000000000E+00   0.000000000000000E+00
   2.665237635100000E-01   3.846939251100000E+00   3.846939251100000E+00   0.000000000000000E+00  -9.991105333000000E-01   0.000000000000000E+00   0.000000000000000E+00   0.000000000000000E+00
   2.719832182300000E-01   3.925739694200000E+00   3.925739694200000E+00   0.000000000000000E+00  -9.991105333000000E-01   0.000000000000000E+00   0.000000000000000E+00   0.000000000000000E+00
   2.774426729600000E-01   4.004540137300000E+00   4.004540137300000E+00   0.000000000000000E+00  -9.991105333000000E-01   0.000000000000000E+00   0.000000000000000E+00   0.000000000000000E+00
   2.826297404700000E-01   4.079409009700000E+00   4.079409009700000E+00   0.000000000000000E+00  -9.991105333000000E-01   0.000000000000000E+00   0.000000000000000E+00   0.000000000000000E+00
   2.878168079900000E-01   4.154277882100000E+00   4.154277882100000E+00   0.000000000000000E+00  -9.991105333000000E-01   0.000000000000000E+00   0.000000000000000E+00   0.000000000000000E+00
   2.930038755100000E-01   4.229146754500000E+00   4.229146754500000E+00   0.000000000000000E+00  -9.991105333000000E-01   0.000000000000000E+00   0.000000000000000E+00   0.000000000000000E+00
   2.981909430300000E-01   4.304015626800000E+00   4.304015626800000E+00   0.000000000000000E+00  -9.991105333000000E-01   0.000000000000000E+00   0.000000000000000E+00   0.000000000000000E+00
   3.030508395100000E-01   4.374162191900000E+00   4.374162191900000E+00   0.000000000000000E+00  -9.991105333000000E-01   0.000000000000000E+00   0.000000000000000E+00   0.000000000000000E+00
   3.079107359900000E-01   4.444308757000000E+00   4.444308757000000E+00   0.000000000000000E+00  -9.991105333000000E-01   0.000000000000000E+00   0.000000000000000E+00   0.000000000000000E+00
   3.127706324800000E-01   4.514455322200000E+00   4.514455322200000E+00   0.000000000000000E+00  -9.991105333000000E-01   0.000000000000000E+00   0.000000000000000E+00   0.000000000000000E+00
   3.176305289600000E-01   4.584601887300000E+00   4.584601887300000E+00   0.000000000000000E+00  -9.991105333000000E-01   0.000000000000000E+00   0.000000000000000E+00   0.000000000000000E+00
   3.224261185700000E-01   4.653820262700000E+00   4.653820262700000E+00   0.000000000000000E+00  -9.991105333000000E-01   0.000000000000000E+00   0.000000000000000E+00   0.000000000000000E+00
   3.272217081900000E-01   4.723038638100000E+00   4.723038638100000E+00   0.000000000000000E+00  -9.991105333000000E-01   0.000000000000000E+00   0.000000000000000E+00   0.000000000000000E+00
   3.320172978000000E-01   4.792257013500000E+00   4.792257013500000E+00   0.000000000000000E+00  -9.991105333000000E-01   0.000000000000000E+00   0.000000000000000E+00   0.000000000000000E+00
   3.368128874100000E-01   4.861475388900000E+00   4.861475388900000E+00   0.000000000000000E+00  -9.991105333000000E-01   0.000000000000000E+00   0.000000000000000E+00   0.000000000000000E+00
   3.414311507800000E-01   4.928134280300000E+00   4.928134280300000E+00   0.000000000000000E+00  -9.991105333000000E-01   0.000000000000000E+00   0.000000000000000E+00   0.000000000000000E+00
   3.460494141400000E-01   4.994793171600000E+00   4.994793171600000E+00   0.000000000000000E+00  -9.991105333000000E-01   0.000000000000000E+00   0.000000000000000E+00   0.000000000000000E+00
   3.506676775000000E-01   5.061452063000000E+00   5.061452063000000E+00   0.000000000000000E+00  -9.991105333000000E-01   0.000000000000000E+00   0.000000000000000E+00   0.000000000000000E+00
   3.552859408600000E-01   5.128110954300000E+00   5.128110954300000E+00   0.000000000000000E+00  -9.991105333000000E-01   0.000000000000000E+00   0.000000000000000E+00   0.000000000000000E+00
   3.591000294200000E-01   5.183162582000000E+00   5.183162582000000E+00   0.000000000000000E+00  -9.991105333000000E-01   0.000000000000000E+00   0.000000000000000E+00   0.000000000000000E+00
   3.629141179800000E-01   5.238214209700000E+00   5.238214209700000E+00   0.000000000000000E+00  -9.991105333000000E-01   0.000000000000000E+00   0.000000000000000E+00   0.000000000000000E+00
   3.667282065400000E-01   5.293265837300000E+00   5.293265837300000E+00   0.000000000000000E+00  -9.991105333000000E-01   0.000000000000000E+00   0.000000000000000E+00   0.000000000000000E+00
   3.705422951000000E-01   5.348317465000000E+00   5.348317465000000E+00   0.000000000000000E+00  -9.991105333000000E-01   0.000000000000000E+00   0.000000000000000E+00   0.000000000000000E+00
   3.746885753100000E-01   5.408163866300000E+00   5.408163866300000E+00   0.000000000000000E+00  -9.991105333000000E-01   0.000000000000000E+00   0.000000000000000E+00   0.000000000000000E+00
   3.788348555300000E-01   5.468010267500000E+00   5.468010267500000E+00   0.000000000000000E+00  -9.991105333000000E-01   0.000000000000000E+00   0.000000000000000E+00   0.000000000000000E+00
   3.829811357400000E-01   5.527856668700000E+00   5.527856668700000E+00   0.000000000000000E+00  -9.991105333000000E-01   0.000000000000000E+00   0.000000000000000E+00   0.000000000000000E+00
   3.871274159500000E-01   5.587703069900000E+00   5.587703069900000E+00   0.000000000000000E+00  -9.991105333000000E-01   0.000000000000000E+00   0.000000000000000E+00   0.000000000000000E+00
   3.920693125300000E-01   5.659033204600000E+00   5.659033204600000E+00   0.000000000000000E+00  -9.991105333000000E-01   0.000000000000000E+00   0.000000000000000E+00   0.000000000000000E+00
   3.970112091100000E-01   5.730363339200000E+00   5.730363339200000E+00   0.000000000000000E+00  -9.991105333000000E-01   0.000000000000000E+00   0.000000000000000E+00   0.000000000000000E+00
   4.019531056900000E-01   5.801693473800000E+00   5.801693473800000E+00   0.000000000000000E+00  -9.991105333000000E-01   0.000000000000000E+00   0.000000000000000E+00   0.000000000000000E+00
   4.068950022700000E-01   5.873023608400000E+00   5.873023608400000E+00   0.000000000000000E+00  -9.991105333000000E-01   0.000000000000000E+00   0.000000000000000E+00   0.000000000000000E+00
   4.120941169300000E-01   5.948066366300000E+00   5.948066366300000E+00   0.000000000000000E+00  -9.991105333000000E-01   0.000000000000000E+00   0.000000000000000E+00   0.000000000000000E+00
   4.172932315900000E-01   6.023109124200000E+00   6.023109124200000E+00   0.000000000000000E+00  -9.991105333000000E-01   0.000000000000000E+00   0.000000000000000E+00   0.000000000000000E+00
   4.224923462500000E-01   6.098151882000000E+00   6.098151882000000E+00   0.000000000000000E+00  -9.991105333000000E-01   0.000000000000000E+00   0.000000000000000E+00   0.000000000000000E+00
   4.276914609000000E-01   6.173194639900000E+00   6.173194639900000E+00   0.000000000000000E+00  -9.991105333000000E-01   0.000000000000000E+00   0.000000000000000E+00   0.000000000000000E+00
   4.320839793600000E-01   6.236595184100000E+00   6.236595184100000E+00   0.000000000000000E+00  -9.991105333000000E-01   0.000000000000000E+00   0.000000000000000E+00   0.000000000000000E+00
   4.364764978100000E-01   6.299995728300000E+00   6.299995728300000E+00   0.000000000000000E+00  -9.991105333000000E-01   0.000000000000000E+00   0.000000000000000E+00   0.000000000000000E+00
   4.408690162600000E-01   6.363396272500000E+00   6.363396272500000E+00   0.000000000000000E+00  -9.991105333000000E-01   0.000000000000000E+00   0.000000000000000E+00   0.000000000000000E+00
   4.452615347100000E-01   6.426796816600000E+00   6.426796816600000E+00   0.000000000000000E+00  -9.991105333000000E-01   0.000000000000000E+00   0.000000000000000E+00   0.000000000000000E+00
   4.489620290400000E-01   6.480208852700000E+00   6.480208852700000E+00   0.000000000000000E+00  -9.991105333000000E-01   0.000000000000000E+00   0.000000000000000E+00   0.000000000000000E+00
   4.526625233600000E-01   6.533620888700000E+00   6.533620888700000E+00   0.000000000000000E+00  -9.991105333000000E-01   0.000000000000000E+00   0.000000000000000E+00   0.000000000000000E+00
   4.563630176800000E-01   6.587032924700000E+00   6.587032924700000E+00   0.000000000000000E+00  -9.991105333000000E-01   0.000000000000000E+00   0.000000000000000E+00   0.000000000000000E+00
   4.600635120000000E-01   6.640444960800000E+00   6.640444960800000E+00   0.000000000000000E+00  -9.991105333000000E-01   0.000000000000000E+00   0.000000000000000E+00   0.000000000000000E+00
   4.639669079400000E-01   6.696785629400000E+00   6.696785629400000E+00   0.000000000000000E+00  -9.991105333000000E-01   0.000000000000000E+00   0.000000000000000E+00   0.000000000000000E+00
   4.678703038800000E-01   6.753126298000000E+00   6.753126298000000E+00   0.000000000000000E+00  -9.991105333000000E-01   0.000000000000000E+00   0.000000000000000E+00   0.000000000000000E+00
   4.717736998200000E-01   6.809466966700000E+00   6.809466966700000E+00   0.000000000000000E+00  -9.991105333000000E-01   0.000000000000000E+00   0.000000000000000E+00   0.000000000000000E+00
   4.756770957500000E-01   6.865807635300000E+00   6.865807635300000E+00   0.000000000000000E+00  -9.991105333000000E-01   0.000000000000000E+00   0.000000000000000E+00   0.000000000000000E+00
   4.791757744500000E-01   6.916306713600000E+00   6.916306713600000E+00   0.000000000000000E+00  -9.991105333000000E-01   0.000000000000000E+00   0.000000000000000E+00   0.000000000000000E+00
   4.826744531500000E-01   6.966805791900000E+00   6.966805791900000E+00   0.000000000000000E+00  -9.991105333000000E-01   0.000000000000000E+00   0.000000000000000E+00   0.000000000000000E+00
   4.861731318500000E-01   7.017304870300000E+00   7.017304870300000E+00   0.000000000000000E+00  -9.991105333000000E-01   0.000000000000000E+00   0.000000000000000E+00   0.000000000000000E+00
   4.896718105400000E-01   7.067803948600000E+00   7.067803948600000E+00   0.000000000000000E+00  -9.991105333000000E-01   0.000000000000000E+00   0.000000000000000E+00   0.000000000000000E+00
   4.931954710800000E-01   7.118663608600000E+00   7.118663608600000E+00   0.000000000000000E+00  -9.991105333000000E-01   0.000000000000000E+00   0.000000000000000E+00   0.000000000000000E+00
   4.967191316100000E-01   7.169523268700000E+00   7.169523268700000E+00   0.000000000000000E+00  -9.991105333000000E-01   0.000000000000000E+00   0.000000000000000E+00   0.000000000000000E+00
   5.002427921400000E-01   7.220382928800000E+00   7.220382928800000E+00   0.000000000000000E+00  -9.991105333000000E-01   0.000000000000000E+00   0.000000000000000E+00   0.000000000000000E+00
   5.037664526800000E-01   7.271242588900000E+00   7.271242588900000E+00   0.000000000000000E+00  -9.991105333000000E-01   0.000000000000000E+00   0.000000000000000E+00   0.000000000000000E+00
   5.068200491500000E-01   7.315317458500000E+00   7.315317458500000E+00   0.000000000000000E+00  -9.991105333000000E-01   0.000000000000000E+00   0.000000000000000E+00   0.000000000000000E+00
   5.098736456300000E-01   7.359392328200000E+00   7.359392328200000E+00   0.000000000000000E+00  -9.991105333000000E-01   0.000000000000000E+00   0.000000000000000E+00   0.000000000000000E+00
   5.129272421100000E-01   7.403467197900000E+00   7.403467197900000E+00   0.000000000000000E+00  -9.991105333000000E-01   0.000000000000000E+00   0.000000000000000E+00   0.000000000000000E+00
   5.159808385800000E-01   7.447542067600000E+00   7.447542067600000E+00   0.000000000000000E+00  -9.991105333000000E-01   0.000000000000000E+00   0.000000000000000E+00   0.000000000000000E+00
   5.185837830200000E-01   7.485112335100000E+00   7.485112335100000E+00   0.000000000000000E+00  -9.991105333000000E-01   0.000000000000000E+00   0.000000000000000E+00   0.000000000000000E+00
   5.211867274500001E-01   7.522682602700000E+00   7.522682602700000E+00   0.000000000000000E+00  -9.991105333000000E-01   0.000000000000000E+00   0.000000000000000E+00   0.000000000000000E+00
   5.237896718800000E-01   7.560252870200000E+00   7.560252870200000E+00   0.000000000000000E+00  -9.991105333000000E-01   0.000000000000000E+00   0.000000000000000E+00   0.000000000000000E+00
   5.263926163100000E-01   7.597823137800000E+00   7.597823137800000E+00   0.000000000000000E+00  -9.991105333000000E-01   0.000000000000000E+00   0.000000000000000E+00   0.000000000000000E+00
   5.291234724800000E-01   7.637239652200000E+00   7.637239652200000E+00   0.000000000000000E+00  -9.991105333000000E-01   0.000000000000000E+00   0.000000000000000E+00   0.000000000000000E+00
   5.318543286400000E-01   7.676656166700000E+00   7.676656166700000E+00   0.000000000000000E+00  -9.991105333000000E-01   0.000000000000000E+00   0.000000000000000E+00   0.000000000000000E+00
   5.345851848099999E-01   7.716072681100000E+00   7.716072681100000E+00   0.000000000000000E+00  -9.991105333000000E-01   0.000000000000000E+00   0.000000000000000E+00   0.000000000000000E+00
   5.373160409800000E-01   7.755489195600000E+00   7.755489195600000E+00   0.000000000000000E+00  -9.991105333000000E-01   0.000000000000000E+00   0.000000000000000E+00   0.000000000000000E+00
   5.400339670300000E-01   7.794719079900000E+00   7.794719079900000E+00   0.000000000000000E+00  -9.991105333000000E-01   0.000000000000000E+00   0.000000000000000E+00   0.000000000000000E+00
   5.427518930800000E-01   7.833948964300000E+00   7.833948964300000E+00   0.000000000000000E+00  -9.991105333000000E-01   0.000000000000000E+00   0.000000000000000E+00   0.000000000000000E+00
   5.454698191300000E-01   7.873178848600000E+00   7.873178848600000E+00   0.000000000000000E+00  -9.991105333000000E-01   0.000000000000000E+00   0.000000000000000E+00   0.000000000000000E+00
   5.481877451900000E-01   7.912408732900000E+00   7.912408732900000E+00   0.000000000000000E+00  -9.991105333000000E-01   0.000000000000000E+00   0.000000000000000E+00   0.000000000000000E+00
   5.505031075800000E-01   7.945828111200000E+00   7.945828111200000E+00   0.000000000000000E+00  -9.991105333000000E-01   0.000000000000000E+00   0.000000000000000E+00   0.000000000000000E+00
   5.528184699699999E-01   7.979247489400000E+00   7.979247489400000E+00   0.000000000000000E+00  -9.991105333000000E-01   0.000000000000000E+00   0.000000000000000E+00   0.000000000000000E+00
   5.551338323600000E-01   8.012666867600000E+00   8.012666867600000E+00   0.000000000000000E+00  -9.991105333000000E-01   0.000000000000000E+00   0.000000000000000E+00   0.000000000000000E+00
   5.574491947500000E-01   8.046086245900000E+00   8.046086245900000E+00   0.000000000000000E+00  -9.991105333000000E-01   0.000000000000000E+00   0.000000000000000E+00   0.000000000000000E+00
   5.592251625800000E-01   8.071720134000000E+00   8.071720134000000E+00   0.000000000000000E+00  -9.991105333000000E-01   0.000000000000000E+00   0.000000000000000E+00   0.000000000000000E+00
   5.610011304100000E-01   8.097354022199999E+00   8.097354022199999E+00   0.000000000000000E+00  -9.991105333000000E-01   0.000000000000000E+00   0.000000000000000E+00   0.000000000000000E+00
   5.627770982300000E-01   8.122987910299999E+00   8.122987910299999E+00   0.000000000000000E+00  -9.991105333000000E-01   0.000000000000000E+00   0.000000000000000E+00   0.000000000000000E+00
   5.645530660600000E-01   8.148621798400001E+00   8.148621798400001E+00   0.000000000000000E+00  -9.991105333000000E-01   0.000000000000000E+00   0.000000000000000E+00   0.000000000000000E+00
   5.664170591500000E-01   8.175526221900000E+00   8.175526221900000E+00   0.000000000000000E+00  -9.991105333000000E-01   0.000000000000000E+00   0.000000000000000E+00   0.000000000000000E+00
   5.682810522400000E-01   8.202430645300000E+00   8.202430645300000E+00   0.000000000000000E+00  -9.991105333000000E-01   0.000000000000000E+00   0.000000000000000E+00   0.000000000000000E+00
   5.701450453300000E-01   8.229335068699999E+00   8.229335068699999E+00   0.000000000000000E+00  -9.991105333000000E-01   0.000000000000000E+00   0.000000000000000E+00   0.000000000000000E+00
   5.720090384199999E-01   8.256239492100001E+00   8.256239492100001E+00   0.000000000000000E+00  -9.991105333000000E-01   0.000000000000000E+00   0.000000000000000E+00   0.000000000000000E+00
   5.737520394800000E-01   8.281397546000001E+00   8.281397546000001E+00   0.000000000000000E+00  -9.991105333000000E-01   0.000000000000000E+00   0.000000000000000E+00   0.000000000000000E+00
   5.754950405500000E-01   8.306555599899999E+00   8.306555599899999E+00   0.000000000000000E+00  -9.991105333000000E-01   0.000000000000000E+00   0.000000000000000E+00   0.000000000000000E+00
   5.772380416100000E-01   8.331713653800000E+00   8.331713653800000E+00   0.000000000000000E+00  -9.991105333000000E-01   0.000000000000000E+00   0.000000000000000E+00   0.000000000000000E+00
   5.789810426799999E-01   8.356871707700000E+00   8.356871707700000E+00   0.000000000000000E+00  -9.991105333000000E-01   0.000000000000000E+00   0.000000000000000E+00   0.000000000000000E+00
   5.808446526300000E-01   8.383770600900000E+00   8.383770600900000E+00   0.000000000000000E+00  -9.991105333000000E-01   0.000000000000000E+00   0.000000000000000E+00   0.000000000000000E+00
   5.827082625700000E-01   8.410669494200000E+00   8.410669494200000E+00   0.000000000000000E+00  -9.991105333000000E-01   0.000000000000000E+00   0.000000000000000E+00   0.000000000000000E+00
   5.845718725200000E-01   8.437568387400001E+00   8.437568387400001E+00   0.000000000000000E+00  -9.991105333000000E-01   0.000000000000000E+00   0.000000000000000E+00   0.000000000000000E+00
   5.864354824600000E-01   8.464467280599999E+00   8.464467280599999E+00   0.000000000000000E+00  -9.991105333000000E-01   0.000000000000000E+00   0.000000000000000E+00   0.000000000000000E+00
   5.885290269400000E-01   8.494684992900000E+00   8.494684992900000E+00   0.000000000000000E+00  -9.991105333000000E-01   0.000000000000000E+00   0.000000000000000E+00   0.000000000000000E+00
   5.906225714200000E-01   8.524902705300001E+00   8.524902705300001E+00   0.000000000000000E+00  -9.991105333000000E-01   0.000000000000000E+00   0.000000000000000E+00   0.000000000000000E+00
   5.927161158900000E-01   8.555120417600000E+00   8.555120417600000E+00   0.000000000000000E+00  -9.991105333000000E-01   0.000000000000000E+00   0.000000000000000E+00   0.000000000000000E+00
   5.948096603700000E-01   8.585338130000000E+00   8.585338130000000E+00   0.000000000000000E+00  -9.991105333000000E-01   0.000000000000000E+00   0.000000000000000E+00   0.000000000000000E+00
   5.970331771100000E-01   8.617431830399999E+00   8.617431830399999E+00   0.000000000000000E+00  -9.991105333000000E-01   0.000000000000000E+00   0.000000000000000E+00   0.000000000000000E+00
   5.992566938500000E-01   8.649525530900000E+00   8.649525530900000E+00   0.000000000000000E+00  -9.991105333000000E-01   0.000000000000000E+00   0.000000000000000E+00   0.000000000000000E+00
   6.014802106000000E-01   8.681619231299999E+00   8.681619231299999E+00   0.000000000000000E+00  -9.991105333000000E-01   0.000000000000000E+00   0.000000000000000E+00   0.000000000000000E+00
   6.037037273400000E-01   8.713712931800000E+00   8.713712931800000E+00   0.000000000000000E+00  -9.991105333000000E-01   0.000000000000000E+00   0.000000000000000E+00   0.000000000000000E+00
   6.065435750600000E-01   8.754702603900000E+00   8.754702603900000E+00   0.000000000000000E+00  -9.991105333000000E-01   0.000000000000000E+00   0.000000000000000E+00   0.000000000000000E+00
   6.093834227900000E-01   8.795692276000000E+00   8.795692276000000E+00   0.000000000000000E+00  -9.991105333000000E-01   0.000000000000000E+00   0.000000000000000E+00   0.000000000000000E+00
   6.122232705100000E-01   8.836681948100001E+00   8.836681948100001E+00   0.000000000000000E+00  -9.991105333000000E-01   0.000000000000000E+00   0.000000000000000E+00   0.000000000000000E+00
   6.150631182300000E-01   8.877671620199999E+00   8.877671620199999E+00   0.000000000000000E+00  -9.991105333000000E-01   0.000000000000000E+00   0.000000000000000E+00   0.000000000000000E+00
   6.176463858800000E-01   8.914957877899999E+00   8.914957877899999E+00   0.000000000000000E+00  -9.991105333000000E-01   0.000000000000000E+00   0.000000000000000E+00   0.000000000000000E+00
   6.202296535300000E-01   8.952244135500001E+00   8.952244135500001E+00   0.000000000000000E+00  -9.991105333000000E-01   0.000000000000000E+00   0.000000000000000E+00   0.000000000000000E+00
   6.228129211800000E-01   8.989530393200001E+00   8.989530393200001E+00   0.000000000000000E+00  -9.991105333000000E-01   0.000000000000000E+00   0.000000000000000E+00   0.000000000000000E+00
   6.253961888300000E-01   9.026816650800001E+00   9.026816650800001E+00   0.000000000000000E+00  -9.991105333000000E-01   0.000000000000000E+00   0.000000000000000E+00   0.000000000000000E+00
   6.282480907300000E-01   9.067980310099999E+00   9.067980310099999E+00   0.000000000000000E+00  -9.991105333000000E-01   0.000000000000000E+00   0.000000000000000E+00   0.000000000000000E+00
   6.310999926400001E-01   9.109143969300000E+00   9.109143969300000E+00   0.000000000000000E+00  -9.991105333000000E-01   0.000000000000000E+00   0.000000000000000E+00   0.000000000000000E+00
   6.339518945400000E-01   9.150307628500000E+00   9.150307628500000E+00   0.000000000000000E+00  -9.991105333000000E-01   0.000000000000000E+00   0.000000000000000E+00   0.000000000000000E+00
   6.368037964400000E-01   9.191471287700001E+00   9.191471287700001E+00   0.000000000000000E+00  -9.991105333000000E-01   0.000000000000000E+00   0.000000000000000E+00   0.000000000000000E+00
   6.389950199300000E-01   9.223098875200000E+00   9.223098875200000E+00   0.000000000000000E+00  -9.991105333000000E-01   0.000000000000000E+00   0.000000000000000E+00   0.000000000000000E+00
   6.411862434200000E-01   9.254726462700001E+00   9.254726462700001E+00   0.000000000000000E+00  -9.991105333000000E-01   0.000000000000000E+00   0.000000000000000E+00   0.000000000000000E+00
   6.433774669100000E-01   9.286354050200000E+00   9.286354050200000E+00   0.000000000000000E+00  -9.991105333000000E-01   0.000000000000000E+00   0.000000000000000E+00   0.000000000000000E+00
   6.455686904000000E-01   9.317981637700001E+00   9.317981637700001E+00   0.000000000000000E+00  -9.991105333000000E-01   0.000000000000000E+00   0.000000000000000E+00   0.000000000000000E+00
   6.480566480400000E-01   9.353892213700000E+00   9.353892213700000E+00   0.000000000000000E+00  -9.991105333000000E-01   0.000000000000000E+00   0.000000000000000E+00   0.000000000000000E+00
   6.505446056700001E-01   9.389802789799999E+00   9.389802789799999E+00   0.000000000000000E+00  -9.991105333000000E-01   0.000000000000000E+00   0.000000000000000E+00   0.000000000000000E+00
   6.530325633100000E-01   9.425713365900000E+00   9.425713365900000E+00   0.000000000000000E+00  -9.991105333000000E-01   0.000000000000000E+00   0.000000000000000E+00   0.000000000000000E+00
   6.555205209500000E-01   9.461623941899999E+00   9.461623941899999E+00   0.000000000000000E+00  -9.991105333000000E-01   0.000000000000000E+00   0.000000000000000E+00   0.000000000000000E+00
   6.584819528000000E-01   9.504368529800001E+00   9.504368529800001E+00   0.000000000000000E+00  -9.991105333000000E-01   0.000000000000000E+00   0.000000000000000E+00   0.000000000000000E+00
   6.614433846500000E-01   9.547113117600000E+00   9.547113117600000E+00   0.000000000000000E+00  -9.991105333000000E-01   0.000000000000000E+00   0.000000000000000E+00   0.000000000000000E+00
   6.644048165000001E-01   9.589857705500000E+00   9.589857705500000E+00   0.000000000000000E+00  -9.991105333000000E-01   0.000000000000000E+00   0.000000000000000E+00   0.000000000000000E+00
   6.673662483500000E-01   9.632602293300000E+00   9.632602293300000E+00   0.000000000000000E+00  -9.991105333000000E-01   0.000000000000000E+00   0.000000000000000E+00   0.000000000000000E+00
   6.700213975600000E-01   9.670926072000000E+00   9.670926072000000E+00   0.000000000000000E+00  -9.991105333000000E-01   0.000000000000000E+00   0.000000000000000E+00   0.000000000000000E+00
   6.726765467700000E-01   9.709249850599999E+00   9.709249850599999E+00   0.000000000000000E+00  -9.991105333000000E-01   0.000000000000000E+00   0.000000000000000E+00   0.000000000000000E+00
   6.753316959800000E-01   9.747573629200000E+00   9.747573629200000E+00   0.000000000000000E+00  -9.991105333000000E-01   0.000000000000000E+00   0.000000000000000E+00   0.000000000000000E+00
   6.779868451900000E-01   9.785897407900000E+00   9.785897407900000E+00   0.000000000000000E+00  -9.991105333000000E-01   0.000000000000000E+00   0.000000000000000E+00   0.000000000000000E+00
   6.804812592900000E-01   9.821901175000001E+00   9.821901175000001E+00   0.000000000000000E+00  -9.991105333000000E-01   0.000000000000000E+00   0.000000000000000E+00   0.000000000000000E+00
   6.829756733900000E-01   9.857904942099999E+00   9.857904942099999E+00   0.000000000000000E+00  -9.991105333000000E-01   0.000000000000000E+00   0.000000000000000E+00   0.000000000000000E+00
   6.854700874900000E-01   9.893908709200000E+00   9.893908709200000E+00   0.000000000000000E+00  -9.991105333000000E-01   0.000000000000000E+00   0.000000000000000E+00   0.000000000000000E+00
   6.879645015800000E-01   9.929912476300000E+00   9.929912476300000E+00   0.000000000000000E+00  -9.991105333000000E-01   0.000000000000000E+00   0.000000000000000E+00   0.000000000000000E+00
   6.905142138000000E-01   9.966714402999999E+00   9.966714402999999E+00   0.000000000000000E+00  -9.991105333000000E-01   0.000000000000000E+00   0.000000000000000E+00   0.000000000000000E+00
   6.930639260200000E-01   1.000351633000000E+01   1.000351633000000E+01   0.000000000000000E+00  -9.991105333000000E-01   0.000000000000000E+00   0.000000000000000E+00   0.000000000000000E+00
   6.956136382400000E-01   1.004031825600000E+01   1.004031825600000E+01   0.000000000000000E+00  -9.991105333000000E-01   0.000000000000000E+00   0.000000000000000E+00   0.000000000000000E+00
   6.981633504500000E-01   1.007712018300000E+01   1.007712018300000E+01   0.000000000000000E+00  -9.991105333000000E-01   0.000000000000000E+00   0.000000000000000E+00   0.000000000000000E+00
   7.004482652800000E-01   1.011010008900000E+01   1.011010008900000E+01   0.000000000000000E+00  -9.991105333000000E-01   0.000000000000000E+00   0.000000000000000E+00   0.000000000000000E+00
   7.027331801000000E-01   1.014307999400000E+01   1.014307999400000E+01   0.000000000000000E+00  -9.991105333000000E-01   0.000000000000000E+00   0.000000000000000E+00   0.000000000000000E+00
   7.050180949300000E-01   1.017605989900000E+01   1.017605989900000E+01   0.000000000000000E+00  -9.991105333000000E-01   0.000000000000000E+00   0.000000000000000E+00   0.000000000000000E+00
   7.073030097500000E-01   1.020903980500000E+01   1.020903980500000E+01   0.000000000000000E+00  -9.991105333000000E-01   0.000000000000000E+00   0.000000000000000E+00   0.000000000000000E+00
   7.094185210000000E-01   1.023957458000000E+01   1.023957458000000E+01   0.000000000000000E+00  -9.991105333000000E-01   0.000000000000000E+00   0.000000000000000E+00   0.000000000000000E+00
   7.115340322500000E-01   1.027010935600000E+01   1.027010935600000E+01   0.000000000000000E+00  -9.991105333000000E-01   0.000000000000000E+00   0.000000000000000E+00   0.000000000000000E+00
   7.136495434900000E-01   1.030064413100000E+01   1.030064413100000E+01   0.000000000000000E+00  -9.991105333000000E-01   0.000000000000000E+00   0.000000000000000E+00   0.000000000000000E+00
   7.157650547400000E-01   1.033117890600000E+01   1.033117890600000E+01   0.000000000000000E+00  -9.991105333000000E-01   0.000000000000000E+00   0.000000000000000E+00   0.000000000000000E+00
   7.182148091500000E-01   1.036653806600000E+01   1.036653806600000E+01   0.000000000000000E+00  -9.991105333000000E-01   0.000000000000000E+00   0.000000000000000E+00   0.000000000000000E+00
   7.206645635600000E-01   1.040189722600000E+01   1.040189722600000E+01   0.000000000000000E+00  -9.991105333000000E-01   0.000000000000000E+00   0.000000000000000E+00   0.000000000000000E+00
   7.231143179700000E-01   1.043725638600000E+01   1.043725638600000E+01   0.000000000000000E+00  -9.991105333000000E-01   0.000000000000000E+00   0.000000000000000E+00   0.000000000000000E+00
   7.255640723700000E-01   1.047261554600000E+01   1.047261554600000E+01   0.000000000000000E+00  -9.991105333000000E-01   0.000000000000000E+00   0.000000000000000E+00   0.000000000000000E+00
   7.286145747100000E-01   1.051664575600000E+01   1.051664575600000E+01   0.000000000000000E+00  -9.991105333000000E-01   0.000000000000000E+00   0.000000000000000E+00   0.000000000000000E+00
   7.316650770499999E-01   1.056067596600000E+01   1.056067596600000E+01   0.000000000000000E+00  -9.991105333000000E-01   0.000000000000000E+00   0.000000000000000E+00   0.000000000000000E+00
   7.347155794000000E-01   1.060470617500000E+01   1.060470617500000E+01   0.000000000000000E+00  -9.991105333000000E-01   0.000000000000000E+00   0.000000000000000E+00   0.000000000000000E+00
   7.377660817400000E-01   1.064873638500000E+01   1.064873638500000E+01   0.000000000000000E+00  -9.991105333000000E-01   0.000000000000000E+00   0.000000000000000E+00   0.000000000000000E+00
   7.408022826800000E-01   1.069256017200000E+01   1.069256017200000E+01   0.000000000000000E+00  -9.991105333000000E-01   0.000000000000000E+00   0.000000000000000E+00   0.000000000000000E+00
   7.438384836300000E-01   1.073638395900000E+01   1.073638395900000E+01   0.000000000000000E+00  -9.991105333000000E-01   0.000000000000000E+00   0.000000000000000E+00   0.000000000000000E+00
   7.468746845799999E-01   1.078020774500000E+01   1.078020774500000E+01   0.000000000000000E+00  -9.991105333000000E-01   0.000000000000000E+00   0.000000000000000E+00   0.000000000000000E+00
   7.499108855300000E-01   1.082403153200000E+01   1.082403153200000E+01   0.000000000000000E+00  -9.991105333000000E-01   0.000000000000000E+00   0.000000000000000E+00   0.000000000000000E+00
   7.526762038800000E-01   1.086394546600000E+01   1.086394546600000E+01   0.000000000000000E+00  -9.991105333000000E-01   0.000000000000000E+00   0.000000000000000E+00   0.000000000000000E+00
   7.554415222400001E-01   1.090385939900000E+01   1.090385939900000E+01   0.000000000000000E+00  -9.991105333000000E-01   0.000000000000000E+00   0.000000000000000E+00   0.000000000000000E+00
   7.582068405900000E-01   1.094377333200000E+01   1.094377333200000E+01   0.000000000000000E+00  -9.991105333000000E-01   0.000000000000000E+00   0.000000000000000E+00   0.000000000000000E+00
   7.609721589500000E-01   1.098368726600000E+01   1.098368726600000E+01   0.000000000000000E+00  -9.991105333000000E-01   0.000000000000000E+00   0.000000000000000E+00   0.000000000000000E+00
   7.635145171200000E-01   1.102038304600000E+01   1.102038304600000E+01   0.000000000000000E+00  -9.991105333000000E-01   0.000000000000000E+00   0.000000000000000E+00   0.000000000000000E+00
   7.660568752900000E-01   1.105707882600000E+01   1.105707882600000E+01   0.000000000000000E+00  -9.991105333000000E-01   0.000000000000000E+00   0.000000000000000E+00   0.000000000000000E+00
   7.685992334600000E-01   1.109377460600000E+01   1.109377460600000E+01   0.000000000000000E+00  -9.991105333000000E-01   0.000000000000000E+00   0.000000000000000E+00   0.000000000000000E+00
   7.711415916300000E-01   1.113047038600000E+01   1.113047038600000E+01   0.000000000000000E+00  -9.991105333000000E-01   0.000000000000000E+00   0.000000000000000E+00   0.000000000000000E+00
   7.736051024300000E-01   1.116602810300000E+01   1.116602810300000E+01   0.000000000000000E+00  -9.991105333000000E-01   0.000000000000000E+00   0.000000000000000E+00   0.000000000000000E+00
   7.760686132300000E-01   1.120158581900000E+01   1.120158581900000E+01   0.000000000000000E+00  -9.991105333000000E-01   0.000000000000000E+00   0.000000000000000E+00   0.000000000000000E+00
   7.785321240300001E-01   1.123714353500000E+01   1.123714353500000E+01   0.000000000000000E+00  -9.991105333000000E-01   0.000000000000000E+00   0.000000000000000E+00   0.000000000000000E+00
   7.809956348400000E-01   1.127270125200000E+01   1.127270125200000E+01   0.000000000000000E+00  -9.991105333000000E-01   0.000000000000000E+00   0.000000000000000E+00   0.000000000000000E+00
   7.837923091200000E-01   1.131306776900000E+01   1.131306776900000E+01   0.000000000000000E+00  -9.991105333000000E-01   0.000000000000000E+00   0.000000000000000E+00   0.000000000000000E+00
   7.865889834000001E-01   1.135343428600000E+01   1.135343428600000E+01   0.000000000000000E+00  -9.991105333000000E-01   0.000000000000000E+00   0.000000000000000E+00   0.000000000000000E+00
   7.893856576800000E-01   1.139380080300000E+01   1.139380080300000E+01   0.000000000000000E+00  -9.991105333000000E-01   0.000000000000000E+00   0.000000000000000E+00   0.000000000000000E+00
   7.921823319500000E-01   1.143416732000000E+01   1.143416732000000E+01   0.000000000000000E+00  -9.991105333000000E-01   0.000000000000000E+00   0.000000000000000E+00   0.000000000000000E+00
   7.948942277800000E-01   1.147331016600000E+01   1.147331016600000E+01   0.000000000000000E+00  -9.991105333000000E-01   0.000000000000000E+00   0.000000000000000E+00   0.000000000000000E+00
   7.976061236100001E-01   1.151245301100000E+01   1.151245301100000E+01   0.000000000000000E+00  -9.991105333000000E-01   0.000000000000000E+00   0.000000000000000E+00   0.000000000000000E+00
   8.003180194400000E-01   1.155159585700000E+01   1.155159585700000E+01   0.000000000000000E+00  -9.991105333000000E-01   0.000000000000000E+00   0.000000000000000E+00   0.000000000000000E+00
   8.030299152600000E-01   1.159073870200000E+01   1.159073870200000E+01   0.000000000000000E+00  -9.991105333000000E-01   0.000000000000000E+00   0.000000000000000E+00   0.000000000000000E+00
   8.054609818900000E-01   1.162582812700000E+01   1.162582812700000E+01   0.000000000000000E+00  -9.991105333000000E-01   0.000000000000000E+00   0.000000000000000E+00   0.000000000000000E+00
   8.078920485100000E-01   1.166091755200000E+01   1.166091755200000E+01   0.000000000000000E+00  -9.991105333000000E-01   0.000000000000000E+00   0.000000000000000E+00   0.000000000000000E+00
   8.103231151300000E-01   1.169600697700000E+01   1.169600697700000E+01   0.000000000000000E+00  -9.991105333000000E-01   0.000000000000000E+00   0.000000000000000E+00   0.000000000000000E+00
   8.127541817600000E-01   1.173109640200000E+01   1.173109640200000E+01   0.000000000000000E+00  -9.991105333000000E-01   0.000000000000000E+00   0.000000000000000E+00   0.000000000000000E+00
   8.152127720900000E-01   1.176658309800000E+01   1.176658309800000E+01   0.000000000000000E+00  -9.991105333000000E-01   0.000000000000000E+00   0.000000000000000E+00   0.000000000000000E+00
   8.176713624200000E-01   1.180206979300000E+01   1.180206979300000E+01   0.000000000000000E+00  -9.991105333000000E-01   0.000000000000000E+00   0.000000000000000E+00   0.000000000000000E+00
   8.201299527500000E-01   1.183755648900000E+01   1.183755648900000E+01   0.000000000000000E+00  -9.991105333000000E-01   0.000000000000000E+00   0.000000000000000E+00   0.000000000000000E+00
   8.225885430800000E-01   1.187304318500000E+01   1.187304318500000E+01   0.000000000000000E+00  -9.991105333000000E-01   0.000000000000000E+00   0.000000000000000E+00   0.000000000000000E+00
   8.244904552300000E-01   1.190049492200000E+01   1.190049492200000E+01   0.000000000000000E+00  -9.991105333000000E-01   0.000000000000000E+00   0.000000000000000E+00   0.000000000000000E+00
   8.263923673800000E-01   1.192794666000000E+01   1.192794666000000E+01   0.000000000000000E+00  -9.991105333000000E-01   0.000000000000000E+00   0.000000000000000E+00   0.000000000000000E+00
   8.282942795300000E-01   1.195539839800000E+01   1.195539839800000E+01   0.000000000000000E+00  -9.991105333000000E-01   0.000000000000000E+00   0.000000000000000E+00   0.000000000000000E+00
   8.301961916900000E-01   1.198285013600000E+01   1.198285013600000E+01   0.000000000000000E+00  -9.991105333000000E-01   0.000000000000000E+00   0.000000000000000E+00   0.000000000000000E+00
   8.319299800700000E-01   1.200787521700000E+01   1.200787521700000E+01   0.000000000000000E+00  -9.991105333000000E-01   0.000000000000000E+00   0.000000000000000E+00   0.000000000000000E+00
   8.336637684500000E-01   1.203290029700000E+01   1.203290029700000E+01   0.000000000000000E+00  -9.991105333000000E-01   0.000000000000000E+00   0.000000000000000E+00   0.000000000000000E+00
   8.353975568300001E-01   1.205792537700000E+01   1.205792537700000E+01   0.000000000000000E+00  -9.991105333000000E-01   0.000000000000000E+00   0.000000000000000E+00   0.000000000000000E+00
   8.371313452100000E-01   1.208295045700000E+01   1.208295045700000E+01   0.000000000000000E+00  -9.991105333000000E-01   0.000000000000000E+00   0.000000000000000E+00   0.000000000000000E+00
   8.388481112400000E-01   1.210772984100000E+01   1.210772984100000E+01   0.000000000000000E+00  -9.991105333000000E-01   0.000000000000000E+00   0.000000000000000E+00   0.000000000000000E+00
   8.405648772600000E-01   1.213250922500000E+01   1.213250922500000E+01   0.000000000000000E+00  -9.991105333000000E-01   0.000000000000000E+00   0.000000000000000E+00   0.000000000000000E+00
   8.422816432900000E-01   1.215728860900000E+01   1.215728860900000E+01   0.000000000000000E+00  -9.991105333000000E-01   0.000000000000000E+00   0.000000000000000E+00   0.000000000000000E+00
   8.439984093100000E-01   1.218206799200000E+01   1.218206799200000E+01   0.000000000000000E+00  -9.991105333000000E-01   0.000000000000000E+00   0.000000000000000E+00   0.000000000000000E+00
   8.460591821900000E-01   1.221181268700000E+01   1.221181268700000E+01   0.000000000000000E+00  -9.991105333000000E-01   0.000000000000000E+00   0.000000000000000E+00   0.000000000000000E+00
   8.481199550700000E-01   1.224155738200000E+01   1.224155738200000E+01   0.000000000000000E+00  -9.991105333000000E-01   0.000000000000000E+00   0.000000000000000E+00   0.000000000000000E+00
   8.501807279500000E-01   1.227130207800000E+01   1.227130207800000E+01   0.000000000000000E+00  -9.991105333000000E-01   0.000000000000000E+00   0.000000000000000E+00   0.000000000000000E+00
   8.522415008300001E-01   1.230104677300000E+01   1.230104677300000E+01   0.000000000000000E+00  -9.991105333000000E-01   0.000000000000000E+00   0.000000000000000E+00   0.000000000000000E+00
   8.540143866200000E-01   1.232663617500000E+01   1.232663617500000E+01   0.000000000000000E+00  -9.991105333000000E-01   0.000000000000000E+00   0.000000000000000E+00   0.000000000000000E+00
   8.557872724000000E-01   1.235222557800000E+01   1.235222557800000E+01   0.000000000000000E+00  -9.991105333000000E-01   0.000000000000000E+00   0.000000000000000E+00   0.000000000000000E+00
   8.575601581900000E-01   1.237781498100000E+01   1.237781498100000E+01   0.000000000000000E+00  -9.991105333000000E-01   0.000000000000000E+00   0.000000000000000E+00   0.000000000000000E+00
   8.593330439800000E-01   1.240340438400000E+01   1.240340438400000E+01   0.000000000000000E+00  -9.991105333000000E-01   0.000000000000000E+00   0.000000000000000E+00   0.000000000000000E+00
   8.610705588400001E-01   1.242848325100000E+01   1.242848325100000E+01   0.000000000000000E+00  -9.991105333000000E-01   0.000000000000000E+00   0.000000000000000E+00   0.000000000000000E+00
   8.628080737100000E-01   1.245356211800000E+01   1.245356211800000E+01   0.000000000000000E+00  -9.991105333000000E-01   0.000000000000000E+00   0.000000000000000E+00   0.000000000000000E+00
   8.645455885800000E-01   1.247864098600000E+01   1.247864098600000E+01   0.000000000000000E+00  -9.991105333000000E-01   0.000000000000000E+00   0.000000000000000E+00   0.000000000000000E+00
   8.662831034500000E-01   1.250371985300000E+01   1.250371985300000E+01   0.000000000000000E+00  -9.991105333000000E-01   0.000000000000000E+00   0.000000000000000E+00   0.000000000000000E+00
   8.682873440100000E-01   1.253264857500000E+01   1.253264857500000E+01   0.000000000000000E+00  -9.991105333000000E-01   0.000000000000000E+00   0.000000000000000E+00   0.000000000000000E+00
   8.702915845800000E-01   1.256157729600000E+01   1.256157729600000E+01   0.000000000000000E+00  -9.991105333000000E-01   0.000000000000000E+00   0.000000000000000E+00   0.000000000000000E+00
   8.722958251500000E-01   1.259050601800000E+01   1.259050601800000E+01   0.000000000000000E+00  -9.991105333000000E-01   0.000000000000000E+00   0.000000000000000E+00   0.000000000000000E+00
   8.743000657200000E-01   1.261943473900000E+01   1.261943473900000E+01   0.000000000000000E+00  -9.991105333000000E-01   0.000000000000000E+00   0.000000000000000E+00   0.000000000000000E+00
   8.765120227900000E-01   1.265136159000000E+01   1.265136159000000E+01   0.000000000000000E+00  -9.991105333000000E-01   0.000000000000000E+00   0.000000000000000E+00   0.000000000000000E+00
   8.787239798699999E-01   1.268328844100000E+01   1.268328844100000E+01   0.000000000000000E+00  -9.991105333000000E-01   0.000000000000000E+00   0.000000000000000E+00   0.000000000000000E+00
   8.809359369500001E-01   1.271521529200000E+01   1.271521529200000E+01   0.000000000000000E+00  -9.991105333000000E-01   0.000000000000000E+00   0.000000000000000E+00   0.000000000000000E+00
   8.831478940300000E-01   1.274714214300000E+01   1.274714214300000E+01   0.000000000000000E+00  -9.991105333000000E-01   0.000000000000000E+00   0.000000000000000E+00   0.000000000000000E+00
   8.856933566500000E-01   1.278388273200000E+01   1.278388273200000E+01   0.000000000000000E+00  -9.991105333000000E-01   0.000000000000000E+00   0.000000000000000E+00   0.000000000000000E+00
   8.882388192600000E-01   1.282062332100000E+01   1.282062332100000E+01   0.000000000000000E+00  -9.991105333000000E-01   0.000000000000000E+00   0.000000000000000E+00   0.000000000000000E+00
   8.907842818800000E-01   1.285736391000000E+01   1.285736391000000E+01   0.000000000000000E+00  -9.991105333000000E-01   0.000000000000000E+00   0.000000000000000E+00   0.000000000000000E+00
   8.933297444900000E-01   1.289410449900000E+01   1.289410449900000E+01   0.000000000000000E+00  -9.991105333000000E-01   0.000000000000000E+00   0.000000000000000E+00   0.000000000000000E+00
   8.967465969500000E-01   1.294342251800000E+01   1.294342251800000E+01   0.000000000000000E+00  -9.991105333000000E-01   0.000000000000000E+00   0.000000000000000E+00   0.000000000000000E+00
   9.001634494000000E-01   1.299274053600000E+01   1.299274053600000E+01   0.000000000000000E+00  -9.991105333000000E-01   0.000000000000000E+00   0.000000000000000E+00   0.000000000000000E+00
   9.035803018600000E-01   1.304205855400000E+01   1.304205855400000E+01   0.000000000000000E+00  -9.991105333000000E-01   0.000000000000000E+00   0.000000000000000E+00   0.000000000000000E+00
   9.069971543100001E-01   1.309137657200000E+01   1.309137657200000E+01   0.000000000000000E+00  -9.991105333000000E-01   0.000000000000000E+00   0.000000000000000E+00   0.000000000000000E+00
   9.099809683100000E-01   1.313444421800000E+01   1.313444421800000E+01   0.000000000000000E+00  -9.991105333000000E-01   0.000000000000000E+00   0.000000000000000E+00   0.000000000000000E+00
   9.129647823000000E-01   1.317751186500000E+01   1.317751186500000E+01   0.000000000000000E+00  -9.991105333000000E-01   0.000000000000000E+00   0.000000000000000E+00   0.000000000000000E+00
   9.159485962900000E-01   1.322057951100000E+01   1.322057951100000E+01   0.000000000000000E+00  -9.991105333000000E-01   0.000000000000000E+00   0.000000000000000E+00   0.000000000000000E+00
   9.189324102799999E-01   1.326364715700000E+01   1.326364715700000E+01   0.000000000000000E+00  -9.991105333000000E-01   0.000000000000000E+00   0.000000000000000E+00   0.000000000000000E+00
   9.215631092200000E-01   1.330161802700000E+01   1.330161802700000E+01   0.000000000000000E+00  -9.991105333000000E-01   0.000000000000000E+00   0.000000000000000E+00   0.000000000000000E+00
   9.241938081600000E-01   1.333958889600000E+01   1.333958889600000E+01   0.000000000000000E+00  -9.991105333000000E-01   0.000000000000000E+00   0.000000000000000E+00   0.000000000000000E+00
   9.268245071000000E-01   1.337755976500000E+01   1.337755976500000E+01   0.000000000000000E+00  -9.991105333000000E-01   0.000000000000000E+00   0.000000000000000E+00   0.000000000000000E+00
   9.294552060300000E-01   1.341553063500000E+01   1.341553063500000E+01   0.000000000000000E+00  -9.991105333000000E-01   0.000000000000000E+00   0.000000000000000E+00   0.000000000000000E+00
   9.316749376900000E-01   1.344756970200000E+01   1.344756970200000E+01   0.000000000000000E+00  -9.991105333000000E-01   0.000000000000000E+00   0.000000000000000E+00   0.000000000000000E+00
   9.338946693400000E-01   1.347960876900000E+01   1.347960876900000E+01   0.000000000000000E+00  -9.991105333000000E-01   0.000000000000000E+00   0.000000000000000E+00   0.000000000000000E+00
   9.361144009900000E-01   1.351164783700000E+01   1.351164783700000E+01   0.000000000000000E+00  -9.991105333000000E-01   0.000000000000000E+00   0.000000000000000E+00   0.000000000000000E+00
   9.383341326400000E-01   1.354368690400000E+01   1.354368690400000E+01   0.000000000000000E+00  -9.991105333000000E-01   0.000000000000000E+00   0.000000000000000E+00   0.000000000000000E+00
   9.404554831400000E-01   1.357430596200000E+01   1.357430596200000E+01   0.000000000000000E+00  -9.991105333000000E-01   0.000000000000000E+00   0.000000000000000E+00   0.000000000000000E+00
   9.425768336400000E-01   1.360492502000000E+01   1.360492502000000E+01   0.000000000000000E+00  -9.991105333000000E-01   0.000000000000000E+00   0.000000000000000E+00   0.000000000000000E+00
   9.446981841400000E-01   1.363554407700000E+01   1.363554407700000E+01   0.000000000000000E+00  -9.991105333000000E-01   0.000000000000000E+00   0.000000000000000E+00   0.000000000000000E+00
   9.468195346500000E-01   1.366616313500000E+01   1.366616313500000E+01   0.000000000000000E+00  -9.991105333000000E-01   0.000000000000000E+00   0.000000000000000E+00   0.000000000000000E+00
   9.493364362800000E-01   1.370249148200000E+01   1.370249148200000E+01   0.000000000000000E+00  -9.991105333000000E-01   0.000000000000000E+00   0.000000000000000E+00   0.000000000000000E+00
   9.518533379200000E-01   1.373881982900000E+01   1.373881982900000E+01   0.000000000000000E+00  -9.991105333000000E-01   0.000000000000000E+00   0.000000000000000E+00   0.000000000000000E+00
   9.543702395500000E-01   1.377514817500000E+01   1.377514817500000E+01   0.000000000000000E+00  -9.991105333000000E-01   0.000000000000000E+00   0.000000000000000E+00   0.000000000000000E+00
   9.568871411900000E-01   1.381147652200000E+01   1.381147652200000E+01   0.000000000000000E+00  -9.991105333000000E-01   0.000000000000000E+00   0.000000000000000E+00   0.000000000000000E+00
   9.600430039500000E-01   1.385702747900000E+01   1.385702747900000E+01   0.000000000000000E+00  -9.991105333000000E-01   0.000000000000000E+00   0.000000000000000E+00   0.000000000000000E+00
   9.631988667200000E-01   1.390257843500000E+01   1.390257843500000E+01   0.000000000000000E+00  -9.991105333000000E-01   0.000000000000000E+00   0.000000000000000E+00   0.000000000000000E+00
   9.663547294900000E-01   1.394812939100000E+01   1.394812939100000E+01   0.000000000000000E+00  -9.991105333000000E-01   0.000000000000000E+00   0.000000000000000E+00   0.000000000000000E+00
   9.695105922500000E-01   1.399368034800000E+01   1.399368034800000E+01   0.000000000000000E+00  -9.991105333000000E-01   0.000000000000000E+00   0.000000000000000E+00   0.000000000000000E+00
   9.732831257100000E-01   1.404813217900000E+01   1.404813217900000E+01   0.000000000000000E+00  -9.991105333000000E-01   0.000000000000000E+00   0.000000000000000E+00   0.000000000000000E+00
   9.770556591700000E-01   1.410258401100000E+01   1.410258401100000E+01   0.000000000000000E+00  -9.991105333000000E-01   0.000000000000000E+00   0.000000000000000E+00   0.000000000000000E+00
   9.808281926300000E-01   1.415703584200000E+01   1.415703584200000E+01   0.000000000000000E+00  -9.991105333000000E-01   0.000000000000000E+00   0.000000000000000E+00   0.000000000000000E+00
   9.846007260900000E-01   1.421148767400000E+01   1.421148767400000E+01   0.000000000000000E+00  -9.991105333000000E-01   0.000000000000000E+00   0.000000000000000E+00   0.000000000000000E+00
   9.884505445700000E-01   1.426705501800000E+01   1.426705501800000E+01   0.000000000000000E+00  -9.991105333000000E-01   0.000000000000000E+00   0.000000000000000E+00   0.000000000000000E+00
   9.923003630500000E-01   1.432262236300000E+01   1.432262236300000E+01   0.000000000000000E+00  -9.991105333000000E-01   0.000000000000000E+00   0.000000000000000E+00   0.000000000000000E+00
   9.961501815200000E-01   1.437818970700000E+01   1.437818970700000E+01   0.000000000000000E+00  -9.991105333000000E-01   0.000000000000000E+00   0.000000000000000E+00   0.000000000000000E+00
   1.000000000000000E+00   1.443375705200000E+01   1.443375705200000E+01   0.000000000000000E+00  -9.991105333000000E-01   0.000000000000000E+00   0.000000000000000E+00   0.000000000000000E+00
