   0.000000000000000E+00  -9.371537899800000E-14   0.000000000000000E+00   0.000000000000000E+00  -9.061305788600001E-02   2.930936235600000E-03   0.000000000000000E+00   2.113377498700000E-02
   3.592161778700000E-03   5.184839040500000E-02   5.272245026100000E-02   1.838037088100000E-04  -9.061283156400000E-02   2.930968017100000E-03   6.962868625500000E-03   2.096259343500000E-02
   7.184323557400000E-03   1.036967808100000E-01   1.054506750600000E-01   7.331977673400000E-04  -9.061215051600000E-02   2.931190021500000E-03   1.386362623900000E-02   2.075826212700000E-02
   1.077648533600000E-02   1.555451712200000E-01   1.581836931800000E-01   1.644733493100000E-03  -9.061101200400000E-02   2.931790921400000E-03   2.069135728900000E-02   2.052108216800000E-02
   1.436864711500000E-02   2.073935616200000E-01   2.109205526800000E-01   2.914400673700000E-03  -9.060941379000000E-02   2.932957455600000E-03   2.743525266100000E-02   2.025139604200000E-02
   1.790413994300000E-02   2.584240061600000E-01   2.628283114400000E-01   4.509304704000000E-03  -9.060739020500000E-02   2.934837160600000E-03   3.398051194700000E-02   1.995459582300000E-02
   2.143963277100000E-02   3.094544507000000E-01   3.147380728800000E-01   6.441829266000000E-03  -9.060491837699999E-02   2.937617124600000E-03   4.042413840800000E-02   1.962708261400000E-02
   2.497512560000000E-02   3.604848952500000E-01   3.666490537200000E-01   8.706584859300001E-03  -9.060199748700000E-02   2.941468273800000E-03   4.675620495700000E-02   1.926929837400000E-02
   2.851061842800000E-02   4.115153397900000E-01   4.185605243400000E-01   1.129767519700000E-02  -9.059862709900000E-02   2.946558655200000E-03   5.296693446700000E-02   1.888172242800000E-02
   3.206536860600000E-02   4.628237402500000E-01   4.707545660200000E-01   1.422542278700000E-02  -9.059478510100000E-02   2.953092714000000E-03   5.907945078800000E-02   1.846252134400000E-02
   3.562011878500000E-02   5.141321407000000E-01   5.229478086400000E-01   1.746959710700000E-02  -9.059048887700000E-02   2.961210449200000E-03   6.504998735200000E-02   1.801428693500000E-02
   3.917486896300000E-02   5.654405411600000E-01   5.751397069400001E-01   2.102269721300000E-02  -9.058573897699999E-02   2.971072302000000E-03   7.086913841900000E-02   1.753761766200000E-02
   4.272961914200000E-02   6.167489416200000E-01   6.273297905900000E-01   2.487673437400000E-02  -9.058053621400000E-02   2.982834739500000E-03   7.652770003400000E-02   1.703314802000000E-02
   4.664425046500000E-02   6.732517790800000E-01   6.848010064800000E-01   2.945898946300000E-02  -9.057428401600000E-02   2.998168921000000E-03   8.256258521700000E-02   1.644624382800000E-02
   5.055888178800000E-02   7.297546165500000E-01   7.422691395500000E-01   3.438395308000000E-02  -9.056748551300001E-02   3.016189619500000E-03   8.838012833000000E-02   1.582738183000000E-02
   5.447351311100000E-02   7.862574540200000E-01   7.997339057700000E-01   3.963898692500000E-02  -9.056014253200000E-02   3.037086922100000E-03   9.396898814900000E-02   1.517755504000000E-02
   5.838814443500000E-02   8.427602914900000E-01   8.571951482900000E-01   4.521079807100000E-02  -9.055225702300000E-02   3.061043590000000E-03   9.931819013000000E-02   1.449780496100000E-02
   6.186931336800000E-02   8.930066381200000E-01   9.082907912800000E-01   5.042049810100000E-02  -9.054479054700000E-02   3.085059384800000E-03   1.038651818100000E-01   1.386906588900000E-02
   6.535048230000000E-02   9.432529847500000E-01   9.593836901800000E-01   5.585949388000000E-02  -9.053689802600000E-02   3.111750911600000E-03   1.082070868900000E-01   1.321831971100000E-02
   6.883165123300000E-02   9.934993313900000E-01   1.010473992000000E+00   6.151720798000000E-02  -9.052858080400000E-02   3.141230734500000E-03   1.123369827400000E-01   1.254639004800000E-02
   7.231282016600001E-02   1.043745678000000E+00   1.061561923200000E+00   6.738270265599999E-02  -9.051984013000000E-02   3.173606012100000E-03   1.162482150500000E-01   1.185412729900000E-02
   7.572174450600000E-02   1.092949263800000E+00   1.111587623900000E+00   7.331696832400000E-02  -9.051087156900001E-02   3.208213145800000E-03   1.198602342600000E-01   1.115736976200000E-02
   7.913066884599999E-02   1.142152849500000E+00   1.161611700300000E+00   7.942875033600000E-02  -9.050149891500001E-02   3.245784281500000E-03   1.232507299700000E-01   1.044280052200000E-02
   8.253959318600000E-02   1.191356435200000E+00   1.211634575900000E+00   8.570684715400000E-02  -9.049172286300000E-02   3.286404014600000E-03   1.264142471400000E-01   9.711287412400000E-03
   8.594851752500000E-02   1.240560020900000E+00   1.261656738800000E+00   9.213977617700000E-02  -9.048154388800000E-02   3.330151359600000E-03   1.293456064500000E-01   8.963719228200001E-03
   8.935889278200000E-02   1.289784548800000E+00   1.311700027700000E+00   9.871861400600000E-02  -9.047095761700000E-02   3.377120297600000E-03   1.320410058700000E-01   8.200677089599999E-03
   9.276926803799999E-02   1.339009076800000E+00   1.361743757800000E+00   1.054286347400000E-01  -9.045996823400000E-02   3.427360426700000E-03   1.344945328300000E-01   7.423404815700000E-03
   9.617964329400000E-02   1.388233604700000E+00   1.411788585900000E+00   1.122575800000000E-01  -9.044857536000001E-02   3.480933309300000E-03   1.367018671500000E-01   6.632849245100000E-03
   9.959001855000001E-02   1.437458132600000E+00   1.461835215700000E+00   1.191929668500000E-01  -9.043677828200000E-02   3.537894418200000E-03   1.386589886000000E-01   5.829974054100000E-03
   1.031081262600000E-01   1.488237644500000E+00   1.513465476400000E+00   1.264455355600000E-01  -9.042418384799999E-02   3.600257507500000E-03   1.404118091100000E-01   4.989864124800000E-03
   1.066262339600000E-01   1.539017156400000E+00   1.565099304400000E+00   1.337837175800000E-01  -9.041115653900000E-02   3.666325759300000E-03   1.418906735900000E-01   4.138777874400000E-03
   1.101443416700000E-01   1.589796668300000E+00   1.616737588100000E+00   1.411931632600000E-01  -9.039769432000000E-02   3.736139008800000E-03   1.430922053300000E-01   3.277821866700000E-03
   1.136624493800000E-01   1.640576180300000E+00   1.668381240300000E+00   1.486593414500000E-01  -9.038379469600000E-02   3.809729758300000E-03   1.440133883600000E-01   2.408116421600000E-03
   1.172617256700000E-01   1.692527259800000E+00   1.721222922100000E+00   1.563411628700000E-01  -9.036911863600000E-02   3.888953720600000E-03   1.446629364300000E-01   1.510472210800000E-03
   1.208610019600000E-01   1.744478339400000E+00   1.774072198700000E+00   1.640510944000000E-01  -9.035397796899999E-02   3.972176466900000E-03   1.450138371900000E-01   6.060806421100000E-04
   1.244602782500000E-01   1.796429418900000E+00   1.826930070700000E+00   1.717731149700000E-01  -9.033836848900000E-02   4.059408442000000E-03   1.450640589600000E-01  -3.038233084200000E-04
   1.280595545400000E-01   1.848380498400000E+00   1.879797526200000E+00   1.794910930200000E-01  -9.032228547399999E-02   4.150651738700000E-03   1.448119807800000E-01  -1.217996011900000E-03
   1.317791549900000E-01   1.902068307700000E+00   1.934443441900000E+00   1.874456028600000E-01  -9.030516169600000E-02   4.249153242500000E-03   1.442325683900000E-01  -2.165885956800000E-03
   1.354987554400000E-01   1.955756116900000E+00   1.989101654200000E+00   1.953604979200000E-01  -9.028752027400000E-02   4.351915520200000E-03   1.433281523500000E-01  -3.115612718700000E-03
   1.392183558900000E-01   2.009443926100000E+00   2.043773141500000E+00   2.032177611700000E-01  -9.026935434199999E-02   4.458912467400000E-03   1.420983416000000E-01  -4.065786060200000E-03
   1.429379563400000E-01   2.063131735400000E+00   2.098458819900000E+00   2.109993583600000E-01  -9.025065652700000E-02   4.570108302200000E-03   1.405432215700000E-01  -5.015013694500000E-03
   1.464156569100000E-01   2.113328020400000E+00   2.149601662300000E+00   2.181904914000000E-01  -9.023268663900000E-02   4.677830714200000E-03   1.387954647300000E-01  -5.900421652300000E-03
   1.498933574700000E-01   2.163524305400000E+00   2.200758267300000E+00   2.252850205900000E-01  -9.021423818300001E-02   4.789139175000000E-03   1.367646588200000E-01  -6.782649059200000E-03
   1.533710580300000E-01   2.213720590500000E+00   2.251929180000000E+00   2.322682954200000E-01  -9.019530411300000E-02   4.903981514500000E-03   1.344520038800000E-01  -7.660562353400000E-03
   1.568487586000000E-01   2.263916875500000E+00   2.303114863100000E+00   2.391257356300000E-01  -9.017587712700000E-02   5.022298225900000E-03   1.318590622800000E-01  -8.533032311099999E-03
   1.602680517600000E-01   2.313270122300000E+00   2.353455653600000E+00   2.457312742800000E-01  -9.015628856500001E-02   5.141950423600000E-03   1.290382666000000E-01  -9.384452977600001E-03
   1.636873449200000E-01   2.362623369100000E+00   2.403811346200000E+00   2.521874911400000E-01  -9.013620894700000E-02   5.264826379000000E-03   1.259505441600000E-01  -1.022846425100000E-02
   1.671066380800000E-01   2.411976615800000E+00   2.454182106000000E+00   2.584808395000000E-01  -9.011563087700000E-02   5.390849050900000E-03   1.225983937000000E-01  -1.106401297600000E-02
   1.705259312400000E-01   2.461329862600000E+00   2.504567994900000E+00   2.645979122900000E-01  -9.009454689900000E-02   5.519934746500000E-03   1.189846440800000E-01  -1.189005519500000E-02
   1.739993651700000E-01   2.511464564100000E+00   2.555767132100000E+00   2.706177198500000E-01  -9.007260341400000E-02   5.654107583900000E-03   1.150490794300000E-01  -1.271837957200000E-02
   1.774727991100000E-01   2.561599265700000E+00   2.606981665900000E+00   2.764282474000000E-01  -9.005012240599999E-02   5.791246537500000E-03   1.108504740400000E-01  -1.353475625500000E-02
   1.809462330400000E-01   2.611733967200000E+00   2.658211303200000E+00   2.820159972700000E-01  -9.002709622600000E-02   5.931243296400000E-03   1.063928184600000E-01  -1.433812785100000E-02
   1.844196669800000E-01   2.661868668700000E+00   2.709455622200000E+00   2.873676961600000E-01  -9.000351740500000E-02   6.073982839100000E-03   1.016804390300000E-01  -1.512745191900000E-02
   1.879460411300000E-01   2.712767496500000E+00   2.761495429100000E+00   2.925460897100000E-01  -8.997900643700001E-02   6.221578673100000E-03   9.664044913200000E-02  -1.591338093800000E-02
   1.914724152800000E-01   2.763666324200000E+00   2.813549076700000E+00   2.974543887200000E-01  -8.995391116500000E-02   6.371742066300000E-03   9.134792999900000E-02  -1.668271751600000E-02
   1.949987894200000E-01   2.814565152000000E+00   2.865615699300000E+00   3.020795287600000E-01  -8.992822476100000E-02   6.524332211200000E-03   8.580843776400000E-02  -1.743442586700000E-02
   1.985251635700000E-01   2.865463979700000E+00   2.917694285700000E+00   3.064087597900000E-01  -8.990194087500000E-02   6.679201730900000E-03   8.002786148100000E-02  -1.816749118100000E-02
   2.018992388500000E-01   2.914164562500000E+00   2.967533809200000E+00   3.102625405500000E-01  -8.987622745700000E-02   6.829374661300000E-03   7.427698065200000E-02  -1.885052762000000E-02
   2.052733141200000E-01   2.962865145200000E+00   3.017382089900000E+00   3.138234700300000E-01  -8.984995718500000E-02   6.981353512900000E-03   6.831679608000001E-02  -1.951473800400000E-02
   2.086473893900000E-01   3.011565728000000E+00   3.067237870300000E+00   3.170812774900000E-01  -8.982312609800000E-02   7.134993157100000E-03   6.215328577800000E-02  -2.015929324300000E-02
   2.120214646600000E-01   3.060266310700000E+00   3.117099774900000E+00   3.200260121700000E-01  -8.979573087600000E-02   7.290143541300000E-03   5.579268202900000E-02  -2.078338554600000E-02
   2.153534467600000E-01   3.108359330800000E+00   3.166344181800000E+00   3.226173697800000E-01  -8.976812123100000E-02   7.444689639700000E-03   4.932434164700000E-02  -2.137884246700000E-02
   2.186854288500000E-01   3.156452350900000E+00   3.215591563500000E+00   3.248851026700000E-01  -8.973995706800000E-02   7.600404525100000E-03   4.267658507400000E-02  -2.195284283200000E-02
   2.220174109500000E-01   3.204545371000000E+00   3.264840273600000E+00   3.268206170000000E-01  -8.971123735000000E-02   7.757130482300000E-03   3.585610488000000E-02  -2.250467449100000E-02
   2.253493930500000E-01   3.252638391100000E+00   3.314088567100000E+00   3.284156682600000E-01  -8.968196185600000E-02   7.914705746600000E-03   2.886980857300000E-02  -2.303364850400000E-02
   2.286966314800000E-01   3.300951617400000E+00   3.363560082200000E+00   3.296672660600000E-01  -8.965199336100001E-02   8.073690604800000E-03   2.169174288500000E-02  -2.354135899700000E-02
   2.320438699100000E-01   3.349264843600000E+00   3.413027366100000E+00   3.305596980900000E-01  -8.962146620000000E-02   8.233193680300000E-03   1.436093787200000E-02  -2.402468144500000E-02
   2.353911083400000E-01   3.397578069900000E+00   3.462488380700000E+00   3.310857300000000E-01  -8.959038290700000E-02   8.393039692000000E-03   6.885006692800000E-03  -2.448299204800000E-02
   2.387383467600000E-01   3.445891296200000E+00   3.511941010100000E+00   3.312385209000000E-01  -8.955874702100000E-02   8.553049958600000E-03  -7.282492575800000E-04  -2.491569313700000E-02
   2.421730174900000E-01   3.495466499000000E+00   3.562674368300000E+00   3.310005606300000E-01  -8.952571515400000E-02   8.717219796400000E-03  -8.674750154700000E-03  -2.533247645800000E-02
   2.456076882100000E-01   3.545041701800000E+00   3.613394163700000E+00   3.303563175800000E-01  -8.949211238800001E-02   8.881171208500000E-03  -1.674862618300000E-02  -2.572110662600000E-02
   2.490423589400000E-01   3.594616904600000E+00   3.664097905100000E+00   3.292997443500000E-01  -8.945794606400000E-02   9.044701269100000E-03  -2.494088514400000E-02  -2.608102722000000E-02
   2.524770296600000E-01   3.644192107400000E+00   3.714783050100000E+00   3.278252625700000E-01  -8.942322476900000E-02   9.207604171100000E-03  -3.324236380000000E-02  -2.641171304300000E-02
   2.560146187300000E-01   3.695252808500000E+00   3.766964782900000E+00   3.258643347200000E-01  -8.938689331900000E-02   9.374512623899999E-03  -4.189692337300000E-02  -2.672122499200000E-02
   2.595522078000000E-01   3.746313509700000E+00   3.819121189000000E+00   3.234496267600000E-01  -8.934999580700000E-02   9.540304154399999E-03  -5.064709704600000E-02  -2.699869701100000E-02
   2.630897968700000E-01   3.797374210900000E+00   3.871249389200000E+00   3.205766473100000E-01  -8.931254589800000E-02   9.704745899100000E-03  -5.948237160800000E-02  -2.724366229200000E-02
   2.666273859400000E-01   3.848434912000000E+00   3.923346495200000E+00   3.172414596000000E-01  -8.927455873300000E-02   9.867602842800000E-03  -6.839208783700000E-02  -2.745569116800000E-02
   2.702542010500000E-01   3.900783480200000E+00   3.976722307100000E+00   3.133387765600000E-01  -8.923507309299999E-02   1.003267412600000E-02  -7.759250834400000E-02  -2.763846464500000E-02
   2.738810161600000E-01   3.953132048300000E+00   4.030059312100000E+00   3.089437038700000E-01  -8.919505972900001E-02   1.019557363800000E-02  -8.684806321300000E-02  -2.778582615600000E-02
   2.775078312600000E-01   4.005480616500000E+00   4.083354454100000E+00   3.040538449400000E-01  -8.915453975800000E-02   1.035604297700000E-02  -9.614686924599999E-02  -2.789743689000000E-02
   2.811346463700000E-01   4.057829184700000E+00   4.136604726400000E+00   2.986674335900000E-01  -8.911353588300000E-02   1.051382265000000E-02  -1.054769372200000E-01  -2.797300070000000E-02
   2.848078400600000E-01   4.110847169900000E+00   4.190487200500000E+00   2.927048668200000E-01  -8.907153927700000E-02   1.067061206300000E-02  -1.149458118700000E-01  -2.801253046800000E-02
   2.884810337400000E-01   4.163865155100000E+00   4.244317659100000E+00   2.862312923100000E-01  -8.902909799900000E-02   1.082410477600000E-02  -1.244217277800000E-01  -2.801460811500000E-02
   2.921542274200000E-01   4.216883140300000E+00   4.298093232100000E+00   2.792468657500000E-01  -8.898624038899999E-02   1.097402988700000E-02  -1.338919879000000E-01  -2.797906165700000E-02
   2.958274211000000E-01   4.269901125500000E+00   4.351811167200000E+00   2.717524122700000E-01  -8.894299627900000E-02   1.112011675400000E-02  -1.433438448300000E-01  -2.790576510500000E-02
   2.994609063000000E-01   4.322345968100000E+00   4.404889118500000E+00   2.638386532000000E-01  -8.889987003900000E-02   1.126058340900000E-02  -1.526628866700000E-01  -2.779604238400000E-02
   3.030943915000000E-01   4.374790810700000E+00   4.457905717700000E+00   2.554293856400000E-01  -8.885642775600000E-02   1.139676965400000E-02  -1.619390208700000E-01  -2.764927050600000E-02
   3.067278767000000E-01   4.427235653300000E+00   4.510858734200000E+00   2.465273373900000E-01  -8.881270219600000E-02   1.152841632000000E-02  -1.711598532700000E-01  -2.746546128000000E-02
   3.103613618900000E-01   4.479680495900000E+00   4.563746110400000E+00   2.371358719800000E-01  -8.876872724800000E-02   1.165526583500000E-02  -1.803130010900000E-01  -2.724467102400000E-02
   3.138393794400000E-01   4.529881356200000E+00   4.614307352100000E+00   2.276914741200000E-01  -8.872643250800000E-02   1.177195802700000E-02  -1.889996952900000E-01  -2.699877912400000E-02
   3.173173969900000E-01   4.580082216500000E+00   4.664805266100000E+00   2.178063486600000E-01  -8.868397269500000E-02   1.188379823500000E-02  -1.976022470600000E-01  -2.671922195200000E-02
   3.207954145300000E-01   4.630283076700000E+00   4.715238563600000E+00   2.074850662600000E-01  -8.864137992800000E-02   1.199056634600000E-02  -2.061099007100000E-01  -2.640616353000000E-02
   3.242734320800000E-01   4.680483937000000E+00   4.765606145200000E+00   1.967327189700000E-01  -8.859868692500000E-02   1.209204467100000E-02  -2.145119590600000E-01  -2.605980513900000E-02
   3.277281178800000E-01   4.730348032600000E+00   4.815569896500000E+00   1.856313052500000E-01  -8.855621391100001E-02   1.218739317600000E-02  -2.227426208400000E-01  -2.568304007000000E-02
   3.311828036800000E-01   4.780212128200000E+00   4.865467240300000E+00   1.741161233300000E-01  -8.851370774200000E-02   1.227710263300000E-02  -2.308482788800000E-01  -2.527392538100000E-02
   3.346374894900000E-01   4.830076223700000E+00   4.915297706600000E+00   1.621936656700000E-01  -8.847120165300000E-02   1.236096832700000E-02  -2.388186907200000E-01  -2.483276678200000E-02
   3.380921752900000E-01   4.879940319300000E+00   4.965061043000000E+00   1.498709138200000E-01  -8.842872906000000E-02   1.243878890100000E-02  -2.466437168200000E-01  -2.435990564400000E-02
   3.415903862900000E-01   4.930432647000000E+00   5.015382909800000E+00   1.369926588800000E-01  -8.838578976399999E-02   1.251122773000000E-02  -2.544089258400000E-01  -2.384916850100000E-02
   3.450885972900000E-01   4.980924974700000E+00   5.065636126800000E+00   1.237198659500000E-01  -8.834295388700000E-02   1.257706405600000E-02  -2.620045039100000E-01  -2.330673939000000E-02
   3.485868082900000E-01   5.031417302300000E+00   5.115821153300000E+00   1.100612803200000E-01  -8.830025598400000E-02   1.263610086400000E-02  -2.694203169200000E-01  -2.273308289900000E-02
   3.520850192900000E-01   5.081909630000000E+00   5.165938700700000E+00   9.602613557200000E-02  -8.825773031000000E-02   1.268814567800000E-02  -2.766463863000000E-01  -2.212869986500000E-02
   3.555865312800000E-01   5.132449603400000E+00   5.216036934800000E+00   8.161038654800000E-02  -8.821537088299999E-02   1.273304967400000E-02  -2.836794328100000E-01  -2.149351411500000E-02
   3.590880432700000E-01   5.182989576800000E+00   5.266069762300000E+00   6.683731788900001E-02  -8.817325130200000E-02   1.277057721200000E-02  -2.905028857000000E-01  -2.082865526000000E-02
   3.625895552600000E-01   5.233529550200000E+00   5.316038675600000E+00   5.171761259400000E-02  -8.813140425200000E-02   1.280055039100000E-02  -2.971072755000000E-01  -2.013473198500000E-02
   3.660910672500000E-01   5.284069523600000E+00   5.365945430200000E+00   3.626241146200000E-02  -8.808986159700000E-02   1.282279682400000E-02  -3.034833345200000E-01  -1.941238741200000E-02
   3.694175256700000E-01   5.332082816300000E+00   5.413301421300000E+00   2.127966883700000E-02  -8.805070593900000E-02   1.283662224300000E-02  -3.093208866100000E-01  -1.870044628900000E-02
   3.727439840900000E-01   5.380096109000000E+00   5.460605082400000E+00   6.014899552900000E-03  -8.801187852200000E-02   1.284318582400000E-02  -3.149366155600000E-01  -1.796407358200000E-02
   3.760704425200000E-01   5.428109401700000E+00   5.507858573900000E+00  -9.521241246700000E-03  -8.797340395700000E-02   1.284235470700000E-02  -3.203231348900000E-01  -1.720390395400000E-02
   3.793969009400000E-01   5.476122694400000E+00   5.555064265100000E+00  -2.531775564700000E-02  -8.793530576800000E-02   1.283400122900000E-02  -3.254732564400000E-01  -1.642059797500000E-02
   3.826436370100000E-01   5.522985294100000E+00   5.601094984500000E+00  -4.097593682300000E-02  -8.789850498200000E-02   1.281847681300000E-02  -3.302653012500000E-01  -1.563440957600000E-02
   3.858903730800000E-01   5.569847893800000E+00   5.647085198400000E+00  -5.686052742900000E-02  -8.786210363499999E-02   1.279556108200000E-02  -3.348191950600000E-01  -1.482749427400000E-02
   3.891371091500000E-01   5.616710493500000E+00   5.693037663200000E+00  -7.296040103400001E-02  -8.782612006600000E-02   1.276515053600000E-02  -3.391288431200000E-01  -1.400053421000000E-02
   3.923838452300000E-01   5.663573093100000E+00   5.738955308200000E+00  -8.926414999200000E-02  -8.779057128400000E-02   1.272714695400000E-02  -3.431883577300000E-01  -1.315423265000000E-02
   3.956017421500000E-01   5.710019435500000E+00   5.784433777800000E+00  -1.056127561400000E-01  -8.775578262700000E-02   1.268189744400000E-02  -3.469594197800000E-01  -1.229707581000000E-02
   3.988196390700000E-01   5.756465777900000E+00   5.829884254400000E+00  -1.221385270700000E-01  -8.772145014000000E-02   1.262901300100000E-02  -3.504738852200000E-01  -1.142235432000000E-02
   4.020375359900000E-01   5.802912120300000E+00   5.875310054400000E+00  -1.388295850700000E-01  -8.768758605800001E-02   1.256841409400000E-02  -3.537266593400000E-01  -1.053081033200000E-02
   4.052554329200000E-01   5.849358462700000E+00   5.920714633400000E+00  -1.556738125300000E-01  -8.765420104299999E-02   1.250002676000000E-02  -3.567128699400000E-01  -9.623203664900000E-03
   4.084739982700000E-01   5.895814453100000E+00   5.966111005100000E+00  -1.726624015400000E-01  -8.762129734300000E-02   1.242376605600000E-02  -3.594284076100000E-01  -8.700117868500000E-03
   4.116925636300000E-01   5.942270443600000E+00   6.011493447300000E+00  -1.897792877000000E-01  -8.758888928300000E-02   1.233958283800000E-02  -3.618682091800000E-01  -7.762533281000000E-03
   4.149111289900000E-01   5.988726434000000E+00   6.056865782800000E+00  -2.070116760000000E-01  -8.755698244800000E-02   1.224742047400000E-02  -3.640280973900000E-01  -6.811258670500000E-03
   4.181296943500000E-01   6.035182424400000E+00   6.102231936200000E+00  -2.243465656200000E-01  -8.752558062400000E-02   1.214722832000000E-02  -3.659041368400000E-01  -5.847117371500000E-03
   4.214103831100000E-01   6.082535089000000E+00   6.148471525900000E+00  -2.421078629600000E-01  -8.749409442500000E-02   1.203679240600000E-02  -3.675204467500000E-01  -4.851992141500000E-03
   4.246910718800000E-01   6.129887753600000E+00   6.194713203000000E+00  -2.599477654700000E-01  -8.746313497600000E-02   1.191792686800000E-02  -3.688343720600000E-01  -3.845268855800000E-03
   4.279717606400000E-01   6.177240418200000E+00   6.240961376500000E+00  -2.778519039100000E-01  -8.743270024700001E-02   1.179059788200000E-02  -3.698425469700000E-01  -2.827860720900000E-03
   4.312524494100000E-01   6.224593082800000E+00   6.287220513400000E+00  -2.958057274900000E-01  -8.740278610400000E-02   1.165477847100000E-02  -3.705418833400000E-01  -1.800692926400000E-03
   4.345871806900000E-01   6.272725784000000E+00   6.334257559000000E+00  -3.140910509600000E-01  -8.737290625200000E-02   1.150799971500000E-02  -3.709333366300000E-01  -7.475673699600000E-04
   4.379219119800000E-01   6.320858485300000E+00   6.381315363900000E+00  -3.323968672100000E-01  -8.734354896400000E-02   1.135241417400000E-02  -3.710001459300000E-01   3.136807749300000E-04
   4.412566432700000E-01   6.368991186500000E+00   6.428398710900000E+00  -3.507073878600000E-01  -8.731470309800000E-02   1.118801578200000E-02  -3.707399710700000E-01   1.382048139500000E-03
   4.445913745500000E-01   6.417123887700000E+00   6.475512380300000E+00  -3.690066786700000E-01  -8.728635520800000E-02   1.101480610400000E-02  -3.701507812400000E-01   2.456522889700000E-03
   4.480264098400000E-01   6.466704352600000E+00   6.524079894900000E+00  -3.878276748700000E-01  -8.725765868099999E-02   1.082718355300000E-02  -3.691980481900000E-01   3.568625577200000E-03
   4.514614451400000E-01   6.516284817400000E+00   6.572689798400000E+00  -4.066020101300000E-01  -8.722945408200000E-02   1.063024029600000E-02  -3.678928569600000E-01   4.685006115800000E-03
   4.548964804300000E-01   6.565865282300000E+00   6.621347189300000E+00  -4.253118703700000E-01  -8.720171912800000E-02   1.042400388200000E-02  -3.662340325800000E-01   5.804537964200000E-03
   4.583315157200000E-01   6.615445747200000E+00   6.670057082300000E+00  -4.439393373900000E-01  -8.717442903100001E-02   1.020851071700000E-02  -3.642207571200000E-01   6.926090179800000E-03
   4.617996283900000E-01   6.665503643000000E+00   6.719294284600000E+00  -4.626442617400000E-01  -8.714729970399999E-02   9.981597728899999E-03  -3.618280406500000E-01   8.059337666100000E-03
   4.652677410700000E-01   6.715561538700000E+00   6.768594936500000E+00  -4.812282356100000E-01  -8.712056551700000E-02   9.745350944000000E-03  -3.590734439700000E-01   9.192319466600001E-03
   4.687358537500000E-01   6.765619434500000E+00   6.817963809100000E+00  -4.996725965600000E-01  -8.709419351200000E-02   9.499835577199999E-03  -3.559572386600000E-01   1.032386609800000E-02
   4.722039664200000E-01   6.815677330300000E+00   6.867405499600000E+00  -5.179586431300000E-01  -8.706814838200000E-02   9.245126195900000E-03  -3.524800696600000E-01   1.145280890900000E-02
   4.754708739500000E-01   6.862831079900000E+00   6.914049349800000E+00  -5.350222129100000E-01  -8.704387959400001E-02   8.996859742999999E-03  -3.488753805500000E-01   1.251282721300000E-02
   4.787377814800000E-01   6.909984829400000E+00   6.960765228200000E+00  -5.519130387200000E-01  -8.701983439100000E-02   8.740587290300000E-03  -3.449524488200000E-01   1.356852758600000E-02
   4.820046890000000E-01   6.957138579000000E+00   7.007556453900000E+00  -5.686154818400000E-01  -8.699597802400000E-02   8.476393980900001E-03  -3.407127191000000E-01   1.461894150600000E-02
   4.852715965300000E-01   7.004292328600000E+00   7.054426145100000E+00  -5.851139303800000E-01  -8.697227422100000E-02   8.204372325600000E-03  -3.361579266600000E-01   1.566310510400000E-02
   4.884662409400000E-01   7.050403049900000E+00   7.100337762700000E+00  -6.010352137000000E-01  -8.694920610300000E-02   7.930893021100000E-03  -3.314011407600000E-01   1.667720762100000E-02
   4.916608853500000E-01   7.096513771200000E+00   7.146329696800000E+00  -6.167320277400000E-01  -8.692621136400000E-02   7.650123495300000E-03  -3.263471700400000E-01   1.768352667300000E-02
   4.948555297600000E-01   7.142624492400000E+00   7.192404231200000E+00  -6.321899293400000E-01  -8.690325243800000E-02   7.362170584000000E-03  -3.209984341100000E-01   1.868117891500000E-02
   4.980501741700000E-01   7.188735213700000E+00   7.238563418000000E+00  -6.473945538900000E-01  -8.688029075900000E-02   7.067147765200000E-03  -3.153576113100000E-01   1.966928853200000E-02
   5.012605968200000E-01   7.235073674300000E+00   7.285037690100000E+00  -6.624047143600000E-01  -8.685717307700000E-02   6.763666650200000E-03  -3.093976362600000E-01   2.065178951500000E-02
   5.044710194699999E-01   7.281412134800000E+00   7.331600860900000E+00  -6.771302977800000E-01  -8.683397191599999E-02   6.453295441600000E-03  -3.031488832100000E-01   2.162290594800000E-02
   5.076814421200000E-01   7.327750595300000E+00   7.378254243300000E+00  -6.915570506800000E-01  -8.681064577200000E-02   6.136169313500000E-03  -2.966148450300000E-01   2.258177657700000E-02
   5.108918647600000E-01   7.374089055900000E+00   7.424998874700000E+00  -7.056708572400000E-01  -8.678715259500000E-02   5.812430012900000E-03  -2.897992675900000E-01   2.352755084800000E-02
   5.141675657700000E-01   7.421369728300000E+00   7.472788809400000E+00  -7.197345976900000E-01  -8.676296548800000E-02   5.475445676800000E-03  -2.825590706700000E-01   2.447818651900000E-02
   5.174432667800000E-01   7.468650400800000E+00   7.520675016500000E+00  -7.334433442200000E-01  -8.673851484700000E-02   5.131895261300000E-03  -2.750344387100000E-01   2.541343573900000E-02
   5.207189677800000E-01   7.515931073300000E+00   7.568657664400000E+00  -7.467826416300000E-01  -8.671375510700000E-02   4.781950032200000E-03  -2.672301432200000E-01   2.633243392500000E-02
   5.239946687900000E-01   7.563211745800000E+00   7.616736594900000E+00  -7.597382489700000E-01  -8.668864069899999E-02   4.425788038700000E-03  -2.591512143000000E-01   2.723433102300000E-02
   5.273111545800000E-01   7.611081096000000E+00   7.665511728500000E+00  -7.724499447399999E-01  -8.666280581100000E-02   4.059047229200000E-03  -2.506973199900000E-01   2.812918155300000E-02
   5.306276403700000E-01   7.658950446200000E+00   7.714384197300000E+00  -7.847396922100000E-01  -8.663651398600000E-02   3.686321846000000E-03  -2.419730733100000E-01   2.900479683200000E-02
   5.339441261700000E-01   7.706819796500000E+00   7.763352789200000E+00  -7.965934876500000E-01  -8.660971891300000E-02   3.307817231800000E-03  -2.329844756400000E-01   2.986034434200000E-02
   5.372606119600000E-01   7.754689146700000E+00   7.812415937000000E+00  -8.079976223799999E-01  -8.658237494500000E-02   2.923745361600000E-03  -2.237377799000000E-01   3.069500953400000E-02
   5.404335071000000E-01   7.800485944300000E+00   7.859441579200000E+00  -8.184747617200000E-01  -8.655565974100000E-02   2.551292839400000E-03  -2.146558443500000E-01   3.147325683100000E-02
   5.436064022400000E-01   7.846282741800000E+00   7.906550022700000E+00  -8.285166204400000E-01  -8.652836271900000E-02   2.174141368700000E-03  -2.053495201800000E-01   3.223098158900000E-02
   5.467792973700000E-01   7.892079539400000E+00   7.953738986300000E+00  -8.381120398200000E-01  -8.650044647500001E-02   1.792492855800000E-03  -1.958249004500000E-01   3.296751971900000E-02
   5.499521925100000E-01   7.937876336900000E+00   8.001005897700001E+00  -8.472501642500000E-01  -8.647187471600000E-02   1.406554247900000E-03  -1.860882697300000E-01   3.368222405800000E-02
   5.530726371600000E-01   7.982916076900000E+00   8.047564702400001E+00  -8.557809849500000E-01  -8.644310190899999E-02   1.023016685000000E-03  -1.763120868200000E-01   3.436320736800000E-02
   5.561930818100000E-01   8.027955816900000E+00   8.094193147000000E+00  -8.638495935600000E-01  -8.641362911500000E-02   6.357405987900000E-04  -1.663434303000000E-01   3.502188110200000E-02
   5.593135264700000E-01   8.072995556900000E+00   8.140887986799999E+00  -8.714465949400000E-01  -8.638342569400000E-02   2.449362912400000E-04  -1.561887918200000E-01   3.565767977400000E-02
   5.624339711200000E-01   8.118035296900000E+00   8.187645724799999E+00  -8.785629248100000E-01  -8.635246252400000E-02  -1.491817786300000E-04  -1.458548229800000E-01   3.627005513800000E-02
   5.655445953100000E-01   8.162933290800000E+00   8.234315190900000E+00  -8.851697806400000E-01  -8.632081329100000E-02  -5.451404268900000E-04  -1.353816595500000E-01   3.685666274100000E-02
   5.686552195000000E-01   8.207831284599999E+00   8.281039499400000E+00  -8.912820247800000E-01  -8.628835623500000E-02  -9.439546832600000E-04  -1.247439481400000E-01   3.741895874900000E-02
   5.717658436900001E-01   8.252729278500000E+00   8.327814484199999E+00  -8.968917237400000E-01  -8.625506766400000E-02  -1.345400688200000E-03  -1.139487226100000E-01   3.795645297800000E-02
   5.748764678900000E-01   8.297627272400000E+00   8.374635763100001E+00  -9.019913119000000E-01  -8.622092580500000E-02  -1.749251102600000E-03  -1.030031546000000E-01   3.846867338900000E-02
   5.780231551700000E-01   8.343045792200000E+00   8.422042280599999E+00  -9.066236643400000E-01  -8.618549975400000E-02  -2.159994343900000E-03  -9.178518304900000E-02   3.896065388700000E-02
   5.811698424500000E-01   8.388464311900000E+00   8.469486523200001E+00  -9.107196132000001E-01  -8.614916202200000E-02  -2.572719969600000E-03  -8.042853214700001E-02   3.942585670300000E-02
   5.843165297400000E-01   8.433882831700000E+00   8.516963347200001E+00  -9.142725318300000E-01  -8.611189664100000E-02  -2.987182839300000E-03  -6.894102320000001E-02   3.986385136100000E-02
   5.874632170200000E-01   8.479301351400000E+00   8.564467430100001E+00  -9.172762148300000E-01  -8.607369001600000E-02  -3.403134898500000E-03  -5.733059934600000E-02   4.027422734900000E-02
   5.906758234700000E-01   8.525671332500000E+00   8.612989083000000E+00  -9.197702073800000E-01  -8.603370042000000E-02  -3.829076399200000E-03  -4.535852063100000E-02   4.066430220800000E-02
   5.938884299200000E-01   8.572041313500000E+00   8.661527423800001E+00  -9.216800132400000E-01  -8.599270898899999E-02  -4.256039122200000E-03  -3.327541962400000E-02   4.102478885200000E-02
   5.971010363700000E-01   8.618411294500000E+00   8.710076302599999E+00  -9.230004355700000E-01  -8.595070940600000E-02  -4.683750964700000E-03  -2.109010412300000E-02   4.135531618600000E-02
   6.003136428200000E-01   8.664781275499999E+00   8.758629438300000E+00  -9.237267652400000E-01  -8.590769823800000E-02  -5.111937527100000E-03  -8.811488364099999E-03   4.165553568000000E-02
   6.037221531100000E-01   8.713978884899999E+00   8.810140848500000E+00  -9.238431531100000E-01  -8.586095776300000E-02  -5.566445345500000E-03   4.307824120300000E-03   4.194056300800000E-02
   6.071306633900000E-01   8.763176494200000E+00   8.861642094300000E+00  -9.232816233400000E-01  -8.581308113199999E-02  -6.020843821300000E-03   1.751113380200000E-02   4.219074619800000E-02
   6.105391736800000E-01   8.812374103600000E+00   8.913125325399999E+00  -9.220383936000000E-01  -8.576407527600000E-02  -6.474798489700000E-03   3.078745231600000E-02   4.240575377900000E-02
   6.139476839600000E-01   8.861571712900000E+00   8.964582620000000E+00  -9.201103245600000E-01  -8.571395100300000E-02  -6.927973183300000E-03   4.412569190700000E-02   4.258528384800000E-02
   6.173355162500000E-01   8.910470861100000E+00   9.015694162899999E+00  -9.175128663100000E-01  -8.566303710200000E-02  -7.377291933200000E-03   5.743331827500000E-02   4.272830030800000E-02
   6.207233485300000E-01   8.959370009200001E+00   9.066764365599999E+00  -9.142345783600000E-01  -8.561105114700000E-02  -7.825174137899999E-03   7.078001816100001E-02   4.283576172600000E-02
   6.241111808200001E-01   9.008269157300001E+00   9.117785391100000E+00  -9.102742853400000E-01  -8.555801527000000E-02  -8.271286575399999E-03   8.415466730700000E-02   4.290745979700000E-02
   6.274990131000000E-01   9.057168305499999E+00   9.168749433900000E+00  -9.056314484900000E-01  -8.550395542700000E-02  -8.715295604400000E-03   9.754608110400000E-02   4.294321591100000E-02
   6.307201554600000E-01   9.103661491700000E+00   9.217145999900000E+00  -9.005841371500000E-01  -8.545163293900000E-02  -9.135203082400000E-03   1.102839018000000E-01   4.294374391000000E-02
   6.339412978200000E-01   9.150154678000000E+00   9.265477452800001E+00  -8.949204955600000E-01  -8.539844039300000E-02  -9.552620586200000E-03   1.230170273100000E-01   4.291154250500000E-02
   6.371624401800000E-01   9.196647864199999E+00   9.313737288300000E+00  -8.886416574200000E-01  -8.534440957700000E-02  -9.967261816599999E-03   1.357357382000000E-01   4.284653379000000E-02
   6.403835825400001E-01   9.243141050500000E+00   9.361919108800000E+00  -8.817492713400000E-01  -8.528957527900000E-02  -1.037884112100000E-02   1.484302956300000E-01   4.274866471200000E-02
   6.435452524300000E-01   9.288775825600000E+00   9.409129409900000E+00  -8.743895659699999E-01  -8.523500848600001E-02  -1.077956847500000E-02   1.608575581200000E-01   4.262061945100000E-02
   6.467069223300000E-01   9.334410600700000E+00   9.456252711199999E+00  -8.664433590200000E-01  -8.517974234099999E-02  -1.117680330900000E-02   1.732429306000000E-01   4.246088587900000E-02
   6.498685922200000E-01   9.380045375800000E+00   9.503283370500000E+00  -8.579136370500000E-01  -8.512381783799999E-02  -1.157027864300000E-02   1.855771905000000E-01   4.226948438100000E-02
   6.530302621100000E-01   9.425680150900000E+00   9.550215914700001E+00  -8.488038496000000E-01  -8.506727850600000E-02  -1.195972896900000E-02   1.978511246200000E-01   4.204645885300000E-02
   6.561994430000000E-01   9.471423337899999E+00   9.597156176600000E+00  -8.390942114800000E-01  -8.501003402800000E-02  -1.234580013400000E-02   2.100844386900000E-01   4.179123449000000E-02
   6.593686238899999E-01   9.517166524900000E+00   9.643987419100000E+00  -8.288100669300000E-01  -8.495226671700000E-02  -1.272729821900000E-02   2.222386588900000E-01   4.150439536300000E-02
   6.625378047700000E-01   9.562909711900000E+00   9.690704738999999E+00  -8.179562576700000E-01  -8.489402756900000E-02  -1.310396152400000E-02   2.343045761200000E-01   4.118605735400000E-02
   6.657069856600000E-01   9.608652898800001E+00   9.737303467400000E+00  -8.065380691400000E-01  -8.483536976700000E-02  -1.347553066500000E-02   2.462730186400000E-01   4.083636041500000E-02
   6.689383282700000E-01   9.655293313000000E+00   9.784689520600001E+00  -7.943207590300000E-01  -8.477518766599999E-02  -1.384887670500000E-02   2.583663947700000E-01   4.044768694300000E-02
   6.721696708800000E-01   9.701933727200000E+00   9.831943285900000E+00  -7.815291884200000E-01  -8.471468848400000E-02  -1.421639035100000E-02   2.703393250200000E-01   4.002678279500000E-02
   6.754010134900000E-01   9.748574141400001E+00   9.879060659700000E+00  -7.681703368600000E-01  -8.465393488600000E-02  -1.457780538600000E-02   2.821822527600000E-01   3.957387398100000E-02
   6.786323560999999E-01   9.795214555599999E+00   9.926037852300000E+00  -7.542516296600000E-01  -8.459299137700001E-02  -1.493285894700000E-02   2.938856925200000E-01   3.908921272200000E-02
   6.818268666300000E-01   9.841323344399999E+00   9.972338393999999E+00  -7.399489512600000E-01  -8.453262067599999E-02  -1.527735841600000E-02   3.053094078800000E-01   3.857913678700000E-02
   6.850213771600000E-01   9.887432133300001E+00   1.001849552500000E+01  -7.251147970000000E-01  -8.447219451800000E-02  -1.561514024300000E-02   3.165785972300000E-01   3.803859443600000E-02
   6.882158876900000E-01   9.933540922200001E+00   1.006450655900000E+01  -7.097575702000000E-01  -8.441177965500000E-02  -1.594596130000000E-02   3.276843455600000E-01   3.746790490000000E-02
   6.914103982100001E-01   9.979649711000000E+00   1.011036915700000E+01  -6.938860619400000E-01  -8.435144399800000E-02  -1.626958242300000E-02   3.386178354300000E-01   3.686741237600000E-02
   6.946509348100000E-01   1.002642282900000E+01   1.015673883900000E+01  -6.772698448300000E-01  -8.429039071699999E-02  -1.659026867100000E-02   3.495239097600000E-01   3.622819689000000E-02
   6.978914714000000E-01   1.007319594700000E+01   1.020295204000000E+01  -6.601438146300000E-01  -8.422956267800000E-02  -1.690306336800000E-02   3.602347834100000E-01   3.555910470900000E-02
   7.011320080000000E-01   1.011996906500000E+01   1.024900746200000E+01  -6.425183062800000E-01  -8.416903338600000E-02  -1.720773046500000E-02   3.707416065000000E-01   3.486057337000000E-02
   7.043725445900000E-01   1.016674218300000E+01   1.029490420200000E+01  -6.244040211500000E-01  -8.410887686000000E-02  -1.750403883700000E-02   3.810356636200000E-01   3.413306641400000E-02
   7.078130008900000E-01   1.021640089300000E+01   1.034345825300000E+01  -6.046496220399999E-01  -8.404550009900000E-02  -1.780922693300000E-02   3.917223619200000E-01   3.332951197800000E-02
   7.112534572000000E-01   1.026605960400000E+01   1.039183279500000E+01  -5.843704006500000E-01  -8.398271648600000E-02  -1.810447435800000E-02   4.021494939800000E-01   3.249446564800000E-02
   7.146939135100000E-01   1.031571831400000E+01   1.044002826200000E+01  -5.635804323100000E-01  -8.392061506700001E-02  -1.838952397800000E-02   4.123071857500000E-01   3.162857690300000E-02
   7.181343698100000E-01   1.036537702500000E+01   1.048804561900000E+01  -5.422941972799999E-01  -8.385928454000000E-02  -1.866412574700000E-02   4.221857740000000E-01   3.073252707300000E-02
   7.213168968800000E-01   1.041131284700000E+01   1.053230584500000E+01  -5.221748296199999E-01  -8.380331480200000E-02  -1.890862758500000E-02   4.310670666800000E-01   2.987741781600000E-02
   7.244994239600000E-01   1.045724867000000E+01   1.057641652000000E+01  -5.016555923100000E-01  -8.374814918600000E-02  -1.914379511400000E-02   4.396941540000000E-01   2.899769769900000E-02
   7.276819510300000E-01   1.050318449200000E+01   1.062037961700000E+01  -4.807488036100000E-01  -8.369385594500001E-02  -1.936944747300000E-02   4.480599129900000E-01   2.809397682400000E-02
   7.308644781000000E-01   1.054912031500000E+01   1.066419749100000E+01  -4.594670345900000E-01  -8.364050233700000E-02  -1.958540952100000E-02   4.561574026800000E-01   2.716688722000000E-02
   7.339917269400000E-01   1.059425826500000E+01   1.070711546500000E+01  -4.382020568200000E-01  -8.358905476100000E-02  -1.978801715300000E-02   4.638463835800000E-01   2.623376995900000E-02
   7.371189757900000E-01   1.063939621500000E+01   1.074989880900000E+01  -4.165997612500000E-01  -8.353863974400000E-02  -1.998094960900000E-02   4.712635883000000E-01   2.527935963400000E-02
   7.402462246300000E-01   1.068453416500000E+01   1.079255081700000E+01  -3.946727317900000E-01  -8.348931732000001E-02  -2.016405746600000E-02   4.784029800300000E-01   2.430431530300000E-02
   7.433734734700000E-01   1.072967211500000E+01   1.083507512600000E+01  -3.724337509700000E-01  -8.344114595700000E-02  -2.033719702500000E-02   4.852587144800000E-01   2.330931473000000E-02
   7.464846955400000E-01   1.077457873800000E+01   1.087725871700000E+01  -3.500120362000000E-01  -8.339441992700000E-02  -2.049942086000000E-02   4.917922393900000E-01   2.230029976800000E-02
   7.495959176000000E-01   1.081948536200000E+01   1.091932407300000E+01  -3.273073521800000E-01  -8.334894343599999E-02  -2.065151183400000E-02   4.980340564900000E-01   2.127292413400000E-02
   7.527071396600000E-01   1.086439198500000E+01   1.096127573500000E+01  -3.043328203400000E-01  -8.330476856600000E-02  -2.079334581700000E-02   5.039790086800000E-01   2.022790721200000E-02
   7.558183617200001E-01   1.090929860800000E+01   1.100311854300000E+01  -2.811017234700000E-01  -8.326194529300000E-02  -2.092480460900000E-02   5.096221472500000E-01   1.916598453500000E-02
   7.589397121900000E-01   1.095435142300000E+01   1.104499334700000E+01  -2.575506971900000E-01  -8.322038884300000E-02  -2.104615257600000E-02   5.149756035000000E-01   1.808437204900000E-02
   7.620610626500000E-01   1.099940423700000E+01   1.108676922100000E+01  -2.337686734200000E-01  -8.318028667700000E-02  -2.115683758700000E-02   5.200159483900000E-01   1.698727312600000E-02
   7.651824131200000E-01   1.104445705100000E+01   1.112845190400000E+01  -2.097695081500000E-01  -8.314168207800000E-02  -2.125675869200000E-02   5.247388439900000E-01   1.587547567700000E-02
   7.683037635900000E-01   1.108950986600000E+01   1.117004739400000E+01  -1.855671903200000E-01  -8.310461568499999E-02  -2.134582120800000E-02   5.291401808100000E-01   1.474978132000000E-02
   7.714819424000000E-01   1.113538292700000E+01   1.121231705200000E+01  -1.607300947400000E-01  -8.306849407100000E-02  -2.142525699500000E-02   5.332872490200000E-01   1.359015563900000E-02
   7.746601212000001E-01   1.118125598700000E+01   1.125450962700000E+01  -1.357120436000000E-01  -8.303404339800000E-02  -2.149325716200000E-02   5.370930820299999E-01   1.241784002200000E-02
   7.778383000000000E-01   1.122712904800000E+01   1.129663219000000E+01  -1.105281841700000E-01  -8.300129740900000E-02  -2.154974217200000E-02   5.405540955800000E-01   1.123371967800000E-02
   7.810164788000000E-01   1.127300210900000E+01   1.133869202600000E+01  -8.519377719399999E-02  -8.297028655499999E-02  -2.159463946100000E-02   5.436669661300000E-01   1.003869123400000E-02
   7.843082090200000E-01   1.132051414300000E+01   1.138219645300000E+01  -5.881189420800000E-02  -8.294002580700000E-02  -2.162885487500000E-02   5.465207699900000E-01   8.790434509900000E-03
   7.875999392400000E-01   1.136802617700000E+01   1.142565014200000E+01  -3.230218718400000E-02  -8.291168155200000E-02  -2.165050467000000E-02   5.489947309200000E-01   7.532468392900000E-03
   7.908916694600000E-01   1.141553821100000E+01   1.146906179200000E+01  -5.681949751000000E-03  -8.288527583400000E-02  -2.165953222000000E-02   5.510860618000000E-01   6.265821580200000E-03
   7.941833996700000E-01   1.146305024600000E+01   1.151244026700000E+01   2.103142517900000E-02  -8.286082652399999E-02  -2.165588913900000E-02   5.527922886000000E-01   4.991531588800000E-03
   7.977743851800000E-01   1.151488165800000E+01   1.155973507500000E+01   5.025902103000000E-02  -8.283640168200000E-02  -2.163741711400000E-02   5.542118918000000E-01   3.593905698800000E-03
   8.013653706800000E-01   1.156671307000000E+01   1.160701294800000E+01   7.955383319500001E-02  -8.281433313200000E-02  -2.160377760500000E-02   5.551682539300000E-01   2.189793692100000E-03
   8.049563561900001E-01   1.161854448300000E+01   1.165428583800000E+01   1.088929393100000E-01  -8.279462655500000E-02  -2.155494171000000E-02   5.556594572600000E-01   7.805687032400000E-04
   8.085473416900000E-01   1.167037589500000E+01   1.170156577700000E+01   1.382533199400000E-01  -8.277728141700000E-02  -2.149089243500000E-02   5.556840390200000E-01  -6.323905319000000E-04
   8.119352976899999E-01   1.171927682900000E+01   1.174618989600000E+01   1.659524249300000E-01  -8.276307587600000E-02  -2.141651224900000E-02   5.552785258000000E-01  -1.967642787900000E-03
   8.153232537000000E-01   1.176817776300000E+01   1.179084117900000E+01   1.936304343900000E-01  -8.275095550700000E-02  -2.132859130600000E-02   5.544562926100000E-01  -3.303825510900000E-03
   8.187112097000000E-01   1.181707869700000E+01   1.183552973400000E+01   2.212678323500000E-01  -8.274090455499999E-02  -2.122714469100000E-02   5.532172305800001E-01  -4.639775861400000E-03
   8.220991657000000E-01   1.186597963000000E+01   1.188026560800000E+01   2.488450605600000E-01  -8.273290233500000E-02  -2.111219704600000E-02   5.515615934200000E-01  -5.974332177800000E-03
   8.253791873000000E-01   1.191332266500000E+01   1.192363074600000E+01   2.754679333500000E-01  -8.272708284400000E-02  -2.098808090600000E-02   5.495624002200000E-01  -7.263950991200000E-03
   8.286592088900000E-01   1.196066570000000E+01   1.196705849900000E+01   3.019982439900000E-01  -8.272313213700000E-02  -2.085138189900000E-02   5.471742085100000E-01  -8.550128113000001E-03
   8.319392304900000E-01   1.200800873500000E+01   1.201055766000000E+01   3.284181778900000E-01  -8.272101848200000E-02  -2.070214806300000E-02   5.443982154900000E-01  -9.831819632600000E-03
   8.352192520800000E-01   1.205535177000000E+01   1.205413686600000E+01   3.547099145300000E-01  -8.272070602700000E-02  -2.054043587200000E-02   5.412359327500000E-01  -1.110798725200000E-02
   8.383734874200000E-01   1.210087923600000E+01   1.209612821700000E+01   3.798558744300000E-01  -8.272206734100000E-02  -2.037321585600000E-02   5.378322642000000E-01  -1.232904391200000E-02
   8.415277227500000E-01   1.214640670300000E+01   1.213820874700000E+01   4.048509657700000E-01  -8.272501852899999E-02  -2.019458126400000E-02   5.340749442600000E-01  -1.354312738700000E-02
   8.446819580900000E-01   1.219193416900000E+01   1.218038559600000E+01   4.296793688900000E-01  -8.272951736100000E-02  -2.000460438500000E-02   5.299661295200000E-01  -1.474933450300000E-02
   8.478361934200001E-01   1.223746163600000E+01   1.222266568200000E+01   4.543252884700000E-01  -8.273551840600001E-02  -1.980336470500000E-02   5.255082376100000E-01  -1.594677040900000E-02
   8.509378079400000E-01   1.228222958600000E+01   1.226434758200000E+01   4.783668218300000E-01  -8.274283711500000E-02  -1.959458370800000E-02   5.207869187400000E-01  -1.711481807200000E-02
   8.540394224500000E-01   1.232699753700000E+01   1.230614188600000E+01   5.022017178200000E-01  -8.275151244400000E-02  -1.937508550700000E-02   5.157334457800000E-01  -1.827269542100000E-02
   8.571410369700000E-01   1.237176548700000E+01   1.234805445700000E+01   5.258150733800000E-01  -8.276149275500000E-02  -1.914496594700000E-02   5.103508409500001E-01  -1.941957965800000E-02
   8.602426514800000E-01   1.241653343700000E+01   1.239009088300000E+01   5.491920395100000E-01  -8.277272384400000E-02  -1.890432753100000E-02   5.046423599400000E-01  -2.055465863700000E-02
   8.633189985200000E-01   1.246093668300000E+01   1.243191243200000E+01   5.721304880900000E-01  -8.278504317200000E-02  -1.865536632800000E-02   4.986619124900000E-01  -2.166804023900000E-02
   8.663953455600000E-01   1.250533992900000E+01   1.247386593300000E+01   5.948074770300000E-01  -8.279847973100000E-02  -1.839627722900000E-02   4.923679285500000E-01  -2.276825036700000E-02
   8.694716926000000E-01   1.254974317500000E+01   1.251595596600000E+01   6.172087262000000E-01  -8.281297390700000E-02  -1.812717950200000E-02   4.857642466500000E-01  -2.385453131100000E-02
   8.725480396400001E-01   1.259414642000000E+01   1.255818679500000E+01   6.393200428100000E-01  -8.282846412400000E-02  -1.784819873900000E-02   4.788549181700000E-01  -2.492613803600000E-02
   8.756547316700000E-01   1.263898765800000E+01   1.260098107900000E+01   6.613408757600000E-01  -8.284505339400000E-02  -1.755657065900000E-02   4.715715912800000E-01  -2.599267785700000E-02
   8.787614237100000E-01   1.268382889700000E+01   1.264392666700000E+01   6.830372450100000E-01  -8.286252674700000E-02  -1.725514037800000E-02   4.639855046600000E-01  -2.704276660800000E-02
   8.818681157500000E-01   1.272867013500000E+01   1.268702689400000E+01   7.043948657900000E-01  -8.288081557900000E-02  -1.694405659400000E-02   4.561014681900000E-01  -2.807567949000000E-02
   8.849748077800000E-01   1.277351137300000E+01   1.273028472700000E+01   7.253995861200000E-01  -8.289984987600001E-02  -1.662347438300000E-02   4.479244969100000E-01  -2.909070690100000E-02
   8.881802486000000E-01   1.281977792700000E+01   1.277508547600000E+01   7.466872164000000E-01  -8.292019507200001E-02  -1.628291711700000E-02   4.391860913400000E-01  -3.011851552300000E-02
   8.913856894100000E-01   1.286604448100000E+01   1.282005915500000E+01   7.675690293200000E-01  -8.294117851700000E-02  -1.593260409800000E-02   4.301473352000000E-01  -3.112580047700000E-02
   8.945911302200000E-01   1.291231103400000E+01   1.286520771300000E+01   7.880300031100000E-01  -8.296271974100000E-02  -1.557272656300000E-02   4.208143935200000E-01  -3.211183601800000E-02
   8.977965710300000E-01   1.295857758800000E+01   1.291053264300000E+01   8.080553208300000E-01  -8.298473748000000E-02  -1.520348265100000E-02   4.111936426900000E-01  -3.307591542800000E-02
   9.010878126400000E-01   1.300608257000000E+01   1.295725539000000E+01   8.281480332500000E-01  -8.300775444600000E-02  -1.481482450300000E-02   4.010228146100000E-01  -3.404223359100000E-02
   9.043790542500000E-01   1.305358755200000E+01   1.300416576000000E+01   8.477505204600000E-01  -8.303109845200000E-02  -1.441673715200000E-02   3.905628487900000E-01  -3.498395756500000E-02
   9.076702958600000E-01   1.310109253400000E+01   1.305126383200000E+01   8.668475164700000E-01  -8.305468033799999E-02  -1.400945711100000E-02   3.798213050100000E-01  -3.590038728600000E-02
   9.109615374800000E-01   1.314859751600000E+01   1.309854915900000E+01   8.854240505800000E-01  -8.307841102900000E-02  -1.359322807700000E-02   3.688059517700000E-01  -3.679084528900000E-02
   9.141361389600000E-01   1.319441894200000E+01   1.314433522800000E+01   9.028353918599999E-01  -8.310135859900000E-02  -1.318350583100000E-02   3.579290131400000E-01  -3.762452538500000E-02
   9.173107404500001E-01   1.324024036900000E+01   1.319029327900000E+01   9.197360038800000E-01  -8.312428290200000E-02  -1.276592199100000E-02   3.468120683300000E-01  -3.843286577400000E-02
   9.204853419400000E-01   1.328606179600000E+01   1.323642152700000E+01   9.361133257000001E-01  -8.314710553100001E-02  -1.234071346600000E-02   3.354626047300000E-01  -3.921531959200000E-02
   9.236599434300000E-01   1.333188322200000E+01   1.328271773800000E+01   9.519551127600000E-01  -8.316974900300000E-02  -1.190812284700000E-02   3.238882665800000E-01  -3.997136031800000E-02
   9.268043385600000E-01   1.337726865800000E+01   1.332873638500000E+01   9.671065413300000E-01  -8.319192536099999E-02  -1.147261508300000E-02   3.122100431200000E-01  -4.069367267500000E-02
   9.299487336900000E-01   1.342265409300000E+01   1.337491416400000E+01   9.817096466100000E-01  -8.321377809199999E-02  -1.103035479300000E-02   3.003265672000000E-01  -4.138910383300000E-02
   9.330931288200000E-01   1.346803952800000E+01   1.342124764000000E+01   9.957535349200000E-01  -8.323523574500000E-02  -1.058159331700000E-02   2.882456875100000E-01  -4.205720183300000E-02
   9.362375239500000E-01   1.351342496400000E+01   1.346773296900000E+01   1.009227674200000E+00  -8.325622852099999E-02  -1.012658685600000E-02   2.759753807100000E-01  -4.269753466400000E-02
   9.393779556600000E-01   1.355875319200000E+01   1.351430704100000E+01   1.022106023000000E+00  -8.327666301300000E-02  -9.666181037000000E-03   2.635395516600000E-01  -4.330893660700000E-02
   9.425183873800000E-01   1.360408142000000E+01   1.356102374600000E+01   1.034396194200000E+00  -8.329650027299999E-02  -9.200070642800000E-03   2.509310361100000E-01  -4.389184182800000E-02
   9.456588191000000E-01   1.364940964900000E+01   1.360787810400000E+01   1.046088856800000E+00  -8.331567676800000E-02  -8.728524407099999E-03   2.381581282500000E-01  -4.444587975100000E-02
   9.487992508100000E-01   1.369473787700000E+01   1.365486477400000E+01   1.057175093400000E+00  -8.333413130599999E-02  -8.251815200100000E-03   2.252292265500000E-01  -4.497069975200000E-02
   9.519035296100000E-01   1.373954428300000E+01   1.370143499700000E+01   1.067529394100000E+00  -8.335160637400001E-02  -7.775790764900000E-03   2.123041719000000E-01  -4.546043885900000E-02
   9.550078084100000E-01   1.378435068900000E+01   1.374812313100000E+01   1.077275069400000E+00  -8.336826449600000E-02  -7.295263015600000E-03   1.992432934000000E-01  -4.592100549400000E-02
   9.581120872100000E-01   1.382915709500000E+01   1.379492306000000E+01   1.086404766800000E+00  -8.338405420400000E-02  -6.810506312100000E-03   1.860549701300000E-01  -4.635211841800000E-02
   9.612163660100000E-01   1.387396350100000E+01   1.384182837800000E+01   1.094911573400000E+00  -8.339892683500000E-02  -6.321798209900000E-03   1.727476588400000E-01  -4.675351536900000E-02
   9.643726810100000E-01   1.391952098500000E+01   1.388962112800000E+01   1.102915674300000E+00  -8.341306136300000E-02  -5.821135995100000E-03   1.591040782400000E-01  -4.713092273700000E-02
   9.675289960200000E-01   1.396507846900000E+01   1.393750863900000E+01   1.110262837500000E+00  -8.342615568900000E-02  -5.316976733700000E-03   1.453553413400000E-01  -4.747712237500000E-02
   9.706853110200000E-01   1.401063595300000E+01   1.398548337100000E+01   1.116947256000000E+00  -8.343816835400000E-02  -4.809621043800000E-03   1.315105496700000E-01  -4.779189876700000E-02
   9.738416260200000E-01   1.405619343700000E+01   1.403353755000000E+01   1.122963632200000E+00  -8.344906138900000E-02  -4.299372072900000E-03   1.175788644300000E-01  -4.807505653500000E-02
   9.771113823299999E-01   1.410338830500000E+01   1.408339410400000E+01   1.128486657400000E+00  -8.345912855600000E-02  -3.768059086900000E-03   1.030646605700000E-01  -4.833486077600000E-02
   9.803811386400000E-01   1.415058317300000E+01   1.413331824800000E+01   1.133282909600000E+00  -8.346792322900000E-02  -3.234310853000000E-03   8.847739446800000E-02  -4.856037260000000E-02
   9.836508949500000E-01   1.419777804200000E+01   1.418330069400000E+01   1.137348281500000E+00  -8.347541569800000E-02  -2.698471353900000E-03   7.382741352100000E-02  -4.875144289900000E-02
   9.869206512499999E-01   1.424497291000000E+01   1.423333198600000E+01   1.140679285900000E+00  -8.348158067399999E-02  -2.160886364400000E-03   5.912510654800000E-02  -4.890794557800000E-02
   9.901904884400000E-01   1.429216894500000E+01   1.428340376200000E+01   1.143273115800000E+00  -8.348639746400000E-02  -1.621889832100000E-03   4.438053222900000E-02  -4.902978010700000E-02
   9.934603256300000E-01   1.433936498100000E+01   1.433350507200000E+01   1.145127448300000E+00  -8.348984966500000E-02  -1.081843557200000E-03   2.960450581400000E-02  -4.911686201600000E-02
   9.967301628100000E-01   1.438656101600000E+01   1.438362612000000E+01   1.146240687200000E+00  -8.349192564700000E-02  -5.410969440200000E-04   1.480749968300000E-02  -4.916913405500000E-02
   1.000000000000000E+00   1.443375705200000E+01   1.443375705200000E+01   1.146611873500000E+00  -8.349261841900001E-02   3.670307284300000E-26   0.000000000000000E+00  -4.918656188300000E-02
