   0.000000000000000E+00   2.614097301100000E-30   0.000000000000000E+00   0.000000000000000E+00  -9.897386659100000E-01   0.000000000000000E+00   0.000000000000000E+00   0.000000000000000E+00
   2.572396384700000E-02   3.712934445800000E-01   3.712934445800000E-01   0.000000000000000E+00  -9.897386659100000E-01   0.000000000000000E+00   0.000000000000000E+00   0.000000000000000E+00
   5.144792769400000E-02   7.425868891700000E-01   7.425868891700000E-01   0.000000000000000E+00  -9.897386659100000E-01   0.000000000000000E+00   0.000000000000000E+00   0.000000000000000E+00
   7.717189154100000E-02   1.113880333800000E+00   1.113880333800000E+00   0.000000000000000E+00  -9.897386659100000E-01   0.000000000000000E+00   0.000000000000000E+00   0.000000000000000E+00
   1.028958553900000E-01   1.485173778300000E+00   1.485173778300000E+00   0.000000000000000E+00  -9.897386659100000E-01   0.000000000000000E+00   0.000000000000000E+00   0.000000000000000E+00
   1.220781828900000E-01   1.762046833100000E+00   1.762046833100000E+00   0.000000000000000E+00  -9.897386659100000E-01   0.000000000000000E+00   0.000000000000000E+00   0.000000000000000E+00
   1.412605103800000E-01   2.038919887900000E+00   2.038919887900000E+00   0.000000000000000E+00  -9.897386659100000E-01   0.000000000000000E+00   0.000000000000000E+00   0.000000000000000E+00
   1.604428378800000E-01   2.315792942700000E+00   2.315792942700000E+00   0.000000000000000E+00  -9.897386659100000E-01   0.000000000000000E+00   0.000000000000000E+00   0.000000000000000E+00
   1.796251653800000E-01   2.592665997500000E+00   2.592665997500000E+00   0.000000000000000E+00  -9.897386659100000E-01   0.000000000000000E+00   0.000000000000000E+00   0.000000000000000E+00
   1.947443432000000E-01   2.810892537100000E+00   2.810892537100000E+00   0.000000000000000E+00  -9.897386659100000E-01   0.000000000000000E+00   0.000000000000000E+00   0.000000000000000E+00
   2.098635210300000E-01   3.029119076600000E+00   3.029119076600000E+00   0.000000000000000E+00  -9.897386659100000E-01   0.000000000000000E+00   0.000000000000000E+00   0.000000000000000E+00
   2.249826988500000E-01   3.247345616100000E+00   3.247345616100000E+00   0.000000000000000E+00  -9.897386659100000E-01   0.000000000000000E+00   0.000000000000000E+00   0.000000000000000E+00
   2.401018766800000E-01   3.465572155700000E+00   3.465572155700000E+00   0.000000000000000E+00  -9.897386659100000E-01   0.000000000000000E+00   0.000000000000000E+00   0.000000000000000E+00
   2.512300920600000E-01   3.626194112900000E+00   3.626194112900000E+00   0.000000000000000E+00  -9.897386659100000E-01   0.000000000000000E+00   0.000000000000000E+00   0.000000000000000E+00
   2.623583074400000E-01   3.786816070100000E+00   3.786816070100000E+00   0.000000000000000E+00  -9.897386659100000E-01   0.000000000000000E+00   0.000000000000000E+00   0.000000000000000E+00
   2.734865228200000E-01   3.947438027400000E+00   3.947438027400000E+00   0.000000000000000E+00  -9.897386659100000E-01   0.000000000000000E+00   0.000000000000000E+00   0.000000000000000E+00
   2.846147382000000E-01   4.108059984600000E+00   4.108059984600000E+00   0.000000000000000E+00  -9.897386659100000E-01   0.000000000000000E+00   0.000000000000000E+00   0.000000000000000E+00
   2.950508202000000E-01   4.258691856800000E+00   4.258691856800000E+00   0.000000000000000E+00  -9.897386659100000E-01   0.000000000000000E+00   0.000000000000000E+00   0.000000000000000E+00
   3.054869022100000E-01   4.409323729000000E+00   4.409323729000000E+00   0.000000000000000E+00  -9.897386659100000E-01   0.000000000000000E+00   0.000000000000000E+00   0.000000000000000E+00
   3.159229842100000E-01   4.559955601200000E+00   4.559955601200000E+00   0.000000000000000E+00  -9.897386659100000E-01   0.000000000000000E+00   0.000000000000000E+00   0.000000000000000E+00
   3.263590662100000E-01   4.710587473400000E+00   4.710587473400000E+00   0.000000000000000E+00  -9.897386659100000E-01   0.000000000000000E+00   0.000000000000000E+00   0.000000000000000E+00
   3.352159569600000E-01   4.838425682800000E+00   4.838425682800000E+00   0.000000000000000E+00  -9.897386659100000E-01   0.000000000000000E+00   0.000000000000000E+00   0.000000000000000E+00
   3.440728477200000E-01   4.966263892100000E+00   4.966263892100000E+00   0.000000000000000E+00  -9.897386659100000E-01   0.000000000000000E+00   0.000000000000000E+00   0.000000000000000E+00
   3.529297384700000E-01   5.094102101500000E+00   5.094102101500000E+00   0.000000000000000E+00  -9.897386659100000E-01   0.000000000000000E+00   0.000000000000000E+00   0.000000000000000E+00
   3.617866292200000E-01   5.221940310900000E+00   5.221940310900000E+00   0.000000000000000E+00  -9.897386659100000E-01   0.000000000000000E+00   0.000000000000000E+00   0.000000000000000E+00
   3.695435733800000E-01   5.333902158300000E+00   5.333902158300000E+00   0.000000000000000E+00  -9.897386659100000E-01   0.000000000000000E+00   0.000000000000000E+00   0.000000000000000E+00
   3.773005175300000E-01   5.445864005700000E+00   5.445864005700000E+00   0.000000000000000E+00  -9.897386659100000E-01   0.000000000000000E+00   0.000000000000000E+00   0.000000000000000E+00
   3.850574616900000E-01   5.557825853000000E+00   5.557825853000000E+00   0.000000000000000E+00  -9.897386659100000E-01   0.000000000000000E+00   0.000000000000000E+00   0.000000000000000E+00
   3.928144058400000E-01   5.669787700400000E+00   5.669787700400000E+00   0.000000000000000E+00  -9.897386659100000E-01   0.000000000000000E+00   0.000000000000000E+00   0.000000000000000E+00
   4.010078937200000E-01   5.788050513900000E+00   5.788050513900000E+00   0.000000000000000E+00  -9.897386659100000E-01   0.000000000000000E+00   0.000000000000000E+00   0.000000000000000E+00
   4.092013816000000E-01   5.906313327400000E+00   5.906313327400000E+00   0.000000000000000E+00  -9.897386659100000E-01   0.000000000000000E+00   0.000000000000000E+00   0.000000000000000E+00
   4.173948694800000E-01   6.024576140900000E+00   6.024576140900000E+00   0.000000000000000E+00  -9.897386659100000E-01   0.000000000000000E+00   0.000000000000000E+00   0.000000000000000E+00
   4.255883573600000E-01   6.142838954300000E+00   6.142838954300000E+00   0.000000000000000E+00  -9.897386659100000E-01   0.000000000000000E+00   0.000000000000000E+00   0.000000000000000E+00
   4.327348532200000E-01   6.245989739300000E+00   6.245989739300000E+00   0.000000000000000E+00  -9.897386659100000E-01   0.000000000000000E+00   0.000000000000000E+00   0.000000000000000E+00
   4.398813490800000E-01   6.349140524300000E+00   6.349140524300000E+00   0.000000000000000E+00  -9.897386659100000E-01   0.000000000000000E+00   0.000000000000000E+00   0.000000000000000E+00
   4.470278449400000E-01   6.452291309300000E+00   6.452291309300000E+00   0.000000000000000E+00  -9.897386659100000E-01   0.000000000000000E+00   0.000000000000000E+00   0.000000000000000E+00
   4.541743408000000E-01   6.555442094300000E+00   6.555442094300000E+00   0.000000000000000E+00  -9.897386659100000E-01   0.000000000000000E+00   0.000000000000000E+00   0.000000000000000E+00
   4.607825425500000E-01   6.650823272900000E+00   6.650823272900000E+00   0.000000000000000E+00  -9.897386659100000E-01   0.000000000000000E+00   0.000000000000000E+00   0.000000000000000E+00
   4.673907443000000E-01   6.746204451600000E+00   6.746204451600000E+00   0.000000000000000E+00  -9.897386659100000E-01   0.000000000000000E+00   0.000000000000000E+00   0.000000000000000E+00
   4.739989460500000E-01   6.841585630200000E+00   6.841585630200000E+00   0.000000000000000E+00  -9.897386659100000E-01   0.000000000000000E+00   0.000000000000000E+00   0.000000000000000E+00
   4.806071478000000E-01   6.936966808900000E+00   6.936966808900000E+00   0.000000000000000E+00  -9.897386659100000E-01   0.000000000000000E+00   0.000000000000000E+00   0.000000000000000E+00
   4.859857951200000E-01   7.014600897400000E+00   7.014600897400000E+00   0.000000000000000E+00  -9.897386659100000E-01   0.000000000000000E+00   0.000000000000000E+00   0.000000000000000E+00
   4.913644424300000E-01   7.092234986000000E+00   7.092234986000000E+00   0.000000000000000E+00  -9.897386659100000E-01   0.000000000000000E+00   0.000000000000000E+00   0.000000000000000E+00
   4.967430897400000E-01   7.169869074600000E+00   7.169869074600000E+00   0.000000000000000E+00  -9.897386659100000E-01   0.000000000000000E+00   0.000000000000000E+00   0.000000000000000E+00
   5.021217370500000E-01   7.247503163100000E+00   7.247503163100000E+00   0.000000000000000E+00  -9.897386659100000E-01   0.000000000000000E+00   0.000000000000000E+00   0.000000000000000E+00
   5.065638002300000E-01   7.311618823900000E+00   7.311618823900000E+00   0.000000000000000E+00  -9.897386659100000E-01   0.000000000000000E+00   0.000000000000000E+00   0.000000000000000E+00
   5.110058634100000E-01   7.375734484600000E+00   7.375734484600000E+00   0.000000000000000E+00  -9.897386659100000E-01   0.000000000000000E+00   0.000000000000000E+00   0.000000000000000E+00
   5.154479265900000E-01   7.439850145400000E+00   7.439850145400000E+00   0.000000000000000E+00  -9.897386659100000E-01   0.000000000000000E+00   0.000000000000000E+00   0.000000000000000E+00
   5.198899897700000E-01   7.503965806100000E+00   7.503965806100000E+00   0.000000000000000E+00  -9.897386659100000E-01   0.000000000000000E+00   0.000000000000000E+00   0.000000000000000E+00
   5.242652874300000E-01   7.567117789600000E+00   7.567117789600000E+00   0.000000000000000E+00  -9.897386659100000E-01   0.000000000000000E+00   0.000000000000000E+00   0.000000000000000E+00
   5.286405851000000E-01   7.630269773100000E+00   7.630269773100000E+00   0.000000000000000E+00  -9.897386659100000E-01   0.000000000000000E+00   0.000000000000000E+00   0.000000000000000E+00
   5.330158827600000E-01   7.693421756700000E+00   7.693421756700000E+00   0.000000000000000E+00  -9.897386659100000E-01   0.000000000000000E+00   0.000000000000000E+00   0.000000000000000E+00
   5.373911804300000E-01   7.756573740200000E+00   7.756573740200000E+00   0.000000000000000E+00  -9.897386659100000E-01   0.000000000000000E+00   0.000000000000000E+00   0.000000000000000E+00
   5.423235719500000E-01   7.827766681100000E+00   7.827766681100000E+00   0.000000000000000E+00  -9.897386659100000E-01   0.000000000000000E+00   0.000000000000000E+00   0.000000000000000E+00
   5.472559634700001E-01   7.898959621900000E+00   7.898959621900000E+00   0.000000000000000E+00  -9.897386659100000E-01   0.000000000000000E+00   0.000000000000000E+00   0.000000000000000E+00
   5.521883549900000E-01   7.970152562800000E+00   7.970152562800000E+00   0.000000000000000E+00  -9.897386659100000E-01   0.000000000000000E+00   0.000000000000000E+00   0.000000000000000E+00
   5.571207465000000E-01   8.041345503700001E+00   8.041345503700001E+00   0.000000000000000E+00  -9.897386659100000E-01   0.000000000000000E+00   0.000000000000000E+00   0.000000000000000E+00
   5.602691458900000E-01   8.086788735500001E+00   8.086788735500001E+00   0.000000000000000E+00  -9.897386659100000E-01   0.000000000000000E+00   0.000000000000000E+00   0.000000000000000E+00
   5.634175452800000E-01   8.132231967399999E+00   8.132231967399999E+00   0.000000000000000E+00  -9.897386659100000E-01   0.000000000000000E+00   0.000000000000000E+00   0.000000000000000E+00
   5.665659446700000E-01   8.177675199299999E+00   8.177675199299999E+00   0.000000000000000E+00  -9.897386659100000E-01   0.000000000000000E+00   0.000000000000000E+00   0.000000000000000E+00
   5.697143440600000E-01   8.223118431100000E+00   8.223118431100000E+00   0.000000000000000E+00  -9.897386659100000E-01   0.000000000000000E+00   0.000000000000000E+00   0.000000000000000E+00
   5.728386341300000E-01   8.268213675100000E+00   8.268213675100000E+00   0.000000000000000E+00  -9.897386659100000E-01   0.000000000000000E+00   0.000000000000000E+00   0.000000000000000E+00
   5.759629242099999E-01   8.313308919000001E+00   8.313308919000001E+00   0.000000000000000E+00  -9.897386659100000E-01   0.000000000000000E+00   0.000000000000000E+00   0.000000000000000E+00
   5.790872142900000E-01   8.358404162899999E+00   8.358404162899999E+00   0.000000000000000E+00  -9.897386659100000E-01   0.000000000000000E+00   0.000000000000000E+00   0.000000000000000E+00
   5.822115043600000E-01   8.403499406900000E+00   8.403499406900000E+00   0.000000000000000E+00  -9.897386659100000E-01   0.000000000000000E+00   0.000000000000000E+00   0.000000000000000E+00
   5.845951749900000E-01   8.437904729600000E+00   8.437904729600000E+00   0.000000000000000E+00  -9.897386659100000E-01   0.000000000000000E+00   0.000000000000000E+00   0.000000000000000E+00
   5.869788456200000E-01   8.472310052299999E+00   8.472310052299999E+00   0.000000000000000E+00  -9.897386659100000E-01   0.000000000000000E+00   0.000000000000000E+00   0.000000000000000E+00
   5.893625162500000E-01   8.506715375100001E+00   8.506715375100001E+00   0.000000000000000E+00  -9.897386659100000E-01   0.000000000000000E+00   0.000000000000000E+00   0.000000000000000E+00
   5.917461868800000E-01   8.541120697800000E+00   8.541120697800000E+00   0.000000000000000E+00  -9.897386659100000E-01   0.000000000000000E+00   0.000000000000000E+00   0.000000000000000E+00
   5.941871029100000E-01   8.576352286900001E+00   8.576352286900001E+00   0.000000000000000E+00  -9.897386659100000E-01   0.000000000000000E+00   0.000000000000000E+00   0.000000000000000E+00
   5.966280189499999E-01   8.611583875899999E+00   8.611583875899999E+00   0.000000000000000E+00  -9.897386659100000E-01   0.000000000000000E+00   0.000000000000000E+00   0.000000000000000E+00
   5.990689349800000E-01   8.646815464900000E+00   8.646815464900000E+00   0.000000000000000E+00  -9.897386659100000E-01   0.000000000000000E+00   0.000000000000000E+00   0.000000000000000E+00
   6.015098510200000E-01   8.682047054000000E+00   8.682047054000000E+00   0.000000000000000E+00  -9.897386659100000E-01   0.000000000000000E+00   0.000000000000000E+00   0.000000000000000E+00
   6.042191793700000E-01   8.721152841100000E+00   8.721152841100000E+00   0.000000000000000E+00  -9.897386659100000E-01   0.000000000000000E+00   0.000000000000000E+00   0.000000000000000E+00
   6.069285077100000E-01   8.760258628300001E+00   8.760258628300001E+00   0.000000000000000E+00  -9.897386659100000E-01   0.000000000000000E+00   0.000000000000000E+00   0.000000000000000E+00
   6.096378360600000E-01   8.799364415399999E+00   8.799364415399999E+00   0.000000000000000E+00  -9.897386659100000E-01   0.000000000000000E+00   0.000000000000000E+00   0.000000000000000E+00
   6.123471644100000E-01   8.838470202600000E+00   8.838470202600000E+00   0.000000000000000E+00  -9.897386659100000E-01   0.000000000000000E+00   0.000000000000000E+00   0.000000000000000E+00
   6.150567664100000E-01   8.877579939600000E+00   8.877579939600000E+00   0.000000000000000E+00  -9.897386659100000E-01   0.000000000000000E+00   0.000000000000000E+00   0.000000000000000E+00
   6.177663684100000E-01   8.916689676500001E+00   8.916689676500001E+00   0.000000000000000E+00  -9.897386659100000E-01   0.000000000000000E+00   0.000000000000000E+00   0.000000000000000E+00
   6.204759704100000E-01   8.955799413499999E+00   8.955799413499999E+00   0.000000000000000E+00  -9.897386659100000E-01   0.000000000000000E+00   0.000000000000000E+00   0.000000000000000E+00
   6.231855724100001E-01   8.994909150500000E+00   8.994909150500000E+00   0.000000000000000E+00  -9.897386659100000E-01   0.000000000000000E+00   0.000000000000000E+00   0.000000000000000E+00
   6.258868936700001E-01   9.033899365300000E+00   9.033899365300000E+00   0.000000000000000E+00  -9.897386659100000E-01   0.000000000000000E+00   0.000000000000000E+00   0.000000000000000E+00
   6.285882149399999E-01   9.072889580200000E+00   9.072889580200000E+00   0.000000000000000E+00  -9.897386659100000E-01   0.000000000000000E+00   0.000000000000000E+00   0.000000000000000E+00
   6.312895361999999E-01   9.111879795000000E+00   9.111879795000000E+00   0.000000000000000E+00  -9.897386659100000E-01   0.000000000000000E+00   0.000000000000000E+00   0.000000000000000E+00
   6.339908574599999E-01   9.150870009800000E+00   9.150870009800000E+00   0.000000000000000E+00  -9.897386659100000E-01   0.000000000000000E+00   0.000000000000000E+00   0.000000000000000E+00
   6.363571885900000E-01   9.185025058400001E+00   9.185025058400001E+00   0.000000000000000E+00  -9.897386659100000E-01   0.000000000000000E+00   0.000000000000000E+00   0.000000000000000E+00
   6.387235197200000E-01   9.219180107000000E+00   9.219180107000000E+00   0.000000000000000E+00  -9.897386659100000E-01   0.000000000000000E+00   0.000000000000000E+00   0.000000000000000E+00
   6.410898508400000E-01   9.253335155600000E+00   9.253335155600000E+00   0.000000000000000E+00  -9.897386659100000E-01   0.000000000000000E+00   0.000000000000000E+00   0.000000000000000E+00
   6.434561819700000E-01   9.287490204099999E+00   9.287490204099999E+00   0.000000000000000E+00  -9.897386659100000E-01   0.000000000000000E+00   0.000000000000000E+00   0.000000000000000E+00
   6.452319620800000E-01   9.313121382800000E+00   9.313121382800000E+00   0.000000000000000E+00  -9.897386659100000E-01   0.000000000000000E+00   0.000000000000000E+00   0.000000000000000E+00
   6.470077421900000E-01   9.338752561500000E+00   9.338752561500000E+00   0.000000000000000E+00  -9.897386659100000E-01   0.000000000000000E+00   0.000000000000000E+00   0.000000000000000E+00
   6.487835223000000E-01   9.364383740199999E+00   9.364383740199999E+00   0.000000000000000E+00  -9.897386659100000E-01   0.000000000000000E+00   0.000000000000000E+00   0.000000000000000E+00
   6.505593024100000E-01   9.390014918900000E+00   9.390014918900000E+00   0.000000000000000E+00  -9.897386659100000E-01   0.000000000000000E+00   0.000000000000000E+00   0.000000000000000E+00
   6.519734846700000E-01   9.410426881999999E+00   9.410426881999999E+00   0.000000000000000E+00  -9.897386659100000E-01   0.000000000000000E+00   0.000000000000000E+00   0.000000000000000E+00
   6.533876669300001E-01   9.430838845200000E+00   9.430838845200000E+00   0.000000000000000E+00  -9.897386659100000E-01   0.000000000000000E+00   0.000000000000000E+00   0.000000000000000E+00
   6.548018491800000E-01   9.451250808299999E+00   9.451250808299999E+00   0.000000000000000E+00  -9.897386659100000E-01   0.000000000000000E+00   0.000000000000000E+00   0.000000000000000E+00
   6.562160314400000E-01   9.471662771400000E+00   9.471662771400000E+00   0.000000000000000E+00  -9.897386659100000E-01   0.000000000000000E+00   0.000000000000000E+00   0.000000000000000E+00
   6.576036860300000E-01   9.491691840600000E+00   9.491691840600000E+00   0.000000000000000E+00  -9.897386659100000E-01   0.000000000000000E+00   0.000000000000000E+00   0.000000000000000E+00
   6.589913406200000E-01   9.511720909799999E+00   9.511720909799999E+00   0.000000000000000E+00  -9.897386659100000E-01   0.000000000000000E+00   0.000000000000000E+00   0.000000000000000E+00
   6.603789952000000E-01   9.531749979000001E+00   9.531749979000001E+00   0.000000000000000E+00  -9.897386659100000E-01   0.000000000000000E+00   0.000000000000000E+00   0.000000000000000E+00
   6.617666497900000E-01   9.551779048200000E+00   9.551779048200000E+00   0.000000000000000E+00  -9.897386659100000E-01   0.000000000000000E+00   0.000000000000000E+00   0.000000000000000E+00
   6.631152457300000E-01   9.571244354399999E+00   9.571244354399999E+00   0.000000000000000E+00  -9.897386659100000E-01   0.000000000000000E+00   0.000000000000000E+00   0.000000000000000E+00
   6.644638416700001E-01   9.590709660600000E+00   9.590709660600000E+00   0.000000000000000E+00  -9.897386659100000E-01   0.000000000000000E+00   0.000000000000000E+00   0.000000000000000E+00
   6.658124376200000E-01   9.610174966800001E+00   9.610174966800001E+00   0.000000000000000E+00  -9.897386659100000E-01   0.000000000000000E+00   0.000000000000000E+00   0.000000000000000E+00
   6.671610335600000E-01   9.629640272900000E+00   9.629640272900000E+00   0.000000000000000E+00  -9.897386659100000E-01   0.000000000000000E+00   0.000000000000000E+00   0.000000000000000E+00
   6.684192314300000E-01   9.647800795300000E+00   9.647800795300000E+00   0.000000000000000E+00  -9.897386659100000E-01   0.000000000000000E+00   0.000000000000000E+00   0.000000000000000E+00
   6.696774292900000E-01   9.665961317600001E+00   9.665961317600001E+00   0.000000000000000E+00  -9.897386659100000E-01   0.000000000000000E+00   0.000000000000000E+00   0.000000000000000E+00
   6.709356271600000E-01   9.684121840000000E+00   9.684121840000000E+00   0.000000000000000E+00  -9.897386659100000E-01   0.000000000000000E+00   0.000000000000000E+00   0.000000000000000E+00
   6.721938250300000E-01   9.702282362300000E+00   9.702282362300000E+00   0.000000000000000E+00  -9.897386659100000E-01   0.000000000000000E+00   0.000000000000000E+00   0.000000000000000E+00
   6.734382373100000E-01   9.720243906800000E+00   9.720243906800000E+00   0.000000000000000E+00  -9.897386659100000E-01   0.000000000000000E+00   0.000000000000000E+00   0.000000000000000E+00
   6.746826495900000E-01   9.738205451300001E+00   9.738205451300001E+00   0.000000000000000E+00  -9.897386659100000E-01   0.000000000000000E+00   0.000000000000000E+00   0.000000000000000E+00
   6.759270618700000E-01   9.756166995799999E+00   9.756166995799999E+00   0.000000000000000E+00  -9.897386659100000E-01   0.000000000000000E+00   0.000000000000000E+00   0.000000000000000E+00
   6.771714741400000E-01   9.774128540300000E+00   9.774128540300000E+00   0.000000000000000E+00  -9.897386659100000E-01   0.000000000000000E+00   0.000000000000000E+00   0.000000000000000E+00
   6.784140033700000E-01   9.792062905300000E+00   9.792062905300000E+00   0.000000000000000E+00  -9.897386659100000E-01   0.000000000000000E+00   0.000000000000000E+00   0.000000000000000E+00
   6.796565325900000E-01   9.809997270200000E+00   9.809997270200000E+00   0.000000000000000E+00  -9.897386659100000E-01   0.000000000000000E+00   0.000000000000000E+00   0.000000000000000E+00
   6.808990618100000E-01   9.827931635100001E+00   9.827931635100001E+00   0.000000000000000E+00  -9.897386659100000E-01   0.000000000000000E+00   0.000000000000000E+00   0.000000000000000E+00
   6.821415910300000E-01   9.845865999999999E+00   9.845865999999999E+00   0.000000000000000E+00  -9.897386659100000E-01   0.000000000000000E+00   0.000000000000000E+00   0.000000000000000E+00
   6.837265311100000E-01   9.868742640100001E+00   9.868742640100001E+00   0.000000000000000E+00  -9.897386659100000E-01   0.000000000000000E+00   0.000000000000000E+00   0.000000000000000E+00
   6.853114712000000E-01   9.891619280200000E+00   9.891619280200000E+00   0.000000000000000E+00  -9.897386659100000E-01   0.000000000000000E+00   0.000000000000000E+00   0.000000000000000E+00
   6.868964112800000E-01   9.914495920300000E+00   9.914495920300000E+00   0.000000000000000E+00  -9.897386659100000E-01   0.000000000000000E+00   0.000000000000000E+00   0.000000000000000E+00
   6.884813513700000E-01   9.937372560500000E+00   9.937372560500000E+00   0.000000000000000E+00  -9.897386659100000E-01   0.000000000000000E+00   0.000000000000000E+00   0.000000000000000E+00
   6.900103844600000E-01   9.959442252700001E+00   9.959442252700001E+00   0.000000000000000E+00  -9.897386659100000E-01   0.000000000000000E+00   0.000000000000000E+00   0.000000000000000E+00
   6.915394175600000E-01   9.981511944899999E+00   9.981511944899999E+00   0.000000000000000E+00  -9.897386659100000E-01   0.000000000000000E+00   0.000000000000000E+00   0.000000000000000E+00
   6.930684506500000E-01   1.000358163700000E+01   1.000358163700000E+01   0.000000000000000E+00  -9.897386659100000E-01   0.000000000000000E+00   0.000000000000000E+00   0.000000000000000E+00
   6.945974837500000E-01   1.002565132900000E+01   1.002565132900000E+01   0.000000000000000E+00  -9.897386659100000E-01   0.000000000000000E+00   0.000000000000000E+00   0.000000000000000E+00
   6.957746734500000E-01   1.004264259900000E+01   1.004264259900000E+01   0.000000000000000E+00  -9.897386659100000E-01   0.000000000000000E+00   0.000000000000000E+00   0.000000000000000E+00
   6.969518631400000E-01   1.005963387000000E+01   1.005963387000000E+01   0.000000000000000E+00  -9.897386659100000E-01   0.000000000000000E+00   0.000000000000000E+00   0.000000000000000E+00
   6.981290528400000E-01   1.007662514000000E+01   1.007662514000000E+01   0.000000000000000E+00  -9.897386659100000E-01   0.000000000000000E+00   0.000000000000000E+00   0.000000000000000E+00
   6.993062425400000E-01   1.009361641000000E+01   1.009361641000000E+01   0.000000000000000E+00  -9.897386659100000E-01   0.000000000000000E+00   0.000000000000000E+00   0.000000000000000E+00
   7.005507693500000E-01   1.011157960700000E+01   1.011157960700000E+01   0.000000000000000E+00  -9.897386659100000E-01   0.000000000000000E+00   0.000000000000000E+00   0.000000000000000E+00
   7.017952961600000E-01   1.012954280500000E+01   1.012954280500000E+01   0.000000000000000E+00  -9.897386659100000E-01   0.000000000000000E+00   0.000000000000000E+00   0.000000000000000E+00
   7.030398229700000E-01   1.014750600300000E+01   1.014750600300000E+01   0.000000000000000E+00  -9.897386659100000E-01   0.000000000000000E+00   0.000000000000000E+00   0.000000000000000E+00
   7.042843497900000E-01   1.016546920000000E+01   1.016546920000000E+01   0.000000000000000E+00  -9.897386659100000E-01   0.000000000000000E+00   0.000000000000000E+00   0.000000000000000E+00
   7.055337730300000E-01   1.018350307200000E+01   1.018350307200000E+01   0.000000000000000E+00  -9.897386659100000E-01   0.000000000000000E+00   0.000000000000000E+00   0.000000000000000E+00
   7.067831962700000E-01   1.020153694300000E+01   1.020153694300000E+01   0.000000000000000E+00  -9.897386659100000E-01   0.000000000000000E+00   0.000000000000000E+00   0.000000000000000E+00
   7.080326195100000E-01   1.021957081500000E+01   1.021957081500000E+01   0.000000000000000E+00  -9.897386659100000E-01   0.000000000000000E+00   0.000000000000000E+00   0.000000000000000E+00
   7.092820427500000E-01   1.023760468600000E+01   1.023760468600000E+01   0.000000000000000E+00  -9.897386659100000E-01   0.000000000000000E+00   0.000000000000000E+00   0.000000000000000E+00
   7.105279780200000E-01   1.025558821300000E+01   1.025558821300000E+01   0.000000000000000E+00  -9.897386659100000E-01   0.000000000000000E+00   0.000000000000000E+00   0.000000000000000E+00
   7.117739132899999E-01   1.027357174000000E+01   1.027357174000000E+01   0.000000000000000E+00  -9.897386659100000E-01   0.000000000000000E+00   0.000000000000000E+00   0.000000000000000E+00
   7.130198485600000E-01   1.029155526700000E+01   1.029155526700000E+01   0.000000000000000E+00  -9.897386659100000E-01   0.000000000000000E+00   0.000000000000000E+00   0.000000000000000E+00
   7.142657838299999E-01   1.030953879400000E+01   1.030953879400000E+01   0.000000000000000E+00  -9.897386659100000E-01   0.000000000000000E+00   0.000000000000000E+00   0.000000000000000E+00
   7.153346703400000E-01   1.032496684300000E+01   1.032496684300000E+01   0.000000000000000E+00  -9.897386659100000E-01   0.000000000000000E+00   0.000000000000000E+00   0.000000000000000E+00
   7.164035568400000E-01   1.034039489100000E+01   1.034039489100000E+01   0.000000000000000E+00  -9.897386659100000E-01   0.000000000000000E+00   0.000000000000000E+00   0.000000000000000E+00
   7.174724433500000E-01   1.035582293900000E+01   1.035582293900000E+01   0.000000000000000E+00  -9.897386659100000E-01   0.000000000000000E+00   0.000000000000000E+00   0.000000000000000E+00
   7.185413298600000E-01   1.037125098700000E+01   1.037125098700000E+01   0.000000000000000E+00  -9.897386659100000E-01   0.000000000000000E+00   0.000000000000000E+00   0.000000000000000E+00
   7.193905009400000E-01   1.038350771600000E+01   1.038350771600000E+01   0.000000000000000E+00  -9.897386659100000E-01   0.000000000000000E+00   0.000000000000000E+00   0.000000000000000E+00
   7.202396720300001E-01   1.039576444500000E+01   1.039576444500000E+01   0.000000000000000E+00  -9.897386659100000E-01   0.000000000000000E+00   0.000000000000000E+00   0.000000000000000E+00
   7.210888431100000E-01   1.040802117400000E+01   1.040802117400000E+01   0.000000000000000E+00  -9.897386659100000E-01   0.000000000000000E+00   0.000000000000000E+00   0.000000000000000E+00
   7.219380142000000E-01   1.042027790400000E+01   1.042027790400000E+01   0.000000000000000E+00  -9.897386659100000E-01   0.000000000000000E+00   0.000000000000000E+00   0.000000000000000E+00
   7.227665575500000E-01   1.043223689700000E+01   1.043223689700000E+01   0.000000000000000E+00  -9.897386659100000E-01   0.000000000000000E+00   0.000000000000000E+00   0.000000000000000E+00
   7.235951008900000E-01   1.044419589000000E+01   1.044419589000000E+01   0.000000000000000E+00  -9.897386659100000E-01   0.000000000000000E+00   0.000000000000000E+00   0.000000000000000E+00
   7.244236442400001E-01   1.045615488400000E+01   1.045615488400000E+01   0.000000000000000E+00  -9.897386659100000E-01   0.000000000000000E+00   0.000000000000000E+00   0.000000000000000E+00
   7.252521875900000E-01   1.046811387700000E+01   1.046811387700000E+01   0.000000000000000E+00  -9.897386659100000E-01   0.000000000000000E+00   0.000000000000000E+00   0.000000000000000E+00
   7.260774871800000E-01   1.048002605100000E+01   1.048002605100000E+01   0.000000000000000E+00  -9.897386659100000E-01   0.000000000000000E+00   0.000000000000000E+00   0.000000000000000E+00
   7.269027867700000E-01   1.049193822500000E+01   1.049193822500000E+01   0.000000000000000E+00  -9.897386659100000E-01   0.000000000000000E+00   0.000000000000000E+00   0.000000000000000E+00
   7.277280863600000E-01   1.050385039800000E+01   1.050385039800000E+01   0.000000000000000E+00  -9.897386659100000E-01   0.000000000000000E+00   0.000000000000000E+00   0.000000000000000E+00
   7.285533859500000E-01   1.051576257200000E+01   1.051576257200000E+01   0.000000000000000E+00  -9.897386659100000E-01   0.000000000000000E+00   0.000000000000000E+00   0.000000000000000E+00
   7.290990310600000E-01   1.052363828100000E+01   1.052363828100000E+01   0.000000000000000E+00  -9.897386659100000E-01   0.000000000000000E+00   0.000000000000000E+00   0.000000000000000E+00
   7.296446761599999E-01   1.053151399000000E+01   1.053151399000000E+01   0.000000000000000E+00  -9.897386659100000E-01   0.000000000000000E+00   0.000000000000000E+00   0.000000000000000E+00
   7.301903212700001E-01   1.053938969900000E+01   1.053938969900000E+01   0.000000000000000E+00  -9.897386659100000E-01   0.000000000000000E+00   0.000000000000000E+00   0.000000000000000E+00
   7.307359663700000E-01   1.054726540800000E+01   1.054726540800000E+01   0.000000000000000E+00  -9.897386659100000E-01   0.000000000000000E+00   0.000000000000000E+00   0.000000000000000E+00
   7.312096550800000E-01   1.055410251500000E+01   1.055410251500000E+01   0.000000000000000E+00  -9.897386659100000E-01   0.000000000000000E+00   0.000000000000000E+00   0.000000000000000E+00
   7.316833437800000E-01   1.056093962300000E+01   1.056093962300000E+01   0.000000000000000E+00  -9.897386659100000E-01   0.000000000000000E+00   0.000000000000000E+00   0.000000000000000E+00
   7.321570324900000E-01   1.056777673100000E+01   1.056777673100000E+01   0.000000000000000E+00  -9.897386659100000E-01   0.000000000000000E+00   0.000000000000000E+00   0.000000000000000E+00
   7.326307211899999E-01   1.057461383900000E+01   1.057461383900000E+01   0.000000000000000E+00  -9.897386659100000E-01   0.000000000000000E+00   0.000000000000000E+00   0.000000000000000E+00
   7.332092653800000E-01   1.058296440500000E+01   1.058296440500000E+01   0.000000000000000E+00  -9.897386659100000E-01   0.000000000000000E+00   0.000000000000000E+00   0.000000000000000E+00
   7.337878095700000E-01   1.059131497100000E+01   1.059131497100000E+01   0.000000000000000E+00  -9.897386659100000E-01   0.000000000000000E+00   0.000000000000000E+00   0.000000000000000E+00
   7.343663537600000E-01   1.059966553700000E+01   1.059966553700000E+01   0.000000000000000E+00  -9.897386659100000E-01   0.000000000000000E+00   0.000000000000000E+00   0.000000000000000E+00
   7.349448979500000E-01   1.060801610400000E+01   1.060801610400000E+01   0.000000000000000E+00  -9.897386659100000E-01   0.000000000000000E+00   0.000000000000000E+00   0.000000000000000E+00
   7.359193926699999E-01   1.062208172400000E+01   1.062208172400000E+01   0.000000000000000E+00  -9.897386659100000E-01   0.000000000000000E+00   0.000000000000000E+00   0.000000000000000E+00
   7.368938873899999E-01   1.063614734400000E+01   1.063614734400000E+01   0.000000000000000E+00  -9.897386659100000E-01   0.000000000000000E+00   0.000000000000000E+00   0.000000000000000E+00
   7.378683821100001E-01   1.065021296400000E+01   1.065021296400000E+01   0.000000000000000E+00  -9.897386659100000E-01   0.000000000000000E+00   0.000000000000000E+00   0.000000000000000E+00
   7.388428768300001E-01   1.066427858400000E+01   1.066427858400000E+01   0.000000000000000E+00  -9.897386659100000E-01   0.000000000000000E+00   0.000000000000000E+00   0.000000000000000E+00
   7.406675811000000E-01   1.069061592200000E+01   1.069061592200000E+01   0.000000000000000E+00  -9.897386659100000E-01   0.000000000000000E+00   0.000000000000000E+00   0.000000000000000E+00
   7.424922853600000E-01   1.071695326000000E+01   1.071695326000000E+01   0.000000000000000E+00  -9.897386659100000E-01   0.000000000000000E+00   0.000000000000000E+00   0.000000000000000E+00
   7.443169896300000E-01   1.074329059800000E+01   1.074329059800000E+01   0.000000000000000E+00  -9.897386659100000E-01   0.000000000000000E+00   0.000000000000000E+00   0.000000000000000E+00
   7.461416938900000E-01   1.076962793600000E+01   1.076962793600000E+01   0.000000000000000E+00  -9.897386659100000E-01   0.000000000000000E+00   0.000000000000000E+00   0.000000000000000E+00
   7.478918196600000E-01   1.079488882600000E+01   1.079488882600000E+01   0.000000000000000E+00  -9.897386659100000E-01   0.000000000000000E+00   0.000000000000000E+00   0.000000000000000E+00
   7.496419454200000E-01   1.082014971600000E+01   1.082014971600000E+01   0.000000000000000E+00  -9.897386659100000E-01   0.000000000000000E+00   0.000000000000000E+00   0.000000000000000E+00
   7.513920711900000E-01   1.084541060600000E+01   1.084541060600000E+01   0.000000000000000E+00  -9.897386659100000E-01   0.000000000000000E+00   0.000000000000000E+00   0.000000000000000E+00
   7.531421969500000E-01   1.087067149600000E+01   1.087067149600000E+01   0.000000000000000E+00  -9.897386659100000E-01   0.000000000000000E+00   0.000000000000000E+00   0.000000000000000E+00
   7.545485765100000E-01   1.089097083700000E+01   1.089097083700000E+01   0.000000000000000E+00  -9.897386659100000E-01   0.000000000000000E+00   0.000000000000000E+00   0.000000000000000E+00
   7.559549560700000E-01   1.091127017800000E+01   1.091127017800000E+01   0.000000000000000E+00  -9.897386659100000E-01   0.000000000000000E+00   0.000000000000000E+00   0.000000000000000E+00
   7.573613356300000E-01   1.093156951900000E+01   1.093156951900000E+01   0.000000000000000E+00  -9.897386659100000E-01   0.000000000000000E+00   0.000000000000000E+00   0.000000000000000E+00
   7.587677151900000E-01   1.095186886000000E+01   1.095186886000000E+01   0.000000000000000E+00  -9.897386659100000E-01   0.000000000000000E+00   0.000000000000000E+00   0.000000000000000E+00
   7.599905433900001E-01   1.096951886500000E+01   1.096951886500000E+01   0.000000000000000E+00  -9.897386659100000E-01   0.000000000000000E+00   0.000000000000000E+00   0.000000000000000E+00
   7.612133715900000E-01   1.098716887000000E+01   1.098716887000000E+01   0.000000000000000E+00  -9.897386659100000E-01   0.000000000000000E+00   0.000000000000000E+00   0.000000000000000E+00
   7.624361997900000E-01   1.100481887500000E+01   1.100481887500000E+01   0.000000000000000E+00  -9.897386659100000E-01   0.000000000000000E+00   0.000000000000000E+00   0.000000000000000E+00
   7.636590280000000E-01   1.102246888100000E+01   1.102246888100000E+01   0.000000000000000E+00  -9.897386659100000E-01   0.000000000000000E+00   0.000000000000000E+00   0.000000000000000E+00
   7.648553314300000E-01   1.103973603400000E+01   1.103973603400000E+01   0.000000000000000E+00  -9.897386659100000E-01   0.000000000000000E+00   0.000000000000000E+00   0.000000000000000E+00
   7.660516348700001E-01   1.105700318700000E+01   1.105700318700000E+01   0.000000000000000E+00  -9.897386659100000E-01   0.000000000000000E+00   0.000000000000000E+00   0.000000000000000E+00
   7.672479383000000E-01   1.107427034000000E+01   1.107427034000000E+01   0.000000000000000E+00  -9.897386659100000E-01   0.000000000000000E+00   0.000000000000000E+00   0.000000000000000E+00
   7.684442417400000E-01   1.109153749300000E+01   1.109153749300000E+01   0.000000000000000E+00  -9.897386659100000E-01   0.000000000000000E+00   0.000000000000000E+00   0.000000000000000E+00
   7.696286116100000E-01   1.110863240000000E+01   1.110863240000000E+01   0.000000000000000E+00  -9.897386659100000E-01   0.000000000000000E+00   0.000000000000000E+00   0.000000000000000E+00
   7.708129814900000E-01   1.112572730700000E+01   1.112572730700000E+01   0.000000000000000E+00  -9.897386659100000E-01   0.000000000000000E+00   0.000000000000000E+00   0.000000000000000E+00
   7.719973513600000E-01   1.114282221400000E+01   1.114282221400000E+01   0.000000000000000E+00  -9.897386659100000E-01   0.000000000000000E+00   0.000000000000000E+00   0.000000000000000E+00
   7.731817212400000E-01   1.115991712100000E+01   1.115991712100000E+01   0.000000000000000E+00  -9.897386659100000E-01   0.000000000000000E+00   0.000000000000000E+00   0.000000000000000E+00
   7.743203118100001E-01   1.117635126100000E+01   1.117635126100000E+01   0.000000000000000E+00  -9.897386659100000E-01   0.000000000000000E+00   0.000000000000000E+00   0.000000000000000E+00
   7.754589023800000E-01   1.119278540100000E+01   1.119278540100000E+01   0.000000000000000E+00  -9.897386659100000E-01   0.000000000000000E+00   0.000000000000000E+00   0.000000000000000E+00
   7.765974929400000E-01   1.120921954000000E+01   1.120921954000000E+01   0.000000000000000E+00  -9.897386659100000E-01   0.000000000000000E+00   0.000000000000000E+00   0.000000000000000E+00
   7.777360835100000E-01   1.122565368000000E+01   1.122565368000000E+01   0.000000000000000E+00  -9.897386659100000E-01   0.000000000000000E+00   0.000000000000000E+00   0.000000000000000E+00
   7.791600882800001E-01   1.124620741900000E+01   1.124620741900000E+01   0.000000000000000E+00  -9.897386659100000E-01   0.000000000000000E+00   0.000000000000000E+00   0.000000000000000E+00
   7.805840930500000E-01   1.126676115800000E+01   1.126676115800000E+01   0.000000000000000E+00  -9.897386659100000E-01   0.000000000000000E+00   0.000000000000000E+00   0.000000000000000E+00
   7.820080978200000E-01   1.128731489700000E+01   1.128731489700000E+01   0.000000000000000E+00  -9.897386659100000E-01   0.000000000000000E+00   0.000000000000000E+00   0.000000000000000E+00
   7.834321025900000E-01   1.130786863600000E+01   1.130786863600000E+01   0.000000000000000E+00  -9.897386659100000E-01   0.000000000000000E+00   0.000000000000000E+00   0.000000000000000E+00
   7.854391656800001E-01   1.133683809700000E+01   1.133683809700000E+01   0.000000000000000E+00  -9.897386659100000E-01   0.000000000000000E+00   0.000000000000000E+00   0.000000000000000E+00
   7.874462287700000E-01   1.136580755800000E+01   1.136580755800000E+01   0.000000000000000E+00  -9.897386659100000E-01   0.000000000000000E+00   0.000000000000000E+00   0.000000000000000E+00
   7.894532918600000E-01   1.139477701900000E+01   1.139477701900000E+01   0.000000000000000E+00  -9.897386659100000E-01   0.000000000000000E+00   0.000000000000000E+00   0.000000000000000E+00
   7.914603549500000E-01   1.142374648000000E+01   1.142374648000000E+01   0.000000000000000E+00  -9.897386659100000E-01   0.000000000000000E+00   0.000000000000000E+00   0.000000000000000E+00
   7.939350535300000E-01   1.145946567800000E+01   1.145946567800000E+01   0.000000000000000E+00  -9.897386659100000E-01   0.000000000000000E+00   0.000000000000000E+00   0.000000000000000E+00
   7.964097521100000E-01   1.149518487600000E+01   1.149518487600000E+01   0.000000000000000E+00  -9.897386659100000E-01   0.000000000000000E+00   0.000000000000000E+00   0.000000000000000E+00
   7.988844506900000E-01   1.153090407400000E+01   1.153090407400000E+01   0.000000000000000E+00  -9.897386659100000E-01   0.000000000000000E+00   0.000000000000000E+00   0.000000000000000E+00
   8.013591492700000E-01   1.156662327200000E+01   1.156662327200000E+01   0.000000000000000E+00  -9.897386659100000E-01   0.000000000000000E+00   0.000000000000000E+00   0.000000000000000E+00
   8.032827311800000E-01   1.159438778600000E+01   1.159438778600000E+01   0.000000000000000E+00  -9.897386659100000E-01   0.000000000000000E+00   0.000000000000000E+00   0.000000000000000E+00
   8.052063130900000E-01   1.162215230000000E+01   1.162215230000000E+01   0.000000000000000E+00  -9.897386659100000E-01   0.000000000000000E+00   0.000000000000000E+00   0.000000000000000E+00
   8.071298950000000E-01   1.164991681400000E+01   1.164991681400000E+01   0.000000000000000E+00  -9.897386659100000E-01   0.000000000000000E+00   0.000000000000000E+00   0.000000000000000E+00
   8.090534769200000E-01   1.167768132800000E+01   1.167768132800000E+01   0.000000000000000E+00  -9.897386659100000E-01   0.000000000000000E+00   0.000000000000000E+00   0.000000000000000E+00
   8.108629200100000E-01   1.170379839000000E+01   1.170379839000000E+01   0.000000000000000E+00  -9.897386659100000E-01   0.000000000000000E+00   0.000000000000000E+00   0.000000000000000E+00
   8.126723631000000E-01   1.172991545200000E+01   1.172991545200000E+01   0.000000000000000E+00  -9.897386659100000E-01   0.000000000000000E+00   0.000000000000000E+00   0.000000000000000E+00
   8.144818061900000E-01   1.175603251400000E+01   1.175603251400000E+01   0.000000000000000E+00  -9.897386659100000E-01   0.000000000000000E+00   0.000000000000000E+00   0.000000000000000E+00
   8.162912492800000E-01   1.178214957600000E+01   1.178214957600000E+01   0.000000000000000E+00  -9.897386659100000E-01   0.000000000000000E+00   0.000000000000000E+00   0.000000000000000E+00
   8.181537019400000E-01   1.180903176500000E+01   1.180903176500000E+01   0.000000000000000E+00  -9.897386659100000E-01   0.000000000000000E+00   0.000000000000000E+00   0.000000000000000E+00
   8.200161546100000E-01   1.183591395400000E+01   1.183591395400000E+01   0.000000000000000E+00  -9.897386659100000E-01   0.000000000000000E+00   0.000000000000000E+00   0.000000000000000E+00
   8.218786072700000E-01   1.186279614400000E+01   1.186279614400000E+01   0.000000000000000E+00  -9.897386659100000E-01   0.000000000000000E+00   0.000000000000000E+00   0.000000000000000E+00
   8.237410599400000E-01   1.188967833300000E+01   1.188967833300000E+01   0.000000000000000E+00  -9.897386659100000E-01   0.000000000000000E+00   0.000000000000000E+00   0.000000000000000E+00
   8.256462651699999E-01   1.191717760200000E+01   1.191717760200000E+01   0.000000000000000E+00  -9.897386659100000E-01   0.000000000000000E+00   0.000000000000000E+00   0.000000000000000E+00
   8.275514704100000E-01   1.194467687200000E+01   1.194467687200000E+01   0.000000000000000E+00  -9.897386659100000E-01   0.000000000000000E+00   0.000000000000000E+00   0.000000000000000E+00
   8.294566756500000E-01   1.197217614100000E+01   1.197217614100000E+01   0.000000000000000E+00  -9.897386659100000E-01   0.000000000000000E+00   0.000000000000000E+00   0.000000000000000E+00
   8.313618808900000E-01   1.199967541100000E+01   1.199967541100000E+01   0.000000000000000E+00  -9.897386659100000E-01   0.000000000000000E+00   0.000000000000000E+00   0.000000000000000E+00
   8.333208037600000E-01   1.202795002800000E+01   1.202795002800000E+01   0.000000000000000E+00  -9.897386659100000E-01   0.000000000000000E+00   0.000000000000000E+00   0.000000000000000E+00
   8.352797266400001E-01   1.205622464500000E+01   1.205622464500000E+01   0.000000000000000E+00  -9.897386659100000E-01   0.000000000000000E+00   0.000000000000000E+00   0.000000000000000E+00
   8.372386495100000E-01   1.208449926200000E+01   1.208449926200000E+01   0.000000000000000E+00  -9.897386659100000E-01   0.000000000000000E+00   0.000000000000000E+00   0.000000000000000E+00
   8.391975723900000E-01   1.211277387800000E+01   1.211277387800000E+01   0.000000000000000E+00  -9.897386659100000E-01   0.000000000000000E+00   0.000000000000000E+00   0.000000000000000E+00
   8.417571315600000E-01   1.214971793400000E+01   1.214971793400000E+01   0.000000000000000E+00  -9.897386659100000E-01   0.000000000000000E+00   0.000000000000000E+00   0.000000000000000E+00
   8.443166907400000E-01   1.218666198900000E+01   1.218666198900000E+01   0.000000000000000E+00  -9.897386659100000E-01   0.000000000000000E+00   0.000000000000000E+00   0.000000000000000E+00
   8.468762499100000E-01   1.222360604400000E+01   1.222360604400000E+01   0.000000000000000E+00  -9.897386659100000E-01   0.000000000000000E+00   0.000000000000000E+00   0.000000000000000E+00
   8.494358090900000E-01   1.226055010000000E+01   1.226055010000000E+01   0.000000000000000E+00  -9.897386659100000E-01   0.000000000000000E+00   0.000000000000000E+00   0.000000000000000E+00
   8.518603504700000E-01   1.229554534100000E+01   1.229554534100000E+01   0.000000000000000E+00  -9.897386659100000E-01   0.000000000000000E+00   0.000000000000000E+00   0.000000000000000E+00
   8.542848918500000E-01   1.233054058200000E+01   1.233054058200000E+01   0.000000000000000E+00  -9.897386659100000E-01   0.000000000000000E+00   0.000000000000000E+00   0.000000000000000E+00
   8.567094332400000E-01   1.236553582300000E+01   1.236553582300000E+01   0.000000000000000E+00  -9.897386659100000E-01   0.000000000000000E+00   0.000000000000000E+00   0.000000000000000E+00
   8.591339746200000E-01   1.240053106500000E+01   1.240053106500000E+01   0.000000000000000E+00  -9.897386659100000E-01   0.000000000000000E+00   0.000000000000000E+00   0.000000000000000E+00
   8.624882059500000E-01   1.244894522500000E+01   1.244894522500000E+01   0.000000000000000E+00  -9.897386659100000E-01   0.000000000000000E+00   0.000000000000000E+00   0.000000000000000E+00
   8.658424372700000E-01   1.249735938500000E+01   1.249735938500000E+01   0.000000000000000E+00  -9.897386659100000E-01   0.000000000000000E+00   0.000000000000000E+00   0.000000000000000E+00
   8.691966686000000E-01   1.254577354500000E+01   1.254577354500000E+01   0.000000000000000E+00  -9.897386659100000E-01   0.000000000000000E+00   0.000000000000000E+00   0.000000000000000E+00
   8.725508999300000E-01   1.259418770500000E+01   1.259418770500000E+01   0.000000000000000E+00  -9.897386659100000E-01   0.000000000000000E+00   0.000000000000000E+00   0.000000000000000E+00
   8.748057822000000E-01   1.262673412800000E+01   1.262673412800000E+01   0.000000000000000E+00  -9.897386659100000E-01   0.000000000000000E+00   0.000000000000000E+00   0.000000000000000E+00
   8.770606644800000E-01   1.265928055100000E+01   1.265928055100000E+01   0.000000000000000E+00  -9.897386659100000E-01   0.000000000000000E+00   0.000000000000000E+00   0.000000000000000E+00
   8.793155467600000E-01   1.269182697400000E+01   1.269182697400000E+01   0.000000000000000E+00  -9.897386659100000E-01   0.000000000000000E+00   0.000000000000000E+00   0.000000000000000E+00
   8.815704290300000E-01   1.272437339700000E+01   1.272437339700000E+01   0.000000000000000E+00  -9.897386659100000E-01   0.000000000000000E+00   0.000000000000000E+00   0.000000000000000E+00
   8.834004365800000E-01   1.275078728100000E+01   1.275078728100000E+01   0.000000000000000E+00  -9.897386659100000E-01   0.000000000000000E+00   0.000000000000000E+00   0.000000000000000E+00
   8.852304441300000E-01   1.277720116600000E+01   1.277720116600000E+01   0.000000000000000E+00  -9.897386659100000E-01   0.000000000000000E+00   0.000000000000000E+00   0.000000000000000E+00
   8.870604516700000E-01   1.280361505000000E+01   1.280361505000000E+01   0.000000000000000E+00  -9.897386659100000E-01   0.000000000000000E+00   0.000000000000000E+00   0.000000000000000E+00
   8.888904592200000E-01   1.283002893400000E+01   1.283002893400000E+01   0.000000000000000E+00  -9.897386659100000E-01   0.000000000000000E+00   0.000000000000000E+00   0.000000000000000E+00
   8.908480736800000E-01   1.285828466600000E+01   1.285828466600000E+01   0.000000000000000E+00  -9.897386659100000E-01   0.000000000000000E+00   0.000000000000000E+00   0.000000000000000E+00
   8.928056881400001E-01   1.288654039700000E+01   1.288654039700000E+01   0.000000000000000E+00  -9.897386659100000E-01   0.000000000000000E+00   0.000000000000000E+00   0.000000000000000E+00
   8.947633026000000E-01   1.291479612900000E+01   1.291479612900000E+01   0.000000000000000E+00  -9.897386659100000E-01   0.000000000000000E+00   0.000000000000000E+00   0.000000000000000E+00
   8.967209170600000E-01   1.294305186000000E+01   1.294305186000000E+01   0.000000000000000E+00  -9.897386659100000E-01   0.000000000000000E+00   0.000000000000000E+00   0.000000000000000E+00
   8.993072385999999E-01   1.298038219700000E+01   1.298038219700000E+01   0.000000000000000E+00  -9.897386659100000E-01   0.000000000000000E+00   0.000000000000000E+00   0.000000000000000E+00
   9.018935601500000E-01   1.301771253400000E+01   1.301771253400000E+01   0.000000000000000E+00  -9.897386659100000E-01   0.000000000000000E+00   0.000000000000000E+00   0.000000000000000E+00
   9.044798817000000E-01   1.305504287100000E+01   1.305504287100000E+01   0.000000000000000E+00  -9.897386659100000E-01   0.000000000000000E+00   0.000000000000000E+00   0.000000000000000E+00
   9.070662032400000E-01   1.309237320800000E+01   1.309237320800000E+01   0.000000000000000E+00  -9.897386659100000E-01   0.000000000000000E+00   0.000000000000000E+00   0.000000000000000E+00
   9.102421172200000E-01   1.313821357800000E+01   1.313821357800000E+01   0.000000000000000E+00  -9.897386659100000E-01   0.000000000000000E+00   0.000000000000000E+00   0.000000000000000E+00
   9.134180312000000E-01   1.318405394900000E+01   1.318405394900000E+01   0.000000000000000E+00  -9.897386659100000E-01   0.000000000000000E+00   0.000000000000000E+00   0.000000000000000E+00
   9.165939451900000E-01   1.322989432000000E+01   1.322989432000000E+01   0.000000000000000E+00  -9.897386659100000E-01   0.000000000000000E+00   0.000000000000000E+00   0.000000000000000E+00
   9.197698591700000E-01   1.327573469100000E+01   1.327573469100000E+01   0.000000000000000E+00  -9.897386659100000E-01   0.000000000000000E+00   0.000000000000000E+00   0.000000000000000E+00
   9.228288189900000E-01   1.331988697400000E+01   1.331988697400000E+01   0.000000000000000E+00  -9.897386659100000E-01   0.000000000000000E+00   0.000000000000000E+00   0.000000000000000E+00
   9.258877788100000E-01   1.336403925700000E+01   1.336403925700000E+01   0.000000000000000E+00  -9.897386659100000E-01   0.000000000000000E+00   0.000000000000000E+00   0.000000000000000E+00
   9.289467386300000E-01   1.340819154000000E+01   1.340819154000000E+01   0.000000000000000E+00  -9.897386659100000E-01   0.000000000000000E+00   0.000000000000000E+00   0.000000000000000E+00
   9.320056984600000E-01   1.345234382300000E+01   1.345234382300000E+01   0.000000000000000E+00  -9.897386659100000E-01   0.000000000000000E+00   0.000000000000000E+00   0.000000000000000E+00
   9.340705753100000E-01   1.348214775300000E+01   1.348214775300000E+01   0.000000000000000E+00  -9.897386659100000E-01   0.000000000000000E+00   0.000000000000000E+00   0.000000000000000E+00
   9.361354521600000E-01   1.351195168400000E+01   1.351195168400000E+01   0.000000000000000E+00  -9.897386659100000E-01   0.000000000000000E+00   0.000000000000000E+00   0.000000000000000E+00
   9.382003290199999E-01   1.354175561500000E+01   1.354175561500000E+01   0.000000000000000E+00  -9.897386659100000E-01   0.000000000000000E+00   0.000000000000000E+00   0.000000000000000E+00
   9.402652058700000E-01   1.357155954600000E+01   1.357155954600000E+01   0.000000000000000E+00  -9.897386659100000E-01   0.000000000000000E+00   0.000000000000000E+00   0.000000000000000E+00
   9.421135552100000E-01   1.359823817100000E+01   1.359823817100000E+01   0.000000000000000E+00  -9.897386659100000E-01   0.000000000000000E+00   0.000000000000000E+00   0.000000000000000E+00
   9.439619045500000E-01   1.362491679700000E+01   1.362491679700000E+01   0.000000000000000E+00  -9.897386659100000E-01   0.000000000000000E+00   0.000000000000000E+00   0.000000000000000E+00
   9.458102538900000E-01   1.365159542200000E+01   1.365159542200000E+01   0.000000000000000E+00  -9.897386659100000E-01   0.000000000000000E+00   0.000000000000000E+00   0.000000000000000E+00
   9.476586032300000E-01   1.367827404700000E+01   1.367827404700000E+01   0.000000000000000E+00  -9.897386659100000E-01   0.000000000000000E+00   0.000000000000000E+00   0.000000000000000E+00
   9.494548305100000E-01   1.370420035500000E+01   1.370420035500000E+01   0.000000000000000E+00  -9.897386659100000E-01   0.000000000000000E+00   0.000000000000000E+00   0.000000000000000E+00
   9.512510578000000E-01   1.373012666400000E+01   1.373012666400000E+01   0.000000000000000E+00  -9.897386659100000E-01   0.000000000000000E+00   0.000000000000000E+00   0.000000000000000E+00
   9.530472850900000E-01   1.375605297200000E+01   1.375605297200000E+01   0.000000000000000E+00  -9.897386659100000E-01   0.000000000000000E+00   0.000000000000000E+00   0.000000000000000E+00
   9.548435123700000E-01   1.378197928000000E+01   1.378197928000000E+01   0.000000000000000E+00  -9.897386659100000E-01   0.000000000000000E+00   0.000000000000000E+00   0.000000000000000E+00
   9.564880604800000E-01   1.380571628800000E+01   1.380571628800000E+01   0.000000000000000E+00  -9.897386659100000E-01   0.000000000000000E+00   0.000000000000000E+00   0.000000000000000E+00
   9.581326085900000E-01   1.382945329600000E+01   1.382945329600000E+01   0.000000000000000E+00  -9.897386659100000E-01   0.000000000000000E+00   0.000000000000000E+00   0.000000000000000E+00
   9.597771567000000E-01   1.385319030400000E+01   1.385319030400000E+01   0.000000000000000E+00  -9.897386659100000E-01   0.000000000000000E+00   0.000000000000000E+00   0.000000000000000E+00
   9.614217048100000E-01   1.387692731200000E+01   1.387692731200000E+01   0.000000000000000E+00  -9.897386659100000E-01   0.000000000000000E+00   0.000000000000000E+00   0.000000000000000E+00
   9.639781382300000E-01   1.391382625100000E+01   1.391382625100000E+01   0.000000000000000E+00  -9.897386659100000E-01   0.000000000000000E+00   0.000000000000000E+00   0.000000000000000E+00
   9.665345716400000E-01   1.395072518900000E+01   1.395072518900000E+01   0.000000000000000E+00  -9.897386659100000E-01   0.000000000000000E+00   0.000000000000000E+00   0.000000000000000E+00
   9.690910050600000E-01   1.398762412800000E+01   1.398762412800000E+01   0.000000000000000E+00  -9.897386659100000E-01   0.000000000000000E+00   0.000000000000000E+00   0.000000000000000E+00
   9.716474384800000E-01   1.402452306700000E+01   1.402452306700000E+01   0.000000000000000E+00  -9.897386659100000E-01   0.000000000000000E+00   0.000000000000000E+00   0.000000000000000E+00
   9.741877248600000E-01   1.406118894400000E+01   1.406118894400000E+01   0.000000000000000E+00  -9.897386659100000E-01   0.000000000000000E+00   0.000000000000000E+00   0.000000000000000E+00
   9.767280112300000E-01   1.409785482000000E+01   1.409785482000000E+01   0.000000000000000E+00  -9.897386659100000E-01   0.000000000000000E+00   0.000000000000000E+00   0.000000000000000E+00
   9.792682976000000E-01   1.413452069600000E+01   1.413452069600000E+01   0.000000000000000E+00  -9.897386659100000E-01   0.000000000000000E+00   0.000000000000000E+00   0.000000000000000E+00
   9.818085839700000E-01   1.417118657300000E+01   1.417118657300000E+01   0.000000000000000E+00  -9.897386659100000E-01   0.000000000000000E+00   0.000000000000000E+00   0.000000000000000E+00
   9.840825023400001E-01   1.420400775800000E+01   1.420400775800000E+01   0.000000000000000E+00  -9.897386659100000E-01   0.000000000000000E+00   0.000000000000000E+00   0.000000000000000E+00
   9.863564207100000E-01   1.423682894300000E+01   1.423682894300000E+01   0.000000000000000E+00  -9.897386659100000E-01   0.000000000000000E+00   0.000000000000000E+00   0.000000000000000E+00
   9.886303390800000E-01   1.426965012800000E+01   1.426965012800000E+01   0.000000000000000E+00  -9.897386659100000E-01   0.000000000000000E+00   0.000000000000000E+00   0.000000000000000E+00
   9.909042574400000E-01   1.430247131400000E+01   1.430247131400000E+01   0.000000000000000E+00  -9.897386659100000E-01   0.000000000000000E+00   0.000000000000000E+00   0.000000000000000E+00
   9.931781930800000E-01   1.433529274800000E+01   1.433529274800000E+01   0.000000000000000E+00  -9.897386659100000E-01   0.000000000000000E+00   0.000000000000000E+00   0.000000000000000E+00
   9.954521287200000E-01   1.436811418300000E+01   1.436811418300000E+01   0.000000000000000E+00  -9.897386659100000E-01   0.000000000000000E+00   0.000000000000000E+00   0.000000000000000E+00
   9.977260643600000E-01   1.440093561700000E+01   1.440093561700000E+01   0.000000000000000E+00  -9.897386659100000E-01   0.000000000000000E+00   0.000000000000000E+00   0.000000000000000E+00
   1.000000000000000E+00   1.443375705200000E+01   1.443375705200000E+01   0.000000000000000E+00  -9.897386659100000E-01   0.000000000000000E+00   0.000000000000000E+00   0.000000000000000E+00
