   0.000000000000000E+00   2.824201162200000E-30   0.000000000000000E+00   0.000000000000000E+00  -9.976057444200001E-01   0.000000000000000E+00   0.000000000000000E+00   0.000000000000000E+00
   1.686113001100000E-02   2.433694541900000E-01   2.433694541900000E-01   0.000000000000000E+00  -9.976057444200001E-01   0.000000000000000E+00   0.000000000000000E+00   0.000000000000000E+00
   3.372226002100000E-02   4.867389083900000E-01   4.867389083900000E-01   0.000000000000000E+00  -9.976057444200001E-01   0.000000000000000E+00   0.000000000000000E+00   0.000000000000000E+00
   5.058339003200000E-02   7.301083625800000E-01   7.301083625800000E-01   0.000000000000000E+00  -9.976057444200001E-01   0.000000000000000E+00   0.000000000000000E+00   0.000000000000000E+00
   6.744452004199999E-02   9.734778167800000E-01   9.734778167800000E-01   0.000000000000000E+00  -9.976057444200001E-01   0.000000000000000E+00   0.000000000000000E+00   0.000000000000000E+00
   7.628310810699999E-02   1.101051849600000E+00   1.101051849600000E+00   0.000000000000000E+00  -9.976057444200001E-01   0.000000000000000E+00   0.000000000000000E+00   0.000000000000000E+00
   8.512169617300000E-02   1.228625882400000E+00   1.228625882400000E+00   0.000000000000000E+00  -9.976057444200001E-01   0.000000000000000E+00   0.000000000000000E+00   0.000000000000000E+00
   9.396028423800000E-02   1.356199915200000E+00   1.356199915200000E+00   0.000000000000000E+00  -9.976057444200001E-01   0.000000000000000E+00   0.000000000000000E+00   0.000000000000000E+00
   1.027988723000000E-01   1.483773948000000E+00   1.483773948000000E+00   0.000000000000000E+00  -9.976057444200001E-01   0.000000000000000E+00   0.000000000000000E+00   0.000000000000000E+00
   1.107664352500000E-01   1.598775816000000E+00   1.598775816000000E+00   0.000000000000000E+00  -9.976057444200001E-01   0.000000000000000E+00   0.000000000000000E+00   0.000000000000000E+00
   1.187339982100000E-01   1.713777683900000E+00   1.713777683900000E+00   0.000000000000000E+00  -9.976057444200001E-01   0.000000000000000E+00   0.000000000000000E+00   0.000000000000000E+00
   1.267015611600000E-01   1.828779551900000E+00   1.828779551900000E+00   0.000000000000000E+00  -9.976057444200001E-01   0.000000000000000E+00   0.000000000000000E+00   0.000000000000000E+00
   1.346691241100000E-01   1.943781419800000E+00   1.943781419800000E+00   0.000000000000000E+00  -9.976057444200001E-01   0.000000000000000E+00   0.000000000000000E+00   0.000000000000000E+00
   1.422375562600000E-01   2.053022330800000E+00   2.053022330800000E+00   0.000000000000000E+00  -9.976057444200001E-01   0.000000000000000E+00   0.000000000000000E+00   0.000000000000000E+00
   1.498059884200000E-01   2.162263241800000E+00   2.162263241800000E+00   0.000000000000000E+00  -9.976057444200001E-01   0.000000000000000E+00   0.000000000000000E+00   0.000000000000000E+00
   1.573744205800000E-01   2.271504152800000E+00   2.271504152800000E+00   0.000000000000000E+00  -9.976057444200001E-01   0.000000000000000E+00   0.000000000000000E+00   0.000000000000000E+00
   1.649428527300000E-01   2.380745063800000E+00   2.380745063800000E+00   0.000000000000000E+00  -9.976057444200001E-01   0.000000000000000E+00   0.000000000000000E+00   0.000000000000000E+00
   1.723193884900000E-01   2.487216188900000E+00   2.487216188900000E+00   0.000000000000000E+00  -9.976057444200001E-01   0.000000000000000E+00   0.000000000000000E+00   0.000000000000000E+00
   1.796959242600000E-01   2.593687314000000E+00   2.593687314000000E+00   0.000000000000000E+00  -9.976057444200001E-01   0.000000000000000E+00   0.000000000000000E+00   0.000000000000000E+00
   1.870724600200000E-01   2.700158439100000E+00   2.700158439100000E+00   0.000000000000000E+00  -9.976057444200001E-01   0.000000000000000E+00   0.000000000000000E+00   0.000000000000000E+00
   1.944489957800000E-01   2.806629564100000E+00   2.806629564100000E+00   0.000000000000000E+00  -9.976057444200001E-01   0.000000000000000E+00   0.000000000000000E+00   0.000000000000000E+00
   2.009982563300000E-01   2.901159999700000E+00   2.901159999700000E+00   0.000000000000000E+00  -9.976057444200001E-01   0.000000000000000E+00   0.000000000000000E+00   0.000000000000000E+00
   2.075475168700000E-01   2.995690435200000E+00   2.995690435200000E+00   0.000000000000000E+00  -9.976057444200001E-01   0.000000000000000E+00   0.000000000000000E+00   0.000000000000000E+00
   2.140967774100000E-01   3.090220870800000E+00   3.090220870800000E+00   0.000000000000000E+00  -9.976057444200001E-01   0.000000000000000E+00   0.000000000000000E+00   0.000000000000000E+00
   2.206460379600000E-01   3.184751306300000E+00   3.184751306300000E+00   0.000000000000000E+00  -9.976057444200001E-01   0.000000000000000E+00   0.000000000000000E+00   0.000000000000000E+00
   2.302578760500000E-01   3.323486242200000E+00   3.323486242200000E+00   0.000000000000000E+00  -9.976057444200001E-01   0.000000000000000E+00   0.000000000000000E+00   0.000000000000000E+00
   2.398697141400000E-01   3.462221178100000E+00   3.462221178100000E+00   0.000000000000000E+00  -9.976057444200001E-01   0.000000000000000E+00   0.000000000000000E+00   0.000000000000000E+00
   2.494815522400000E-01   3.600956113900000E+00   3.600956113900000E+00   0.000000000000000E+00  -9.976057444200001E-01   0.000000000000000E+00   0.000000000000000E+00   0.000000000000000E+00
   2.590933903300000E-01   3.739691049800000E+00   3.739691049800000E+00   0.000000000000000E+00  -9.976057444200001E-01   0.000000000000000E+00   0.000000000000000E+00   0.000000000000000E+00
   2.664432045600000E-01   3.845776482700000E+00   3.845776482700000E+00   0.000000000000000E+00  -9.976057444200001E-01   0.000000000000000E+00   0.000000000000000E+00   0.000000000000000E+00
   2.737930187800000E-01   3.951861915600000E+00   3.951861915600000E+00   0.000000000000000E+00  -9.976057444200001E-01   0.000000000000000E+00   0.000000000000000E+00   0.000000000000000E+00
   2.811428330100000E-01   4.057947348600000E+00   4.057947348600000E+00   0.000000000000000E+00  -9.976057444200001E-01   0.000000000000000E+00   0.000000000000000E+00   0.000000000000000E+00
   2.884926472400000E-01   4.164032781500000E+00   4.164032781500000E+00   0.000000000000000E+00  -9.976057444200001E-01   0.000000000000000E+00   0.000000000000000E+00   0.000000000000000E+00
   2.954403631000000E-01   4.264314424400000E+00   4.264314424400000E+00   0.000000000000000E+00  -9.976057444200001E-01   0.000000000000000E+00   0.000000000000000E+00   0.000000000000000E+00
   3.023880789700000E-01   4.364596067200000E+00   4.364596067200000E+00   0.000000000000000E+00  -9.976057444200001E-01   0.000000000000000E+00   0.000000000000000E+00   0.000000000000000E+00
   3.093357948300000E-01   4.464877710100000E+00   4.464877710100000E+00   0.000000000000000E+00  -9.976057444200001E-01   0.000000000000000E+00   0.000000000000000E+00   0.000000000000000E+00
   3.162835107000000E-01   4.565159353000000E+00   4.565159353000000E+00   0.000000000000000E+00  -9.976057444200001E-01   0.000000000000000E+00   0.000000000000000E+00   0.000000000000000E+00
   3.234376767200000E-01   4.668420847300000E+00   4.668420847300000E+00   0.000000000000000E+00  -9.976057444200001E-01   0.000000000000000E+00   0.000000000000000E+00   0.000000000000000E+00
   3.305918427500000E-01   4.771682341600000E+00   4.771682341600000E+00   0.000000000000000E+00  -9.976057444200001E-01   0.000000000000000E+00   0.000000000000000E+00   0.000000000000000E+00
   3.377460087700000E-01   4.874943835900000E+00   4.874943835900000E+00   0.000000000000000E+00  -9.976057444200001E-01   0.000000000000000E+00   0.000000000000000E+00   0.000000000000000E+00
   3.449001747900000E-01   4.978205330200000E+00   4.978205330200000E+00   0.000000000000000E+00  -9.976057444200001E-01   0.000000000000000E+00   0.000000000000000E+00   0.000000000000000E+00
   3.525349899900000E-01   5.088404397900000E+00   5.088404397900000E+00   0.000000000000000E+00  -9.976057444200001E-01   0.000000000000000E+00   0.000000000000000E+00   0.000000000000000E+00
   3.601698051900000E-01   5.198603465600000E+00   5.198603465600000E+00   0.000000000000000E+00  -9.976057444200001E-01   0.000000000000000E+00   0.000000000000000E+00   0.000000000000000E+00
   3.678046203900000E-01   5.308802533300000E+00   5.308802533300000E+00   0.000000000000000E+00  -9.976057444200001E-01   0.000000000000000E+00   0.000000000000000E+00   0.000000000000000E+00
   3.754394355800000E-01   5.419001601000000E+00   5.419001601000000E+00   0.000000000000000E+00  -9.976057444200001E-01   0.000000000000000E+00   0.000000000000000E+00   0.000000000000000E+00
   3.830689908200000E-01   5.529124747700000E+00   5.529124747700000E+00   0.000000000000000E+00  -9.976057444200001E-01   0.000000000000000E+00   0.000000000000000E+00   0.000000000000000E+00
   3.906985460600000E-01   5.639247894400000E+00   5.639247894400000E+00   0.000000000000000E+00  -9.976057444200001E-01   0.000000000000000E+00   0.000000000000000E+00   0.000000000000000E+00
   3.983281013000000E-01   5.749371041100000E+00   5.749371041100000E+00   0.000000000000000E+00  -9.976057444200001E-01   0.000000000000000E+00   0.000000000000000E+00   0.000000000000000E+00
   4.059576565300000E-01   5.859494187800000E+00   5.859494187800000E+00   0.000000000000000E+00  -9.976057444200001E-01   0.000000000000000E+00   0.000000000000000E+00   0.000000000000000E+00
   4.114506276800000E-01   5.938778398800000E+00   5.938778398800000E+00   0.000000000000000E+00  -9.976057444200001E-01   0.000000000000000E+00   0.000000000000000E+00   0.000000000000000E+00
   4.169435988200000E-01   6.018062609800000E+00   6.018062609800000E+00   0.000000000000000E+00  -9.976057444200001E-01   0.000000000000000E+00   0.000000000000000E+00   0.000000000000000E+00
   4.224365699600000E-01   6.097346820700000E+00   6.097346820700000E+00   0.000000000000000E+00  -9.976057444200001E-01   0.000000000000000E+00   0.000000000000000E+00   0.000000000000000E+00
   4.279295411100000E-01   6.176631031700000E+00   6.176631031700000E+00   0.000000000000000E+00  -9.976057444200001E-01   0.000000000000000E+00   0.000000000000000E+00   0.000000000000000E+00
   4.342150042900000E-01   6.267353880300000E+00   6.267353880300000E+00   0.000000000000000E+00  -9.976057444200001E-01   0.000000000000000E+00   0.000000000000000E+00   0.000000000000000E+00
   4.405004674700000E-01   6.358076728800000E+00   6.358076728800000E+00   0.000000000000000E+00  -9.976057444200001E-01   0.000000000000000E+00   0.000000000000000E+00   0.000000000000000E+00
   4.467859306600000E-01   6.448799577300000E+00   6.448799577300000E+00   0.000000000000000E+00  -9.976057444200001E-01   0.000000000000000E+00   0.000000000000000E+00   0.000000000000000E+00
   4.530713938400000E-01   6.539522425900000E+00   6.539522425900000E+00   0.000000000000000E+00  -9.976057444200001E-01   0.000000000000000E+00   0.000000000000000E+00   0.000000000000000E+00
   4.579248091100000E-01   6.609575442800000E+00   6.609575442800000E+00   0.000000000000000E+00  -9.976057444200001E-01   0.000000000000000E+00   0.000000000000000E+00   0.000000000000000E+00
   4.627782243800000E-01   6.679628459700000E+00   6.679628459700000E+00   0.000000000000000E+00  -9.976057444200001E-01   0.000000000000000E+00   0.000000000000000E+00   0.000000000000000E+00
   4.676316396500000E-01   6.749681476600000E+00   6.749681476600000E+00   0.000000000000000E+00  -9.976057444200001E-01   0.000000000000000E+00   0.000000000000000E+00   0.000000000000000E+00
   4.724850549200000E-01   6.819734493500000E+00   6.819734493500000E+00   0.000000000000000E+00  -9.976057444200001E-01   0.000000000000000E+00   0.000000000000000E+00   0.000000000000000E+00
   4.776685868200000E-01   6.894552333500000E+00   6.894552333500000E+00   0.000000000000000E+00  -9.976057444200001E-01   0.000000000000000E+00   0.000000000000000E+00   0.000000000000000E+00
   4.828521187100000E-01   6.969370173500000E+00   6.969370173500000E+00   0.000000000000000E+00  -9.976057444200001E-01   0.000000000000000E+00   0.000000000000000E+00   0.000000000000000E+00
   4.880356506100000E-01   7.044188013600000E+00   7.044188013600000E+00   0.000000000000000E+00  -9.976057444200001E-01   0.000000000000000E+00   0.000000000000000E+00   0.000000000000000E+00
   4.932191825000000E-01   7.119005853600000E+00   7.119005853600000E+00   0.000000000000000E+00  -9.976057444200001E-01   0.000000000000000E+00   0.000000000000000E+00   0.000000000000000E+00
   4.977215231300000E-01   7.183991544400000E+00   7.183991544400000E+00   0.000000000000000E+00  -9.976057444200001E-01   0.000000000000000E+00   0.000000000000000E+00   0.000000000000000E+00
   5.022238637600001E-01   7.248977235200000E+00   7.248977235200000E+00   0.000000000000000E+00  -9.976057444200001E-01   0.000000000000000E+00   0.000000000000000E+00   0.000000000000000E+00
   5.067262043900000E-01   7.313962926100000E+00   7.313962926100000E+00   0.000000000000000E+00  -9.976057444200001E-01   0.000000000000000E+00   0.000000000000000E+00   0.000000000000000E+00
   5.112285450200000E-01   7.378948616900000E+00   7.378948616900000E+00   0.000000000000000E+00  -9.976057444200001E-01   0.000000000000000E+00   0.000000000000000E+00   0.000000000000000E+00
   5.159269992600000E-01   7.446764963900000E+00   7.446764963900000E+00   0.000000000000000E+00  -9.976057444200001E-01   0.000000000000000E+00   0.000000000000000E+00   0.000000000000000E+00
   5.206254535000000E-01   7.514581311000000E+00   7.514581311000000E+00   0.000000000000000E+00  -9.976057444200001E-01   0.000000000000000E+00   0.000000000000000E+00   0.000000000000000E+00
   5.253239077500000E-01   7.582397658000000E+00   7.582397658000000E+00   0.000000000000000E+00  -9.976057444200001E-01   0.000000000000000E+00   0.000000000000000E+00   0.000000000000000E+00
   5.300223619900000E-01   7.650214005000000E+00   7.650214005000000E+00   0.000000000000000E+00  -9.976057444200001E-01   0.000000000000000E+00   0.000000000000000E+00   0.000000000000000E+00
   5.338543676300000E-01   7.705524243500000E+00   7.705524243500000E+00   0.000000000000000E+00  -9.976057444200001E-01   0.000000000000000E+00   0.000000000000000E+00   0.000000000000000E+00
   5.376863732600000E-01   7.760834481900000E+00   7.760834481900000E+00   0.000000000000000E+00  -9.976057444200001E-01   0.000000000000000E+00   0.000000000000000E+00   0.000000000000000E+00
   5.415183789000000E-01   7.816144720300000E+00   7.816144720300000E+00   0.000000000000000E+00  -9.976057444200001E-01   0.000000000000000E+00   0.000000000000000E+00   0.000000000000000E+00
   5.453503845400000E-01   7.871454958700000E+00   7.871454958700000E+00   0.000000000000000E+00  -9.976057444200001E-01   0.000000000000000E+00   0.000000000000000E+00   0.000000000000000E+00
   5.487640834900001E-01   7.920727460000000E+00   7.920727460000000E+00   0.000000000000000E+00  -9.976057444200001E-01   0.000000000000000E+00   0.000000000000000E+00   0.000000000000000E+00
   5.521777824400000E-01   7.969999961300000E+00   7.969999961300000E+00   0.000000000000000E+00  -9.976057444200001E-01   0.000000000000000E+00   0.000000000000000E+00   0.000000000000000E+00
   5.555914813900000E-01   8.019272462600000E+00   8.019272462600000E+00   0.000000000000000E+00  -9.976057444200001E-01   0.000000000000000E+00   0.000000000000000E+00   0.000000000000000E+00
   5.590051803400000E-01   8.068544963900001E+00   8.068544963900001E+00   0.000000000000000E+00  -9.976057444200001E-01   0.000000000000000E+00   0.000000000000000E+00   0.000000000000000E+00
   5.626996944600000E-01   8.121870683099999E+00   8.121870683099999E+00   0.000000000000000E+00  -9.976057444200001E-01   0.000000000000000E+00   0.000000000000000E+00   0.000000000000000E+00
   5.663942085800000E-01   8.175196402299999E+00   8.175196402299999E+00   0.000000000000000E+00  -9.976057444200001E-01   0.000000000000000E+00   0.000000000000000E+00   0.000000000000000E+00
   5.700887227000000E-01   8.228522121499999E+00   8.228522121499999E+00   0.000000000000000E+00  -9.976057444200001E-01   0.000000000000000E+00   0.000000000000000E+00   0.000000000000000E+00
   5.737832368200000E-01   8.281847840699999E+00   8.281847840699999E+00   0.000000000000000E+00  -9.976057444200001E-01   0.000000000000000E+00   0.000000000000000E+00   0.000000000000000E+00
   5.774394420000000E-01   8.334620618100001E+00   8.334620618100001E+00   0.000000000000000E+00  -9.976057444200001E-01   0.000000000000000E+00   0.000000000000000E+00   0.000000000000000E+00
   5.810956471900000E-01   8.387393395500000E+00   8.387393395500000E+00   0.000000000000000E+00  -9.976057444200001E-01   0.000000000000000E+00   0.000000000000000E+00   0.000000000000000E+00
   5.847518523800000E-01   8.440166172900000E+00   8.440166172900000E+00   0.000000000000000E+00  -9.976057444200001E-01   0.000000000000000E+00   0.000000000000000E+00   0.000000000000000E+00
   5.884080575600000E-01   8.492938950299999E+00   8.492938950299999E+00   0.000000000000000E+00  -9.976057444200001E-01   0.000000000000000E+00   0.000000000000000E+00   0.000000000000000E+00
   5.913959928000000E-01   8.536066081600000E+00   8.536066081600000E+00   0.000000000000000E+00  -9.976057444200001E-01   0.000000000000000E+00   0.000000000000000E+00   0.000000000000000E+00
   5.943839280300000E-01   8.579193212800000E+00   8.579193212800000E+00   0.000000000000000E+00  -9.976057444200001E-01   0.000000000000000E+00   0.000000000000000E+00   0.000000000000000E+00
   5.973718632700000E-01   8.622320344100000E+00   8.622320344100000E+00   0.000000000000000E+00  -9.976057444200001E-01   0.000000000000000E+00   0.000000000000000E+00   0.000000000000000E+00
   6.003597985000000E-01   8.665447475400001E+00   8.665447475400001E+00   0.000000000000000E+00  -9.976057444200001E-01   0.000000000000000E+00   0.000000000000000E+00   0.000000000000000E+00
   6.033246676300000E-01   8.708241676100000E+00   8.708241676100000E+00   0.000000000000000E+00  -9.976057444200001E-01   0.000000000000000E+00   0.000000000000000E+00   0.000000000000000E+00
   6.062895367700000E-01   8.751035876900000E+00   8.751035876900000E+00   0.000000000000000E+00  -9.976057444200001E-01   0.000000000000000E+00   0.000000000000000E+00   0.000000000000000E+00
   6.092544059000000E-01   8.793830077599999E+00   8.793830077599999E+00   0.000000000000000E+00  -9.976057444200001E-01   0.000000000000000E+00   0.000000000000000E+00   0.000000000000000E+00
   6.122192750300000E-01   8.836624278400000E+00   8.836624278400000E+00   0.000000000000000E+00  -9.976057444200001E-01   0.000000000000000E+00   0.000000000000000E+00   0.000000000000000E+00
   6.150887879600000E-01   8.878042130800001E+00   8.878042130800001E+00   0.000000000000000E+00  -9.976057444200001E-01   0.000000000000000E+00   0.000000000000000E+00   0.000000000000000E+00
   6.179583008900000E-01   8.919459983199999E+00   8.919459983199999E+00   0.000000000000000E+00  -9.976057444200001E-01   0.000000000000000E+00   0.000000000000000E+00   0.000000000000000E+00
   6.208278138100000E-01   8.960877835700000E+00   8.960877835700000E+00   0.000000000000000E+00  -9.976057444200001E-01   0.000000000000000E+00   0.000000000000000E+00   0.000000000000000E+00
   6.236973267400000E-01   9.002295688100000E+00   9.002295688100000E+00   0.000000000000000E+00  -9.976057444200001E-01   0.000000000000000E+00   0.000000000000000E+00   0.000000000000000E+00
   6.270167034100000E-01   9.050206764500000E+00   9.050206764500000E+00   0.000000000000000E+00  -9.976057444200001E-01   0.000000000000000E+00   0.000000000000000E+00   0.000000000000000E+00
   6.303360800800000E-01   9.098117840900001E+00   9.098117840900001E+00   0.000000000000000E+00  -9.976057444200001E-01   0.000000000000000E+00   0.000000000000000E+00   0.000000000000000E+00
   6.336554567500000E-01   9.146028917400001E+00   9.146028917400001E+00   0.000000000000000E+00  -9.976057444200001E-01   0.000000000000000E+00   0.000000000000000E+00   0.000000000000000E+00
   6.369748334200001E-01   9.193939993800001E+00   9.193939993800001E+00   0.000000000000000E+00  -9.976057444200001E-01   0.000000000000000E+00   0.000000000000000E+00   0.000000000000000E+00
   6.395833874500000E-01   9.231591228999999E+00   9.231591228999999E+00   0.000000000000000E+00  -9.976057444200001E-01   0.000000000000000E+00   0.000000000000000E+00   0.000000000000000E+00
   6.421919414900000E-01   9.269242464200000E+00   9.269242464200000E+00   0.000000000000000E+00  -9.976057444200001E-01   0.000000000000000E+00   0.000000000000000E+00   0.000000000000000E+00
   6.448004955200000E-01   9.306893699400000E+00   9.306893699400000E+00   0.000000000000000E+00  -9.976057444200001E-01   0.000000000000000E+00   0.000000000000000E+00   0.000000000000000E+00
   6.474090495600000E-01   9.344544934600000E+00   9.344544934600000E+00   0.000000000000000E+00  -9.976057444200001E-01   0.000000000000000E+00   0.000000000000000E+00   0.000000000000000E+00
   6.496092660600000E-01   9.376302324999999E+00   9.376302324999999E+00   0.000000000000000E+00  -9.976057444200001E-01   0.000000000000000E+00   0.000000000000000E+00   0.000000000000000E+00
   6.518094825600000E-01   9.408059715400000E+00   9.408059715400000E+00   0.000000000000000E+00  -9.976057444200001E-01   0.000000000000000E+00   0.000000000000000E+00   0.000000000000000E+00
   6.540096990499999E-01   9.439817105800000E+00   9.439817105800000E+00   0.000000000000000E+00  -9.976057444200001E-01   0.000000000000000E+00   0.000000000000000E+00   0.000000000000000E+00
   6.562099155500000E-01   9.471574496200001E+00   9.471574496200001E+00   0.000000000000000E+00  -9.976057444200001E-01   0.000000000000000E+00   0.000000000000000E+00   0.000000000000000E+00
   6.585604470999999E-01   9.505501497499999E+00   9.505501497499999E+00   0.000000000000000E+00  -9.976057444200001E-01   0.000000000000000E+00   0.000000000000000E+00   0.000000000000000E+00
   6.609109786400000E-01   9.539428498700000E+00   9.539428498700000E+00   0.000000000000000E+00  -9.976057444200001E-01   0.000000000000000E+00   0.000000000000000E+00   0.000000000000000E+00
   6.632615101900000E-01   9.573355500000000E+00   9.573355500000000E+00   0.000000000000000E+00  -9.976057444200001E-01   0.000000000000000E+00   0.000000000000000E+00   0.000000000000000E+00
   6.656120417400000E-01   9.607282501300000E+00   9.607282501300000E+00   0.000000000000000E+00  -9.976057444200001E-01   0.000000000000000E+00   0.000000000000000E+00   0.000000000000000E+00
   6.685288878900000E-01   9.649383550100000E+00   9.649383550100000E+00   0.000000000000000E+00  -9.976057444200001E-01   0.000000000000000E+00   0.000000000000000E+00   0.000000000000000E+00
   6.714457340500000E-01   9.691484598900001E+00   9.691484598900001E+00   0.000000000000000E+00  -9.976057444200001E-01   0.000000000000000E+00   0.000000000000000E+00   0.000000000000000E+00
   6.743625802100000E-01   9.733585647600000E+00   9.733585647600000E+00   0.000000000000000E+00  -9.976057444200001E-01   0.000000000000000E+00   0.000000000000000E+00   0.000000000000000E+00
   6.772794263600000E-01   9.775686696399999E+00   9.775686696399999E+00   0.000000000000000E+00  -9.976057444200001E-01   0.000000000000000E+00   0.000000000000000E+00   0.000000000000000E+00
   6.796933069400000E-01   9.810528062300000E+00   9.810528062300000E+00   0.000000000000000E+00  -9.976057444200001E-01   0.000000000000000E+00   0.000000000000000E+00   0.000000000000000E+00
   6.821071875200000E-01   9.845369428100000E+00   9.845369428100000E+00   0.000000000000000E+00  -9.976057444200001E-01   0.000000000000000E+00   0.000000000000000E+00   0.000000000000000E+00
   6.845210681000000E-01   9.880210794000000E+00   9.880210794000000E+00   0.000000000000000E+00  -9.976057444200001E-01   0.000000000000000E+00   0.000000000000000E+00   0.000000000000000E+00
   6.869349486800000E-01   9.915052159800000E+00   9.915052159800000E+00   0.000000000000000E+00  -9.976057444200001E-01   0.000000000000000E+00   0.000000000000000E+00   0.000000000000000E+00
   6.889712026200000E-01   9.944442954399999E+00   9.944442954399999E+00   0.000000000000000E+00  -9.976057444200001E-01   0.000000000000000E+00   0.000000000000000E+00   0.000000000000000E+00
   6.910074565600000E-01   9.973833749000001E+00   9.973833749000001E+00   0.000000000000000E+00  -9.976057444200001E-01   0.000000000000000E+00   0.000000000000000E+00   0.000000000000000E+00
   6.930437104900000E-01   1.000322454400000E+01   1.000322454400000E+01   0.000000000000000E+00  -9.976057444200001E-01   0.000000000000000E+00   0.000000000000000E+00   0.000000000000000E+00
   6.950799644300000E-01   1.003261533800000E+01   1.003261533800000E+01   0.000000000000000E+00  -9.976057444200001E-01   0.000000000000000E+00   0.000000000000000E+00   0.000000000000000E+00
   6.968726213400001E-01   1.005849011300000E+01   1.005849011300000E+01   0.000000000000000E+00  -9.976057444200001E-01   0.000000000000000E+00   0.000000000000000E+00   0.000000000000000E+00
   6.986652782500000E-01   1.008436488700000E+01   1.008436488700000E+01   0.000000000000000E+00  -9.976057444200001E-01   0.000000000000000E+00   0.000000000000000E+00   0.000000000000000E+00
   7.004579351600000E-01   1.011023966100000E+01   1.011023966100000E+01   0.000000000000000E+00  -9.976057444200001E-01   0.000000000000000E+00   0.000000000000000E+00   0.000000000000000E+00
   7.022505920700000E-01   1.013611443600000E+01   1.013611443600000E+01   0.000000000000000E+00  -9.976057444200001E-01   0.000000000000000E+00   0.000000000000000E+00   0.000000000000000E+00
   7.037295311000000E-01   1.015746108200000E+01   1.015746108200000E+01   0.000000000000000E+00  -9.976057444200001E-01   0.000000000000000E+00   0.000000000000000E+00   0.000000000000000E+00
   7.052084701400000E-01   1.017880772900000E+01   1.017880772900000E+01   0.000000000000000E+00  -9.976057444200001E-01   0.000000000000000E+00   0.000000000000000E+00   0.000000000000000E+00
   7.066874091699999E-01   1.020015437600000E+01   1.020015437600000E+01   0.000000000000000E+00  -9.976057444200001E-01   0.000000000000000E+00   0.000000000000000E+00   0.000000000000000E+00
   7.081663482100000E-01   1.022150102200000E+01   1.022150102200000E+01   0.000000000000000E+00  -9.976057444200001E-01   0.000000000000000E+00   0.000000000000000E+00   0.000000000000000E+00
   7.093606747700000E-01   1.023873964200000E+01   1.023873964200000E+01   0.000000000000000E+00  -9.976057444200001E-01   0.000000000000000E+00   0.000000000000000E+00   0.000000000000000E+00
   7.105550013400000E-01   1.025597826100000E+01   1.025597826100000E+01   0.000000000000000E+00  -9.976057444200001E-01   0.000000000000000E+00   0.000000000000000E+00   0.000000000000000E+00
   7.117493279100000E-01   1.027321688100000E+01   1.027321688100000E+01   0.000000000000000E+00  -9.976057444200001E-01   0.000000000000000E+00   0.000000000000000E+00   0.000000000000000E+00
   7.129436544800000E-01   1.029045550100000E+01   1.029045550100000E+01   0.000000000000000E+00  -9.976057444200001E-01   0.000000000000000E+00   0.000000000000000E+00   0.000000000000000E+00
   7.140793203200000E-01   1.030684742500000E+01   1.030684742500000E+01   0.000000000000000E+00  -9.976057444200001E-01   0.000000000000000E+00   0.000000000000000E+00   0.000000000000000E+00
   7.152149861700000E-01   1.032323935000000E+01   1.032323935000000E+01   0.000000000000000E+00  -9.976057444200001E-01   0.000000000000000E+00   0.000000000000000E+00   0.000000000000000E+00
   7.163506520100000E-01   1.033963127500000E+01   1.033963127500000E+01   0.000000000000000E+00  -9.976057444200001E-01   0.000000000000000E+00   0.000000000000000E+00   0.000000000000000E+00
   7.174863178500001E-01   1.035602320000000E+01   1.035602320000000E+01   0.000000000000000E+00  -9.976057444200001E-01   0.000000000000000E+00   0.000000000000000E+00   0.000000000000000E+00
   7.187468056300000E-01   1.037421677400000E+01   1.037421677400000E+01   0.000000000000000E+00  -9.976057444200001E-01   0.000000000000000E+00   0.000000000000000E+00   0.000000000000000E+00
   7.200072934000000E-01   1.039241034900000E+01   1.039241034900000E+01   0.000000000000000E+00  -9.976057444200001E-01   0.000000000000000E+00   0.000000000000000E+00   0.000000000000000E+00
   7.212677811700000E-01   1.041060392300000E+01   1.041060392300000E+01   0.000000000000000E+00  -9.976057444200001E-01   0.000000000000000E+00   0.000000000000000E+00   0.000000000000000E+00
   7.225282689400000E-01   1.042879749700000E+01   1.042879749700000E+01   0.000000000000000E+00  -9.976057444200001E-01   0.000000000000000E+00   0.000000000000000E+00   0.000000000000000E+00
   7.236658614400000E-01   1.044521723100000E+01   1.044521723100000E+01   0.000000000000000E+00  -9.976057444200001E-01   0.000000000000000E+00   0.000000000000000E+00   0.000000000000000E+00
   7.248034539300000E-01   1.046163696400000E+01   1.046163696400000E+01   0.000000000000000E+00  -9.976057444200001E-01   0.000000000000000E+00   0.000000000000000E+00   0.000000000000000E+00
   7.259410464200000E-01   1.047805669800000E+01   1.047805669800000E+01   0.000000000000000E+00  -9.976057444200001E-01   0.000000000000000E+00   0.000000000000000E+00   0.000000000000000E+00
   7.270786389100000E-01   1.049447643200000E+01   1.049447643200000E+01   0.000000000000000E+00  -9.976057444200001E-01   0.000000000000000E+00   0.000000000000000E+00   0.000000000000000E+00
   7.287212776600001E-01   1.051818588000000E+01   1.051818588000000E+01   0.000000000000000E+00  -9.976057444200001E-01   0.000000000000000E+00   0.000000000000000E+00   0.000000000000000E+00
   7.303639164100000E-01   1.054189532900000E+01   1.054189532900000E+01   0.000000000000000E+00  -9.976057444200001E-01   0.000000000000000E+00   0.000000000000000E+00   0.000000000000000E+00
   7.320065551600000E-01   1.056560477800000E+01   1.056560477800000E+01   0.000000000000000E+00  -9.976057444200001E-01   0.000000000000000E+00   0.000000000000000E+00   0.000000000000000E+00
   7.336491939100001E-01   1.058931422600000E+01   1.058931422600000E+01   0.000000000000000E+00  -9.976057444200001E-01   0.000000000000000E+00   0.000000000000000E+00   0.000000000000000E+00
   7.358136688900000E-01   1.062055573200000E+01   1.062055573200000E+01   0.000000000000000E+00  -9.976057444200001E-01   0.000000000000000E+00   0.000000000000000E+00   0.000000000000000E+00
   7.379781438600000E-01   1.065179723800000E+01   1.065179723800000E+01   0.000000000000000E+00  -9.976057444200001E-01   0.000000000000000E+00   0.000000000000000E+00   0.000000000000000E+00
   7.401426188300000E-01   1.068303874400000E+01   1.068303874400000E+01   0.000000000000000E+00  -9.976057444200001E-01   0.000000000000000E+00   0.000000000000000E+00   0.000000000000000E+00
   7.423070938000000E-01   1.071428025000000E+01   1.071428025000000E+01   0.000000000000000E+00  -9.976057444200001E-01   0.000000000000000E+00   0.000000000000000E+00   0.000000000000000E+00
   7.443581814600000E-01   1.074388515100000E+01   1.074388515100000E+01   0.000000000000000E+00  -9.976057444200001E-01   0.000000000000000E+00   0.000000000000000E+00   0.000000000000000E+00
   7.464092691100001E-01   1.077349005200000E+01   1.077349005200000E+01   0.000000000000000E+00  -9.976057444200001E-01   0.000000000000000E+00   0.000000000000000E+00   0.000000000000000E+00
   7.484603567700000E-01   1.080309495300000E+01   1.080309495300000E+01   0.000000000000000E+00  -9.976057444200001E-01   0.000000000000000E+00   0.000000000000000E+00   0.000000000000000E+00
   7.505114444200000E-01   1.083269985300000E+01   1.083269985300000E+01   0.000000000000000E+00  -9.976057444200001E-01   0.000000000000000E+00   0.000000000000000E+00   0.000000000000000E+00
   7.527561022000000E-01   1.086509869900000E+01   1.086509869900000E+01   0.000000000000000E+00  -9.976057444200001E-01   0.000000000000000E+00   0.000000000000000E+00   0.000000000000000E+00
   7.550007599800000E-01   1.089749754400000E+01   1.089749754400000E+01   0.000000000000000E+00  -9.976057444200001E-01   0.000000000000000E+00   0.000000000000000E+00   0.000000000000000E+00
   7.572454177700000E-01   1.092989638900000E+01   1.092989638900000E+01   0.000000000000000E+00  -9.976057444200001E-01   0.000000000000000E+00   0.000000000000000E+00   0.000000000000000E+00
   7.594900755500000E-01   1.096229523400000E+01   1.096229523400000E+01   0.000000000000000E+00  -9.976057444200001E-01   0.000000000000000E+00   0.000000000000000E+00   0.000000000000000E+00
   7.619026638100000E-01   1.099711794700000E+01   1.099711794700000E+01   0.000000000000000E+00  -9.976057444200001E-01   0.000000000000000E+00   0.000000000000000E+00   0.000000000000000E+00
   7.643152520800000E-01   1.103194066000000E+01   1.103194066000000E+01   0.000000000000000E+00  -9.976057444200001E-01   0.000000000000000E+00   0.000000000000000E+00   0.000000000000000E+00
   7.667278403400000E-01   1.106676337300000E+01   1.106676337300000E+01   0.000000000000000E+00  -9.976057444200001E-01   0.000000000000000E+00   0.000000000000000E+00   0.000000000000000E+00
   7.691404286100000E-01   1.110158608500000E+01   1.110158608500000E+01   0.000000000000000E+00  -9.976057444200001E-01   0.000000000000000E+00   0.000000000000000E+00   0.000000000000000E+00
   7.711333020700000E-01   1.113035073700000E+01   1.113035073700000E+01   0.000000000000000E+00  -9.976057444200001E-01   0.000000000000000E+00   0.000000000000000E+00   0.000000000000000E+00
   7.731261755300000E-01   1.115911538800000E+01   1.115911538800000E+01   0.000000000000000E+00  -9.976057444200001E-01   0.000000000000000E+00   0.000000000000000E+00   0.000000000000000E+00
   7.751190489799999E-01   1.118788003900000E+01   1.118788003900000E+01   0.000000000000000E+00  -9.976057444200001E-01   0.000000000000000E+00   0.000000000000000E+00   0.000000000000000E+00
   7.771119224400000E-01   1.121664469100000E+01   1.121664469100000E+01   0.000000000000000E+00  -9.976057444200001E-01   0.000000000000000E+00   0.000000000000000E+00   0.000000000000000E+00
   7.788587244400000E-01   1.124185760600000E+01   1.124185760600000E+01   0.000000000000000E+00  -9.976057444200001E-01   0.000000000000000E+00   0.000000000000000E+00   0.000000000000000E+00
   7.806055264400000E-01   1.126707052200000E+01   1.126707052200000E+01   0.000000000000000E+00  -9.976057444200001E-01   0.000000000000000E+00   0.000000000000000E+00   0.000000000000000E+00
   7.823523284400000E-01   1.129228343800000E+01   1.129228343800000E+01   0.000000000000000E+00  -9.976057444200001E-01   0.000000000000000E+00   0.000000000000000E+00   0.000000000000000E+00
   7.840991304400000E-01   1.131749635300000E+01   1.131749635300000E+01   0.000000000000000E+00  -9.976057444200001E-01   0.000000000000000E+00   0.000000000000000E+00   0.000000000000000E+00
   7.856763613500000E-01   1.134026172100000E+01   1.134026172100000E+01   0.000000000000000E+00  -9.976057444200001E-01   0.000000000000000E+00   0.000000000000000E+00   0.000000000000000E+00
   7.872535922600000E-01   1.136302708900000E+01   1.136302708900000E+01   0.000000000000000E+00  -9.976057444200001E-01   0.000000000000000E+00   0.000000000000000E+00   0.000000000000000E+00
   7.888308231700000E-01   1.138579245700000E+01   1.138579245700000E+01   0.000000000000000E+00  -9.976057444200001E-01   0.000000000000000E+00   0.000000000000000E+00   0.000000000000000E+00
   7.904080540800000E-01   1.140855782500000E+01   1.140855782500000E+01   0.000000000000000E+00  -9.976057444200001E-01   0.000000000000000E+00   0.000000000000000E+00   0.000000000000000E+00
   7.917785694200000E-01   1.142833951000000E+01   1.142833951000000E+01   0.000000000000000E+00  -9.976057444200001E-01   0.000000000000000E+00   0.000000000000000E+00   0.000000000000000E+00
   7.931490847600000E-01   1.144812119500000E+01   1.144812119500000E+01   0.000000000000000E+00  -9.976057444200001E-01   0.000000000000000E+00   0.000000000000000E+00   0.000000000000000E+00
   7.945196000900000E-01   1.146790288100000E+01   1.146790288100000E+01   0.000000000000000E+00  -9.976057444200001E-01   0.000000000000000E+00   0.000000000000000E+00   0.000000000000000E+00
   7.958901154300000E-01   1.148768456600000E+01   1.148768456600000E+01   0.000000000000000E+00  -9.976057444200001E-01   0.000000000000000E+00   0.000000000000000E+00   0.000000000000000E+00
   7.971176274700000E-01   1.150540217700000E+01   1.150540217700000E+01   0.000000000000000E+00  -9.976057444200001E-01   0.000000000000000E+00   0.000000000000000E+00   0.000000000000000E+00
   7.983451395100000E-01   1.152311978700000E+01   1.152311978700000E+01   0.000000000000000E+00  -9.976057444200001E-01   0.000000000000000E+00   0.000000000000000E+00   0.000000000000000E+00
   7.995726515500000E-01   1.154083739800000E+01   1.154083739800000E+01   0.000000000000000E+00  -9.976057444200001E-01   0.000000000000000E+00   0.000000000000000E+00   0.000000000000000E+00
   8.008001635799999E-01   1.155855500800000E+01   1.155855500800000E+01   0.000000000000000E+00  -9.976057444200001E-01   0.000000000000000E+00   0.000000000000000E+00   0.000000000000000E+00
   8.018808347800001E-01   1.157415315400000E+01   1.157415315400000E+01   0.000000000000000E+00  -9.976057444200001E-01   0.000000000000000E+00   0.000000000000000E+00   0.000000000000000E+00
   8.029615059800000E-01   1.158975129900000E+01   1.158975129900000E+01   0.000000000000000E+00  -9.976057444200001E-01   0.000000000000000E+00   0.000000000000000E+00   0.000000000000000E+00
   8.040421771700000E-01   1.160534944500000E+01   1.160534944500000E+01   0.000000000000000E+00  -9.976057444200001E-01   0.000000000000000E+00   0.000000000000000E+00   0.000000000000000E+00
   8.051228483700000E-01   1.162094759000000E+01   1.162094759000000E+01   0.000000000000000E+00  -9.976057444200001E-01   0.000000000000000E+00   0.000000000000000E+00   0.000000000000000E+00
   8.061789634700000E-01   1.163619129900000E+01   1.163619129900000E+01   0.000000000000000E+00  -9.976057444200001E-01   0.000000000000000E+00   0.000000000000000E+00   0.000000000000000E+00
   8.072350785600000E-01   1.165143500800000E+01   1.165143500800000E+01   0.000000000000000E+00  -9.976057444200001E-01   0.000000000000000E+00   0.000000000000000E+00   0.000000000000000E+00
   8.082911936600000E-01   1.166667871700000E+01   1.166667871700000E+01   0.000000000000000E+00  -9.976057444200001E-01   0.000000000000000E+00   0.000000000000000E+00   0.000000000000000E+00
   8.093473087600001E-01   1.168192242500000E+01   1.168192242500000E+01   0.000000000000000E+00  -9.976057444200001E-01   0.000000000000000E+00   0.000000000000000E+00   0.000000000000000E+00
   8.108550510700000E-01   1.170368481200000E+01   1.170368481200000E+01   0.000000000000000E+00  -9.976057444200001E-01   0.000000000000000E+00   0.000000000000000E+00   0.000000000000000E+00
   8.123627933899999E-01   1.172544719800000E+01   1.172544719800000E+01   0.000000000000000E+00  -9.976057444200001E-01   0.000000000000000E+00   0.000000000000000E+00   0.000000000000000E+00
   8.138705357000000E-01   1.174720958400000E+01   1.174720958400000E+01   0.000000000000000E+00  -9.976057444200001E-01   0.000000000000000E+00   0.000000000000000E+00   0.000000000000000E+00
   8.153782780200000E-01   1.176897197000000E+01   1.176897197000000E+01   0.000000000000000E+00  -9.976057444200001E-01   0.000000000000000E+00   0.000000000000000E+00   0.000000000000000E+00
   8.170894433400000E-01   1.179367051500000E+01   1.179367051500000E+01   0.000000000000000E+00  -9.976057444200001E-01   0.000000000000000E+00   0.000000000000000E+00   0.000000000000000E+00
   8.188006086500000E-01   1.181836905900000E+01   1.181836905900000E+01   0.000000000000000E+00  -9.976057444200001E-01   0.000000000000000E+00   0.000000000000000E+00   0.000000000000000E+00
   8.205117739700000E-01   1.184306760400000E+01   1.184306760400000E+01   0.000000000000000E+00  -9.976057444200001E-01   0.000000000000000E+00   0.000000000000000E+00   0.000000000000000E+00
   8.222229392900000E-01   1.186776614800000E+01   1.186776614800000E+01   0.000000000000000E+00  -9.976057444200001E-01   0.000000000000000E+00   0.000000000000000E+00   0.000000000000000E+00
   8.239640423800000E-01   1.189289680700000E+01   1.189289680700000E+01   0.000000000000000E+00  -9.976057444200001E-01   0.000000000000000E+00   0.000000000000000E+00   0.000000000000000E+00
   8.257051454800000E-01   1.191802746600000E+01   1.191802746600000E+01   0.000000000000000E+00  -9.976057444200001E-01   0.000000000000000E+00   0.000000000000000E+00   0.000000000000000E+00
   8.274462485700000E-01   1.194315812500000E+01   1.194315812500000E+01   0.000000000000000E+00  -9.976057444200001E-01   0.000000000000000E+00   0.000000000000000E+00   0.000000000000000E+00
   8.291873516600000E-01   1.196828878400000E+01   1.196828878400000E+01   0.000000000000000E+00  -9.976057444200001E-01   0.000000000000000E+00   0.000000000000000E+00   0.000000000000000E+00
   8.313129159900000E-01   1.199896866400000E+01   1.199896866400000E+01   0.000000000000000E+00  -9.976057444200001E-01   0.000000000000000E+00   0.000000000000000E+00   0.000000000000000E+00
   8.334384803100000E-01   1.202964854300000E+01   1.202964854300000E+01   0.000000000000000E+00  -9.976057444200001E-01   0.000000000000000E+00   0.000000000000000E+00   0.000000000000000E+00
   8.355640446300000E-01   1.206032842200000E+01   1.206032842200000E+01   0.000000000000000E+00  -9.976057444200001E-01   0.000000000000000E+00   0.000000000000000E+00   0.000000000000000E+00
   8.376896089500000E-01   1.209100830100000E+01   1.209100830100000E+01   0.000000000000000E+00  -9.976057444200001E-01   0.000000000000000E+00   0.000000000000000E+00   0.000000000000000E+00
   8.396680214400000E-01   1.211956422600000E+01   1.211956422600000E+01   0.000000000000000E+00  -9.976057444200001E-01   0.000000000000000E+00   0.000000000000000E+00   0.000000000000000E+00
   8.416464339300000E-01   1.214812015100000E+01   1.214812015100000E+01   0.000000000000000E+00  -9.976057444200001E-01   0.000000000000000E+00   0.000000000000000E+00   0.000000000000000E+00
   8.436248464200000E-01   1.217667607600000E+01   1.217667607600000E+01   0.000000000000000E+00  -9.976057444200001E-01   0.000000000000000E+00   0.000000000000000E+00   0.000000000000000E+00
   8.456032589100000E-01   1.220523200100000E+01   1.220523200100000E+01   0.000000000000000E+00  -9.976057444200001E-01   0.000000000000000E+00   0.000000000000000E+00   0.000000000000000E+00
   8.474603945700000E-01   1.223203744600000E+01   1.223203744600000E+01   0.000000000000000E+00  -9.976057444200001E-01   0.000000000000000E+00   0.000000000000000E+00   0.000000000000000E+00
   8.493175302300000E-01   1.225884289100000E+01   1.225884289100000E+01   0.000000000000000E+00  -9.976057444200001E-01   0.000000000000000E+00   0.000000000000000E+00   0.000000000000000E+00
   8.511746658900000E-01   1.228564833600000E+01   1.228564833600000E+01   0.000000000000000E+00  -9.976057444200001E-01   0.000000000000000E+00   0.000000000000000E+00   0.000000000000000E+00
   8.530318015500000E-01   1.231245378100000E+01   1.231245378100000E+01   0.000000000000000E+00  -9.976057444200001E-01   0.000000000000000E+00   0.000000000000000E+00   0.000000000000000E+00
   8.549333527800000E-01   1.233990031000000E+01   1.233990031000000E+01   0.000000000000000E+00  -9.976057444200001E-01   0.000000000000000E+00   0.000000000000000E+00   0.000000000000000E+00
   8.568349040200000E-01   1.236734683800000E+01   1.236734683800000E+01   0.000000000000000E+00  -9.976057444200001E-01   0.000000000000000E+00   0.000000000000000E+00   0.000000000000000E+00
   8.587364552500000E-01   1.239479336700000E+01   1.239479336700000E+01   0.000000000000000E+00  -9.976057444200001E-01   0.000000000000000E+00   0.000000000000000E+00   0.000000000000000E+00
   8.606380064800000E-01   1.242223989500000E+01   1.242223989500000E+01   0.000000000000000E+00  -9.976057444200001E-01   0.000000000000000E+00   0.000000000000000E+00   0.000000000000000E+00
   8.626187469200000E-01   1.245082942200000E+01   1.245082942200000E+01   0.000000000000000E+00  -9.976057444200001E-01   0.000000000000000E+00   0.000000000000000E+00   0.000000000000000E+00
   8.645994873700000E-01   1.247941894800000E+01   1.247941894800000E+01   0.000000000000000E+00  -9.976057444200001E-01   0.000000000000000E+00   0.000000000000000E+00   0.000000000000000E+00
   8.665802278200000E-01   1.250800847400000E+01   1.250800847400000E+01   0.000000000000000E+00  -9.976057444200001E-01   0.000000000000000E+00   0.000000000000000E+00   0.000000000000000E+00
   8.685609682700000E-01   1.253659800100000E+01   1.253659800100000E+01   0.000000000000000E+00  -9.976057444200001E-01   0.000000000000000E+00   0.000000000000000E+00   0.000000000000000E+00
   8.706397807800000E-01   1.256660307600000E+01   1.256660307600000E+01   0.000000000000000E+00  -9.976057444200001E-01   0.000000000000000E+00   0.000000000000000E+00   0.000000000000000E+00
   8.727185932900000E-01   1.259660815000000E+01   1.259660815000000E+01   0.000000000000000E+00  -9.976057444200001E-01   0.000000000000000E+00   0.000000000000000E+00   0.000000000000000E+00
   8.747974058100000E-01   1.262661322500000E+01   1.262661322500000E+01   0.000000000000000E+00  -9.976057444200001E-01   0.000000000000000E+00   0.000000000000000E+00   0.000000000000000E+00
   8.768762183200000E-01   1.265661830000000E+01   1.265661830000000E+01   0.000000000000000E+00  -9.976057444200001E-01   0.000000000000000E+00   0.000000000000000E+00   0.000000000000000E+00
   8.789978229400000E-01   1.268724102600000E+01   1.268724102600000E+01   0.000000000000000E+00  -9.976057444200001E-01   0.000000000000000E+00   0.000000000000000E+00   0.000000000000000E+00
   8.811194275599999E-01   1.271786375100000E+01   1.271786375100000E+01   0.000000000000000E+00  -9.976057444200001E-01   0.000000000000000E+00   0.000000000000000E+00   0.000000000000000E+00
   8.832410321800001E-01   1.274848647700000E+01   1.274848647700000E+01   0.000000000000000E+00  -9.976057444200001E-01   0.000000000000000E+00   0.000000000000000E+00   0.000000000000000E+00
   8.853626368000000E-01   1.277910920200000E+01   1.277910920200000E+01   0.000000000000000E+00  -9.976057444200001E-01   0.000000000000000E+00   0.000000000000000E+00   0.000000000000000E+00
   8.871327334400000E-01   1.280465834700000E+01   1.280465834700000E+01   0.000000000000000E+00  -9.976057444200001E-01   0.000000000000000E+00   0.000000000000000E+00   0.000000000000000E+00
   8.889028300700000E-01   1.283020749200000E+01   1.283020749200000E+01   0.000000000000000E+00  -9.976057444200001E-01   0.000000000000000E+00   0.000000000000000E+00   0.000000000000000E+00
   8.906729267100000E-01   1.285575663700000E+01   1.285575663700000E+01   0.000000000000000E+00  -9.976057444200001E-01   0.000000000000000E+00   0.000000000000000E+00   0.000000000000000E+00
   8.924430233500000E-01   1.288130578200000E+01   1.288130578200000E+01   0.000000000000000E+00  -9.976057444200001E-01   0.000000000000000E+00   0.000000000000000E+00   0.000000000000000E+00
   8.944071009000000E-01   1.290965480000000E+01   1.290965480000000E+01   0.000000000000000E+00  -9.976057444200001E-01   0.000000000000000E+00   0.000000000000000E+00   0.000000000000000E+00
   8.963711784600000E-01   1.293800381800000E+01   1.293800381800000E+01   0.000000000000000E+00  -9.976057444200001E-01   0.000000000000000E+00   0.000000000000000E+00   0.000000000000000E+00
   8.983352560100000E-01   1.296635283600000E+01   1.296635283600000E+01   0.000000000000000E+00  -9.976057444200001E-01   0.000000000000000E+00   0.000000000000000E+00   0.000000000000000E+00
   9.002993335600000E-01   1.299470185500000E+01   1.299470185500000E+01   0.000000000000000E+00  -9.976057444200001E-01   0.000000000000000E+00   0.000000000000000E+00   0.000000000000000E+00
   9.024212455800000E-01   1.302532901700000E+01   1.302532901700000E+01   0.000000000000000E+00  -9.976057444200001E-01   0.000000000000000E+00   0.000000000000000E+00   0.000000000000000E+00
   9.045431576000000E-01   1.305595618000000E+01   1.305595618000000E+01   0.000000000000000E+00  -9.976057444200001E-01   0.000000000000000E+00   0.000000000000000E+00   0.000000000000000E+00
   9.066650696200000E-01   1.308658334200000E+01   1.308658334200000E+01   0.000000000000000E+00  -9.976057444200001E-01   0.000000000000000E+00   0.000000000000000E+00   0.000000000000000E+00
   9.087869816400000E-01   1.311721050500000E+01   1.311721050500000E+01   0.000000000000000E+00  -9.976057444200001E-01   0.000000000000000E+00   0.000000000000000E+00   0.000000000000000E+00
   9.115343232200001E-01   1.315686496600000E+01   1.315686496600000E+01   0.000000000000000E+00  -9.976057444200001E-01   0.000000000000000E+00   0.000000000000000E+00   0.000000000000000E+00
   9.142816647999999E-01   1.319651942700000E+01   1.319651942700000E+01   0.000000000000000E+00  -9.976057444200001E-01   0.000000000000000E+00   0.000000000000000E+00   0.000000000000000E+00
   9.170290063800000E-01   1.323617388800000E+01   1.323617388800000E+01   0.000000000000000E+00  -9.976057444200001E-01   0.000000000000000E+00   0.000000000000000E+00   0.000000000000000E+00
   9.197763479700000E-01   1.327582834900000E+01   1.327582834900000E+01   0.000000000000000E+00  -9.976057444200001E-01   0.000000000000000E+00   0.000000000000000E+00   0.000000000000000E+00
   9.223445287800000E-01   1.331289684700000E+01   1.331289684700000E+01   0.000000000000000E+00  -9.976057444200001E-01   0.000000000000000E+00   0.000000000000000E+00   0.000000000000000E+00
   9.249127096000000E-01   1.334996534500000E+01   1.334996534500000E+01   0.000000000000000E+00  -9.976057444200001E-01   0.000000000000000E+00   0.000000000000000E+00   0.000000000000000E+00
   9.274808904200000E-01   1.338703384300000E+01   1.338703384300000E+01   0.000000000000000E+00  -9.976057444200001E-01   0.000000000000000E+00   0.000000000000000E+00   0.000000000000000E+00
   9.300490712400000E-01   1.342410234100000E+01   1.342410234100000E+01   0.000000000000000E+00  -9.976057444200001E-01   0.000000000000000E+00   0.000000000000000E+00   0.000000000000000E+00
   9.323665495800000E-01   1.345755226000000E+01   1.345755226000000E+01   0.000000000000000E+00  -9.976057444200001E-01   0.000000000000000E+00   0.000000000000000E+00   0.000000000000000E+00
   9.346840279100000E-01   1.349100217900000E+01   1.349100217900000E+01   0.000000000000000E+00  -9.976057444200001E-01   0.000000000000000E+00   0.000000000000000E+00   0.000000000000000E+00
   9.370015062500000E-01   1.352445209900000E+01   1.352445209900000E+01   0.000000000000000E+00  -9.976057444200001E-01   0.000000000000000E+00   0.000000000000000E+00   0.000000000000000E+00
   9.393189845900000E-01   1.355790201800000E+01   1.355790201800000E+01   0.000000000000000E+00  -9.976057444200001E-01   0.000000000000000E+00   0.000000000000000E+00   0.000000000000000E+00
   9.411693598300001E-01   1.358460988500000E+01   1.358460988500000E+01   0.000000000000000E+00  -9.976057444200001E-01   0.000000000000000E+00   0.000000000000000E+00   0.000000000000000E+00
   9.430197350600000E-01   1.361131775100000E+01   1.361131775100000E+01   0.000000000000000E+00  -9.976057444200001E-01   0.000000000000000E+00   0.000000000000000E+00   0.000000000000000E+00
   9.448701103000000E-01   1.363802561800000E+01   1.363802561800000E+01   0.000000000000000E+00  -9.976057444200001E-01   0.000000000000000E+00   0.000000000000000E+00   0.000000000000000E+00
   9.467204855300000E-01   1.366473348400000E+01   1.366473348400000E+01   0.000000000000000E+00  -9.976057444200001E-01   0.000000000000000E+00   0.000000000000000E+00   0.000000000000000E+00
   9.483923992900000E-01   1.368886548100000E+01   1.368886548100000E+01   0.000000000000000E+00  -9.976057444200001E-01   0.000000000000000E+00   0.000000000000000E+00   0.000000000000000E+00
   9.500643130500001E-01   1.371299747800000E+01   1.371299747800000E+01   0.000000000000000E+00  -9.976057444200001E-01   0.000000000000000E+00   0.000000000000000E+00   0.000000000000000E+00
   9.517362268100000E-01   1.373712947500000E+01   1.373712947500000E+01   0.000000000000000E+00  -9.976057444200001E-01   0.000000000000000E+00   0.000000000000000E+00   0.000000000000000E+00
   9.534081405600000E-01   1.376126147200000E+01   1.376126147200000E+01   0.000000000000000E+00  -9.976057444200001E-01   0.000000000000000E+00   0.000000000000000E+00   0.000000000000000E+00
   9.552663484000000E-01   1.378808239300000E+01   1.378808239300000E+01   0.000000000000000E+00  -9.976057444200001E-01   0.000000000000000E+00   0.000000000000000E+00   0.000000000000000E+00
   9.571245562400000E-01   1.381490331300000E+01   1.381490331300000E+01   0.000000000000000E+00  -9.976057444200001E-01   0.000000000000000E+00   0.000000000000000E+00   0.000000000000000E+00
   9.589827640700000E-01   1.384172423400000E+01   1.384172423400000E+01   0.000000000000000E+00  -9.976057444200001E-01   0.000000000000000E+00   0.000000000000000E+00   0.000000000000000E+00
   9.608409719100000E-01   1.386854515400000E+01   1.386854515400000E+01   0.000000000000000E+00  -9.976057444200001E-01   0.000000000000000E+00   0.000000000000000E+00   0.000000000000000E+00
   9.625662067500000E-01   1.389344677500000E+01   1.389344677500000E+01   0.000000000000000E+00  -9.976057444200001E-01   0.000000000000000E+00   0.000000000000000E+00   0.000000000000000E+00
   9.642914415800000E-01   1.391834839500000E+01   1.391834839500000E+01   0.000000000000000E+00  -9.976057444200001E-01   0.000000000000000E+00   0.000000000000000E+00   0.000000000000000E+00
   9.660166764200000E-01   1.394325001600000E+01   1.394325001600000E+01   0.000000000000000E+00  -9.976057444200001E-01   0.000000000000000E+00   0.000000000000000E+00   0.000000000000000E+00
   9.677419112500000E-01   1.396815163600000E+01   1.396815163600000E+01   0.000000000000000E+00  -9.976057444200001E-01   0.000000000000000E+00   0.000000000000000E+00   0.000000000000000E+00
   9.692867631099999E-01   1.399044965200000E+01   1.399044965200000E+01   0.000000000000000E+00  -9.976057444200001E-01   0.000000000000000E+00   0.000000000000000E+00   0.000000000000000E+00
   9.708316149700000E-01   1.401274766900000E+01   1.401274766900000E+01   0.000000000000000E+00  -9.976057444200001E-01   0.000000000000000E+00   0.000000000000000E+00   0.000000000000000E+00
   9.723764668300000E-01   1.403504568500000E+01   1.403504568500000E+01   0.000000000000000E+00  -9.976057444200001E-01   0.000000000000000E+00   0.000000000000000E+00   0.000000000000000E+00
   9.739213186900000E-01   1.405734370200000E+01   1.405734370200000E+01   0.000000000000000E+00  -9.976057444200001E-01   0.000000000000000E+00   0.000000000000000E+00   0.000000000000000E+00
   9.754951598200000E-01   1.408006014200000E+01   1.408006014200000E+01   0.000000000000000E+00  -9.976057444200001E-01   0.000000000000000E+00   0.000000000000000E+00   0.000000000000000E+00
   9.770690009400000E-01   1.410277658300000E+01   1.410277658300000E+01   0.000000000000000E+00  -9.976057444200001E-01   0.000000000000000E+00   0.000000000000000E+00   0.000000000000000E+00
   9.786428420700000E-01   1.412549302300000E+01   1.412549302300000E+01   0.000000000000000E+00  -9.976057444200001E-01   0.000000000000000E+00   0.000000000000000E+00   0.000000000000000E+00
   9.802166832000000E-01   1.414820946400000E+01   1.414820946400000E+01   0.000000000000000E+00  -9.976057444200001E-01   0.000000000000000E+00   0.000000000000000E+00   0.000000000000000E+00
   9.815930325900000E-01   1.416807535600000E+01   1.416807535600000E+01   0.000000000000000E+00  -9.976057444200001E-01   0.000000000000000E+00   0.000000000000000E+00   0.000000000000000E+00
   9.829693819799999E-01   1.418794124900000E+01   1.418794124900000E+01   0.000000000000000E+00  -9.976057444200001E-01   0.000000000000000E+00   0.000000000000000E+00   0.000000000000000E+00
   9.843457313800000E-01   1.420780714200000E+01   1.420780714200000E+01   0.000000000000000E+00  -9.976057444200001E-01   0.000000000000000E+00   0.000000000000000E+00   0.000000000000000E+00
   9.857220807700000E-01   1.422767303500000E+01   1.422767303500000E+01   0.000000000000000E+00  -9.976057444200001E-01   0.000000000000000E+00   0.000000000000000E+00   0.000000000000000E+00
   9.873914594800000E-01   1.425176844100000E+01   1.425176844100000E+01   0.000000000000000E+00  -9.976057444200001E-01   0.000000000000000E+00   0.000000000000000E+00   0.000000000000000E+00
   9.890608382000000E-01   1.427586384800000E+01   1.427586384800000E+01   0.000000000000000E+00  -9.976057444200001E-01   0.000000000000000E+00   0.000000000000000E+00   0.000000000000000E+00
   9.907302169100000E-01   1.429995925500000E+01   1.429995925500000E+01   0.000000000000000E+00  -9.976057444200001E-01   0.000000000000000E+00   0.000000000000000E+00   0.000000000000000E+00
   9.923995956300000E-01   1.432405466200000E+01   1.432405466200000E+01   0.000000000000000E+00  -9.976057444200001E-01   0.000000000000000E+00   0.000000000000000E+00   0.000000000000000E+00
   9.942996967200000E-01   1.435148025900000E+01   1.435148025900000E+01   0.000000000000000E+00  -9.976057444200001E-01   0.000000000000000E+00   0.000000000000000E+00   0.000000000000000E+00
   9.961997978100000E-01   1.437890585700000E+01   1.437890585700000E+01   0.000000000000000E+00  -9.976057444200001E-01   0.000000000000000E+00   0.000000000000000E+00   0.000000000000000E+00
   9.980998989099999E-01   1.440633145400000E+01   1.440633145400000E+01   0.000000000000000E+00  -9.976057444200001E-01   0.000000000000000E+00   0.000000000000000E+00   0.000000000000000E+00
   1.000000000000000E+00   1.443375705200000E+01   1.443375705200000E+01   0.000000000000000E+00  -9.976057444200001E-01   0.000000000000000E+00   0.000000000000000E+00   0.000000000000000E+00
