   0.000000000000000E+00   1.625170368800000E-32   0.000000000000000E+00   0.000000000000000E+00  -9.247494029700000E-02  -1.996175580300000E-04   0.000000000000000E+00   1.759150975600000E-02
   3.777913495200000E-03   7.555826990400000E-02   7.562572850900000E-02   5.544431614000000E-05  -9.247494004200001E-02  -1.996174184000000E-04   1.466420090500000E-03   1.760147876700000E-02
   7.555826990400000E-03   1.511165398100000E-01   1.512512865600000E-01   2.218082445300000E-04  -9.247493927800000E-02  -1.996164408000000E-04   2.933243537400000E-03   1.760119042200000E-02
   1.133374048600000E-02   2.266748097100000E-01   2.268765281100000E-01   4.990896468200000E-04  -9.247493800600000E-02  -1.996137871300000E-04   4.399615555700000E-03   1.759064479600000E-02
   1.511165398100000E-02   3.022330796200000E-01   3.025013074500000E-01   8.872215857700000E-04  -9.247493623000000E-02  -1.996086195400000E-04   5.864681613300000E-03   1.756984789100000E-02
   1.863640394900000E-02   3.727280789900000E-01   3.730578146500000E-01   1.349186121500000E-03  -9.247493412200000E-02  -1.996007933400000E-04   7.229641088500000E-03   1.754121118100000E-02
   2.216115391800000E-02   4.432230783600000E-01   4.436136761600000E-01   1.907370678700000E-03  -9.247493158300001E-02  -1.995893712600000E-04   8.592028077700001E-03   1.750367572700000E-02
   2.568590388600000E-02   5.137180777300000E-01   5.141687759400000E-01   2.561568589400000E-03  -9.247492861700000E-02  -1.995736756900000E-04   9.951151438900000E-03   1.745726034300000E-02
   2.921065385500000E-02   5.842130770900000E-01   5.847229991800000E-01   3.311524361800000E-03  -9.247492523100000E-02  -1.995530306900000E-04   1.130632166600000E-02   1.740198830600000E-02
   3.261791346900000E-02   6.523582693700000E-01   6.529245014700000E-01   4.127219544800000E-03  -9.247492156300000E-02  -1.995277355300000E-04   1.261191607300000E-02   1.734016594200000E-02
   3.602517308200000E-02   7.205034616500000E-01   7.211249778700000E-01   5.031793291700000E-03  -9.247491751600000E-02  -1.994965787600000E-04   1.391255501000000E-02   1.727012241700000E-02
   3.943243269600000E-02   7.886486539200001E-01   7.893243291900000E-01   6.024885484400000E-03  -9.247491309500000E-02  -1.994589559400000E-04   1.520762182900000E-02   1.719189059300000E-02
   4.283969231000000E-02   8.567938462000000E-01   8.575224580900001E-01   7.106093949200000E-03  -9.247490831000001E-02  -1.994142652100000E-04   1.649650249600000E-02   1.710550718200000E-02
   4.618314434500000E-02   9.236628869000000E-01   9.244421637000000E-01   8.252282404299999E-03  -9.247490326799999E-02  -1.993629621400000E-04   1.775464249500000E-02   1.701285658300000E-02
   4.952659638000000E-02   9.905319276000000E-01   9.913605125400000E-01   9.482431723100000E-03  -9.247489789100000E-02  -1.993037136200000E-04   1.900566290800000E-02   1.691243775100000E-02
   5.287004841500000E-02   1.057400968300000E+00   1.058277418900000E+00   1.079604495600000E-02  -9.247489218900000E-02  -1.992359598700000E-04   2.024899250100000E-02   1.680429607500000E-02
   5.621350045000000E-02   1.124270009000000E+00   1.125192799400000E+00   1.219258697700000E-02  -9.247488617300000E-02  -1.991591445400000E-04   2.148406351500000E-02   1.668848043800000E-02
   5.952022846200000E-02   1.190404569200000E+00   1.191371610600000E+00   1.365479554700000E-02  -9.247487992300001E-02  -1.990737185200000E-04   2.269689289900000E-02   1.656644021400000E-02
   6.282695647400000E-02   1.256539129500000E+00   1.257548774700000E+00   1.519697003300000E-02  -9.247487338599999E-02  -1.989783574800000E-04   2.390055057600000E-02   1.643699885400000E-02
   6.613368448600000E-02   1.322673689700000E+00   1.323724218900000E+00   1.681848405200000E-02  -9.247486657200001E-02  -1.988725346300000E-04   2.509449879200000E-02   1.630021359500000E-02
   6.944041249800000E-02   1.388808250000000E+00   1.389897873300000E+00   1.851867573000000E-02  -9.247485949400000E-02  -1.987557274300000E-04   2.627820408800000E-02   1.615614492200000E-02
   7.272393549400000E-02   1.454478709900000E+00   1.455605315800000E+00   2.028409961200000E-02  -9.247485221600001E-02  -1.986283595200000E-04   2.744294518600000E-02   1.600594321200000E-02
   7.600745849100000E-02   1.520149169800000E+00   1.521310864700000E+00   2.212569695400000E-02  -9.247484470099999E-02  -1.984891474600000E-04   2.859655182100000E-02   1.584868825500000E-02
   7.929098148700001E-02   1.585819629700000E+00   1.587014460700000E+00   2.404271764900000E-02  -9.247483696300000E-02  -1.983375934700000E-04   2.973851562400000E-02   1.568444861200000E-02
   8.257450448299999E-02   1.651490089700000E+00   1.652716047500000E+00   2.603437834200000E-02  -9.247482901300000E-02  -1.981732048100000E-04   3.086833329700000E-02   1.551329588800000E-02
   8.587682845800000E-02   1.717536569200000E+00   1.718791752100000E+00   2.811190035100000E-02  -9.247482081800000E-02  -1.979944371300000E-04   3.199186624300000E-02   1.533426600800000E-02
   8.917915243400000E-02   1.783583048700000E+00   1.784865320500000E+00   3.026323026700000E-02  -9.247481243700000E-02  -1.978017039200000E-04   3.310210884300000E-02   1.514839807800000E-02
   9.248147640899999E-02   1.849629528200000E+00   1.850936706100000E+00   3.248747161300000E-02  -9.247480388500000E-02  -1.975945206500000E-04   3.419856597700000E-02   1.495577405600000E-02
   9.578380038400000E-02   1.915676007700000E+00   1.917005865800000E+00   3.478369540100000E-02  -9.247479517500000E-02  -1.973724088300000E-04   3.528074860400000E-02   1.475647887200000E-02
   9.913013125700000E-02   1.982602625100000E+00   1.983953154900000E+00   3.718296158500000E-02  -9.247478620500001E-02  -1.971316249800000E-04   3.636229671100000E-02   1.454781281100000E-02
   1.024764621300000E-01   2.049529242600000E+00   2.050898081200000E+00   3.965412130000000E-02  -9.247477710300001E-02  -1.968745424800000E-04   3.742819612800000E-02   1.433248130500000E-02
   1.058227930000000E-01   2.116455860000000E+00   2.117840612000000E+00   4.219610845800000E-02  -9.247476788800001E-02  -1.966006837300000E-04   3.847795845000000E-02   1.411058183000000E-02
   1.091691238700000E-01   2.183382477500000E+00   2.184780718700000E+00   4.480782455400000E-02  -9.247475857300000E-02  -1.963095783700000E-04   3.951110257900000E-02   1.388221482700000E-02
   1.125934777800000E-01   2.251869555700000E+00   2.253279065900000E+00   4.755144241400000E-02  -9.247474895700000E-02  -1.959933482100000E-04   4.055063752700000E-02   1.364193559900000E-02
   1.160178317000000E-01   2.320356633900000E+00   2.321774827900000E+00   5.036564937000000E-02  -9.247473927300000E-02  -1.956580853700000E-04   4.157177529500000E-02   1.339510587300000E-02
   1.194421856100000E-01   2.388843712100000E+00   2.390267988000000E+00   5.324916620300000E-02  -9.247472953800000E-02  -1.953033107600000E-04   4.257402551000000E-02   1.314184262300000E-02
   1.228665395200000E-01   2.457330790300000E+00   2.458758534300000E+00   5.620068047100000E-02  -9.247471977000001E-02  -1.949285541900000E-04   4.355690675000000E-02   1.288226586600000E-02
   1.262408896500000E-01   2.524817793000000E+00   2.526246390900000E+00   5.917430161200000E-02  -9.247471013000000E-02  -1.945392746500000E-04   4.450602902500000E-02   1.262042338700000E-02
   1.296152397900000E-01   2.592304795700000E+00   2.593731700400000E+00   6.221132546000000E-02  -9.247470049299999E-02  -1.941297123300000E-04   4.543544232600000E-02   1.235269034000000E-02
   1.329895899200000E-01   2.659791798500000E+00   2.661214465300000E+00   6.531040517800001E-02  -9.247469087600001E-02  -1.936994438800000E-04   4.634471279200000E-02   1.207918989600000E-02
   1.363639400600000E-01   2.727278801200000E+00   2.728694692500000E+00   6.847016504300001E-02  -9.247468129700000E-02  -1.932480551500000E-04   4.723341582700000E-02   1.180004786700000E-02
   1.396468474000000E-01   2.792936948000000E+00   2.794343822800000E+00   7.160119809300000E-02  -9.247467202800000E-02  -1.927882442000000E-04   4.807790173500000E-02   1.152317818400000E-02
   1.429297547400000E-01   2.858595094800000E+00   2.859990576800000E+00   7.478702019400001E-02  -9.247466282700000E-02  -1.923076948600000E-04   4.890215330400000E-02   1.124121060900000E-02
   1.462126620800000E-01   2.924253241600000E+00   2.925634973000000E+00   7.802628920900000E-02  -9.247465370900000E-02  -1.918060518100000E-04   4.970580581800000E-02   1.095426788800000E-02
   1.494955694200000E-01   2.989911388400000E+00   2.991277034400000E+00   8.131763943600000E-02  -9.247464468800000E-02  -1.912829685900000E-04   5.048850352400000E-02   1.066247492500000E-02
   1.527172056200000E-01   3.054344112500000E+00   3.055691729100000E+00   8.459685161500000E-02  -9.247463594600000E-02  -1.907484783300000E-04   5.123588645000000E-02   1.037153529100000E-02
   1.559388418300000E-01   3.118776836500000E+00   3.120104229900000E+00   8.792354846000000E-02  -9.247462732700000E-02  -1.901927055100000E-04   5.196243669400000E-02   1.007616902800000E-02
   1.591604780300000E-01   3.183209560600000E+00   3.184514569400000E+00   9.129637649300000E-02  -9.247461884500000E-02  -1.896153485300000E-04   5.266784408600000E-02   9.776499926700001E-03
   1.623821142300000E-01   3.247642284600000E+00   3.248922783800000E+00   9.471396262900000E-02  -9.247461051399999E-02  -1.890161145600000E-04   5.335180731300000E-02   9.472653572300000E-03
   1.655965946100000E-01   3.311931892300000E+00   3.313185857600000E+00   9.816718031000000E-02  -9.247460236600000E-02  -1.883961246900000E-04   5.401258741900000E-02   9.165445580600000E-03
   1.688110750000000E-01   3.376221500000000E+00   3.377446897800000E+00   1.016621703000000E-01  -9.247459439500000E-02  -1.877537991800000E-04   5.465144612700000E-02   8.854333798300000E-03
   1.720255553800000E-01   3.440511107600000E+00   3.441705950600000E+00   1.051975137300000E-01  -9.247458661400000E-02  -1.870888740300000E-04   5.526811123900000E-02   8.539448001900001E-03
   1.752400357700000E-01   3.504800715300000E+00   3.505963065300000E+00   1.087717746200000E-01  -9.247457903600000E-02  -1.864010944300000E-04   5.586231981300000E-02   8.220919533900001E-03
   1.784258370700000E-01   3.568516741500000E+00   3.569645027800000E+00   1.123511158800000E-01  -9.247457173699999E-02  -1.856966600200000E-04   5.642882057900000E-02   7.901769549600000E-03
   1.816116383800000E-01   3.632232767700000E+00   3.633325192400000E+00   1.159658271600000E-01  -9.247456466200001E-02  -1.849693060200000E-04   5.697277696000000E-02   7.579302842100000E-03
   1.847974396900000E-01   3.695948793800000E+00   3.697003616200000E+00   1.196144643400000E-01  -9.247455782000000E-02  -1.842188116600000E-04   5.749396052300000E-02   7.253651502600000E-03
   1.879832410000000E-01   3.759664820000000E+00   3.760680359000000E+00   1.232955691100000E-01  -9.247455122400000E-02  -1.834449654300000E-04   5.799215216300000E-02   6.924948919200000E-03
   1.911928325500000E-01   3.823856651100000E+00   3.824830976900000E+00   1.270355028600000E-01  -9.247454483600000E-02  -1.826415213800000E-04   5.847060142500000E-02   6.590842701500000E-03
   1.944024241100000E-01   3.888048482100000E+00   3.888980018900000E+00   1.308053784900000E-01  -9.247453871800000E-02  -1.818139731000000E-04   5.892529659400000E-02   6.253915045100000E-03
   1.976120156600000E-01   3.952240313200000E+00   3.953127554200000E+00   1.346036648600000E-01  -9.247453288000000E-02  -1.809621332800000E-04   5.935604287700000E-02   5.914306003100000E-03
   2.008216072100000E-01   4.016432144200000E+00   4.017273654600000E+00   1.384288187400000E-01  -9.247452733100001E-02  -1.800858245100000E-04   5.976265543600000E-02   5.572156736500000E-03
   2.040515283000000E-01   4.081030566100000E+00   4.081824682500000E+00   1.423037515600000E-01  -9.247452204700000E-02  -1.791790938500000E-04   6.014730314000000E-02   5.225419760400000E-03
   2.072814494000000E-01   4.145628988000000E+00   4.146374410200000E+00   1.462027232700000E-01  -9.247451707400001E-02  -1.782472532300000E-04   6.050716557700000E-02   4.876400246800000E-03
   2.105113704900000E-01   4.210227409800000E+00   4.210922917700000E+00   1.501241279700000E-01  -9.247451241900000E-02  -1.772901525500000E-04   6.084208535800000E-02   4.525245091600000E-03
   2.137412915800000E-01   4.274825831700000E+00   4.275470287000000E+00   1.540663499700000E-01  -9.247450809000000E-02  -1.763076521100000E-04   6.115191559300000E-02   4.172102083900000E-03
   2.170255088700000E-01   4.340510177500000E+00   4.341101641600000E+00   1.580945120200000E-01  -9.247450403099999E-02  -1.752824584300000E-04   6.144108792200000E-02   3.811137600400000E-03
   2.203097261600000E-01   4.406194523200000E+00   4.406731996400000E+00   1.621408002200000E-01  -9.247450032300000E-02  -1.742307455500000E-04   6.170404708500000E-02   3.448428596300000E-03
   2.235939434500000E-01   4.471878869000000E+00   4.472361443200000E+00   1.662034893800000E-01  -9.247449697200000E-02  -1.731524000900000E-04   6.194067242000000E-02   3.084132881600000E-03
   2.268781607400000E-01   4.537563214800000E+00   4.537990075600000E+00   1.702808467800000E-01  -9.247449398500000E-02  -1.720473200000000E-04   6.215085472000000E-02   2.718408952200000E-03
   2.302781714500000E-01   4.605563429100000E+00   4.605931855200000E+00   1.745155607300000E-01  -9.247449128000000E-02  -1.708750158500000E-04   6.234048555100000E-02   2.338455468400000E-03
   2.336781821700000E-01   4.673563643300000E+00   4.673872970200000E+00   1.787621943400000E-01  -9.247448897600000E-02  -1.696738739400000E-04   6.250157583300001E-02   1.957318990100000E-03
   2.370781928800000E-01   4.741563857600000E+00   4.741813528600000E+00   1.830188048800000E-01  -9.247448707500000E-02  -1.684438198000000E-04   6.263404350800000E-02   1.575177226000000E-03
   2.404782035900000E-01   4.809564071900000E+00   4.809753639400000E+00   1.872834445500000E-01  -9.247448558099999E-02  -1.671847922100000E-04   6.273781986200000E-02   1.192208350500000E-03
   2.441366392000000E-01   4.882732784000000E+00   4.882857305500000E+00   1.918789591900000E-01  -9.247448443200000E-02  -1.657976545600000E-04   6.281737556100001E-02   7.794118246500000E-04
   2.477950748100000E-01   4.955901496100000E+00   4.955960718300000E+00   1.964790736800000E-01  -9.247448376000000E-02  -1.643768738000000E-04   6.286359723100000E-02   3.660872583500000E-04
   2.514535104100000E-01   5.029070208300000E+00   5.029064015900000E+00   2.010813489300000E-01  -9.247448356599999E-02  -1.629224252000000E-04   6.287645126100000E-02  -4.754223546600000E-05
   2.551119460200000E-01   5.102238920400000E+00   5.102167336900000E+00   2.056833441000000E-01  -9.247448385000000E-02  -1.614343018900000E-04   6.285592205300000E-02  -4.612533799000000E-04
   2.584562304900000E-01   5.169124609800000E+00   5.168993388400000E+00   2.098878444300000E-01  -9.247448452800000E-02  -1.600445118600000E-04   6.280795105299999E-02  -8.393206430700000E-04
   2.618005149600000E-01   5.236010299100000E+00   5.235819680800000E+00   2.140882061500000E-01  -9.247448560500000E-02  -1.586266125500000E-04   6.273210075900000E-02  -1.217098968900000E-03
   2.651447994300000E-01   5.302895988500000E+00   5.302646319200000E+00   2.182825663300000E-01  -9.247448707800000E-02  -1.571806378700000E-04   6.262839877100000E-02  -1.594417947100000E-03
   2.684890838900000E-01   5.369781677900000E+00   5.369473408400000E+00   2.224690642800000E-01  -9.247448894400000E-02  -1.557066341700000E-04   6.249688525400000E-02  -1.971107372500000E-03
   2.717639798600000E-01   5.435279597100000E+00   5.434914479900000E+00   2.265592920900000E-01  -9.247449114900000E-02  -1.542361074900000E-04   6.234119914500000E-02  -2.339207465300000E-03
   2.750388758200000E-01   5.500777516400000E+00   5.500356179800000E+00   2.306384583600000E-01  -9.247449372500000E-02  -1.527388259500000E-04   6.215895526100000E-02  -2.706381668500000E-03
   2.783137717800000E-01   5.566275435600000E+00   5.565798603600000E+00   2.347048266600000E-01  -9.247449666700000E-02  -1.512148676900000E-04   6.195022622500000E-02  -3.072471145800000E-03
   2.815886677400000E-01   5.631773354900000E+00   5.631241845800000E+00   2.387566656700000E-01  -9.247449997000000E-02  -1.496643221900000E-04   6.171509611300000E-02  -3.437317526400000E-03
   2.847964832600000E-01   5.695929665200000E+00   5.695345481800000E+00   2.427097625100000E-01  -9.247450354900000E-02  -1.481198579800000E-04   6.145927868200000E-02  -3.793333527400000E-03
   2.880042987800000E-01   5.760085975600000E+00   5.759450078100000E+00   2.466456480200000E-01  -9.247450746400000E-02  -1.465500865100000E-04   6.117832259100000E-02  -4.147857609300000E-03
   2.912121143000000E-01   5.824242286000000E+00   5.823555719200000E+00   2.505627133800000E-01  -9.247451170600000E-02  -1.449551233600000E-04   6.087233861300000E-02  -4.500742609000000E-03
   2.944199298200000E-01   5.888398596300000E+00   5.887662487600000E+00   2.544593571600000E-01  -9.247451627100001E-02  -1.433350944200000E-04   6.054144790900000E-02  -4.851842038800000E-03
   2.976027185900000E-01   5.952054371800000E+00   5.951270301800000E+00   2.583038461400000E-01  -9.247452111000000E-02  -1.417030655900000E-04   6.018865235200000E-02  -5.198293849300000E-03
   3.007855073600000E-01   6.015710147300000E+00   6.014879382500000E+00   2.621251142800000E-01  -9.247452624999999E-02  -1.400466374500000E-04   5.981160509300000E-02  -5.542702752400000E-03
   3.039682961400000E-01   6.079365922800000E+00   6.078489805100000E+00   2.659216227300000E-01  -9.247453168300000E-02  -1.383659627300000E-04   5.941045449900000E-02  -5.884927983000000E-03
   3.071510849100000E-01   6.143021698200000E+00   6.142101642300000E+00   2.696918422800000E-01  -9.247453740100001E-02  -1.366612039000000E-04   5.898535878700000E-02  -6.224829662000000E-03
   3.103380566000000E-01   6.206761131900000E+00   6.205798568200000E+00   2.734391534100000E-01  -9.247454340200000E-02  -1.349302456200000E-04   5.853588047700000E-02  -6.562710640200000E-03
   3.135250282800000E-01   6.270500565600000E+00   6.269497052100000E+00   2.771570696200000E-01  -9.247454966800001E-02  -1.331754950800000E-04   5.806274096000000E-02  -6.897984165200000E-03
   3.167119999600000E-01   6.334239999200000E+00   6.333197159800000E+00   2.808440885800000E-01  -9.247455619100001E-02  -1.313971444300000E-04   5.756612836600000E-02  -7.230512817500000E-03
   3.198989716500000E-01   6.397979432900000E+00   6.396898954900000E+00   2.844987201800000E-01  -9.247456295900000E-02  -1.295953953600000E-04   5.704624044700000E-02  -7.560160295000000E-03
   3.230928232000000E-01   6.461856464000000E+00   6.460740020000000E+00   2.881272657200000E-01  -9.247456997600000E-02  -1.277664945100000E-04   5.650208759600000E-02  -7.887493219500000E-03
   3.262866747600000E-01   6.525733495200000E+00   6.524582899100000E+00   2.917203268200000E-01  -9.247457721800000E-02  -1.259145281400000E-04   5.593498518800000E-02  -8.211662026800000E-03
   3.294805263100000E-01   6.589610526300000E+00   6.588427647600000E+00   2.952764442500000E-01  -9.247458467200000E-02  -1.240397275900000E-04   5.534516083900000E-02  -8.532533242700001E-03
   3.326743778700000E-01   6.653487557400000E+00   6.652274317800000E+00   2.987941735700000E-01  -9.247459232600000E-02  -1.221423334500000E-04   5.473285151900000E-02  -8.849974742000000E-03
   3.359027148100000E-01   6.718054296200000E+00   6.716812371000000E+00   3.023094156400000E-01  -9.247460025300000E-02  -1.202017462900000E-04   5.409133154400000E-02  -9.167225003800000E-03
   3.391310517500000E-01   6.782621035000000E+00   6.781352485500000E+00   3.057825165400000E-01  -9.247460835900000E-02  -1.182385976300000E-04   5.342735382400000E-02  -9.480704031300000E-03
   3.423593886900000E-01   6.847187773800000E+00   6.845894705300000E+00   3.092120341300000E-01  -9.247461663000001E-02  -1.162531642200000E-04   5.274119160900000E-02  -9.790279913600000E-03
   3.455877256300000E-01   6.911754512500000E+00   6.910439071300000E+00   3.125965441300000E-01  -9.247462505200001E-02  -1.142457320700000E-04   5.203312748300000E-02  -1.009582237200000E-02
   3.489010040900000E-01   6.978020081900000E+00   6.976683949600000E+00   3.160218307300000E-01  -9.247463383900000E-02  -1.121629169900000E-04   5.128396557800000E-02  -1.040507515000000E-02
   3.522142825600000E-01   7.044285651200000E+00   7.042931163500000E+00   3.193967304700000E-01  -9.247464275500000E-02  -1.100575701700000E-04   5.051236689600000E-02  -1.070980691600000E-02
   3.555275610300000E-01   7.110551220500000E+00   7.109180745300000E+00   3.227197662600000E-01  -9.247465178500000E-02  -1.079300304200000E-04   4.971866679100000E-02  -1.100988256300000E-02
   3.588408394900000E-01   7.176816789900000E+00   7.175432722800000E+00   3.259894834300000E-01  -9.247466091200000E-02  -1.057806462400000E-04   4.890321041600000E-02  -1.130516903800000E-02
   3.622730372000000E-01   7.245460744000000E+00   7.244065148800000E+00   3.293188054200000E-01  -9.247467045400000E-02  -1.035314646300000E-04   4.803592303400000E-02  -1.160586404700000E-02
   3.657052349100000E-01   7.314104698100000E+00   7.312700192700000E+00   3.325878121700000E-01  -9.247468006600000E-02  -1.012596353800000E-04   4.714607555600000E-02  -1.190113633400000E-02
   3.691374326100000E-01   7.382748652200000E+00   7.381337871300000E+00   3.357949673300000E-01  -9.247468973000000E-02  -9.896557778000000E-05   4.623408384300000E-02  -1.219084537400000E-02
   3.725696303200000E-01   7.451392606400000E+00   7.449978196300000E+00   3.389387633500000E-01  -9.247469942900000E-02  -9.664972160200000E-05   4.530037429600000E-02  -1.247485327900000E-02
   3.759228715700000E-01   7.518457431400000E+00   7.517042038100000E+00   3.419476312500000E-01  -9.247470891900000E-02  -9.436651034299999E-05   4.436758874100000E-02  -1.274669219400000E-02
   3.792761128200000E-01   7.585522256400000E+00   7.584108414400000E+00   3.448932601200000E-01  -9.247471840700000E-02  -9.206333148000000E-05   4.341490657400000E-02  -1.301283668300000E-02
   3.826293540700000E-01   7.652587081400000E+00   7.651177322400000E+00   3.477743276700000E-01  -9.247472787699999E-02  -8.974061356800000E-05   4.244275346300000E-02  -1.327316580400000E-02
   3.859825953200000E-01   7.719651906400000E+00   7.718248754800000E+00   3.505895404000000E-01  -9.247473731100000E-02  -8.739879393300000E-05   4.145156392400000E-02  -1.352756124600000E-02
   3.892580432600000E-01   7.785160865300000E+00   7.783766593800000E+00   3.532746496400000E-01  -9.247474647499999E-02  -8.509328819700000E-05   4.046541484800000E-02  -1.377021528100000E-02
   3.925334912100000E-01   7.850669824100000E+00   7.849286815000000E+00   3.558945672500000E-01  -9.247475557300000E-02  -8.277040550800000E-05   3.946194603000000E-02  -1.400699218200000E-02
   3.958089391500000E-01   7.916178783000000E+00   7.914809399400000E+00   3.584481703800000E-01  -9.247476458999999E-02  -8.043057661700000E-05   3.844158580200000E-02  -1.423778925300000E-02
   3.990843870900000E-01   7.981687741800000E+00   7.980334323700000E+00   3.609343644700000E-01  -9.247477350900001E-02  -7.807423953600000E-05   3.740476982600000E-02  -1.446250638100000E-02
   4.023180487500000E-01   8.046360974900001E+00   8.045025587200000E+00   3.633216753600000E-01  -9.247478220499999E-02  -7.573220436699999E-05   3.636547127100000E-02  -1.467829737600000E-02
   4.055517104000000E-01   8.111034208000000E+00   8.109719074799999E+00   3.656412496200000E-01  -9.247479077699999E-02  -7.337494820100000E-05   3.531099845000000E-02  -1.488797629900000E-02
   4.087853720600000E-01   8.175707441200000E+00   8.174414752700001E+00   3.678921178400000E-01  -9.247479921100001E-02  -7.100291225600000E-05   3.424179048900000E-02  -1.509145448600000E-02
   4.120190337100000E-01   8.240380674300001E+00   8.239112583600001E+00   3.700733391400000E-01  -9.247480749299999E-02  -6.861654392799999E-05   3.315829274500000E-02  -1.528864588400000E-02
   4.152720629500000E-01   8.305441259000000E+00   8.304200044500000E+00   3.721964288400000E-01  -9.247481565700000E-02  -6.620187976800000E-05   3.205434351600000E-02  -1.548059063400000E-02
   4.185250921800000E-01   8.370501843700000E+00   8.369289597500000E+00   3.742472137000000E-01  -9.247482363900000E-02  -6.377363740100000E-05   3.093685521300000E-02  -1.566600649900000E-02
   4.217781214200000E-01   8.435562428400001E+00   8.434381194000000E+00   3.762248259100000E-01  -9.247483142700000E-02  -6.133229007900001E-05   2.980629916800000E-02  -1.584481410500000E-02
   4.250311506600000E-01   8.500623013100000E+00   8.499474781600000E+00   3.781284285000000E-01  -9.247483900600000E-02  -5.887831660000000E-05   2.866315230700000E-02  -1.601693690400000E-02
   4.283078719900000E-01   8.566157439900000E+00   8.565044408300000E+00   3.799702585900000E-01  -9.247484641600000E-02  -5.639419683900000E-05   2.749943991300000E-02  -1.618348059900000E-02
   4.315845933300000E-01   8.631691866600001E+00   8.630615938600000E+00   3.817353885300000E-01  -9.247485359000000E-02  -5.389825766100000E-05   2.632394028800000E-02  -1.634309463900000E-02
   4.348613146700000E-01   8.697226293400000E+00   8.696189309199999E+00   3.834230601000000E-01  -9.247486051400000E-02  -5.139100420900000E-05   2.513715680200000E-02  -1.649570968100000E-02
   4.381380360100000E-01   8.762760720199999E+00   8.761764453500000E+00   3.850325483200000E-01  -9.247486717700000E-02  -4.887294648900000E-05   2.393959772700000E-02  -1.664125941600000E-02
   4.414344776200000E-01   8.828689552500000E+00   8.827735967800001E+00   3.865721332400000E-01  -9.247487360600000E-02  -4.632935272100000E-05   2.272447698100000E-02  -1.678049195700000E-02
   4.447309192400000E-01   8.894618384799999E+00   8.893709132800000E+00   3.880312215800000E-01  -9.247487974800001E-02  -4.377587365200000E-05   2.149949656100000E-02  -1.691244865500000E-02
   4.480273608600000E-01   8.960547217100000E+00   8.959683871899999E+00   3.894091788000000E-01  -9.247488559200000E-02  -4.121304209000000E-05   2.026518762800000E-02  -1.703707147700000E-02
   4.513238024700000E-01   9.026476049399999E+00   9.025660105600000E+00   3.907054055900000E-01  -9.247489112800000E-02  -3.864139490800000E-05   1.902208544400000E-02  -1.715430561000000E-02
   4.547165543800000E-01   9.094331087600001E+00   9.093565404200000E+00   3.919535621500000E-01  -9.247489649500000E-02  -3.598597780400000E-05   1.773405038900000E-02  -1.726719491100000E-02
   4.581093062900000E-01   9.162186125800000E+00   9.161472107100000E+00   3.931139705400000E-01  -9.247490151600000E-02  -3.332238873400000E-05   1.643786370400000E-02  -1.737215026400000E-02
   4.615020582000000E-01   9.230041163899999E+00   9.229380119300000E+00   3.941860960500000E-01  -9.247490618199999E-02  -3.065122493900000E-05   1.513412097700000E-02  -1.746912276600000E-02
   4.648948101000000E-01   9.297896202100000E+00   9.297289343799999E+00   3.951694445800000E-01  -9.247491048400000E-02  -2.797308715300000E-05   1.382342131800000E-02  -1.755806722800000E-02
   4.683961430600000E-01   9.367922861300000E+00   9.367373089399999E+00   3.960906998500000E-01  -9.247491453499999E-02  -2.520256639800000E-05   1.246411814300000E-02  -1.764139681700000E-02
   4.718974760300000E-01   9.437949520500000E+00   9.437457908800001E+00   3.969164701300000E-01  -9.247491818200000E-02  -2.242592848800000E-05   1.109871255600000E-02  -1.771609080300000E-02
   4.753988089900000E-01   9.507976179700000E+00   9.507543688300000E+00   3.976463500400000E-01  -9.247492141800000E-02  -1.964384350500000E-05   9.727872941100000E-03  -1.778211211400000E-02
   4.789001419500000E-01   9.578002839000000E+00   9.577630312700000E+00   3.982799812700000E-01  -9.247492423700000E-02  -1.685698420900000E-05   8.352270380699999E-03  -1.783942797700000E-02
   4.827153421500000E-01   9.654306843000001E+00   9.654000481600001E+00   3.988604718000000E-01  -9.247492682700000E-02  -1.381566084300000E-05   6.848722931800000E-03  -1.789193753000000E-02
   4.865305423500000E-01   9.730610847099999E+00   9.730371361000000E+00   3.993259774700000E-01  -9.247492891000000E-02  -1.077034661700000E-05   5.341194035600000E-03  -1.793404628300000E-02
   4.903457425600000E-01   9.806914851100000E+00   9.806742795800000E+00   3.996762269000000E-01  -9.247493048100000E-02  -7.721919971200000E-06   3.830560033400000E-03  -1.796572941800000E-02
   4.941609427600000E-01   9.883218855200001E+00   9.883114629600000E+00   3.999110159400000E-01  -9.247493153500000E-02  -4.671261159400000E-06   2.317699096400000E-03  -1.798696826100000E-02
   4.979006157800000E-01   9.958012315500000E+00   9.957974812500000E+00   4.000289702300000E-01  -9.247493206500000E-02  -1.679677992000000E-06   8.334740390600000E-04  -1.799763835400000E-02
   5.016402887900000E-01   1.003280577600000E+01   1.003283507900000E+01   4.000357924700000E-01  -9.247493209600000E-02   1.312371803900000E-06  -6.512165561900000E-04  -1.799825549200000E-02
   5.053799618100000E-01   1.010759923600000E+01   1.010769528000000E+01   3.999314788400000E-01  -9.247493162700000E-02   4.304056997000000E-06  -2.135543400500000E-03  -1.798881932400000E-02
   5.091196348300000E-01   1.018239269700000E+01   1.018255526700000E+01   3.997160877600000E-01  -9.247493066000000E-02   7.294546559800000E-06  -3.618677411100000E-03  -1.796933519500000E-02
   5.126124914600000E-01   1.025224982900000E+01   1.025247421200000E+01   3.994146952500000E-01  -9.247492930800000E-02   1.008585206200000E-05  -5.002116255100000E-03  -1.794207156600000E-02
   5.161053480900000E-01   1.032210696200000E+01   1.032239272000000E+01   3.990166555000000E-01  -9.247492752600001E-02   1.287471443600000E-05  -6.383117708200000E-03  -1.790606556800000E-02
   5.195982047300000E-01   1.039196409500000E+01   1.039231067300000E+01   3.985221629800000E-01  -9.247492531700000E-02   1.566045919600000E-05  -7.761008891100000E-03  -1.786133499000000E-02
   5.230910613600001E-01   1.046182122700000E+01   1.046222795200000E+01   3.979314593000000E-01  -9.247492268500000E-02   1.844241337800000E-05  -9.135118460900000E-03  -1.780790192600000E-02
   5.264546275300001E-01   1.052909255100000E+01   1.052955645000000E+01   3.972719548400000E-01  -9.247491975600000E-02   2.111718240900000E-05  -1.045416520100000E-02  -1.774824607200000E-02
   5.298181937100001E-01   1.059636387400000E+01   1.059688411200000E+01   3.965237962300000E-01  -9.247491644600001E-02   2.378721648300000E-05  -1.176848829300000E-02  -1.768057184700000E-02
   5.331817598900001E-01   1.066363519800000E+01   1.066421083600000E+01   3.956873223900000E-01  -9.247491275899999E-02   2.645192034000000E-05  -1.307749397100000E-02  -1.760491025000000E-02
   5.365453260600000E-01   1.073090652100000E+01   1.073153652200000E+01   3.947629122800000E-01  -9.247490870300000E-02   2.911070113300000E-05  -1.438059090700000E-02  -1.752129593800000E-02
   5.398321821099999E-01   1.079664364200000E+01   1.079732567000000E+01   3.937750347900000E-01  -9.247490439000000E-02   3.170255746000000E-05  -1.564769666900000E-02  -1.743194252100000E-02
   5.431190381600000E-01   1.086238076300000E+01   1.086311364300000E+01   3.927040133200000E-01  -9.247489973900000E-02   3.428764623000000E-05  -1.690805148200000E-02  -1.733507063500000E-02
   5.464058942000000E-01   1.092811788400000E+01   1.092890035500000E+01   3.915503111100000E-01  -9.247489475700001E-02   3.686542239000000E-05  -1.816111177700000E-02  -1.723072264600000E-02
   5.496927502500000E-01   1.099385500500000E+01   1.099468572100000E+01   3.903144271200000E-01  -9.247488945399999E-02   3.943534405000000E-05  -1.940633717900000E-02  -1.711894418800000E-02
   5.529357885300000E-01   1.105871577100000E+01   1.105959268700000E+01   3.890149946500000E-01  -9.247488391600001E-02   4.196278195300000E-05  -2.062675935100000E-02  -1.700142101600000E-02
   5.561788268100000E-01   1.112357653600000E+01   1.112449818400000E+01   3.876366242500000E-01  -9.247487808200000E-02   4.448153532700000E-05  -2.183851909500000E-02  -1.687676178100000E-02
   5.594218650900000E-01   1.118843730200000E+01   1.118940213600000E+01   3.861798961500000E-01  -9.247487196300000E-02   4.699109404600000E-05  -2.304110783100000E-02  -1.674501955000000E-02
   5.626649033600000E-01   1.125329806700000E+01   1.125430447200000E+01   3.846454234800000E-01  -9.247486556900000E-02   4.949095185400000E-05  -2.423402087900000E-02  -1.660625040000000E-02
   5.659166325600000E-01   1.131833265100000E+01   1.131937904400000E+01   3.830294302900000E-01  -9.247485889300000E-02   5.198726435500000E-05  -2.541991312500000E-02  -1.646011353500000E-02
   5.691683617500000E-01   1.138336723500000E+01   1.138445185400000E+01   3.813366083300000E-01  -9.247485196300000E-02   5.447281709800000E-05  -2.659507425900000E-02  -1.630703395700000E-02
   5.724200909500000E-01   1.144840181900000E+01   1.144952283700000E+01   3.795676737400000E-01  -9.247484479000000E-02   5.694711275000000E-05  -2.775900864900000E-02  -1.614707716300000E-02
   5.756718201400000E-01   1.151343640300000E+01   1.151459193200000E+01   3.777233747900000E-01  -9.247483738600000E-02   5.940965873800000E-05  -2.891122546800000E-02  -1.598031159000000E-02
   5.789238262800001E-01   1.157847652600000E+01   1.157966462200000E+01   3.758043250000000E-01  -9.247482976300000E-02   6.186017559800000E-05  -3.005133544500000E-02  -1.580679352400000E-02
   5.821758324100000E-01   1.164351664800000E+01   1.164473531100000E+01   3.738114899900000E-01  -9.247482193600000E-02   6.429797052900001E-05  -3.117875921400000E-02  -1.562661112300000E-02
   5.854278385500000E-01   1.170855677100000E+01   1.170980394600000E+01   3.717457126200000E-01  -9.247481391600000E-02   6.672256636300000E-05  -3.229302148400000E-02  -1.543984147300000E-02
   5.886798446800000E-01   1.177359689400000E+01   1.177487048100000E+01   3.696078665000000E-01  -9.247480571699999E-02   6.913349151300000E-05  -3.339365260000000E-02  -1.524656447500000E-02
   5.919783810100000E-01   1.183956762000000E+01   1.184086580500000E+01   3.673667368600000E-01  -9.247479723300001E-02   7.156446894100000E-05  -3.449563052200000E-02  -1.504395924200000E-02
   5.952769173300000E-01   1.190553834700000E+01   1.190685888000000E+01   3.650533663500000E-01  -9.247478859300000E-02   7.398042263300000E-05  -3.558262953300000E-02  -1.483483334400000E-02
   5.985754536600000E-01   1.197150907300000E+01   1.197284966700000E+01   3.626687611000000E-01  -9.247477981400000E-02   7.638087931900000E-05  -3.665417853900000E-02  -1.461927880500000E-02
   6.018739899800000E-01   1.203747980000000E+01   1.203883813000000E+01   3.602139580900000E-01  -9.247477091000000E-02   7.876537247200000E-05  -3.770981324700000E-02  -1.439739046700000E-02
   6.052377320200000E-01   1.210475464000000E+01   1.210612863400000E+01   3.576394419800000E-01  -9.247476171800000E-02   8.118008605700001E-05  -3.876945250000000E-02  -1.416469419400000E-02
   6.086014740600000E-01   1.217202948100000E+01   1.217341666100000E+01   3.549941994000000E-01  -9.247475242900000E-02   8.357724105100001E-05  -3.981158925400000E-02  -1.392561922600000E-02
   6.119652161100000E-01   1.223930432200000E+01   1.224070219000000E+01   3.522794260900000E-01  -9.247474305900000E-02   8.595636565700000E-05  -4.083575428300000E-02  -1.368027493000000E-02
   6.153289581500000E-01   1.230657916300000E+01   1.230798519900000E+01   3.494963490300000E-01  -9.247473362600001E-02   8.831699622299999E-05  -4.184148657700000E-02  -1.342877353000000E-02
   6.187405303000000E-01   1.237481060600000E+01   1.237622233900000E+01   3.466052218800000E-01  -9.247472401200001E-02   9.069183573500001E-05  -4.284222749900000E-02  -1.316752496800000E-02
   6.221521024500000E-01   1.244304204900000E+01   1.244445686100000E+01   3.436464722700000E-01  -9.247471436700000E-02   9.304671719100001E-05  -4.382307912900000E-02  -1.290018419900000E-02
   6.255636746000000E-01   1.251127349200000E+01   1.251268876200000E+01   3.406214751200000E-01  -9.247470471100000E-02   9.538118387300000E-05  -4.478358774500000E-02  -1.262687698000000E-02
   6.289752467500000E-01   1.257950493500000E+01   1.258091804000000E+01   3.375316359000000E-01  -9.247469506000000E-02   9.769478855000000E-05  -4.572330918900000E-02  -1.234773186200000E-02
   6.322680202199999E-01   1.264536040400000E+01   1.264676893500000E+01   3.344892427200000E-01  -9.247468576800000E-02   9.990763307200001E-05  -4.661018614300000E-02  -1.207289375200000E-02
   6.355607936800000E-01   1.271121587400000E+01   1.271261739800000E+01   3.313890982100000E-01  -9.247467651400000E-02   1.021002508700000E-04  -4.747691195100000E-02  -1.179285994300000E-02
   6.388535671500000E-01   1.277707134300000E+01   1.277846344200000E+01   3.282325435600000E-01  -9.247466731400000E-02   1.042722660400000E-04  -4.832311369400000E-02  -1.150775310800000E-02
   6.421463406100000E-01   1.284292681200000E+01   1.284430708200000E+01   3.250209441100000E-01  -9.247465818300001E-02   1.064233115700000E-04  -4.914842744100000E-02  -1.121769813000000E-02
   6.453591591200000E-01   1.290718318200000E+01   1.290854961300000E+01   3.218356002600000E-01  -9.247464935800000E-02   1.085015712000000E-04  -4.993322834700000E-02  -1.093003832800000E-02
   6.485719776200000E-01   1.297143955200000E+01   1.297278989700000E+01   3.186004859100000E-01  -9.247464062800000E-02   1.105592023500000E-04  -5.069748450200000E-02  -1.063790865100000E-02
   6.517847961300000E-01   1.303569592300000E+01   1.303702796300000E+01   3.153169326000000E-01  -9.247463200900000E-02   1.125958894800000E-04  -5.144088345000000E-02  -1.034143089100000E-02
   6.549976146299999E-01   1.309995229300000E+01   1.310126383800000E+01   3.119862915800000E-01  -9.247462351400000E-02   1.146113256900000E-04  -5.216312142700000E-02  -1.004072864400000E-02
   6.581768154300000E-01   1.316353630900000E+01   1.316482545200000E+01   3.086454941200000E-01  -9.247461524500000E-02   1.165844620800000E-04  -5.285668283400000E-02  -9.739137371800001E-03
   6.613560162300000E-01   1.322712032500000E+01   1.322838499100000E+01   3.052612768500000E-01  -9.247460712500000E-02   1.185362175700000E-04  -5.352895780100000E-02  -9.433655390200000E-03
   6.645352170300000E-01   1.329070434100000E+01   1.329194249400000E+01   3.018350027400000E-01  -9.247459916700000E-02   1.204663204200000E-04  -5.417967785400000E-02  -9.124407369599999E-03
   6.677144178400000E-01   1.335428835700000E+01   1.335549800500000E+01   2.983680514900000E-01  -9.247459138399999E-02   1.223745075900000E-04  -5.480858331700000E-02  -8.811519508499999E-03
   6.708880795800000E-01   1.341776159200000E+01   1.341894084200000E+01   2.948679611300000E-01  -9.247458380100000E-02   1.242572583200000E-04  -5.541438545300000E-02  -8.495673722400000E-03
   6.740617413300000E-01   1.348123482700000E+01   1.348238178700000E+01   2.913301302800000E-01  -9.247457641800000E-02   1.261176723200000E-04  -5.599795851100000E-02  -8.176456429900000E-03
   6.772354030700000E-01   1.354470806100000E+01   1.354582089200000E+01   2.877559778400000E-01  -9.247456924500000E-02   1.279555145300000E-04  -5.655907101400000E-02  -7.853997417500000E-03
   6.804090648200000E-01   1.360818129600000E+01   1.360925821200000E+01   2.841469370200000E-01  -9.247456229400000E-02   1.297705589600000E-04  -5.709750061300000E-02  -7.528427781500000E-03
   6.835770365600000E-01   1.367154073100000E+01   1.367258007300000E+01   2.805110144100000E-01  -9.247455558900000E-02   1.315593965600000E-04  -5.761213049600000E-02  -7.200471512000000E-03
   6.867450082900000E-01   1.373490016600000E+01   1.373590027200000E+01   2.768432224600000E-01  -9.247454912700000E-02   1.333250954300000E-04  -5.810374362800000E-02  -6.869680485700000E-03
   6.899129800300000E-01   1.379825960100000E+01   1.379921887200000E+01   2.731450258800000E-01  -9.247454291899999E-02   1.350674582800000E-04  -5.857214660100000E-02  -6.536188680000000E-03
   6.930809517700000E-01   1.386161903500000E+01   1.386253593800000E+01   2.694179012400000E-01  -9.247453697499999E-02   1.367862971400000E-04  -5.901715540300000E-02  -6.200131158800000E-03
   6.962892501200000E-01   1.392578500200000E+01   1.392665750200000E+01   2.656153723800000E-01  -9.247453123300001E-02   1.385028580900000E-04  -5.944380756400000E-02  -5.857320189800000E-03
   6.994975484600000E-01   1.398995096900000E+01   1.399077763500000E+01   2.617862569000000E-01  -9.247452578100000E-02   1.401949336200000E-04  -5.984611586800000E-02  -5.512159741800000E-03
   7.027058468100000E-01   1.405411693600000E+01   1.405489641100000E+01   2.579321219200000E-01  -9.247452062700000E-02   1.418623581500000E-04  -6.022391911900000E-02  -5.164793163400000E-03
   7.059141451600000E-01   1.411828290300000E+01   1.411901390700000E+01   2.540545445000000E-01  -9.247451578099999E-02   1.435049762000000E-04  -6.057706629600000E-02  -4.815364712700000E-03
   7.091562827300000E-01   1.418312565500000E+01   1.418380645800000E+01   2.501138713500000E-01  -9.247451120300000E-02   1.451395711400000E-04  -6.090874723100000E-02  -4.460304026100000E-03
   7.123984203100000E-01   1.424796840600000E+01   1.424859786700000E+01   2.461525247600000E-01  -9.247450695400000E-02   1.467485457500000E-04  -6.121497087600000E-02  -4.103436505300000E-03
   7.156405578800000E-01   1.431281115800000E+01   1.431338821900000E+01   2.421721590900000E-01  -9.247450304200000E-02   1.483317713500000E-04  -6.149561342500000E-02  -3.744913477800000E-03
   7.188826954500001E-01   1.437765390900000E+01   1.437817760200000E+01   2.381744362600000E-01  -9.247449947200000E-02   1.498891299800000E-04  -6.175056192100000E-02  -3.384886967300000E-03
   7.222307469300000E-01   1.444461493900000E+01   1.444508259800000E+01   2.340296698900000E-01  -9.247449615300000E-02   1.514701024200000E-04  -6.198676404100000E-02  -3.011683152000000E-03
   7.255787984099999E-01   1.451157596800000E+01   1.451198675400000E+01   2.298700183600000E-01  -9.247449321100000E-02   1.530232702100000E-04  -6.219535700700000E-02  -2.637207570400000E-03
   7.289268498800000E-01   1.457853699800000E+01   1.457889017200000E+01   2.256973326500000E-01  -9.247449065299999E-02   1.545485398700000E-04  -6.237625315100000E-02  -2.261629538300000E-03
   7.322749013600000E-01   1.464549802700000E+01   1.464579295500000E+01   2.215134691400000E-01  -9.247448848299999E-02   1.560458303300000E-04  -6.252937732500000E-02  -1.885118866100000E-03
   7.359923690900000E-01   1.471984738200000E+01   1.472007701700000E+01   2.168571326300000E-01  -9.247448653300000E-02   1.576754651800000E-04  -6.266678379100001E-02  -1.466178993600000E-03
   7.397098368200000E-01   1.479419673600000E+01   1.479436056600000E+01   2.121918628100000E-01  -9.247448507000000E-02   1.592704456800000E-04  -6.276980721900000E-02  -1.046532714600000E-03
   7.434273045399999E-01   1.486854609100000E+01   1.486864374600000E+01   2.075202166800000E-01  -9.247448409700000E-02   1.608307149100000E-04  -6.283839927600000E-02  -6.264139275600000E-04
   7.471447722700000E-01   1.494289544500000E+01   1.494292670200000E+01   2.028447540600000E-01  -9.247448361799999E-02   1.623562349800000E-04  -6.287253081400000E-02  -2.060567918500000E-04
   7.504997460200000E-01   1.500999492000000E+01   1.500996618200000E+01   1.986240514900000E-01  -9.247448361000001E-02   1.637031522900000E-04  -6.287374157700000E-02   1.733209150600000E-04
   7.538547197700000E-01   1.507709439500000E+01   1.507700570400000E+01   1.944042094700000E-01  -9.247448400400000E-02   1.650217507500000E-04  -6.284688250800000E-02   5.525296893500000E-04
   7.572096935300000E-01   1.514419387100000E+01   1.514404537500000E+01   1.901871099200000E-01  -9.247448479900000E-02   1.663120424400000E-04  -6.279197248000000E-02   9.313973826500001E-04
   7.605646672800001E-01   1.521129334600000E+01   1.521108530200000E+01   1.859746331100000E-01  -9.247448599600000E-02   1.675740520700000E-04  -6.270904309800000E-02   1.309752000700000E-03
   7.638284315500000E-01   1.527656863100000E+01   1.527630300400000E+01   1.818828996500000E-01  -9.247448754199999E-02   1.687746485000000E-04  -6.260152323800000E-02   1.677164862100000E-03
   7.670921958300000E-01   1.534184391700000E+01   1.534152114600000E+01   1.777990437600000E-01  -9.247448946300001E-02   1.699485608000000E-04  -6.246758104200000E-02   2.043771752700000E-03
   7.703559601100000E-01   1.540711920200000E+01   1.540673982400000E+01   1.737247873100000E-01  -9.247449175500000E-02   1.710958460000000E-04  -6.230728020300000E-02   2.409415164600000E-03
   7.736197243900000E-01   1.547239448800000E+01   1.547195913200000E+01   1.696618477100000E-01  -9.247449441400001E-02   1.722165723800000E-04  -6.212069573900000E-02   2.773938001400000E-03
   7.768260265400000E-01   1.553652053100000E+01   1.553603088900000E+01   1.656831178100000E-01  -9.247449738000001E-02   1.732917824900000E-04  -6.191188623300000E-02   3.130800243200000E-03
   7.800323287000001E-01   1.560064657400000E+01   1.560010343400000E+01   1.617185800100000E-01  -9.247450069200000E-02   1.743415232200000E-04  -6.167788614000000E-02   3.486281878700000E-03
   7.832386308600000E-01   1.566477261700000E+01   1.566417685300000E+01   1.577698458300000E-01  -9.247450434399999E-02   1.753658907500000E-04  -6.141879831700000E-02   3.840235497200000E-03
   7.864449330100000E-01   1.572889866000000E+01   1.572825123200000E+01   1.538385199100000E-01  -9.247450833100000E-02   1.763649915600000E-04  -6.113473602400000E-02   4.192514317600000E-03
   7.896382821800000E-01   1.579276564400000E+01   1.579206779700000E+01   1.499419642200000E-01  -9.247451262700000E-02   1.773350582400000E-04  -6.082712066100000E-02   4.541560303400000E-03
   7.928316313400000E-01   1.585663262700000E+01   1.585588547900000E+01   1.460658304900000E-01  -9.247451724200000E-02   1.782803031800000E-04  -6.049498711100000E-02   4.888656484700000E-03
   7.960249805100000E-01   1.592049961000000E+01   1.591970435600000E+01   1.422116797400000E-01  -9.247452216800001E-02   1.792008617900000E-04  -6.013847774600000E-02   5.233660070000000E-03
   7.992183296699999E-01   1.598436659300000E+01   1.598352450600000E+01   1.383810636600000E-01  -9.247452739799999E-02   1.800968794300000E-04  -5.975774496500000E-02   5.576429122600000E-03
   8.023873009300000E-01   1.604774601900000E+01   1.604685878700000E+01   1.346044765400000E-01  -9.247453287900000E-02   1.809619493000000E-04  -5.935613203200000E-02   5.914233415300000E-03
   8.055562721900000E-01   1.611112544400000E+01   1.611019446800000E+01   1.308540808600000E-01  -9.247453864100000E-02   1.818031655900000E-04  -5.893099231900000E-02   6.249561401600000E-03
   8.087252434400000E-01   1.617450486900000E+01   1.617353161600000E+01   1.271313620800000E-01  -9.247454467600000E-02   1.826206990200000E-04  -5.848250367200000E-02   6.582277205400000E-03
   8.118942147000000E-01   1.623788429400000E+01   1.623687029900000E+01   1.234377941700000E-01  -9.247455097500000E-02   1.834147296600000E-04  -5.801085340000000E-02   6.912246003000000E-03
   8.150617422999999E-01   1.630123484600000E+01   1.630018172500000E+01   1.197765005500000E-01  -9.247455752300000E-02   1.841851011100000E-04  -5.751646872400000E-02   7.239185740800000E-03
   8.182292699100000E-01   1.636458539800000E+01   1.636349481000000E+01   1.161472391100000E-01  -9.247456431499999E-02   1.849323787600000E-04  -5.699934576100000E-02   7.563114994500000E-03
   8.213967975100001E-01   1.642793595000000E+01   1.642680961400000E+01   1.125514438300000E-01  -9.247457133799999E-02   1.856567700900000E-04  -5.645969943600000E-02   7.883902599200000E-03
   8.245643251200000E-01   1.649128650200000E+01   1.649012619100000E+01   1.089905348800000E-01  -9.247457858200001E-02   1.863584916100000E-04  -5.589775379000000E-02   8.201418654900001E-03
   8.277481548700000E-01   1.655496309700000E+01   1.655377047900000E+01   1.054478744100000E-01  -9.247458607400000E-02   1.870412071500000E-04  -5.531067954100000E-02   8.517142203600000E-03
   8.309319846200000E-01   1.661863969200000E+01   1.661741666400000E+01   1.019432930100000E-01  -9.247459376599999E-02   1.877014847200000E-04  -5.470155713800000E-02   8.829301341500000E-03
   8.341158143700000E-01   1.668231628700000E+01   1.668106479600000E+01   9.847818719199999E-02  -9.247460164500000E-02   1.883395712600000E-04  -5.407064139200000E-02   9.137768335200001E-03
   8.372996441200000E-01   1.674599288200000E+01   1.674471491800000E+01   9.505393706300000E-02  -9.247460970000000E-02   1.889557225400000E-04  -5.341819603100000E-02   9.442416953899999E-03
   8.405572808300000E-01   1.681114561700000E+01   1.680984267100000E+01   9.159401563600000E-02  -9.247461810900000E-02   1.895637293500000E-04  -5.272862608800000E-02   9.750045668900000E-03
   8.438149175400000E-01   1.687629835100000E+01   1.687497259300000E+01   8.817973423900000E-02  -9.247462667299999E-02   1.901493417400000E-04  -5.201710350600000E-02   1.005341459000000E-02
   8.470725542600001E-01   1.694145108500000E+01   1.694010472200000E+01   8.481251413900000E-02  -9.247463537900000E-02   1.907128616900000E-04  -5.128393905200000E-02   1.035239372400000E-02
   8.503301909700000E-01   1.700660381900000E+01   1.700523909200000E+01   8.149375614899999E-02  -9.247464421200000E-02   1.912546004000000E-04  -5.052945276700000E-02   1.064685495100000E-02
   8.536873169700000E-01   1.707374633900000E+01   1.707236506400000E+01   7.812580516800000E-02  -9.247465343200000E-02   1.917904333300000E-04  -4.972996368800000E-02   1.094544877300000E-02
   8.570444429700000E-01   1.714088885900000E+01   1.713949347600000E+01   7.481227289700000E-02  -9.247466275500001E-02   1.923038348600000E-04  -4.890855046600000E-02   1.123897459300000E-02
   8.604015689700000E-01   1.720803137900000E+01   1.720662435400000E+01   7.155462024700000E-02  -9.247467216499999E-02   1.927951752800000E-04  -4.806559334500000E-02   1.152729879900000E-02
   8.637586949700000E-01   1.727517389900000E+01   1.727375771700000E+01   6.835428236200000E-02  -9.247468164400000E-02   1.932648346100000E-04  -4.720148237200000E-02   1.181029013700000E-02
   8.671463789300000E-01   1.734292757900000E+01   1.734150469200000E+01   6.518434569800000E-02  -9.247469126299999E-02   1.937171871000000E-04  -4.630846876400000E-02   1.209032048400000E-02
   8.705340628900000E-01   1.741068125800000E+01   1.740925422400000E+01   6.207562609600000E-02  -9.247470091899999E-02   1.941482687000000E-04  -4.539474192700000E-02   1.236465941400000E-02
   8.739217468500000E-01   1.747843493700000E+01   1.747700632200000E+01   5.902951443000000E-02  -9.247471059500000E-02   1.945584989000000E-04  -4.446073190900000E-02   1.263317972800000E-02
   8.773094308100000E-01   1.754618861600000E+01   1.754476098700000E+01   5.604737220000000E-02  -9.247472027200000E-02   1.949483065100000E-04  -4.350687816400000E-02   1.289575691600000E-02
   8.806259889700000E-01   1.761251977900000E+01   1.761109559900000E+01   5.319109121200000E-02  -9.247472973199999E-02   1.953105672800000E-04  -4.255425935700000E-02   1.314694677400000E-02
   8.839425471300000E-01   1.767885094300000E+01   1.767743266300000E+01   5.039861900400000E-02  -9.247473916000000E-02   1.956540929700000E-04  -4.158348068100000E-02   1.339221207400000E-02
   8.872591052900000E-01   1.774518210600000E+01   1.774377216800000E+01   4.767114781700000E-02  -9.247474854200000E-02   1.959793108000000E-04  -4.059497954600000E-02   1.363144379000000E-02
   8.905756634500001E-01   1.781151326900000E+01   1.781011409900000E+01   4.500984066300000E-02  -9.247475786000001E-02   1.962866557800000E-04  -3.958920124300000E-02   1.386453557400000E-02
   8.938364772100000E-01   1.787672954400000E+01   1.787534330800000E+01   4.245886859700000E-02  -9.247476694300000E-02   1.965718393000000E-04  -3.858392307000000E-02   1.408762309500000E-02
   8.970972909800000E-01   1.794194582000000E+01   1.794057482000000E+01   3.997399930100000E-02  -9.247477593599999E-02   1.968406013200000E-04  -3.756281907300000E-02   1.430457928200000E-02
   9.003581047400000E-01   1.800716209500000E+01   1.800580861100000E+01   3.755625260900000E-02  -9.247478482099999E-02   1.970933762800000E-04  -3.652633361600000E-02   1.451531088800000E-02
   9.036189185000000E-01   1.807237837000000E+01   1.807104465100000E+01   3.520661918100000E-02  -9.247479358500001E-02   1.973306051600000E-04  -3.547491767500000E-02   1.471972733100000E-02
   9.068670648600000E-01   1.813734129700000E+01   1.813602946700000E+01   3.293478461500000E-02  -9.247480217900000E-02   1.975519010500000E-04  -3.441319676000000E-02   1.491698401000000E-02
   9.101152112200001E-01   1.820230422400000E+01   1.820101644600000E+01   3.073240909400000E-02  -9.247481062400000E-02   1.977586635700000E-04  -3.333757322900000E-02   1.510780316200000E-02
   9.133633575800000E-01   1.826726715200000E+01   1.826600554500000E+01   2.860038293700000E-02  -9.247481890600000E-02   1.979513468400000E-04  -3.224851123300000E-02   1.529210339300000E-02
   9.166115039400000E-01   1.833223007900000E+01   1.833099672200000E+01   2.653956611700000E-02  -9.247482701100000E-02   1.981304106800000E-04  -3.114648065400000E-02   1.546980608100000E-02
   9.198717070600000E-01   1.839743414100000E+01   1.839623118000000E+01   2.454354099200000E-02  -9.247483495500000E-02   1.982969123200000E-04  -3.002779725800000E-02   1.564145773600000E-02
   9.231319101900000E-01   1.846263820400000E+01   1.846146763200000E+01   2.262089732600000E-02  -9.247484269400000E-02   1.984506378800000E-04  -2.889701393800000E-02   1.580631262900000E-02
   9.263921133100000E-01   1.852784226600000E+01   1.852670602500000E+01   2.077241026700000E-02  -9.247485021600001E-02   1.985920683800000E-04  -2.775462202500000E-02   1.596429990700000E-02
   9.296523164400000E-01   1.859304632900000E+01   1.859194630100000E+01   1.899882273200000E-02  -9.247485750800000E-02   1.987216897800000E-04  -2.660111783600000E-02   1.611535166200000E-02
   9.329430565400000E-01   1.865886113100000E+01   1.865779950300000E+01   1.728530043600000E-02  -9.247486462200000E-02   1.988410489400000E-04  -2.542605013000000E-02   1.626071894700000E-02
   9.362337966399999E-01   1.872467593300000E+01   1.872365449700000E+01   1.564950760300000E-02  -9.247487147800000E-02   1.989493860200000E-04  -2.424069159000000E-02   1.639889037100000E-02
   9.395245367400000E-01   1.879049073500000E+01   1.878951121400000E+01   1.409210635100000E-02  -9.247487806300000E-02   1.990472147800000E-04  -2.304556674100000E-02   1.652980542600000E-02
   9.428152768400000E-01   1.885630553700000E+01   1.885536958300000E+01   1.261372407000000E-02  -9.247488436800000E-02   1.991350532100000E-04  -2.184120438600000E-02   1.665340678100000E-02
   9.461897196200000E-01   1.892379439200000E+01   1.892290475300000E+01   1.118041750400000E-02  -9.247489052900000E-02   1.992152979200000E-04  -2.059717322600000E-02   1.677250026000000E-02
   9.495641624000000E-01   1.899128324800000E+01   1.899044150000000E+01   9.831423879499999E-03  -9.247489637200000E-02   1.992861536000000E-04  -1.934456771900000E-02   1.688379150500000E-02
   9.529386051900000E-01   1.905877210400000E+01   1.905797974000000E+01   8.567304148800000E-03  -9.247490188700000E-02   1.993481911800000E-04  -1.808397052300000E-02   1.698722927000000E-02
   9.563130479700001E-01   1.912626095900000E+01   1.912551938500000E+01   7.388579723800000E-03  -9.247490706399999E-02   1.994019852200000E-04  -1.681596797500000E-02   1.708276593100000E-02
   9.598056092600000E-01   1.919611218500000E+01   1.919542456200000E+01   6.259039537500000E-03  -9.247491205699999E-02   1.994495966600000E-04  -1.549641010400000E-02   1.717327911700000E-02
   9.632981705600000E-01   1.926596341100000E+01   1.926533104700000E+01   5.221982172200000E-03  -9.247491666700000E-02   1.994896408700000E-04  -1.417020860000000E-02   1.725523664600000E-02
   9.667907318500000E-01   1.933581463700000E+01   1.933523873400000E+01   4.277850304500000E-03  -9.247492088800000E-02   1.995227654100000E-04  -1.283802414400000E-02   1.732859810800000E-02
   9.702832931499999E-01   1.940566586300000E+01   1.940514751700000E+01   3.427040223800000E-03  -9.247492471000000E-02   1.995496207800000E-04  -1.150052036400000E-02   1.739332733700000E-02
   9.739977633200000E-01   1.947995526600000E+01   1.947949921600000E+01   2.624967097000000E-03  -9.247492833000000E-02   1.995720350600000E-04  -1.007294445500000E-02   1.745266126700000E-02
   9.777122334900000E-01   1.955424467000000E+01   1.955385189900000E+01   1.929209010800000E-03  -9.247493148400000E-02   1.995888855000000E-04  -8.640909805400001E-03   1.750216207300000E-02
   9.814267036600000E-01   1.962853407300000E+01   1.962820543400000E+01   1.340068555800000E-03  -9.247493416400000E-02   1.996009630600000E-04  -7.205223219400000E-03   1.754180218200000E-02
   9.851411738400000E-01   1.970282347700000E+01   1.970255968300000E+01   8.577881134900000E-04  -9.247493636500000E-02   1.996090607000000E-04  -5.766693533100000E-03   1.757155953100000E-02
   9.888558803800001E-01   1.977711760800000E+01   1.977691924100000E+01   4.825292558300000E-04  -9.247493808200000E-02   1.996139732600000E-04  -4.326039479700000E-03   1.759141852900000E-02
   9.925705869200000E-01   1.985141173800000E+01   1.985127923900000E+01   2.144476745100000E-04  -9.247493931100000E-02   1.996164959500000E-04  -2.884164251600000E-03   1.760136595600000E-02
   9.962852934600001E-01   1.992570586900000E+01   1.992563953800000E+01   5.360442704300000E-05  -9.247494005000000E-02   1.996174252900000E-04  -1.441880225700000E-03   1.760139634100000E-02
   1.000000000000000E+00   2.000000000000000E+01   2.000000000000000E+01   0.000000000000000E+00  -9.247494029700000E-02   1.996175580300000E-04   0.000000000000000E+00   1.759150975600000E-02
